pos	ref	alt	gene	N/S	AA	nSRAsubclonal	nSRAclonal	nSRA	nConsensus	strain0	strain1	strain2	strain3	strain4	strain5	strain6	strain7	strain8	strain9	strain10	strain11	strain12	strain13	strain14	strain15	strain16	strain17	strain18	strain19	strain20	strain21	strain22	strain23	strain24
241	C	T	noncoding			3	184	187	1246	0.00217559	0.00217559	0.999932	0.0777497	0.0001	0.00217559	0.999932	0.00217559	0.00217559	0.00217559	0.999932	0.00217559	0.00217559	0.999932	0.999932	0.00217559	0.00217559	0.00217559	1.00002	0.077749	0.999932	0.00143374	0.00217559	0.999932	0.00232361
379	C	A	ORF1a	S	V38V	2	5	7	2	0.000158765	0.000158765	0.000158765	0.000331928	0.00715998	0.000158765	0.000158765	0.000158765	0.000158765	0.000158765	0.000158765	0.000158765	0.000158765	0.000158765	0.000158765	0.000158765	0.000158765	0.000158765	0.998383	0.000330472	0.000158765	0.0001	0.000158765	0.000158765	0.0001
404	A	T	ORF1a	N	K47*	4	1	5	0	0.000169416	0.000169416	0.000169416	0.000144772	0.00846029	0.000169416	0.000169416	0.000169416	0.000169416	0.000169416	0.000169416	0.000169416	0.000169416	0.000169416	0.000169416	0.000169416	0.000169416	0.000169416	0.000119562	0.000144979	0.000169416	0.0027949	0.000169416	0.000169416	0.00297006
490	T	A	ORF1a	N	D75E	1	23	24	6	0.000169398	0.000169398	0.000169398	0.000144578	0.00850115	0.000169398	0.000169398	0.000169398	0.999998	0.000169398	0.000169398	0.000169398	0.000169398	0.000169398	0.000169398	0.000169398	0.000169398	0.000169398	0.000119188	0.000144786	0.000169398	0.00290228	0.000169398	0.000169398	0.00311844
527	C	T	ORF1a	S	L88L	0	1	1	0	0.000169416	0.000169416	0.000169416	0.000144772	0.00846029	0.000169416	0.000169416	0.000169416	0.000169416	0.000169416	0.000169416	0.000169416	0.000169416	0.000169416	0.000169416	0.000169416	0.000169416	0.000169416	0.000119562	0.000144979	0.000169416	0.0027949	0.000169416	0.000169416	0.00297006
565	T	C	ORF1a	S	S100S	1	0	1	0	0.000169416	0.000169416	0.000169416	0.000144772	0.00846029	0.000169416	0.000169416	0.000169416	0.000169416	0.000169416	0.000169416	0.000169416	0.000169416	0.000169416	0.000169416	0.000169416	0.000169416	0.000169416	0.000119562	0.000144979	0.000169416	0.0027949	0.000169416	0.000169416	0.00297006
957	G	A	ORF1a	N	C231Y	2	0	2	1	0.0001	0.0001	0.0001	0.000133689	0.000383103	0.0001	0.0001	0.0001	0.0001	0.0001	0.0001	0.0001	0.0001	0.0001	0.0001	0.0001	0.0001	0.0001	0.0001	0.00013367	0.0001	0.0001	0.0001	0.0001	0.00551593
1015	A	G	ORF1a	S	E250E	2	0	2	0	0.000169416	0.000169416	0.000169416	0.000144772	0.00846029	0.000169416	0.000169416	0.000169416	0.000169416	0.000169416	0.000169416	0.000169416	0.000169416	0.000169416	0.000169416	0.000169416	0.000169416	0.000169416	0.000119562	0.000144979	0.000169416	0.0027949	0.000169416	0.000169416	0.00297006
1059	C	T	ORF1a	N	T265I	2	77	79	290	0.00017235	0.00017235	0.00017235	0.187727	0.000677708	0.00017235	0.00017235	0.00017235	0.00017235	0.00017235	0.997928	0.00017235	0.00017235	0.00017235	0.00017235	0.00017235	0.00017235	0.00017235	0.997938	0.187727	0.00017235	0.0001	0.00017235	0.00017235	0.00197121
1440	G	A	ORF1a	N	G392D	0	5	5	88	0.00213224	0.00213224	0.00213224	0.999647	0.0001	0.00213224	0.00213224	0.00213224	0.00213224	0.00213224	0.00213224	0.00213224	0.00213224	0.00213224	0.00213224	0.00213224	0.00213224	0.00213224	0.0770576	0.0001	0.00213224	0.0001	0.00213224	0.00213224	0.0001
1515	A	G	ORF1a	N	H417R	1	5	6	20	0.000169398	0.000169398	0.000169398	0.000144578	0.00850115	0.000169398	0.000169398	0.000169398	0.000169398	0.000169398	0.000169398	0.000169398	0.999998	0.000169398	0.000169398	0.000169398	0.000169398	0.000169398	0.000119188	0.000144786	0.000169398	0.00290228	0.000169398	0.000169398	0.00311844
1589	G	T	ORF1a	N	G442C	2	0	2	0	0.000169416	0.000169416	0.000169416	0.000144772	0.00846029	0.000169416	0.000169416	0.000169416	0.000169416	0.000169416	0.000169416	0.000169416	0.000169416	0.000169416	0.000169416	0.000169416	0.000169416	0.000169416	0.000119562	0.000144979	0.000169416	0.0027949	0.000169416	0.000169416	0.00297006
1887	C	T	ORF1a	N	A541V	3	0	3	2	0.0001	0.0001	0.0001	0.000143208	0.000292317	0.0001	0.0001	0.0001	0.0001	0.0001	0.0001	0.0001	0.0001	0.0001	0.0001	0.0001	0.0001	0.0001	0.000145342	0.000143191	0.0001	0.0001	0.0001	0.0001	0.00236169
2891	G	A	ORF1a	N	A876T	3	3	6	84	0.00213224	0.00213224	0.00213224	0.999647	0.0001	0.00213224	0.00213224	0.00213224	0.00213224	0.00213224	0.00213224	0.00213224	0.00213224	0.00213224	0.00213224	0.00213224	0.00213224	0.00213224	0.0770576	0.0001	0.00213224	0.0001	0.00213224	0.00213224	0.0001
3037	C	T	ORF1a	S	F924F	2	184	186	1275	0.000172465	0.000172465	1	0.0001	0.000834259	0.000172465	1	0.000172465	0.000172465	0.000172465	1	0.000172465	0.000172465	1	1	0.000172465	0.000172465	0.000172465	0.997939	0.0001	1	0.00076708	0.000172465	1	0.000287984
3096	C	T	ORF1a	N	S944L	2	4	6	0	0.000169416	0.000169416	0.000169416	0.000144772	0.00846029	0.000169416	0.000169416	0.000169416	0.000169416	0.000169416	0.000169416	0.000169416	0.000169416	0.000169416	0.000169416	0.000169416	0.000169416	0.000169416	0.000119562	0.000144979	0.000169416	0.0027949	0.000169416	0.000169416	0.00297006
3253	C	T	ORF1a	S	D996D	0	1	1	0	0.000169416	0.000169416	0.000169416	0.000144772	0.00846029	0.000169416	0.000169416	0.000169416	0.000169416	0.000169416	0.000169416	0.000169416	0.000169416	0.000169416	0.000169416	0.000169416	0.000169416	0.000169416	0.000119562	0.000144979	0.000169416	0.0027949	0.000169416	0.000169416	0.00297006
3564	G	T	ORF1a	N	G1100V	2	0	2	0	0.000141396	0.000141396	0.000141396	0.000146132	0.0001	0.000141396	0.000141396	0.000141396	0.000141396	0.000141396	0.000141396	0.000141396	0.000141396	0.000141396	0.000141396	0.000141396	0.000141396	0.000141396	0.000150977	0.000146092	0.000141396	0.0001	0.000141396	0.000141396	0.191218
3784	C	T	ORF1a	S	V1173V	1	1	2	1	0.000169398	0.000169398	0.999998	0.000144578	0.00850115	0.000169398	0.000169398	0.000169398	0.000169398	0.000169398	0.000169398	0.000169398	0.000169398	0.000169398	0.000169398	0.000169398	0.000169398	0.000169398	0.000119188	0.000144786	0.000169398	0.00290228	0.000169398	0.000169398	0.00311844
3796	C	T	ORF1a	S	V1177V	0	1	1	0	0.000172243	0.000172243	0.000172243	0.000134296	0.000457462	0.000172243	0.000172243	0.000172243	0.000172243	0.000172243	0.000172243	0.000172243	0.000172243	0.000172243	0.000172243	0.000172243	0.000172243	0.000172243	0.0001	0.000134272	0.000172243	0.0001	0.000172243	0.000172243	0.00446405
5617	G	T	ORF1a	N	Q1784H	2	0	2	0	0.000169416	0.000169416	0.000169416	0.000144772	0.00846029	0.000169416	0.000169416	0.000169416	0.000169416	0.000169416	0.000169416	0.000169416	0.000169416	0.000169416	0.000169416	0.000169416	0.000169416	0.000169416	0.000119562	0.000144979	0.000169416	0.0027949	0.000169416	0.000169416	0.00297006
7011	C	T	ORF1a	N	A2249V	1	5	6	10	0.00017237	0.00017237	0.00017237	0.997934	0.000705366	0.00017237	0.00017237	0.00017237	0.00017237	0.00017237	0.00017237	0.00017237	0.00017237	0.00017237	0.00017237	0.00017237	0.00017237	0.00017237	0.000139749	0.187728	0.00017237	0.00148508	0.00017237	0.00017237	0.00207544
7042	G	T	ORF1a	N	M2259I	1	1	2	0	0.000172326	0.000172326	0.000172326	0.000135176	0.000644372	0.000172326	0.000172326	0.000172326	0.000172326	0.000172326	0.000172326	0.000172326	0.000172326	0.000172326	0.000172326	0.000172326	0.000172326	0.000172326	0.000138828	0.000135146	0.000172326	0.00133239	0.000172326	0.000172326	0.0001
7072	C	T	ORF1a	S	G2269G	0	1	1	1	0.000169416	0.000169416	0.000169416	0.000144772	0.00846029	0.000169416	0.000169416	0.000169416	0.000169416	0.000169416	0.000169416	0.000169416	0.000169416	0.000169416	0.000169416	0.000169416	0.000169416	0.000169416	0.000119562	0.000144979	0.000169416	0.0027949	0.000169416	0.000169416	0.00297006
7355	C	T	ORF1a	N	L2364F	1	0	1	0	0.000169416	0.000169416	0.000169416	0.000144772	0.00846029	0.000169416	0.000169416	0.000169416	0.000169416	0.000169416	0.000169416	0.000169416	0.000169416	0.000169416	0.000169416	0.000169416	0.000169416	0.000169416	0.000119562	0.000144979	0.000169416	0.0027949	0.000169416	0.000169416	0.00297006
7507	A	C	ORF1a	N	K2414N	3	0	3	0	0.000169416	0.000169416	0.000169416	0.000144772	0.00846029	0.000169416	0.000169416	0.000169416	0.000169416	0.000169416	0.000169416	0.000169416	0.000169416	0.000169416	0.000169416	0.000169416	0.000169416	0.000169416	0.000119562	0.000144979	0.000169416	0.0027949	0.000169416	0.000169416	0.00297006
8782	C	T	ORF1a	S	S2839S	6	89	95	542	1.00005	0.00975446	0.00975446	0.0117593	0.443724	0.00975446	0.00975446	0.00975446	1.00005	1.00005	0.00975446	0.00975446	0.00975446	0.00975446	0.00975446	0.00975446	1.00005	0.00975446	0.00774494	0.0117425	0.00975446	0.126432	0.00975446	0.00975446	0.0001
9141	G	T	ORF1a	N	G2959V	0	0	0	0	0.000169416	0.000169416	0.000169416	0.000144772	0.00846029	0.000169416	0.000169416	0.000169416	0.000169416	0.000169416	0.000169416	0.000169416	0.000169416	0.000169416	0.000169416	0.000169416	0.000169416	0.000169416	0.000119562	0.000144979	0.000169416	0.0027949	0.000169416	0.000169416	0.00297006
9223	C	T	ORF1a	S	H2986H	4	2	6	16	0.000169398	0.000169398	0.000169398	0.000144578	0.00850115	0.000169398	0.000169398	0.000169398	0.000169398	0.000169398	0.000169398	0.000169398	0.999998	0.000169398	0.000169398	0.000169398	0.000169398	0.000169398	0.000119188	0.000144786	0.000169398	0.00290228	0.000169398	0.000169398	0.00311844
9803	C	T	ORF1a	S	L3180L	1	1	2	2	0.000169416	0.000169416	0.000169416	0.000144772	0.00846029	0.000169416	0.000169416	0.000169416	0.000169416	0.000169416	0.000169416	0.000169416	0.000169416	0.000169416	0.000169416	0.000169416	0.000169416	0.000169416	0.000119562	0.000144979	0.000169416	0.0027949	0.000169416	0.000169416	0.00297006
10771	T	C	ORF1a	S	Y3502Y	0	2	2	11	0.000169416	0.000169416	0.000169416	0.000144772	0.00846029	0.000169416	0.000169416	0.000169416	0.000169416	0.000169416	0.000169416	0.000169416	0.000169416	0.000169416	0.000169416	0.000169416	0.000169416	0.000169416	0.000119562	0.000144979	0.000169416	0.0027949	0.000169416	0.000169416	0.00297006
10779	T	A	ORF1a	N	L3505Q	7	1	8	0	0.000169416	0.000169416	0.000169416	0.000144772	0.00846029	0.000169416	0.000169416	0.000169416	0.000169416	0.000169416	0.000169416	0.000169416	0.000169416	0.000169416	0.000169416	0.000169416	0.000169416	0.000169416	0.000119562	0.000144979	0.000169416	0.0027949	0.000169416	0.000169416	0.00297006
10986	G	T	ORF1a	N	R3574I	0	0	0	0	0.0001	0.0001	0.0001	0.00013408	0.000430445	0.0001	0.0001	0.0001	0.0001	0.0001	0.0001	0.0001	0.0001	0.0001	0.0001	0.0001	0.0001	0.0001	0.0001	0.000134058	0.0001	0.0001	0.0001	0.0001	0.00459879
11083	G	T	ORF1a	N	L3606F	6	72	78	356	0.00213213	0.00213213	0.00213213	0.00174331	0.0001	0.999902	0.00213213	0.999902	0.00213213	0.00213213	0.00213213	0.00213213	0.999902	0.00213213	0.00213213	0.00213213	0.00213213	0.999902	0.0770619	0.999648	0.00213213	0.0001	0.999902	0.00213213	0.0001
11376	G	T	ORF1a	N	G3704V	1	1	2	0	0.000169416	0.000169416	0.000169416	0.000144772	0.00846029	0.000169416	0.000169416	0.000169416	0.000169416	0.000169416	0.000169416	0.000169416	0.000169416	0.000169416	0.000169416	0.000169416	0.000169416	0.000169416	0.000119562	0.000144979	0.000169416	0.0027949	0.000169416	0.000169416	0.00297006
11471	C	T	ORF1a	N	L3736F	1	0	1	0	0.000169416	0.000169416	0.000169416	0.000144772	0.00846029	0.000169416	0.000169416	0.000169416	0.000169416	0.000169416	0.000169416	0.000169416	0.000169416	0.000169416	0.000169416	0.000169416	0.000169416	0.000169416	0.000119562	0.000144979	0.000169416	0.0027949	0.000169416	0.000169416	0.00297006
11671	C	T	ORF1a	S	R3802R	2	0	2	0	0.000169398	0.000169398	0.000169398	0.000144578	0.00850115	0.999998	0.000169398	0.000169398	0.000169398	0.000169398	0.000169398	0.000169398	0.000169398	0.000169398	0.000169398	0.000169398	0.000169398	0.000169398	0.000119188	0.000144786	0.000169398	0.00290228	0.000169398	0.000169398	0.00311844
12164	G	T	ORF1a	N	A3967S	1	0	1	0	0.000169416	0.000169416	0.000169416	0.000144772	0.00846029	0.000169416	0.000169416	0.000169416	0.000169416	0.000169416	0.000169416	0.000169416	0.000169416	0.000169416	0.000169416	0.000169416	0.000169416	0.000169416	0.000119562	0.000144979	0.000169416	0.0027949	0.000169416	0.000169416	0.00297006
13112	T	A	ORF1a	N	Y4283N	2	0	2	0	0.000169416	0.000169416	0.000169416	0.000144772	0.00846029	0.000169416	0.000169416	0.000169416	0.000169416	0.000169416	0.000169416	0.000169416	0.000169416	0.000169416	0.000169416	0.000169416	0.000169416	0.000169416	0.000119562	0.000144979	0.000169416	0.0027949	0.000169416	0.000169416	0.00297006
13571	G	T	ORF1b	N	G35V	0	0	0	1	0.0321545	0.0321545	0.0321545	0.00013412	0.000435808	0.0321545	0.0321545	0.0321545	0.0321545	0.0321545	0.0321545	0.0321545	0.0321545	0.0321545	0.0321545	0.0321545	0.0321545	0.0321545	0.0001	0.000134098	0.0321545	0.0001	0.0321545	0.0321545	0.00469936
14408	C	T	ORF1b	N	P314L	1	188	189	1268	0.00217559	0.00217559	0.999932	0.0777497	0.0001	0.00217559	0.999932	0.00217559	0.00217559	0.00217559	0.999932	0.00217559	0.00217559	0.999932	0.999932	0.00217559	0.00217559	0.00217559	1.00002	0.077749	0.999932	0.00143374	0.00217559	0.999932	0.00232361
14805	C	T	ORF1b	S	Y446Y	3	56	59	263	0.00213217	0.00213217	0.00213217	0.0017438	0.0001	0.00213217	0.00213217	0.00213217	0.00213217	0.00213217	0.00213217	0.00213217	0.999902	0.00213217	0.00213217	0.00213217	0.999902	0.00213217	0.0770588	0.999649	0.00213217	0.0001	0.00213217	0.00213217	0.0001
15898	G	T	ORF1b	N	V811F	1	0	1	0	0.000169416	0.000169416	0.000169416	0.000144772	0.00846029	0.000169416	0.000169416	0.000169416	0.000169416	0.000169416	0.000169416	0.000169416	0.000169416	0.000169416	0.000169416	0.000169416	0.000169416	0.000169416	0.000119562	0.000144979	0.000169416	0.0027949	0.000169416	0.000169416	0.00297006
15900	T	C	ORF1b	S	V811V	2	1	3	0	0.000169416	0.000169416	0.000169416	0.000144772	0.00846029	0.000169416	0.000169416	0.000169416	0.000169416	0.000169416	0.000169416	0.000169416	0.000169416	0.000169416	0.000169416	0.000169416	0.000169416	0.000169416	0.000119562	0.000144979	0.000169416	0.0027949	0.000169416	0.000169416	0.00297006
16733	C	T	ORF1b	N	S1089L	1	0	1	0	0.000169416	0.000169416	0.000169416	0.000144772	0.00846029	0.000169416	0.000169416	0.000169416	0.000169416	0.000169416	0.000169416	0.000169416	0.000169416	0.000169416	0.000169416	0.000169416	0.000169416	0.000169416	0.000119562	0.000144979	0.000169416	0.0027949	0.000169416	0.000169416	0.00297006
17247	T	C	ORF1b	S	R1260R	0	19	19	109	0.000169398	0.000169398	0.000169398	0.000144578	0.00850115	0.000169398	0.000169398	0.000169398	0.000169398	0.000169398	0.000169398	0.000169398	0.999998	0.000169398	0.000169398	0.000169398	0.000169398	0.000169398	0.000119188	0.000144786	0.000169398	0.00290228	0.000169398	0.000169398	0.00311844
17304	C	T	ORF1b	S	V1279V	1	0	1	4	0.000169416	0.000169416	0.000169416	0.000144772	0.00846029	0.000169416	0.000169416	0.000169416	0.000169416	0.000169416	0.000169416	0.000169416	0.000169416	0.000169416	0.000169416	0.000169416	0.000169416	0.000169416	0.000119562	0.000144979	0.000169416	0.0027949	0.000169416	0.000169416	0.00297006
17550	C	T	ORF1b	S	L1361L	3	0	3	0	0.000169416	0.000169416	0.000169416	0.000144772	0.00846029	0.000169416	0.000169416	0.000169416	0.000169416	0.000169416	0.000169416	0.000169416	0.000169416	0.000169416	0.000169416	0.000169416	0.000169416	0.000169416	0.000119562	0.000144979	0.000169416	0.0027949	0.000169416	0.000169416	0.00297006
17615	A	G	ORF1b	N	K1383R	1	2	3	2	0.00217589	0.00217589	0.00217589	0.0777518	0.0489784	0.00217589	0.00217589	0.00217589	0.00217589	0.00217589	0.00217589	0.00217589	0.00217589	0.00217589	0.00217589	0.00217589	0.00217589	0.00217589	1.00003	0.0777511	0.00217589	0.00248592	0.00217589	0.00217589	0.00380005
17688	T	C	ORF1b	S	V1407V	2	0	2	0	0.000169416	0.000169416	0.000169416	0.000144772	0.00846029	0.000169416	0.000169416	0.000169416	0.000169416	0.000169416	0.000169416	0.000169416	0.000169416	0.000169416	0.000169416	0.000169416	0.000169416	0.000169416	0.000119562	0.000144979	0.000169416	0.0027949	0.000169416	0.000169416	0.00297006
17747	C	T	ORF1b	N	P1427L	39	14	53	344	0.999927	0.00978113	0.00978113	0.0001	0.186735	0.00978113	0.00978113	0.00978113	0.00978113	0.999927	0.00978113	0.00978113	0.00978113	0.00978113	0.00978113	0.00978113	0.00978113	0.00978113	0.0001	0.0001	0.00978113	0.340364	0.00978113	0.00978113	0.976729
17825	C	T	ORF1b	N	T1453I	1	0	1	0	0.000169416	0.000169416	0.000169416	0.000144772	0.00846029	0.000169416	0.000169416	0.000169416	0.000169416	0.000169416	0.000169416	0.000169416	0.000169416	0.000169416	0.000169416	0.000169416	0.000169416	0.000169416	0.000119562	0.000144979	0.000169416	0.0027949	0.000169416	0.000169416	0.00297006
17858	A	G	ORF1b	N	Y1464C	2	51	53	362	0.999998	0.00016938	0.00016938	0.000144384	0.008542	0.00016938	0.00016938	0.00016938	0.00016938	0.999998	0.00016938	0.00016938	0.00016938	0.00016938	0.00016938	0.00016938	0.00016938	0.00016938	0.000118814	0.000144594	0.00016938	0.00300965	0.00016938	0.00016938	0.00326682
18060	C	T	ORF1b	S	L1531L	2	53	55	367	0.997885	0.000101904	0.000101904	0.0001	1.16625	0.000101904	0.000101904	0.000101904	0.000101904	0.997885	0.000101904	0.000101904	0.000101904	0.000101904	0.000101904	0.000101904	0.000101904	0.000101904	0.0001	0.0001	0.000101904	0.0957393	0.000101904	0.000101904	0.0864721
18334	G	A	ORF1b	N	E1623K	1	0	1	0	0.000169416	0.000169416	0.000169416	0.000144772	0.00846029	0.000169416	0.000169416	0.000169416	0.000169416	0.000169416	0.000169416	0.000169416	0.000169416	0.000169416	0.000169416	0.000169416	0.000169416	0.000169416	0.000119562	0.000144979	0.000169416	0.0027949	0.000169416	0.000169416	0.00297006
18736	T	C	ORF1b	N	F1757L	1	23	24	5	0.000169398	0.000169398	0.000169398	0.000144578	0.00850115	0.000169398	0.000169398	0.000169398	0.999998	0.000169398	0.000169398	0.000169398	0.000169398	0.000169398	0.000169398	0.000169398	0.000169398	0.000169398	0.000119188	0.000144786	0.000169398	0.00290228	0.000169398	0.000169398	0.00311844
19684	G	T	ORF1b	N	V2073L	1	22	23	5	0.000169398	0.000169398	0.000169398	0.000144578	0.00850115	0.000169398	0.000169398	0.000169398	0.999998	0.000169398	0.000169398	0.000169398	0.000169398	0.000169398	0.000169398	0.000169398	0.000169398	0.000169398	0.000119188	0.000144786	0.000169398	0.00290228	0.000169398	0.000169398	0.00311844
20268	A	G	ORF1b	S	L2267L	0	13	13	86	0.000169361	0.000169361	0.999998	0.000144189	0.00858285	0.000169361	0.999998	0.000169361	0.000169361	0.000169361	0.000169361	0.000169361	0.000169361	0.000169361	0.000169361	0.000169361	0.000169361	0.000169361	0.000118439	0.000144401	0.000169361	0.00311702	0.000169361	0.999998	0.0034152
21417	A	T	ORF1b	N	K2650N	3	0	3	0	0.000169416	0.000169416	0.000169416	0.000144772	0.00846029	0.000169416	0.000169416	0.000169416	0.000169416	0.000169416	0.000169416	0.000169416	0.000169416	0.000169416	0.000169416	0.000169416	0.000169416	0.000169416	0.000119562	0.000144979	0.000169416	0.0027949	0.000169416	0.000169416	0.00297006
21642	C	T	S	N	A27V	1	1	2	0	0.000169416	0.000169416	0.000169416	0.000144772	0.00846029	0.000169416	0.000169416	0.000169416	0.000169416	0.000169416	0.000169416	0.000169416	0.000169416	0.000169416	0.000169416	0.000169416	0.000169416	0.000169416	0.000119562	0.000144979	0.000169416	0.0027949	0.000169416	0.000169416	0.00297006
22335	G	T	S	N	W258L	1	2	3	1	0.000169398	0.000169398	0.000169398	0.000144578	0.00850115	0.000169398	0.000169398	0.000169398	0.000169398	0.000169398	0.000169398	0.000169398	0.000169398	0.000169398	0.000169398	0.000169398	0.000169398	0.999998	0.000119188	0.000144786	0.000169398	0.00290228	0.000169398	0.000169398	0.00311844
22915	C	T	S	S	Y451Y	3	0	3	0	0.000169416	0.000169416	0.000169416	0.000144772	0.00846029	0.000169416	0.000169416	0.000169416	0.000169416	0.000169416	0.000169416	0.000169416	0.000169416	0.000169416	0.000169416	0.000169416	0.000169416	0.000169416	0.000119562	0.000144979	0.000169416	0.0027949	0.000169416	0.000169416	0.00297006
22918	G	T	S	S	L452L	1	1	2	0	0.000169416	0.000169416	0.000169416	0.000144772	0.00846029	0.000169416	0.000169416	0.000169416	0.000169416	0.000169416	0.000169416	0.000169416	0.000169416	0.000169416	0.000169416	0.000169416	0.000169416	0.000169416	0.000119562	0.000144979	0.000169416	0.0027949	0.000169416	0.000169416	0.00297006
23010	T	C	S	N	V483A	1	1	2	14	0.000169398	0.000169398	0.000169398	0.000144578	0.00850115	0.000169398	0.000169398	0.000169398	0.000169398	0.999998	0.000169398	0.000169398	0.000169398	0.000169398	0.000169398	0.000169398	0.000169398	0.000169398	0.000119188	0.000144786	0.000169398	0.00290228	0.000169398	0.000169398	0.00311844
23403	A	G	S	N	D614G	6	184	190	1277	0.00217559	0.00217559	0.999932	0.0777497	0.0001	0.00217559	0.999932	0.00217559	0.00217559	0.00217559	0.999932	0.00217559	0.00217559	0.999932	0.999932	0.00217559	0.00217559	0.00217559	1.00002	0.077749	0.999932	0.00143374	0.00217559	0.999932	0.00232361
23525	C	T	S	N	H655Y	2	1	3	2	0.999998	0.000169398	0.000169398	0.000144578	0.00850115	0.000169398	0.000169398	0.000169398	0.000169398	0.000169398	0.000169398	0.000169398	0.000169398	0.000169398	0.000169398	0.000169398	0.000169398	0.000169398	0.000119188	0.000144786	0.000169398	0.00290228	0.000169398	0.000169398	0.00311844
23557	C	T	S	S	P665P	1	0	1	0	0.000169416	0.000169416	0.000169416	0.000144772	0.00846029	0.000169416	0.000169416	0.000169416	0.000169416	0.000169416	0.000169416	0.000169416	0.000169416	0.000169416	0.000169416	0.000169416	0.000169416	0.000169416	0.000119562	0.000144979	0.000169416	0.0027949	0.000169416	0.000169416	0.00297006
23606	C	T	S	N	R682W	1	0	1	0	0.000169398	0.999998	0.000169398	0.000144578	0.00850115	0.000169398	0.000169398	0.000169398	0.000169398	0.000169398	0.000169398	0.000169398	0.000169398	0.000169398	0.000169398	0.000169398	0.000169398	0.000169398	0.000119188	0.000144786	0.000169398	0.00290228	0.000169398	0.000169398	0.00311844
24034	C	T	S	S	N824N	1	24	25	21	0.00016938	0.00016938	0.00016938	0.000144384	0.008542	0.00016938	0.00016938	0.00016938	0.999998	0.00016938	0.00016938	0.00016938	0.00016938	0.00016938	0.00016938	0.999998	0.00016938	0.00016938	0.000118814	0.000144594	0.00016938	0.00300965	0.00016938	0.00016938	0.00326682
24933	G	T	S	N	G1124V	2	0	2	0	0.0001	0.0001	0.0001	0.000134015	0.000423249	0.0001	0.0001	0.0001	0.0001	0.0001	0.0001	0.0001	0.0001	0.0001	0.0001	0.0001	0.0001	0.0001	0.0001	0.000133994	0.0001	0.0001	0.0001	0.0001	0.00502697
25049	G	T	S	N	D1163Y	1	0	1	0	0.000169416	0.000169416	0.000169416	0.000144772	0.00846029	0.000169416	0.000169416	0.000169416	0.000169416	0.000169416	0.000169416	0.000169416	0.000169416	0.000169416	0.000169416	0.000169416	0.000169416	0.000169416	0.000119562	0.000144979	0.000169416	0.0027949	0.000169416	0.000169416	0.00297006
25174	A	C	S	S	G1204G	2	0	2	0	0.000169416	0.000169416	0.000169416	0.000144772	0.00846029	0.000169416	0.000169416	0.000169416	0.000169416	0.000169416	0.000169416	0.000169416	0.000169416	0.000169416	0.000169416	0.000169416	0.000169416	0.000169416	0.000119562	0.000144979	0.000169416	0.0027949	0.000169416	0.000169416	0.00297006
25250	G	T	S	N	V1230L	2	1	3	0	0.000169416	0.000169416	0.000169416	0.000144772	0.00846029	0.000169416	0.000169416	0.000169416	0.000169416	0.000169416	0.000169416	0.000169416	0.000169416	0.000169416	0.000169416	0.000169416	0.000169416	0.000169416	0.000119562	0.000144979	0.000169416	0.0027949	0.000169416	0.000169416	0.00297006
25563	G	T	ORF3a	N	Q57H	3	84	87	379	0.00217559	0.00217559	0.00217559	0.0777455	0.0001	0.00217559	0.00217559	0.00217559	0.00217559	0.00217559	0.999932	0.00217559	0.00217559	0.00217559	0.00217559	0.00217559	0.00217559	0.00217559	1.00002	0.0777448	0.00217559	0.00142416	0.00217559	0.00217559	0.00230915
25916	C	T	ORF3a	N	T175I	1	1	2	1	0.000169416	0.000169416	0.000169416	0.000144772	0.00846029	0.000169416	0.000169416	0.000169416	0.000169416	0.000169416	0.000169416	0.000169416	0.000169416	0.000169416	0.000169416	0.000169416	0.000169416	0.000169416	0.000119562	0.000144979	0.000169416	0.0027949	0.000169416	0.000169416	0.00297006
25979	G	T	ORF3a	N	G196V	0	8	8	30	0.000169398	0.000169398	0.000169398	0.000144578	0.00850115	0.000169398	0.000169398	0.000169398	0.000169398	0.000169398	0.000169398	0.000169398	0.000169398	0.000169398	0.000169398	0.000169398	0.999998	0.000169398	0.000119188	0.000144786	0.000169398	0.00290228	0.000169398	0.000169398	0.00311844
26144	G	T	ORF3a	N	G251V	3	49	52	324	0.000172375	0.000172375	0.000172375	0.187728	0.000711464	0.000172375	0.000172375	0.000172375	0.000172375	0.000172375	0.000172375	0.000172375	0.997928	0.000172375	0.000172375	0.000172375	0.000172375	0.000172375	0.000139842	0.997934	0.000172375	0.0001	0.000172375	0.000172375	0.00209616
26530	A	G	M	N	D3G	7	0	7	34	0.000169398	0.000169398	0.000169398	0.000144578	0.00850115	0.000169398	0.000169398	0.000169398	0.000169398	0.000169398	0.000169398	0.000169398	0.000169398	0.000169398	0.999998	0.000169398	0.000169398	0.000169398	0.000119188	0.000144786	0.000169398	0.00290228	0.000169398	0.000169398	0.00311844
26570	C	T	M	S	L16L	2	0	2	0	0.0001	0.0001	0.0001	0.000133651	0.000378452	0.0001	0.0001	0.0001	0.0001	0.0001	0.0001	0.0001	0.0001	0.0001	0.0001	0.0001	0.0001	0.0001	0.0001	0.000133633	0.0001	0.0001	0.0001	0.0001	0.00557258
26729	T	C	M	S	A69A	2	23	25	20	0.000169398	0.000169398	0.000169398	0.000144578	0.00850115	0.000169398	0.000169398	0.000169398	0.999998	0.000169398	0.000169398	0.000169398	0.000169398	0.000169398	0.000169398	0.000169398	0.000169398	0.000169398	0.000119188	0.000144786	0.000169398	0.00290228	0.000169398	0.000169398	0.00311844
27493	C	T	ORF7a	N	P34S	1	0	1	1	0.000169416	0.000169416	0.000169416	0.000144772	0.00846029	0.000169416	0.000169416	0.000169416	0.000169416	0.000169416	0.000169416	0.000169416	0.000169416	0.000169416	0.000169416	0.000169416	0.000169416	0.000169416	0.000119562	0.000144979	0.000169416	0.0027949	0.000169416	0.000169416	0.00297006
27676	G	T	ORF7a	N	E95*	2	0	2	0	0.000169398	0.000169398	0.000169398	0.000144578	0.00850115	0.000169398	0.000169398	0.000169398	0.000169398	0.000169398	0.000169398	0.999998	0.000169398	0.000169398	0.000169398	0.000169398	0.000169398	0.000169398	0.000119188	0.000144786	0.000169398	0.00290228	0.000169398	0.000169398	0.00311844
27911	C	T	ORF8	S	F6F	0	0	0	2	0.000169416	0.000169416	0.000169416	0.000144772	0.00846029	0.000169416	0.000169416	0.000169416	0.000169416	0.000169416	0.000169416	0.000169416	0.000169416	0.000169416	0.000169416	0.000169416	0.000169416	0.000169416	0.000119562	0.000144979	0.000169416	0.0027949	0.000169416	0.000169416	0.00297006
28077	G	C	ORF8	N	V62L	1	24	25	20	0.000169398	0.000169398	0.000169398	0.000144578	0.00850115	0.000169398	0.000169398	0.000169398	0.999998	0.000169398	0.000169398	0.000169398	0.000169398	0.000169398	0.000169398	0.000169398	0.000169398	0.000169398	0.000119188	0.000144786	0.000169398	0.00290228	0.000169398	0.000169398	0.00311844
28144	T	C	ORF8	N	L84S	4	92	96	532	0.997993	0.000143127	0.000143127	0.000724083	0.124933	0.000143127	0.000143127	0.000143127	0.997993	0.997993	0.000143127	0.000143127	0.000143127	0.000143127	0.000143127	0.000143127	0.997993	0.000143127	0.0001	0.000719639	0.000143127	0.981046	0.000143127	0.000143127	0.972627
28253	C	T	ORF8	S	F120F	2	0	2	2	0.000169416	0.000169416	0.000169416	0.000144772	0.00846029	0.000169416	0.000169416	0.000169416	0.000169416	0.000169416	0.000169416	0.000169416	0.000169416	0.000169416	0.000169416	0.000169416	0.000169416	0.000169416	0.000119562	0.000144979	0.000169416	0.0027949	0.000169416	0.000169416	0.00297006
28688	T	C	N	S	L139L	2	8	10	72	0.000169398	0.000169398	0.000169398	0.000144578	0.00850115	0.000169398	0.000169398	0.999998	0.000169398	0.000169398	0.000169398	0.000169398	0.000169398	0.000169398	0.000169398	0.000169398	0.000169398	0.000169398	0.000119188	0.000144786	0.000169398	0.00290228	0.000169398	0.000169398	0.00311844
28690	G	T	N	N	L139F	0	2	2	1	0.000159727	0.000159727	0.000159727	0.000342223	0.00849084	0.000159727	0.000159727	0.000159727	0.000159727	0.000159727	0.000159727	0.000159727	0.000159727	0.000159727	0.000159727	0.000159727	0.000159727	0.000159727	0.000528909	0.000340689	0.000159727	0.0001	0.000159727	0.000159727	0.0001
28854	C	T	N	N	S194L	0	5	5	17	0.000169398	0.000169398	0.000169398	0.000144578	0.00850115	0.000169398	0.999998	0.000169398	0.000169398	0.000169398	0.000169398	0.000169398	0.000169398	0.000169398	0.000169398	0.000169398	0.000169398	0.000169398	0.000119188	0.000144786	0.000169398	0.00290228	0.000169398	0.000169398	0.00311844
28882	G	A	N	S	R203R	0	40	40	401	0.000169398	0.000169398	0.000169398	0.000144578	0.00850115	0.000169398	0.000169398	0.000169398	0.000169398	0.000169398	0.000169398	0.000169398	0.000169398	0.999998	0.000169398	0.000169398	0.000169398	0.000169398	0.000119188	0.000144786	0.000169398	0.00290228	0.000169398	0.000169398	0.00311844
29039	A	T	N	N	K256*	8	0	8	0	0.000159754	0.000159754	0.000159754	0.000342505	0.00852922	0.000159754	0.000159754	0.000159754	0.000159754	0.000159754	0.000159754	0.000159754	0.000159754	0.000159754	0.000159754	0.000159754	0.000159754	0.000159754	0.000529453	0.000340969	0.000159754	0.0001	0.000159754	0.000159754	0.0001
29353	C	T	N	S	Y360Y	1	8	9	2	0.000169416	0.000169416	0.000169416	0.000144772	0.00846029	0.000169416	0.000169416	0.000169416	0.000169416	0.000169416	0.000169416	0.000169416	0.000169416	0.000169416	0.000169416	0.000169416	0.000169416	0.000169416	0.000119562	0.000144979	0.000169416	0.0027949	0.000169416	0.000169416	0.00297006
29642	C	T	ORF10	N	Q29*	2	0	2	0	0.0001	0.0001	0.0001	0.000134137	0.000438235	0.0001	0.0001	0.0001	0.0001	0.0001	0.0001	0.0001	0.0001	0.0001	0.0001	0.0001	0.0001	0.0001	0.0001	0.000134115	0.0001	0.0001	0.0001	0.0001	0.00484445
29724	C	T	noncoding			1	0	1	0	0.000169416	0.000169416	0.000169416	0.000144772	0.00846029	0.000169416	0.000169416	0.000169416	0.000169416	0.000169416	0.000169416	0.000169416	0.000169416	0.000169416	0.000169416	0.000169416	0.000169416	0.000169416	0.000119562	0.000144979	0.000169416	0.0027949	0.000169416	0.000169416	0.00297006
29774	C	T	noncoding			1	1	2	3	0.000169416	0.000169416	0.000169416	0.000144772	0.00846029	0.000169416	0.000169416	0.000169416	0.000169416	0.000169416	0.000169416	0.000169416	0.000169416	0.000169416	0.000169416	0.000169416	0.000169416	0.000169416	0.000119562	0.000144979	0.000169416	0.0027949	0.000169416	0.000169416	0.00297006
