pos	ref	alt	gene	N/S	AA	nSRAsubclonal	nSRAclonal	nSRA	nConsensus	sample0|Earth	sample1|Earth	sample2|Earth	sample3|Earth	sample4|Earth	sample5|Earth	sample6|Earth	sample7|Earth	sample8|Earth	sample9|Earth	sample10|Earth	sample11|Earth	sample12|Earth	sample13|Earth	sample14|Earth	sample15|Earth	sample16|Earth	sample17|Earth	sample18|Earth	sample19|Earth	sample20|Earth	sample21|Earth	sample22|Earth	sample23|Earth	sample24|Earth	sample25|Earth	sample26|Earth	sample27|Earth	sample28|Earth	sample29|Earth	sample30|Earth	sample31|Earth	sample32|Earth	sample33|Earth	sample34|Earth	sample35|Earth	sample36|Earth	sample37|Earth	sample38|Earth	sample39|Earth	sample40|Earth	sample41|Earth	sample42|Earth	sample43|Earth	sample44|Earth	sample45|Earth	sample46|Earth	sample47|Earth	sample48|Earth	sample49|Earth
1	A	T	ORF	S	NULL	0	0	0	0	0.344354	0.0180577	0.0001	0.0001	0.0001	0.0730477	0.0001	0.0001	0.0001	0.0001	0.132021	0.195137	0.0001	0.0001	0.0289859	0.00150398	0.00013294	0.0001	0.0900341	0.505178	0.272028	0.0001	0.0001	0.530269	0.249055	0.297057	0.0001	0.0001	0.0001	0.0001	0.0001	0.144088	0.000137595	0.0001	0.522121	0.0001	0.629146	0.0624404	0.521207	0.14003	0.0232555	0.0001	0.0001	0.0001	0.353269	0.0001	0.0129734	0.0269829	0.359846	0.0460924
2	A	T	ORF	S	NULL	0	0	0	0	0	0	0	0	0	0	0	0	0	0	0	0	0	0	0	0	0	0	0	0	0	0	0	0	0	0	0	0	0	0	0	0	0	0	0	0	0	0	0	0	0	0	0	0	0	0	0	0	0	0
3	A	T	ORF	S	NULL	0	0	0	0	0.000126012	0.380216	0.0910213	0.0001	0.0001	0.552068	0.0001	0.0001	0.113032	0.206032	0.0001	0.275005	0.0001	0.0152492	0.371256	0.0847853	0.0001	0.0001	0.0001	0.0001	0.0001	0.0001	0.0001	0.0001	0.0001	0.0001	0.000100001	0.166043	0.0001	0.0001	0.0001	0.0001	0.000344832	0.0001	0.0751125	0.0001	0.0001	0.0001	0.000186547	0.0001	0.0001	0.387165	0.429061	0.0001	0.000110352	0.258033	0.0001	0.0001	0.0001	0.0001
4	A	T	ORF	S	NULL	0	0	0	0	0	0	0	0	0	0	0	0	0	0	0	0	0	0	0	0	0	0	0	0	0	0	0	0	0	0	0	0	0	0	0	0	0	0	0	0	0	0	0	0	0	0	0	0	0	0	0	0	0	0
5	A	T	ORF	S	NULL	0	0	0	0	0.317181	0.246259	0.249091	0.0001	0.0001	0.000100044	0.0001	0.0001	0.373079	0.000100018	0.0001	0.000100025	0.0001	0.277365	0.000100031	0.000100009	0.0253156	0.459081	0.0001	0.307118	0.0001	0.202082	0.0001	0.0001	0.0001	0.0001	0.266086	0.000100016	0.247166	0.0001	0.0001	0.0001	0.000224045	0.0001	0.000100007	0.0001	0.0481367	0.0001	0.000232768	0.302036	0.0001	0.612254	0.000100044	0.0001	0.134143	0.542085	0.0001	0.0610433	0.258127	0.0001
6	A	T	ORF	S	NULL	0	0	0	0	0.317181	0.246259	0.249091	0.0001	0.0001	0.000100044	0.0001	0.0001	0.373079	0.000100018	0.0001	0.000100025	0.0001	0.277365	0.000100031	0.000100009	0.0253156	0.459081	0.0001	0.307118	0.0001	0.202082	0.0001	0.0001	0.0001	0.0001	0.266086	0.000100016	0.247166	0.0001	0.0001	0.0001	0.000224045	0.0001	0.000100007	0.0001	0.0481367	0.0001	0.000232768	0.302036	0.0001	0.612254	0.000100044	0.0001	0.134143	0.542085	0.0001	0.0610433	0.258127	0.0001
7	A	T	ORF	S	NULL	0	0	0	0	0	0	0	0	0	0	0	0	0	0	0	0	0	0	0	0	0	0	0	0	0	0	0	0	0	0	0	0	0	0	0	0	0	0	0	0	0	0	0	0	0	0	0	0	0	0	0	0	0	0
8	A	T	ORF	S	NULL	0	0	0	0	0	0	0	0	0	0	0	0	0	0	0	0	0	0	0	0	0	0	0	0	0	0	0	0	0	0	0	0	0	0	0	0	0	0	0	0	0	0	0	0	0	0	0	0	0	0	0	0	0	0
9	A	T	ORF	S	NULL	0	0	0	0	0.141465	0.00018882	0.000105361	0.0001	0.0001	0.374191	0.0001	0.0001	0.000113992	0.000102677	0.0001	0.0001	0.344098	0.126165	0.0001	0.147686	0.0001627	0.00010969	0.0001	0.000189639	0.0001	0.31016	0.00016605	0.000177247	0.000100863	0.0001	0.000161374	0.687216	0.196216	0.190181	0.000106513	0.193335	0.0433077	0.0001	0.000154699	0.336175	0.000309842	0.0001	0.13924	0.0001	0.547626	0.0001	0.000100704	0.0001	0.0444377	0.000175715	0.0001	0.26742	0.0001	0.0001
10	A	T	ORF	S	NULL	0	0	0	0	0	0	0	0	0	0	0	0	0	0	0	0	0	0	0	0	0	0	0	0	0	0	0	0	0	0	0	0	0	0	0	0	0	0	0	0	0	0	0	0	0	0	0	0	0	0	0	0	0	0
11	A	T	ORF	S	NULL	0	0	0	0	0	0	0	0	0	0	0	0	0	0	0	0	0	0	0	0	0	0	0	0	0	0	0	0	0	0	0	0	0	0	0	0	0	0	0	0	0	0	0	0	0	0	0	0	0	0	0	0	0	0
12	A	T	ORF	S	NULL	0	0	0	0	0	0	0	0	0	0	0	0	0	0	0	0	0	0	0	0	0	0	0	0	0	0	0	0	0	0	0	0	0	0	0	0	0	0	0	0	0	0	0	0	0	0	0	0	0	0	0	0	0	0
13	A	T	ORF	S	NULL	0	0	0	0	0	0	0	0	0	0	0	0	0	0	0	0	0	0	0	0	0	0	0	0	0	0	0	0	0	0	0	0	0	0	0	0	0	0	0	0	0	0	0	0	0	0	0	0	0	0	0	0	0	0
14	A	T	ORF	S	NULL	0	0	0	0	0.111298	0.0001	0.0001	0.34104	0.999922	0.0001	0.517931	0.0001	0.0001	0.0001	0.0001	0.0405188	0.000100009	0.0001	0.0001	0.274854	0.369375	0.0001	0.000156196	0.186121	0.000128376	0.00012007	0.709064	0.373108	0.0001	0.0001	0.0580243	0.000100006	0.000100329	0.000100046	0.000100001	0.000179735	0.000162445	0.999922	0.290089	0.0950534	0.0001	0.0001	0.000116876	0.0001	0.0945326	0.0001	0.0001	0.0001	0.000406362	0.0001	0.0001	0.0001	0.000100001	0.519323
15	A	T	ORF	S	NULL	0	0	0	0	0	0	0	0	0	0	0	0	0	0	0	0	0	0	0	0	0	0	0	0	0	0	0	0	0	0	0	0	0	0	0	0	0	0	0	0	0	0	0	0	0	0	0	0	0	0	0	0	0	0
16	A	T	ORF	S	NULL	0	0	0	0	0	0	0	0	0	0	0	0	0	0	0	0	0	0	0	0	0	0	0	0	0	0	0	0	0	0	0	0	0	0	0	0	0	0	0	0	0	0	0	0	0	0	0	0	0	0	0	0	0	0
17	A	T	ORF	S	NULL	0	0	0	0	0	0	0	0	0	0	0	0	0	0	0	0	0	0	0	0	0	0	0	0	0	0	0	0	0	0	0	0	0	0	0	0	0	0	0	0	0	0	0	0	0	0	0	0	0	0	0	0	0	0
18	A	T	ORF	S	NULL	0	0	0	0	0	0	0	0	0	0	0	0	0	0	0	0	0	0	0	0	0	0	0	0	0	0	0	0	0	0	0	0	0	0	0	0	0	0	0	0	0	0	0	0	0	0	0	0	0	0	0	0	0	0
19	A	T	ORF	S	NULL	0	0	0	0	0.000125312	0.0001	0.659058	0.466024	0.0001	0.0001	0.0001	0.0001	0.0001	0.793069	0.0001	0.0809901	0.0001	0.580229	0.0001	0.0001	0.137256	0.0001	0.0001	0.0001	0.349046	0.0001	0.0001	0.0950641	0.360082	0.702099	0.67508	0.0001	0.222176	0.0001	0.0001	0.0001	0.0381611	0.0001	0.000107408	0.0001	0.183078	0.0001	0.140108	0.0001	0.0487653	0.0001	0.0001	0.999926	0.126118	0.176025	0.0001	0.332833	0.237384	0.0804979
20	A	T	ORF	S	NULL	0	0	0	0	0	0	0	0	0	0	0	0	0	0	0	0	0	0	0	0	0	0	0	0	0	0	0	0	0	0	0	0	0	0	0	0	0	0	0	0	0	0	0	0	0	0	0	0	0	0	0	0	0	0
21	A	T	ORF	S	NULL	0	0	0	0	0.0001	0.000100009	0.000100002	0.0001	0.0001	0.000100011	0.0001	0.000100468	0.000100256	0.000100004	0.12406	0.239531	0.655064	0.000119505	0.287417	0.00179237	0.0444315	0.000100001	0.909144	0.000100001	0.000100214	0.000100229	0.0480392	0.0001	0.000100177	0.000130626	0.0001	0.146046	0.000100614	0.809196	0.691073	0.0001	0.000162179	0.0001	0.000100001	0.291165	0.000160952	0.000100108	0.000116688	0.000100001	0.0465296	0.00010001	0.00010001	0.0001	0.000100091	0.000100016	0.844318	0.0001	0.0475799	0.0001
22	A	T	ORF	S	NULL	0	0	0	0	0.111298	0.0001	0.0001	0.34104	0.999922	0.0001	0.517931	0.0001	0.0001	0.0001	0.0001	0.0405188	0.000100009	0.0001	0.0001	0.274854	0.369375	0.0001	0.000156196	0.186121	0.000128376	0.00012007	0.709064	0.373108	0.0001	0.0001	0.0580243	0.000100006	0.000100329	0.000100046	0.000100001	0.000179735	0.000162445	0.999922	0.290089	0.0950534	0.0001	0.0001	0.000116876	0.0001	0.0945326	0.0001	0.0001	0.0001	0.000406362	0.0001	0.0001	0.0001	0.000100001	0.519323
23	A	T	ORF	S	NULL	0	0	0	0	0	0	0	0	0	0	0	0	0	0	0	0	0	0	0	0	0	0	0	0	0	0	0	0	0	0	0	0	0	0	0	0	0	0	0	0	0	0	0	0	0	0	0	0	0	0	0	0	0	0
24	A	T	ORF	S	NULL	0	0	0	0	0	0	0	0	0	0	0	0	0	0	0	0	0	0	0	0	0	0	0	0	0	0	0	0	0	0	0	0	0	0	0	0	0	0	0	0	0	0	0	0	0	0	0	0	0	0	0	0	0	0
25	A	T	ORF	S	NULL	0	0	0	0	0	0	0	0	0	0	0	0	0	0	0	0	0	0	0	0	0	0	0	0	0	0	0	0	0	0	0	0	0	0	0	0	0	0	0	0	0	0	0	0	0	0	0	0	0	0	0	0	0	0
26	A	T	ORF	S	NULL	0	0	0	0	0.000126012	0.380216	0.0910213	0.0001	0.0001	0.552068	0.0001	0.0001	0.113032	0.206032	0.0001	0.275005	0.0001	0.0152492	0.371256	0.0847853	0.0001	0.0001	0.0001	0.0001	0.0001	0.0001	0.0001	0.0001	0.0001	0.0001	0.000100001	0.166043	0.0001	0.0001	0.0001	0.0001	0.000344832	0.0001	0.0751125	0.0001	0.0001	0.0001	0.000186547	0.0001	0.0001	0.387165	0.429061	0.0001	0.000110352	0.258033	0.0001	0.0001	0.0001	0.0001
27	A	T	ORF	S	NULL	0	0	0	0	0	0	0	0	0	0	0	0	0	0	0	0	0	0	0	0	0	0	0	0	0	0	0	0	0	0	0	0	0	0	0	0	0	0	0	0	0	0	0	0	0	0	0	0	0	0	0	0	0	0
28	A	T	ORF	S	NULL	0	0	0	0	0	0	0	0	0	0	0	0	0	0	0	0	0	0	0	0	0	0	0	0	0	0	0	0	0	0	0	0	0	0	0	0	0	0	0	0	0	0	0	0	0	0	0	0	0	0	0	0	0	0
29	A	T	ORF	S	NULL	0	0	0	0	0	0	0	0	0	0	0	0	0	0	0	0	0	0	0	0	0	0	0	0	0	0	0	0	0	0	0	0	0	0	0	0	0	0	0	0	0	0	0	0	0	0	0	0	0	0	0	0	0	0
30	A	T	ORF	S	NULL	0	0	0	0	0	0	0	0	0	0	0	0	0	0	0	0	0	0	0	0	0	0	0	0	0	0	0	0	0	0	0	0	0	0	0	0	0	0	0	0	0	0	0	0	0	0	0	0	0	0	0	0	0	0
31	A	T	ORF	S	NULL	0	0	0	0	0.000125312	0.0001	0.659058	0.466024	0.0001	0.0001	0.0001	0.0001	0.0001	0.793069	0.0001	0.0809901	0.0001	0.580229	0.0001	0.0001	0.137256	0.0001	0.0001	0.0001	0.349046	0.0001	0.0001	0.0950641	0.360082	0.702099	0.67508	0.0001	0.222176	0.0001	0.0001	0.0001	0.0381611	0.0001	0.000107408	0.0001	0.183078	0.0001	0.140108	0.0001	0.0487653	0.0001	0.0001	0.999926	0.126118	0.176025	0.0001	0.332833	0.237384	0.0804979
32	A	T	ORF	S	NULL	0	0	0	0	0	0	0	0	0	0	0	0	0	0	0	0	0	0	0	0	0	0	0	0	0	0	0	0	0	0	0	0	0	0	0	0	0	0	0	0	0	0	0	0	0	0	0	0	0	0	0	0	0	0
33	A	T	ORF	S	NULL	0	0	0	0	0.000126012	0.380216	0.0910213	0.0001	0.0001	0.552068	0.0001	0.0001	0.113032	0.206032	0.0001	0.275005	0.0001	0.0152492	0.371256	0.0847853	0.0001	0.0001	0.0001	0.0001	0.0001	0.0001	0.0001	0.0001	0.0001	0.0001	0.000100001	0.166043	0.0001	0.0001	0.0001	0.0001	0.000344832	0.0001	0.0751125	0.0001	0.0001	0.0001	0.000186547	0.0001	0.0001	0.387165	0.429061	0.0001	0.000110352	0.258033	0.0001	0.0001	0.0001	0.0001
34	A	T	ORF	S	NULL	0	0	0	0	0	0	0	0	0	0	0	0	0	0	0	0	0	0	0	0	0	0	0	0	0	0	0	0	0	0	0	0	0	0	0	0	0	0	0	0	0	0	0	0	0	0	0	0	0	0	0	0	0	0
35	A	T	ORF	S	NULL	0	0	0	0	0.344354	0.0180577	0.0001	0.0001	0.0001	0.0730477	0.0001	0.0001	0.0001	0.0001	0.132021	0.195137	0.0001	0.0001	0.0289859	0.00150398	0.00013294	0.0001	0.0900341	0.505178	0.272028	0.0001	0.0001	0.530269	0.249055	0.297057	0.0001	0.0001	0.0001	0.0001	0.0001	0.144088	0.000137595	0.0001	0.522121	0.0001	0.629146	0.0624404	0.521207	0.14003	0.0232555	0.0001	0.0001	0.0001	0.353269	0.0001	0.0129734	0.0269829	0.359846	0.0460924
36	A	T	ORF	S	NULL	0	0	0	0	0	0	0	0	0	0	0	0	0	0	0	0	0	0	0	0	0	0	0	0	0	0	0	0	0	0	0	0	0	0	0	0	0	0	0	0	0	0	0	0	0	0	0	0	0	0	0	0	0	0
37	A	T	ORF	S	NULL	0	0	0	0	0.000253292	0.000188818	0.000179868	0.000100001	0.0001	0.000156227	0.0001	0.999944	0.513155	0.000102676	0.000207316	0.0001	0.0001	0.000139626	0.0001	0.168754	0.137403	0.000100003	0.00010142	0.000518616	0.378098	0.486276	0.0001	0.000175587	0.390205	0.000100001	0.000100003	0.000101924	0.310224	0.0001	0.000184152	0.000179749	0.104312	0.0001	0.000153399	0.144258	0.138194	0.25207	0.197244	0.000117394	0.0001	0.0001	0.000158363	0.0001	0.174293	0.0230933	0.0001	0.0001	0.0001	0.0001
38	A	T	ORF	S	NULL	0	0	0	0	0	0	0	0	0	0	0	0	0	0	0	0	0	0	0	0	0	0	0	0	0	0	0	0	0	0	0	0	0	0	0	0	0	0	0	0	0	0	0	0	0	0	0	0	0	0	0	0	0	0
39	A	T	ORF	S	NULL	0	0	0	0	0.141465	0.00018882	0.000105361	0.0001	0.0001	0.374191	0.0001	0.0001	0.000113992	0.000102677	0.0001	0.0001	0.344098	0.126165	0.0001	0.147686	0.0001627	0.00010969	0.0001	0.000189639	0.0001	0.31016	0.00016605	0.000177247	0.000100863	0.0001	0.000161374	0.687216	0.196216	0.190181	0.000106513	0.193335	0.0433077	0.0001	0.000154699	0.336175	0.000309842	0.0001	0.13924	0.0001	0.547626	0.0001	0.000100704	0.0001	0.0444377	0.000175715	0.0001	0.26742	0.0001	0.0001
40	A	T	ORF	S	NULL	0	0	0	0	0.344354	0.0180577	0.0001	0.0001	0.0001	0.0730477	0.0001	0.0001	0.0001	0.0001	0.132021	0.195137	0.0001	0.0001	0.0289859	0.00150398	0.00013294	0.0001	0.0900341	0.505178	0.272028	0.0001	0.0001	0.530269	0.249055	0.297057	0.0001	0.0001	0.0001	0.0001	0.0001	0.144088	0.000137595	0.0001	0.522121	0.0001	0.629146	0.0624404	0.521207	0.14003	0.0232555	0.0001	0.0001	0.0001	0.353269	0.0001	0.0129734	0.0269829	0.359846	0.0460924
41	A	T	ORF	S	NULL	0	0	0	0	0	0	0	0	0	0	0	0	0	0	0	0	0	0	0	0	0	0	0	0	0	0	0	0	0	0	0	0	0	0	0	0	0	0	0	0	0	0	0	0	0	0	0	0	0	0	0	0	0	0
42	A	T	ORF	S	NULL	0	0	0	0	0	0	0	0	0	0	0	0	0	0	0	0	0	0	0	0	0	0	0	0	0	0	0	0	0	0	0	0	0	0	0	0	0	0	0	0	0	0	0	0	0	0	0	0	0	0	0	0	0	0
43	A	T	ORF	S	NULL	0	0	0	0	0	0	0	0	0	0	0	0	0	0	0	0	0	0	0	0	0	0	0	0	0	0	0	0	0	0	0	0	0	0	0	0	0	0	0	0	0	0	0	0	0	0	0	0	0	0	0	0	0	0
44	A	T	ORF	S	NULL	0	0	0	0	0	0	0	0	0	0	0	0	0	0	0	0	0	0	0	0	0	0	0	0	0	0	0	0	0	0	0	0	0	0	0	0	0	0	0	0	0	0	0	0	0	0	0	0	0	0	0	0	0	0
45	A	T	ORF	S	NULL	0	0	0	0	0	0	0	0	0	0	0	0	0	0	0	0	0	0	0	0	0	0	0	0	0	0	0	0	0	0	0	0	0	0	0	0	0	0	0	0	0	0	0	0	0	0	0	0	0	0	0	0	0	0
46	A	T	ORF	S	NULL	0	0	0	0	0	0	0	0	0	0	0	0	0	0	0	0	0	0	0	0	0	0	0	0	0	0	0	0	0	0	0	0	0	0	0	0	0	0	0	0	0	0	0	0	0	0	0	0	0	0	0	0	0	0
47	A	T	ORF	S	NULL	0	0	0	0	0	0	0	0	0	0	0	0	0	0	0	0	0	0	0	0	0	0	0	0	0	0	0	0	0	0	0	0	0	0	0	0	0	0	0	0	0	0	0	0	0	0	0	0	0	0	0	0	0	0
48	A	T	ORF	S	NULL	0	0	0	0	0	0	0	0	0	0	0	0	0	0	0	0	0	0	0	0	0	0	0	0	0	0	0	0	0	0	0	0	0	0	0	0	0	0	0	0	0	0	0	0	0	0	0	0	0	0	0	0	0	0
49	A	T	ORF	S	NULL	0	0	0	0	0.000125312	0.0001	0.659058	0.466024	0.0001	0.0001	0.0001	0.0001	0.0001	0.793069	0.0001	0.0809901	0.0001	0.580229	0.0001	0.0001	0.137256	0.0001	0.0001	0.0001	0.349046	0.0001	0.0001	0.0950641	0.360082	0.702099	0.67508	0.0001	0.222176	0.0001	0.0001	0.0001	0.0381611	0.0001	0.000107408	0.0001	0.183078	0.0001	0.140108	0.0001	0.0487653	0.0001	0.0001	0.999926	0.126118	0.176025	0.0001	0.332833	0.237384	0.0804979
50	A	T	ORF	S	NULL	0	0	0	0	0.000126012	0.380216	0.0910213	0.0001	0.0001	0.552068	0.0001	0.0001	0.113032	0.206032	0.0001	0.275005	0.0001	0.0152492	0.371256	0.0847853	0.0001	0.0001	0.0001	0.0001	0.0001	0.0001	0.0001	0.0001	0.0001	0.0001	0.000100001	0.166043	0.0001	0.0001	0.0001	0.0001	0.000344832	0.0001	0.0751125	0.0001	0.0001	0.0001	0.000186547	0.0001	0.0001	0.387165	0.429061	0.0001	0.000110352	0.258033	0.0001	0.0001	0.0001	0.0001
51	A	T	ORF	S	NULL	0	0	0	0	0.0844526	0.354335	0.000110409	0.192149	0.0001	0.0001	0.480952	0.0001	0.000118378	0.000183633	0.743131	0.0302547	0.0001	0.000147947	0.0483763	0.310146	0.285246	0.540172	0.000102894	0.000180253	0.00026394	0.000240985	0.000168097	0.00049314	0.000102377	0.000100284	0.000146418	0.000104737	0.0233136	0.000102394	0.308146	0.000320561	0.812398	0.0001	0.111162	0.132154	0.00029715	0.104134	0.000215155	0.557118	0.0388256	0.000102546	0.570166	0.0001	0.000433918	0.000101823	0.0260467	0.11502	0.0207443	0.0614891
52	A	T	ORF	S	NULL	0	0	0	0	0.000353293	0.000288827	0.00027987	0.000200001	0.0002	0.000256238	0.0002	1.00004	0.513255	0.00020268	0.124268	0.239631	0.655164	0.000259132	0.287517	0.170546	0.181834	0.000200003	0.909245	0.000618617	0.378198	0.486377	0.0481392	0.000275587	0.390305	0.000230627	0.000200003	0.146148	0.310325	0.809296	0.691257	0.000279749	0.104475	0.0002	0.0002534	0.435423	0.138355	0.25217	0.197361	0.000217394	0.0466296	0.00020001	0.000258373	0.0002	0.174393	0.0231933	0.844418	0.0002	0.0476799	0.0002
53	A	T	ORF	S	NULL	0	0	0	0	0	0	0	0	0	0	0	0	0	0	0	0	0	0	0	0	0	0	0	0	0	0	0	0	0	0	0	0	0	0	0	0	0	0	0	0	0	0	0	0	0	0	0	0	0	0	0	0	0	0
54	A	T	ORF	S	NULL	0	0	0	0	0	0	0	0	0	0	0	0	0	0	0	0	0	0	0	0	0	0	0	0	0	0	0	0	0	0	0	0	0	0	0	0	0	0	0	0	0	0	0	0	0	0	0	0	0	0	0	0	0	0
55	A	T	ORF	S	NULL	0	0	0	0	0.344354	0.0180577	0.0001	0.0001	0.0001	0.0730477	0.0001	0.0001	0.0001	0.0001	0.132021	0.195137	0.0001	0.0001	0.0289859	0.00150398	0.00013294	0.0001	0.0900341	0.505178	0.272028	0.0001	0.0001	0.530269	0.249055	0.297057	0.0001	0.0001	0.0001	0.0001	0.0001	0.144088	0.000137595	0.0001	0.522121	0.0001	0.629146	0.0624404	0.521207	0.14003	0.0232555	0.0001	0.0001	0.0001	0.353269	0.0001	0.0129734	0.0269829	0.359846	0.0460924
56	A	T	ORF	S	NULL	0	0	0	0	0.317181	0.246259	0.249091	0.0001	0.0001	0.000100044	0.0001	0.0001	0.373079	0.000100018	0.0001	0.000100025	0.0001	0.277365	0.000100031	0.000100009	0.0253156	0.459081	0.0001	0.307118	0.0001	0.202082	0.0001	0.0001	0.0001	0.0001	0.266086	0.000100016	0.247166	0.0001	0.0001	0.0001	0.000224045	0.0001	0.000100007	0.0001	0.0481367	0.0001	0.000232768	0.302036	0.0001	0.612254	0.000100044	0.0001	0.134143	0.542085	0.0001	0.0610433	0.258127	0.0001
57	A	T	ORF	S	NULL	0	0	0	0	0	0	0	0	0	0	0	0	0	0	0	0	0	0	0	0	0	0	0	0	0	0	0	0	0	0	0	0	0	0	0	0	0	0	0	0	0	0	0	0	0	0	0	0	0	0	0	0	0	0
58	A	T	ORF	S	NULL	0	0	0	0	0.0001	0.000100009	0.000100002	0.0001	0.0001	0.000100011	0.0001	0.000100468	0.000100256	0.000100004	0.12406	0.239531	0.655064	0.000119505	0.287417	0.00179237	0.0444315	0.000100001	0.909144	0.000100001	0.000100214	0.000100229	0.0480392	0.0001	0.000100177	0.000130626	0.0001	0.146046	0.000100614	0.809196	0.691073	0.0001	0.000162179	0.0001	0.000100001	0.291165	0.000160952	0.000100108	0.000116688	0.000100001	0.0465296	0.00010001	0.00010001	0.0001	0.000100091	0.000100016	0.844318	0.0001	0.0475799	0.0001
59	A	T	ORF	S	NULL	0	0	0	0	0.000253292	0.000188818	0.000179868	0.000100001	0.0001	0.000156227	0.0001	0.999944	0.513155	0.000102676	0.000207316	0.0001	0.0001	0.000139626	0.0001	0.168754	0.137403	0.000100003	0.00010142	0.000518616	0.378098	0.486276	0.0001	0.000175587	0.390205	0.000100001	0.000100003	0.000101924	0.310224	0.0001	0.000184152	0.000179749	0.104312	0.0001	0.000153399	0.144258	0.138194	0.25207	0.197244	0.000117394	0.0001	0.0001	0.000158363	0.0001	0.174293	0.0230933	0.0001	0.0001	0.0001	0.0001
60	A	T	ORF	S	NULL	0	0	0	0	0	0	0	0	0	0	0	0	0	0	0	0	0	0	0	0	0	0	0	0	0	0	0	0	0	0	0	0	0	0	0	0	0	0	0	0	0	0	0	0	0	0	0	0	0	0	0	0	0	0
61	A	T	ORF	S	NULL	0	0	0	0	0	0	0	0	0	0	0	0	0	0	0	0	0	0	0	0	0	0	0	0	0	0	0	0	0	0	0	0	0	0	0	0	0	0	0	0	0	0	0	0	0	0	0	0	0	0	0	0	0	0
62	A	T	ORF	S	NULL	0	0	0	0	0.000125312	0.0001	0.659058	0.466024	0.0001	0.0001	0.0001	0.0001	0.0001	0.793069	0.0001	0.0809901	0.0001	0.580229	0.0001	0.0001	0.137256	0.0001	0.0001	0.0001	0.349046	0.0001	0.0001	0.0950641	0.360082	0.702099	0.67508	0.0001	0.222176	0.0001	0.0001	0.0001	0.0381611	0.0001	0.000107408	0.0001	0.183078	0.0001	0.140108	0.0001	0.0487653	0.0001	0.0001	0.999926	0.126118	0.176025	0.0001	0.332833	0.237384	0.0804979
63	A	T	ORF	S	NULL	0	0	0	0	0	0	0	0	0	0	0	0	0	0	0	0	0	0	0	0	0	0	0	0	0	0	0	0	0	0	0	0	0	0	0	0	0	0	0	0	0	0	0	0	0	0	0	0	0	0	0	0	0	0
64	A	T	ORF	S	NULL	0	0	0	0	0.0001	0.000100009	0.000100002	0.0001	0.0001	0.000100011	0.0001	0.000100468	0.000100256	0.000100004	0.12406	0.239531	0.655064	0.000119505	0.287417	0.00179237	0.0444315	0.000100001	0.909144	0.000100001	0.000100214	0.000100229	0.0480392	0.0001	0.000100177	0.000130626	0.0001	0.146046	0.000100614	0.809196	0.691073	0.0001	0.000162179	0.0001	0.000100001	0.291165	0.000160952	0.000100108	0.000116688	0.000100001	0.0465296	0.00010001	0.00010001	0.0001	0.000100091	0.000100016	0.844318	0.0001	0.0475799	0.0001
65	A	T	ORF	S	NULL	0	0	0	0	0.000253292	0.000188818	0.000179868	0.000100001	0.0001	0.000156227	0.0001	0.999944	0.513155	0.000102676	0.000207316	0.0001	0.0001	0.000139626	0.0001	0.168754	0.137403	0.000100003	0.00010142	0.000518616	0.378098	0.486276	0.0001	0.000175587	0.390205	0.000100001	0.000100003	0.000101924	0.310224	0.0001	0.000184152	0.000179749	0.104312	0.0001	0.000153399	0.144258	0.138194	0.25207	0.197244	0.000117394	0.0001	0.0001	0.000158363	0.0001	0.174293	0.0230933	0.0001	0.0001	0.0001	0.0001
66	A	T	ORF	S	NULL	0	0	0	0	0	0	0	0	0	0	0	0	0	0	0	0	0	0	0	0	0	0	0	0	0	0	0	0	0	0	0	0	0	0	0	0	0	0	0	0	0	0	0	0	0	0	0	0	0	0	0	0	0	0
67	A	T	ORF	S	NULL	0	0	0	0	0.0844526	0.354335	0.000110409	0.192149	0.0001	0.0001	0.480952	0.0001	0.000118378	0.000183633	0.743131	0.0302547	0.0001	0.000147947	0.0483763	0.310146	0.285246	0.540172	0.000102894	0.000180253	0.00026394	0.000240985	0.000168097	0.00049314	0.000102377	0.000100284	0.000146418	0.000104737	0.0233136	0.000102394	0.308146	0.000320561	0.812398	0.0001	0.111162	0.132154	0.00029715	0.104134	0.000215155	0.557118	0.0388256	0.000102546	0.570166	0.0001	0.000433918	0.000101823	0.0260467	0.11502	0.0207443	0.0614891
68	A	T	ORF	S	NULL	0	0	0	0	0	0	0	0	0	0	0	0	0	0	0	0	0	0	0	0	0	0	0	0	0	0	0	0	0	0	0	0	0	0	0	0	0	0	0	0	0	0	0	0	0	0	0	0	0	0	0	0	0	0
69	A	T	ORF	S	NULL	0	0	0	0	0	0	0	0	0	0	0	0	0	0	0	0	0	0	0	0	0	0	0	0	0	0	0	0	0	0	0	0	0	0	0	0	0	0	0	0	0	0	0	0	0	0	0	0	0	0	0	0	0	0
70	A	T	ORF	S	NULL	0	0	0	0	0.000126012	0.380216	0.0910213	0.0001	0.0001	0.552068	0.0001	0.0001	0.113032	0.206032	0.0001	0.275005	0.0001	0.0152492	0.371256	0.0847853	0.0001	0.0001	0.0001	0.0001	0.0001	0.0001	0.0001	0.0001	0.0001	0.0001	0.000100001	0.166043	0.0001	0.0001	0.0001	0.0001	0.000344832	0.0001	0.0751125	0.0001	0.0001	0.0001	0.000186547	0.0001	0.0001	0.387165	0.429061	0.0001	0.000110352	0.258033	0.0001	0.0001	0.0001	0.0001
71	A	T	ORF	S	NULL	0	0	0	0	0.000125312	0.0001	0.659058	0.466024	0.0001	0.0001	0.0001	0.0001	0.0001	0.793069	0.0001	0.0809901	0.0001	0.580229	0.0001	0.0001	0.137256	0.0001	0.0001	0.0001	0.349046	0.0001	0.0001	0.0950641	0.360082	0.702099	0.67508	0.0001	0.222176	0.0001	0.0001	0.0001	0.0381611	0.0001	0.000107408	0.0001	0.183078	0.0001	0.140108	0.0001	0.0487653	0.0001	0.0001	0.999926	0.126118	0.176025	0.0001	0.332833	0.237384	0.0804979
72	A	T	ORF	S	NULL	0	0	0	0	0	0	0	0	0	0	0	0	0	0	0	0	0	0	0	0	0	0	0	0	0	0	0	0	0	0	0	0	0	0	0	0	0	0	0	0	0	0	0	0	0	0	0	0	0	0	0	0	0	0
73	A	T	ORF	S	NULL	0	0	0	0	0.141465	0.00018882	0.000105361	0.0001	0.0001	0.374191	0.0001	0.0001	0.000113992	0.000102677	0.0001	0.0001	0.344098	0.126165	0.0001	0.147686	0.0001627	0.00010969	0.0001	0.000189639	0.0001	0.31016	0.00016605	0.000177247	0.000100863	0.0001	0.000161374	0.687216	0.196216	0.190181	0.000106513	0.193335	0.0433077	0.0001	0.000154699	0.336175	0.000309842	0.0001	0.13924	0.0001	0.547626	0.0001	0.000100704	0.0001	0.0444377	0.000175715	0.0001	0.26742	0.0001	0.0001
74	A	T	ORF	S	NULL	0	0	0	0	0	0	0	0	0	0	0	0	0	0	0	0	0	0	0	0	0	0	0	0	0	0	0	0	0	0	0	0	0	0	0	0	0	0	0	0	0	0	0	0	0	0	0	0	0	0	0	0	0	0
75	A	T	ORF	S	NULL	0	0	0	0	0.0844526	0.354335	0.000110409	0.192149	0.0001	0.0001	0.480952	0.0001	0.000118378	0.000183633	0.743131	0.0302547	0.0001	0.000147947	0.0483763	0.310146	0.285246	0.540172	0.000102894	0.000180253	0.00026394	0.000240985	0.000168097	0.00049314	0.000102377	0.000100284	0.000146418	0.000104737	0.0233136	0.000102394	0.308146	0.000320561	0.812398	0.0001	0.111162	0.132154	0.00029715	0.104134	0.000215155	0.557118	0.0388256	0.000102546	0.570166	0.0001	0.000433918	0.000101823	0.0260467	0.11502	0.0207443	0.0614891
76	A	T	ORF	S	NULL	0	0	0	0	0.252763	0.00028882	0.000205361	0.34114	1.00002	0.374291	0.518031	0.0002	0.000213992	0.000202677	0.0002	0.0406188	0.344198	0.126265	0.0002	0.422539	0.369537	0.000209691	0.000256196	0.18631	0.000228376	0.31028	0.70923	0.373285	0.000200863	0.0002	0.0581857	0.687316	0.196316	0.190282	0.000206514	0.193515	0.0434701	1.00002	0.290244	0.431228	0.000409842	0.0002	0.139357	0.0002	0.642159	0.0002	0.000200704	0.0002	0.0448441	0.000275715	0.0002	0.26752	0.000200001	0.519423
77	A	T	ORF	S	NULL	0	0	0	0	0	0	0	0	0	0	0	0	0	0	0	0	0	0	0	0	0	0	0	0	0	0	0	0	0	0	0	0	0	0	0	0	0	0	0	0	0	0	0	0	0	0	0	0	0	0	0	0	0	0
78	A	T	ORF	S	NULL	0	0	0	0	0	0	0	0	0	0	0	0	0	0	0	0	0	0	0	0	0	0	0	0	0	0	0	0	0	0	0	0	0	0	0	0	0	0	0	0	0	0	0	0	0	0	0	0	0	0	0	0	0	0
79	A	T	ORF	S	NULL	0	0	0	0	0	0	0	0	0	0	0	0	0	0	0	0	0	0	0	0	0	0	0	0	0	0	0	0	0	0	0	0	0	0	0	0	0	0	0	0	0	0	0	0	0	0	0	0	0	0	0	0	0	0
80	A	T	ORF	S	NULL	0	0	0	0	0.344354	0.0180577	0.0001	0.0001	0.0001	0.0730477	0.0001	0.0001	0.0001	0.0001	0.132021	0.195137	0.0001	0.0001	0.0289859	0.00150398	0.00013294	0.0001	0.0900341	0.505178	0.272028	0.0001	0.0001	0.530269	0.249055	0.297057	0.0001	0.0001	0.0001	0.0001	0.0001	0.144088	0.000137595	0.0001	0.522121	0.0001	0.629146	0.0624404	0.521207	0.14003	0.0232555	0.0001	0.0001	0.0001	0.353269	0.0001	0.0129734	0.0269829	0.359846	0.0460924
81	A	T	ORF	S	NULL	0	0	0	0	0.000652354	0.000524025	0.000333033	0.000586448	0.0001	0.000287725	0.00111623	0.0001	0.00035221	0.000324328	0.000514345	0.138563	0.000600298	0.000438014	0.263965	0.0104789	0.00059735	0.000337147	0.000319581	0.000531885	0.000268096	0.000959638	0.242309	0.000492916	0.000321338	0.000303089	0.00030085	0.000320814	0.000549054	0.000315191	0.000337541	0.661771	0.000789331	0.0001	0.000984034	0.000935602	0.000546695	0.581356	0.0013317	0.000551741	0.200465	0.000203155	0.000317699	0.0001	0.166705	0.000313185	0.116662	0.1967	0.0763189	0.292598
82	A	T	ORF	S	NULL	0	0	0	0	0	0	0	0	0	0	0	0	0	0	0	0	0	0	0	0	0	0	0	0	0	0	0	0	0	0	0	0	0	0	0	0	0	0	0	0	0	0	0	0	0	0	0	0	0	0	0	0	0	0
83	A	T	ORF	S	NULL	0	0	0	0	0	0	0	0	0	0	0	0	0	0	0	0	0	0	0	0	0	0	0	0	0	0	0	0	0	0	0	0	0	0	0	0	0	0	0	0	0	0	0	0	0	0	0	0	0	0	0	0	0	0
84	A	T	ORF	S	NULL	0	0	0	0	0	0	0	0	0	0	0	0	0	0	0	0	0	0	0	0	0	0	0	0	0	0	0	0	0	0	0	0	0	0	0	0	0	0	0	0	0	0	0	0	0	0	0	0	0	0	0	0	0	0
85	A	T	ORF	S	NULL	0	0	0	0	0	0	0	0	0	0	0	0	0	0	0	0	0	0	0	0	0	0	0	0	0	0	0	0	0	0	0	0	0	0	0	0	0	0	0	0	0	0	0	0	0	0	0	0	0	0	0	0	0	0
86	A	T	ORF	S	NULL	0	0	0	0	0	0	0	0	0	0	0	0	0	0	0	0	0	0	0	0	0	0	0	0	0	0	0	0	0	0	0	0	0	0	0	0	0	0	0	0	0	0	0	0	0	0	0	0	0	0	0	0	0	0
87	A	T	ORF	S	NULL	0	0	0	0	0	0	0	0	0	0	0	0	0	0	0	0	0	0	0	0	0	0	0	0	0	0	0	0	0	0	0	0	0	0	0	0	0	0	0	0	0	0	0	0	0	0	0	0	0	0	0	0	0	0
88	A	T	ORF	S	NULL	0	0	0	0	0.317306	0.246359	0.908148	0.466124	0.0002	0.000200044	0.0002	0.0002	0.373179	0.793169	0.0002	0.0810901	0.0002	0.857595	0.000200031	0.000200009	0.162571	0.459181	0.0002	0.307218	0.349146	0.202182	0.0002	0.0951641	0.360182	0.702199	0.941165	0.000200016	0.469341	0.0002	0.0002	0.0002	0.0383852	0.0002	0.000207414	0.0002	0.231214	0.0002	0.140341	0.302136	0.0488653	0.612354	0.000200044	1.00003	0.260261	0.71811	0.0002	0.393876	0.495511	0.0805979
89	A	T	ORF	S	NULL	0	0	0	0	0.111398	0.000200009	0.000200002	0.34114	1.00002	0.000200011	0.518031	0.000200468	0.000200256	0.000200004	0.12416	0.28005	0.655164	0.000219505	0.287517	0.276646	0.413806	0.000200001	0.9093	0.186221	0.000228591	0.000220299	0.757103	0.373208	0.000200177	0.000230626	0.0581243	0.146146	0.000200943	0.809296	0.691173	0.000279735	0.000324624	1.00002	0.290189	0.386218	0.000260952	0.000200108	0.000233564	0.000200001	0.141062	0.00020001	0.00020001	0.0002	0.000506452	0.000200016	0.844418	0.0002	0.0476799	0.519423
90	A	T	ORF	S	NULL	0	0	0	0	0	0	0	0	0	0	0	0	0	0	0	0	0	0	0	0	0	0	0	0	0	0	0	0	0	0	0	0	0	0	0	0	0	0	0	0	0	0	0	0	0	0	0	0	0	0	0	0	0	0
91	A	T	ORF	S	NULL	0	0	0	0	0.428807	0.372393	0.000210409	0.192249	0.0002	0.0731477	0.481052	0.0002	0.000218378	0.000283633	0.875152	0.225392	0.0002	0.000247947	0.0773622	0.31165	0.285379	0.540272	0.090137	0.505358	0.272292	0.000340985	0.000268097	0.530762	0.249158	0.297157	0.000246418	0.000204737	0.0234136	0.000202394	0.308246	0.144409	0.812536	0.0002	0.633283	0.132254	0.629443	0.166574	0.521422	0.697148	0.0620811	0.000202546	0.570266	0.0002	0.353703	0.000201823	0.0390202	0.142003	0.38059	0.107581
92	A	T	ORF	S	NULL	0	0	0	0	0.000125312	0.0001	0.659058	0.466024	0.0001	0.0001	0.0001	0.0001	0.0001	0.793069	0.0001	0.0809901	0.0001	0.580229	0.0001	0.0001	0.137256	0.0001	0.0001	0.0001	0.349046	0.0001	0.0001	0.0950641	0.360082	0.702099	0.67508	0.0001	0.222176	0.0001	0.0001	0.0001	0.0381611	0.0001	0.000107408	0.0001	0.183078	0.0001	0.140108	0.0001	0.0487653	0.0001	0.0001	0.999926	0.126118	0.176025	0.0001	0.332833	0.237384	0.0804979
93	A	T	ORF	S	NULL	0	0	0	0	0	0	0	0	0	0	0	0	0	0	0	0	0	0	0	0	0	0	0	0	0	0	0	0	0	0	0	0	0	0	0	0	0	0	0	0	0	0	0	0	0	0	0	0	0	0	0	0	0	0
94	A	T	ORF	S	NULL	0	0	0	0	0	0	0	0	0	0	0	0	0	0	0	0	0	0	0	0	0	0	0	0	0	0	0	0	0	0	0	0	0	0	0	0	0	0	0	0	0	0	0	0	0	0	0	0	0	0	0	0	0	0
95	A	T	ORF	S	NULL	0	0	0	0	0	0	0	0	0	0	0	0	0	0	0	0	0	0	0	0	0	0	0	0	0	0	0	0	0	0	0	0	0	0	0	0	0	0	0	0	0	0	0	0	0	0	0	0	0	0	0	0	0	0
96	A	T	ORF	S	NULL	0	0	0	0	0.317307	0.626474	0.340112	0.0002	0.0002	0.552168	0.0002	0.0002	0.486111	0.206132	0.0002	0.275105	0.0002	0.292615	0.371357	0.0848853	0.0254156	0.459181	0.0002	0.307218	0.0002	0.202182	0.0002	0.0002	0.0002	0.0002	0.266186	0.166143	0.247266	0.0002	0.0002	0.0002	0.000568877	0.0002	0.0752125	0.0002	0.0482367	0.000200001	0.000419315	0.302136	0.0002	0.99942	0.429161	0.0002	0.134253	0.800118	0.0002	0.0611433	0.258227	0.0002
97	A	T	ORF	S	NULL	0	0	0	0	0.000652354	0.000524025	0.000333033	0.000586448	0.0001	0.000287725	0.00111623	0.0001	0.00035221	0.000324328	0.000514345	0.138563	0.000600298	0.000438014	0.263965	0.0104789	0.00059735	0.000337147	0.000319581	0.000531885	0.000268096	0.000959638	0.242309	0.000492916	0.000321338	0.000303089	0.00030085	0.000320814	0.000549054	0.000315191	0.000337541	0.661771	0.000789331	0.0001	0.000984034	0.000935602	0.000546695	0.581356	0.0013317	0.000551741	0.200465	0.000203155	0.000317699	0.0001	0.166705	0.000313185	0.116662	0.1967	0.0763189	0.292598
98	A	T	ORF	S	NULL	0	0	0	0	0.111298	0.0001	0.0001	0.34104	0.999922	0.0001	0.517931	0.0001	0.0001	0.0001	0.0001	0.0405188	0.000100009	0.0001	0.0001	0.274854	0.369375	0.0001	0.000156196	0.186121	0.000128376	0.00012007	0.709064	0.373108	0.0001	0.0001	0.0580243	0.000100006	0.000100329	0.000100046	0.000100001	0.000179735	0.000162445	0.999922	0.290089	0.0950534	0.0001	0.0001	0.000116876	0.0001	0.0945326	0.0001	0.0001	0.0001	0.000406362	0.0001	0.0001	0.0001	0.000100001	0.519323
99	A	T	ORF	S	NULL	0	0	0	0	0.000126012	0.380216	0.0910213	0.0001	0.0001	0.552068	0.0001	0.0001	0.113032	0.206032	0.0001	0.275005	0.0001	0.0152492	0.371256	0.0847853	0.0001	0.0001	0.0001	0.0001	0.0001	0.0001	0.0001	0.0001	0.0001	0.0001	0.000100001	0.166043	0.0001	0.0001	0.0001	0.0001	0.000344832	0.0001	0.0751125	0.0001	0.0001	0.0001	0.000186547	0.0001	0.0001	0.387165	0.429061	0.0001	0.000110352	0.258033	0.0001	0.0001	0.0001	0.0001
100	A	T	ORF	S	NULL	0	0	0	0	0.317181	0.246259	0.249091	0.0001	0.0001	0.000100044	0.0001	0.0001	0.373079	0.000100018	0.0001	0.000100025	0.0001	0.277365	0.000100031	0.000100009	0.0253156	0.459081	0.0001	0.307118	0.0001	0.202082	0.0001	0.0001	0.0001	0.0001	0.266086	0.000100016	0.247166	0.0001	0.0001	0.0001	0.000224045	0.0001	0.000100007	0.0001	0.0481367	0.0001	0.000232768	0.302036	0.0001	0.612254	0.000100044	0.0001	0.134143	0.542085	0.0001	0.0610433	0.258127	0.0001
