pos	ref	alt	gene	N/S	AA	nSRAsubclonal	nSRAclonal	nSRA	nConsensus	sample0|Earth	sample1|Earth	sample2|Earth	sample3|Earth	sample4|Earth	sample5|Earth	sample6|Earth	sample7|Earth	sample8|Earth	sample9|Earth	sample10|Earth	sample11|Earth	sample12|Earth	sample13|Earth	sample14|Earth	sample15|Earth	sample16|Earth	sample17|Earth	sample18|Earth	sample19|Earth	sample20|Earth	sample21|Earth	sample22|Earth	sample23|Earth	sample24|Earth	sample25|Earth	sample26|Earth	sample27|Earth	sample28|Earth	sample29|Earth	sample30|Earth	sample31|Earth	sample32|Earth	sample33|Earth	sample34|Earth	sample35|Earth	sample36|Earth	sample37|Earth	sample38|Earth	sample39|Earth	sample40|Earth	sample41|Earth	sample42|Earth	sample43|Earth	sample44|Earth	sample45|Earth	sample46|Earth	sample47|Earth	sample48|Earth	sample49|Earth
1	A	T	ORF	S	NULL	0	0	0	0	0.339046	0.0179033	0.0001	0.0001	0.0001	0.0728731	0.0001	0.0001	0.0001	0.0001	0.131921	0.177019	0.0001	0.0001	0.0001	0.0001	0.0001	0.0001	0.0899051	0.495699	0.271917	0.0001	0.0001	0.529934	0.248916	0.296919	0.0001	0.0001	0.0001	0.0001	0.0001	0.144025	0.0001	0.0001	0.521942	0.0001	0.628013	0.0001	0.520933	0.132447	0.0001	0.0001	0.0001	0.0001	0.351528	0.0001	0.0001	0.0001	0.341808	0.0001
2	A	T	ORF	S	NULL	0	0	0	0	0	0	0	0	0	0	0	0	0	0	0	0	0	0	0	0	0	0	0	0	0	0	0	0	0	0	0	0	0	0	0	0	0	0	0	0	0	0	0	0	0	0	0	0	0	0	0	0	0	0
3	A	T	ORF	S	NULL	0	0	0	0	0	0	0	0	0	0	0	0	0	0	0	0	0	0	0	0	0	0	0	0	0	0	0	0	0	0	0	0	0	0	0	0	0	0	0	0	0	0	0	0	0	0	0	0	0	0	0	0	0	0
4	A	T	ORF	S	NULL	0	0	0	0	0	0	0	0	0	0	0	0	0	0	0	0	0	0	0	0	0	0	0	0	0	0	0	0	0	0	0	0	0	0	0	0	0	0	0	0	0	0	0	0	0	0	0	0	0	0	0	0	0	0
5	A	T	ORF	S	NULL	0	0	0	0	0.337201	0.597949	0.341488	0.0001	0.0001	0.474402	0.0001	0.0001	0.495402	0.179576	0.0001	0.243286	0.000100001	0.302781	0.330828	0.0729062	0.0271418	0.476769	0.0001	0.32204	0.0001	0.213469	0.0001	0.0001	0.0001	0.0001	0.275153	0.142542	0.262993	0.0001	0.0001	0.0001	0.0001	0.0001	0.0643096	0.000100001	0.0509882	0.0110052	0.0001	0.316093	0.000100002	0.999959	0.368657	0.0001	0.143523	0.809256	0.0001	0.0749356	0.277853	0.0001
6	A	T	ORF	S	NULL	0	0	0	0	0.337201	0.597949	0.341488	0.0001	0.0001	0.474402	0.0001	0.0001	0.495402	0.179576	0.0001	0.243286	0.000100001	0.302781	0.330828	0.0729062	0.0271418	0.476769	0.0001	0.32204	0.0001	0.213469	0.0001	0.0001	0.0001	0.0001	0.275153	0.142542	0.262993	0.0001	0.0001	0.0001	0.0001	0.0001	0.0643096	0.000100001	0.0509882	0.0110052	0.0001	0.316093	0.000100002	0.999959	0.368657	0.0001	0.143523	0.809256	0.0001	0.0749356	0.277853	0.0001
7	A	T	ORF	S	NULL	0	0	0	0	0	0	0	0	0	0	0	0	0	0	0	0	0	0	0	0	0	0	0	0	0	0	0	0	0	0	0	0	0	0	0	0	0	0	0	0	0	0	0	0	0	0	0	0	0	0	0	0	0	0
8	A	T	ORF	S	NULL	0	0	0	0	0	0	0	0	0	0	0	0	0	0	0	0	0	0	0	0	0	0	0	0	0	0	0	0	0	0	0	0	0	0	0	0	0	0	0	0	0	0	0	0	0	0	0	0	0	0	0	0	0	0
9	A	T	ORF	S	NULL	0	0	0	0	0.133037	0.0001	0.0001	0.0001	0.0001	0.373883	0.0001	0.0001	0.0001	0.0001	0.0001	0.0001	0.343922	0.112135	0.0001	0.147923	0.0001	0.0001	0.0001	0.0001	0.0001	0.302439	0.0001	0.0001	0.0001	0.0001	0.0001	0.686931	0.188708	0.189912	0.0001	0.192912	0.0429027	0.0001	0.0001	0.335939	0.0001	0.0001	0.138909	0.0001	0.562117	0.0001	0.0001	0.0001	0.040915	0.0001	0.0001	0.283254	0.0001	0.0001
10	A	T	ORF	S	NULL	0	0	0	0	0	0	0	0	0	0	0	0	0	0	0	0	0	0	0	0	0	0	0	0	0	0	0	0	0	0	0	0	0	0	0	0	0	0	0	0	0	0	0	0	0	0	0	0	0	0	0	0	0	0
11	A	T	ORF	S	NULL	0	0	0	0	0	0	0	0	0	0	0	0	0	0	0	0	0	0	0	0	0	0	0	0	0	0	0	0	0	0	0	0	0	0	0	0	0	0	0	0	0	0	0	0	0	0	0	0	0	0	0	0	0	0
12	A	T	ORF	S	NULL	0	0	0	0	0	0	0	0	0	0	0	0	0	0	0	0	0	0	0	0	0	0	0	0	0	0	0	0	0	0	0	0	0	0	0	0	0	0	0	0	0	0	0	0	0	0	0	0	0	0	0	0	0	0
13	A	T	ORF	S	NULL	0	0	0	0	0	0	0	0	0	0	0	0	0	0	0	0	0	0	0	0	0	0	0	0	0	0	0	0	0	0	0	0	0	0	0	0	0	0	0	0	0	0	0	0	0	0	0	0	0	0	0	0	0	0
14	A	T	ORF	S	NULL	0	0	0	0	0.10501	0.0001	0.0001	0.34094	0.999965	0.000100001	0.517961	0.000100001	0.000100001	0.0001	0.0001	0.0450733	0.000100001	0.0001	0.0001	0.27496	0.368943	0.0001	0.0001	0.174841	0.0001	0.000100002	0.709001	0.372944	0.000100001	0.0001	0.0452197	0.000100002	0.000100001	0.000100001	0.0001	0.000100001	0.0001	0.999965	0.289929	0.094944	0.0001	0.000100001	0.0001	0.0001	0.10329	0.0001	0.0001	0.0001	0.0001	0.0001	0.0001	0.000100001	0.0001	0.537963
15	A	T	ORF	S	NULL	0	0	0	0	0	0	0	0	0	0	0	0	0	0	0	0	0	0	0	0	0	0	0	0	0	0	0	0	0	0	0	0	0	0	0	0	0	0	0	0	0	0	0	0	0	0	0	0	0	0	0	0	0	0
16	A	T	ORF	S	NULL	0	0	0	0	0	0	0	0	0	0	0	0	0	0	0	0	0	0	0	0	0	0	0	0	0	0	0	0	0	0	0	0	0	0	0	0	0	0	0	0	0	0	0	0	0	0	0	0	0	0	0	0	0	0
17	A	T	ORF	S	NULL	0	0	0	0	0	0	0	0	0	0	0	0	0	0	0	0	0	0	0	0	0	0	0	0	0	0	0	0	0	0	0	0	0	0	0	0	0	0	0	0	0	0	0	0	0	0	0	0	0	0	0	0	0	0
18	A	T	ORF	S	NULL	0	0	0	0	0	0	0	0	0	0	0	0	0	0	0	0	0	0	0	0	0	0	0	0	0	0	0	0	0	0	0	0	0	0	0	0	0	0	0	0	0	0	0	0	0	0	0	0	0	0	0	0	0	0
19	A	T	ORF	S	NULL	0	0	0	0	0.00992794	0.0001	0.658512	0.46595	0.0001	0.0001	0.0001	0.0001	0.00299187	0.777125	0.0001	0.063422	0.0001	0.585085	0.0001	0.0001	0.138115	0.00881236	0.0001	0.00742055	0.348937	0.00564324	0.0001	0.0949097	0.359938	0.701975	0.679627	0.0001	0.229883	0.0001	0.0001	0.0001	0.037904	0.0001	0.0001	0.0001	0.184482	0.0001	0.139914	0.00695903	0.0549059	0.000100001	0.0001	0.99994	0.130683	0.176804	0.0001	0.342515	0.247823	0.09291
20	A	T	ORF	S	NULL	0	0	0	0	0	0	0	0	0	0	0	0	0	0	0	0	0	0	0	0	0	0	0	0	0	0	0	0	0	0	0	0	0	0	0	0	0	0	0	0	0	0	0	0	0	0	0	0	0	0	0	0	0	0
21	A	T	ORF	S	NULL	0	0	0	0	0.0001	0.0001	0.0001	0.0001	0.0001	0.0001	0.0001	0.0001	0.0001	0.0001	0.123918	0.244104	0.654996	0.0001	0.30792	0.00192573	0.0441789	0.0001	0.909033	0.0001	0.0001	0.0001	0.0479203	0.0001	0.0001	0.0001	0.0001	0.145911	0.0001	0.809018	0.691001	0.0001	0.0001	0.0001	0.0001	0.290972	0.0001	0.0001	0.0001	0.0001	0.0550519	0.0001	0.0001	0.0001	0.0001	0.0001	0.857025	0.0001	0.0448925	0.0001
22	A	T	ORF	S	NULL	0	0	0	0	0.10501	0.0001	0.0001	0.34094	0.999965	0.000100001	0.517961	0.000100001	0.000100001	0.0001	0.0001	0.0450733	0.000100001	0.0001	0.0001	0.27496	0.368943	0.0001	0.0001	0.174841	0.0001	0.000100002	0.709001	0.372944	0.000100001	0.0001	0.0452197	0.000100002	0.000100001	0.000100001	0.0001	0.000100001	0.0001	0.999965	0.289929	0.094944	0.0001	0.000100001	0.0001	0.0001	0.10329	0.0001	0.0001	0.0001	0.0001	0.0001	0.0001	0.000100001	0.0001	0.537963
23	A	T	ORF	S	NULL	0	0	0	0	0	0	0	0	0	0	0	0	0	0	0	0	0	0	0	0	0	0	0	0	0	0	0	0	0	0	0	0	0	0	0	0	0	0	0	0	0	0	0	0	0	0	0	0	0	0	0	0	0	0
24	A	T	ORF	S	NULL	0	0	0	0	0	0	0	0	0	0	0	0	0	0	0	0	0	0	0	0	0	0	0	0	0	0	0	0	0	0	0	0	0	0	0	0	0	0	0	0	0	0	0	0	0	0	0	0	0	0	0	0	0	0
25	A	T	ORF	S	NULL	0	0	0	0	0	0	0	0	0	0	0	0	0	0	0	0	0	0	0	0	0	0	0	0	0	0	0	0	0	0	0	0	0	0	0	0	0	0	0	0	0	0	0	0	0	0	0	0	0	0	0	0	0	0
26	A	T	ORF	S	NULL	0	0	0	0	0	0	0	0	0	0	0	0	0	0	0	0	0	0	0	0	0	0	0	0	0	0	0	0	0	0	0	0	0	0	0	0	0	0	0	0	0	0	0	0	0	0	0	0	0	0	0	0	0	0
27	A	T	ORF	S	NULL	0	0	0	0	0	0	0	0	0	0	0	0	0	0	0	0	0	0	0	0	0	0	0	0	0	0	0	0	0	0	0	0	0	0	0	0	0	0	0	0	0	0	0	0	0	0	0	0	0	0	0	0	0	0
28	A	T	ORF	S	NULL	0	0	0	0	0	0	0	0	0	0	0	0	0	0	0	0	0	0	0	0	0	0	0	0	0	0	0	0	0	0	0	0	0	0	0	0	0	0	0	0	0	0	0	0	0	0	0	0	0	0	0	0	0	0
29	A	T	ORF	S	NULL	0	0	0	0	0	0	0	0	0	0	0	0	0	0	0	0	0	0	0	0	0	0	0	0	0	0	0	0	0	0	0	0	0	0	0	0	0	0	0	0	0	0	0	0	0	0	0	0	0	0	0	0	0	0
30	A	T	ORF	S	NULL	0	0	0	0	0	0	0	0	0	0	0	0	0	0	0	0	0	0	0	0	0	0	0	0	0	0	0	0	0	0	0	0	0	0	0	0	0	0	0	0	0	0	0	0	0	0	0	0	0	0	0	0	0	0
31	A	T	ORF	S	NULL	0	0	0	0	0.00992794	0.0001	0.658512	0.46595	0.0001	0.0001	0.0001	0.0001	0.00299187	0.777125	0.0001	0.063422	0.0001	0.585085	0.0001	0.0001	0.138115	0.00881236	0.0001	0.00742055	0.348937	0.00564324	0.0001	0.0949097	0.359938	0.701975	0.679627	0.0001	0.229883	0.0001	0.0001	0.0001	0.037904	0.0001	0.0001	0.0001	0.184482	0.0001	0.139914	0.00695903	0.0549059	0.000100001	0.0001	0.99994	0.130683	0.176804	0.0001	0.342515	0.247823	0.09291
32	A	T	ORF	S	NULL	0	0	0	0	0	0	0	0	0	0	0	0	0	0	0	0	0	0	0	0	0	0	0	0	0	0	0	0	0	0	0	0	0	0	0	0	0	0	0	0	0	0	0	0	0	0	0	0	0	0	0	0	0	0
33	A	T	ORF	S	NULL	0	0	0	0	0	0	0	0	0	0	0	0	0	0	0	0	0	0	0	0	0	0	0	0	0	0	0	0	0	0	0	0	0	0	0	0	0	0	0	0	0	0	0	0	0	0	0	0	0	0	0	0	0	0
34	A	T	ORF	S	NULL	0	0	0	0	0	0	0	0	0	0	0	0	0	0	0	0	0	0	0	0	0	0	0	0	0	0	0	0	0	0	0	0	0	0	0	0	0	0	0	0	0	0	0	0	0	0	0	0	0	0	0	0	0	0
35	A	T	ORF	S	NULL	0	0	0	0	0.339046	0.0179033	0.0001	0.0001	0.0001	0.0728731	0.0001	0.0001	0.0001	0.0001	0.131921	0.177019	0.0001	0.0001	0.0001	0.0001	0.0001	0.0001	0.0899051	0.495699	0.271917	0.0001	0.0001	0.529934	0.248916	0.296919	0.0001	0.0001	0.0001	0.0001	0.0001	0.144025	0.0001	0.0001	0.521942	0.0001	0.628013	0.0001	0.520933	0.132447	0.0001	0.0001	0.0001	0.0001	0.351528	0.0001	0.0001	0.0001	0.341808	0.0001
36	A	T	ORF	S	NULL	0	0	0	0	0	0	0	0	0	0	0	0	0	0	0	0	0	0	0	0	0	0	0	0	0	0	0	0	0	0	0	0	0	0	0	0	0	0	0	0	0	0	0	0	0	0	0	0	0	0	0	0	0	0
37	A	T	ORF	S	NULL	0	0	0	0	0.0001	0.0001	0.0001	0.0001	0.0001	0.0001	0.0001	0.999915	0.501606	0.0001	0.0001	0.0001	0.0001	0.0001	0.0001	0.168921	0.136908	0.0001	0.0001	0.0001	0.377922	0.478449	0.0001	0.0001	0.389923	0.0001	0.0001	0.0001	0.302716	0.0001	0.0001	0.0001	0.103906	0.0001	0.0001	0.143927	0.136518	0.302917	0.196912	0.0001	0.0001	0.0001	0.0001	0.0001	0.170924	0.0139404	0.0001	0.0001	0.0001	0.0001
38	A	T	ORF	S	NULL	0	0	0	0	0	0	0	0	0	0	0	0	0	0	0	0	0	0	0	0	0	0	0	0	0	0	0	0	0	0	0	0	0	0	0	0	0	0	0	0	0	0	0	0	0	0	0	0	0	0	0	0	0	0
39	A	T	ORF	S	NULL	0	0	0	0	0.133037	0.0001	0.0001	0.0001	0.0001	0.373883	0.0001	0.0001	0.0001	0.0001	0.0001	0.0001	0.343922	0.112135	0.0001	0.147923	0.0001	0.0001	0.0001	0.0001	0.0001	0.302439	0.0001	0.0001	0.0001	0.0001	0.0001	0.686931	0.188708	0.189912	0.0001	0.192912	0.0429027	0.0001	0.0001	0.335939	0.0001	0.0001	0.138909	0.0001	0.562117	0.0001	0.0001	0.0001	0.040915	0.0001	0.0001	0.283254	0.0001	0.0001
40	A	T	ORF	S	NULL	0	0	0	0	0.339046	0.0179033	0.0001	0.0001	0.0001	0.0728731	0.0001	0.0001	0.0001	0.0001	0.131921	0.177019	0.0001	0.0001	0.0001	0.0001	0.0001	0.0001	0.0899051	0.495699	0.271917	0.0001	0.0001	0.529934	0.248916	0.296919	0.0001	0.0001	0.0001	0.0001	0.0001	0.144025	0.0001	0.0001	0.521942	0.0001	0.628013	0.0001	0.520933	0.132447	0.0001	0.0001	0.0001	0.0001	0.351528	0.0001	0.0001	0.0001	0.341808	0.0001
41	A	T	ORF	S	NULL	0	0	0	0	0	0	0	0	0	0	0	0	0	0	0	0	0	0	0	0	0	0	0	0	0	0	0	0	0	0	0	0	0	0	0	0	0	0	0	0	0	0	0	0	0	0	0	0	0	0	0	0	0	0
42	A	T	ORF	S	NULL	0	0	0	0	0	0	0	0	0	0	0	0	0	0	0	0	0	0	0	0	0	0	0	0	0	0	0	0	0	0	0	0	0	0	0	0	0	0	0	0	0	0	0	0	0	0	0	0	0	0	0	0	0	0
43	A	T	ORF	S	NULL	0	0	0	0	0	0	0	0	0	0	0	0	0	0	0	0	0	0	0	0	0	0	0	0	0	0	0	0	0	0	0	0	0	0	0	0	0	0	0	0	0	0	0	0	0	0	0	0	0	0	0	0	0	0
44	A	T	ORF	S	NULL	0	0	0	0	0	0	0	0	0	0	0	0	0	0	0	0	0	0	0	0	0	0	0	0	0	0	0	0	0	0	0	0	0	0	0	0	0	0	0	0	0	0	0	0	0	0	0	0	0	0	0	0	0	0
45	A	T	ORF	S	NULL	0	0	0	0	0	0	0	0	0	0	0	0	0	0	0	0	0	0	0	0	0	0	0	0	0	0	0	0	0	0	0	0	0	0	0	0	0	0	0	0	0	0	0	0	0	0	0	0	0	0	0	0	0	0
46	A	T	ORF	S	NULL	0	0	0	0	0	0	0	0	0	0	0	0	0	0	0	0	0	0	0	0	0	0	0	0	0	0	0	0	0	0	0	0	0	0	0	0	0	0	0	0	0	0	0	0	0	0	0	0	0	0	0	0	0	0
47	A	T	ORF	S	NULL	0	0	0	0	0	0	0	0	0	0	0	0	0	0	0	0	0	0	0	0	0	0	0	0	0	0	0	0	0	0	0	0	0	0	0	0	0	0	0	0	0	0	0	0	0	0	0	0	0	0	0	0	0	0
48	A	T	ORF	S	NULL	0	0	0	0	0	0	0	0	0	0	0	0	0	0	0	0	0	0	0	0	0	0	0	0	0	0	0	0	0	0	0	0	0	0	0	0	0	0	0	0	0	0	0	0	0	0	0	0	0	0	0	0	0	0
49	A	T	ORF	S	NULL	0	0	0	0	0.00992794	0.0001	0.658512	0.46595	0.0001	0.0001	0.0001	0.0001	0.00299187	0.777125	0.0001	0.063422	0.0001	0.585085	0.0001	0.0001	0.138115	0.00881236	0.0001	0.00742055	0.348937	0.00564324	0.0001	0.0949097	0.359938	0.701975	0.679627	0.0001	0.229883	0.0001	0.0001	0.0001	0.037904	0.0001	0.0001	0.0001	0.184482	0.0001	0.139914	0.00695903	0.0549059	0.000100001	0.0001	0.99994	0.130683	0.176804	0.0001	0.342515	0.247823	0.09291
50	A	T	ORF	S	NULL	0	0	0	0	0	0	0	0	0	0	0	0	0	0	0	0	0	0	0	0	0	0	0	0	0	0	0	0	0	0	0	0	0	0	0	0	0	0	0	0	0	0	0	0	0	0	0	0	0	0	0	0	0	0
51	A	T	ORF	S	NULL	0	0	0	0	0.0757786	0.353929	0.0001	0.191913	0.0001	0.0001	0.480933	0.0001	0.0001	0.0001	0.742972	0.000100026	0.0001	0.0001	0.0001	0.307113	0.284712	0.514418	0.0001	0.0001	0.0001	0.0001	0.0001	0.0001	0.0001	0.0001	0.0001	0.0001	0.0156988	0.0001	0.30792	0.000100751	0.811955	0.0001	0.110925	0.131909	0.0001	0.0001	0.0001	0.544501	0.0001	0.0001	0.569903	0.0001	0.0001	0.0001	0.0001	0.0778938	0.0001	0.0001
52	A	T	ORF	S	NULL	0	0	0	0	0.0002	0.0002	0.0002	0.0002	0.0002	0.0002	0.0002	1.00001	0.501706	0.0002	0.124018	0.244204	0.655096	0.0002	0.30802	0.170847	0.181087	0.0002	0.909133	0.0002	0.378022	0.478549	0.0480203	0.0002	0.390023	0.0002	0.0002	0.146011	0.302816	0.809118	0.691101	0.0002	0.104006	0.0002	0.0002	0.434899	0.136618	0.303017	0.197012	0.0002	0.0551519	0.0002	0.0002	0.0002	0.171024	0.0140404	0.857125	0.0002	0.0449925	0.0002
53	A	T	ORF	S	NULL	0	0	0	0	0	0	0	0	0	0	0	0	0	0	0	0	0	0	0	0	0	0	0	0	0	0	0	0	0	0	0	0	0	0	0	0	0	0	0	0	0	0	0	0	0	0	0	0	0	0	0	0	0	0
54	A	T	ORF	S	NULL	0	0	0	0	0	0	0	0	0	0	0	0	0	0	0	0	0	0	0	0	0	0	0	0	0	0	0	0	0	0	0	0	0	0	0	0	0	0	0	0	0	0	0	0	0	0	0	0	0	0	0	0	0	0
55	A	T	ORF	S	NULL	0	0	0	0	0.339046	0.0179033	0.0001	0.0001	0.0001	0.0728731	0.0001	0.0001	0.0001	0.0001	0.131921	0.177019	0.0001	0.0001	0.0001	0.0001	0.0001	0.0001	0.0899051	0.495699	0.271917	0.0001	0.0001	0.529934	0.248916	0.296919	0.0001	0.0001	0.0001	0.0001	0.0001	0.144025	0.0001	0.0001	0.521942	0.0001	0.628013	0.0001	0.520933	0.132447	0.0001	0.0001	0.0001	0.0001	0.351528	0.0001	0.0001	0.0001	0.341808	0.0001
56	A	T	ORF	S	NULL	0	0	0	0	0.337201	0.597949	0.341488	0.0001	0.0001	0.474402	0.0001	0.0001	0.495402	0.179576	0.0001	0.243286	0.000100001	0.302781	0.330828	0.0729062	0.0271418	0.476769	0.0001	0.32204	0.0001	0.213469	0.0001	0.0001	0.0001	0.0001	0.275153	0.142542	0.262993	0.0001	0.0001	0.0001	0.0001	0.0001	0.0643096	0.000100001	0.0509882	0.0110052	0.0001	0.316093	0.000100002	0.999959	0.368657	0.0001	0.143523	0.809256	0.0001	0.0749356	0.277853	0.0001
57	A	T	ORF	S	NULL	0	0	0	0	0	0	0	0	0	0	0	0	0	0	0	0	0	0	0	0	0	0	0	0	0	0	0	0	0	0	0	0	0	0	0	0	0	0	0	0	0	0	0	0	0	0	0	0	0	0	0	0	0	0
58	A	T	ORF	S	NULL	0	0	0	0	0.0001	0.0001	0.0001	0.0001	0.0001	0.0001	0.0001	0.0001	0.0001	0.0001	0.123918	0.244104	0.654996	0.0001	0.30792	0.00192573	0.0441789	0.0001	0.909033	0.0001	0.0001	0.0001	0.0479203	0.0001	0.0001	0.0001	0.0001	0.145911	0.0001	0.809018	0.691001	0.0001	0.0001	0.0001	0.0001	0.290972	0.0001	0.0001	0.0001	0.0001	0.0550519	0.0001	0.0001	0.0001	0.0001	0.0001	0.857025	0.0001	0.0448925	0.0001
59	A	T	ORF	S	NULL	0	0	0	0	0.0001	0.0001	0.0001	0.0001	0.0001	0.0001	0.0001	0.999915	0.501606	0.0001	0.0001	0.0001	0.0001	0.0001	0.0001	0.168921	0.136908	0.0001	0.0001	0.0001	0.377922	0.478449	0.0001	0.0001	0.389923	0.0001	0.0001	0.0001	0.302716	0.0001	0.0001	0.0001	0.103906	0.0001	0.0001	0.143927	0.136518	0.302917	0.196912	0.0001	0.0001	0.0001	0.0001	0.0001	0.170924	0.0139404	0.0001	0.0001	0.0001	0.0001
60	A	T	ORF	S	NULL	0	0	0	0	0	0	0	0	0	0	0	0	0	0	0	0	0	0	0	0	0	0	0	0	0	0	0	0	0	0	0	0	0	0	0	0	0	0	0	0	0	0	0	0	0	0	0	0	0	0	0	0	0	0
61	A	T	ORF	S	NULL	0	0	0	0	0	0	0	0	0	0	0	0	0	0	0	0	0	0	0	0	0	0	0	0	0	0	0	0	0	0	0	0	0	0	0	0	0	0	0	0	0	0	0	0	0	0	0	0	0	0	0	0	0	0
62	A	T	ORF	S	NULL	0	0	0	0	0.00992794	0.0001	0.658512	0.46595	0.0001	0.0001	0.0001	0.0001	0.00299187	0.777125	0.0001	0.063422	0.0001	0.585085	0.0001	0.0001	0.138115	0.00881236	0.0001	0.00742055	0.348937	0.00564324	0.0001	0.0949097	0.359938	0.701975	0.679627	0.0001	0.229883	0.0001	0.0001	0.0001	0.037904	0.0001	0.0001	0.0001	0.184482	0.0001	0.139914	0.00695903	0.0549059	0.000100001	0.0001	0.99994	0.130683	0.176804	0.0001	0.342515	0.247823	0.09291
63	A	T	ORF	S	NULL	0	0	0	0	0	0	0	0	0	0	0	0	0	0	0	0	0	0	0	0	0	0	0	0	0	0	0	0	0	0	0	0	0	0	0	0	0	0	0	0	0	0	0	0	0	0	0	0	0	0	0	0	0	0
64	A	T	ORF	S	NULL	0	0	0	0	0.0001	0.0001	0.0001	0.0001	0.0001	0.0001	0.0001	0.0001	0.0001	0.0001	0.123918	0.244104	0.654996	0.0001	0.30792	0.00192573	0.0441789	0.0001	0.909033	0.0001	0.0001	0.0001	0.0479203	0.0001	0.0001	0.0001	0.0001	0.145911	0.0001	0.809018	0.691001	0.0001	0.0001	0.0001	0.0001	0.290972	0.0001	0.0001	0.0001	0.0001	0.0550519	0.0001	0.0001	0.0001	0.0001	0.0001	0.857025	0.0001	0.0448925	0.0001
65	A	T	ORF	S	NULL	0	0	0	0	0.0001	0.0001	0.0001	0.0001	0.0001	0.0001	0.0001	0.999915	0.501606	0.0001	0.0001	0.0001	0.0001	0.0001	0.0001	0.168921	0.136908	0.0001	0.0001	0.0001	0.377922	0.478449	0.0001	0.0001	0.389923	0.0001	0.0001	0.0001	0.302716	0.0001	0.0001	0.0001	0.103906	0.0001	0.0001	0.143927	0.136518	0.302917	0.196912	0.0001	0.0001	0.0001	0.0001	0.0001	0.170924	0.0139404	0.0001	0.0001	0.0001	0.0001
66	A	T	ORF	S	NULL	0	0	0	0	0	0	0	0	0	0	0	0	0	0	0	0	0	0	0	0	0	0	0	0	0	0	0	0	0	0	0	0	0	0	0	0	0	0	0	0	0	0	0	0	0	0	0	0	0	0	0	0	0	0
67	A	T	ORF	S	NULL	0	0	0	0	0.0757786	0.353929	0.0001	0.191913	0.0001	0.0001	0.480933	0.0001	0.0001	0.0001	0.742972	0.000100026	0.0001	0.0001	0.0001	0.307113	0.284712	0.514418	0.0001	0.0001	0.0001	0.0001	0.0001	0.0001	0.0001	0.0001	0.0001	0.0001	0.0156988	0.0001	0.30792	0.000100751	0.811955	0.0001	0.110925	0.131909	0.0001	0.0001	0.0001	0.544501	0.0001	0.0001	0.569903	0.0001	0.0001	0.0001	0.0001	0.0778938	0.0001	0.0001
68	A	T	ORF	S	NULL	0	0	0	0	0	0	0	0	0	0	0	0	0	0	0	0	0	0	0	0	0	0	0	0	0	0	0	0	0	0	0	0	0	0	0	0	0	0	0	0	0	0	0	0	0	0	0	0	0	0	0	0	0	0
69	A	T	ORF	S	NULL	0	0	0	0	0	0	0	0	0	0	0	0	0	0	0	0	0	0	0	0	0	0	0	0	0	0	0	0	0	0	0	0	0	0	0	0	0	0	0	0	0	0	0	0	0	0	0	0	0	0	0	0	0	0
70	A	T	ORF	S	NULL	0	0	0	0	0	0	0	0	0	0	0	0	0	0	0	0	0	0	0	0	0	0	0	0	0	0	0	0	0	0	0	0	0	0	0	0	0	0	0	0	0	0	0	0	0	0	0	0	0	0	0	0	0	0
71	A	T	ORF	S	NULL	0	0	0	0	0.00992794	0.0001	0.658512	0.46595	0.0001	0.0001	0.0001	0.0001	0.00299187	0.777125	0.0001	0.063422	0.0001	0.585085	0.0001	0.0001	0.138115	0.00881236	0.0001	0.00742055	0.348937	0.00564324	0.0001	0.0949097	0.359938	0.701975	0.679627	0.0001	0.229883	0.0001	0.0001	0.0001	0.037904	0.0001	0.0001	0.0001	0.184482	0.0001	0.139914	0.00695903	0.0549059	0.000100001	0.0001	0.99994	0.130683	0.176804	0.0001	0.342515	0.247823	0.09291
72	A	T	ORF	S	NULL	0	0	0	0	0	0	0	0	0	0	0	0	0	0	0	0	0	0	0	0	0	0	0	0	0	0	0	0	0	0	0	0	0	0	0	0	0	0	0	0	0	0	0	0	0	0	0	0	0	0	0	0	0	0
73	A	T	ORF	S	NULL	0	0	0	0	0.133037	0.0001	0.0001	0.0001	0.0001	0.373883	0.0001	0.0001	0.0001	0.0001	0.0001	0.0001	0.343922	0.112135	0.0001	0.147923	0.0001	0.0001	0.0001	0.0001	0.0001	0.302439	0.0001	0.0001	0.0001	0.0001	0.0001	0.686931	0.188708	0.189912	0.0001	0.192912	0.0429027	0.0001	0.0001	0.335939	0.0001	0.0001	0.138909	0.0001	0.562117	0.0001	0.0001	0.0001	0.040915	0.0001	0.0001	0.283254	0.0001	0.0001
74	A	T	ORF	S	NULL	0	0	0	0	0	0	0	0	0	0	0	0	0	0	0	0	0	0	0	0	0	0	0	0	0	0	0	0	0	0	0	0	0	0	0	0	0	0	0	0	0	0	0	0	0	0	0	0	0	0	0	0	0	0
75	A	T	ORF	S	NULL	0	0	0	0	0.0757786	0.353929	0.0001	0.191913	0.0001	0.0001	0.480933	0.0001	0.0001	0.0001	0.742972	0.000100026	0.0001	0.0001	0.0001	0.307113	0.284712	0.514418	0.0001	0.0001	0.0001	0.0001	0.0001	0.0001	0.0001	0.0001	0.0001	0.0001	0.0156988	0.0001	0.30792	0.000100751	0.811955	0.0001	0.110925	0.131909	0.0001	0.0001	0.0001	0.544501	0.0001	0.0001	0.569903	0.0001	0.0001	0.0001	0.0001	0.0778938	0.0001	0.0001
76	A	T	ORF	S	NULL	0	0	0	0	0.238047	0.0002	0.0002	0.34104	1.00006	0.373983	0.518061	0.000200001	0.000200001	0.0002	0.0002	0.0451733	0.344022	0.112235	0.0002	0.422882	0.369043	0.0002	0.0002	0.174941	0.0002	0.302539	0.709101	0.373044	0.000200001	0.0002	0.0453197	0.687031	0.188808	0.190012	0.0002	0.193012	0.0430027	1.00006	0.290029	0.430883	0.0002	0.000200001	0.139009	0.0002	0.665407	0.0002	0.0002	0.0002	0.041015	0.0002	0.0002	0.283354	0.0002	0.538063
77	A	T	ORF	S	NULL	0	0	0	0	0	0	0	0	0	0	0	0	0	0	0	0	0	0	0	0	0	0	0	0	0	0	0	0	0	0	0	0	0	0	0	0	0	0	0	0	0	0	0	0	0	0	0	0	0	0	0	0	0	0
78	A	T	ORF	S	NULL	0	0	0	0	0	0	0	0	0	0	0	0	0	0	0	0	0	0	0	0	0	0	0	0	0	0	0	0	0	0	0	0	0	0	0	0	0	0	0	0	0	0	0	0	0	0	0	0	0	0	0	0	0	0
79	A	T	ORF	S	NULL	0	0	0	0	0	0	0	0	0	0	0	0	0	0	0	0	0	0	0	0	0	0	0	0	0	0	0	0	0	0	0	0	0	0	0	0	0	0	0	0	0	0	0	0	0	0	0	0	0	0	0	0	0	0
80	A	T	ORF	S	NULL	0	0	0	0	0.339046	0.0179033	0.0001	0.0001	0.0001	0.0728731	0.0001	0.0001	0.0001	0.0001	0.131921	0.177019	0.0001	0.0001	0.0001	0.0001	0.0001	0.0001	0.0899051	0.495699	0.271917	0.0001	0.0001	0.529934	0.248916	0.296919	0.0001	0.0001	0.0001	0.0001	0.0001	0.144025	0.0001	0.0001	0.521942	0.0001	0.628013	0.0001	0.520933	0.132447	0.0001	0.0001	0.0001	0.0001	0.351528	0.0001	0.0001	0.0001	0.341808	0.0001
81	A	T	ORF	S	NULL	0	0	0	0	0.0001	0.0001	0.0001	0.0001	0.0001	0.0001	0.0001	0.0001	0.0001	0.0001	0.0001	0.166186	0.0001	0.0001	0.30488	0.0111885	0.0001	0.0001	0.0001	0.0001	0.0001	0.0001	0.241918	0.0001	0.0001	0.0001	0.0001	0.0001	0.0001	0.0001	0.0001	0.661247	0.0001	0.0001	0.0001	0.0001	0.0001	0.682949	0.0001	0.0001	0.221916	0.0001	0.0001	0.0001	0.162428	0.0001	0.14191	0.221402	0.0876238	0.366927
82	A	T	ORF	S	NULL	0	0	0	0	0	0	0	0	0	0	0	0	0	0	0	0	0	0	0	0	0	0	0	0	0	0	0	0	0	0	0	0	0	0	0	0	0	0	0	0	0	0	0	0	0	0	0	0	0	0	0	0	0	0
83	A	T	ORF	S	NULL	0	0	0	0	0	0	0	0	0	0	0	0	0	0	0	0	0	0	0	0	0	0	0	0	0	0	0	0	0	0	0	0	0	0	0	0	0	0	0	0	0	0	0	0	0	0	0	0	0	0	0	0	0	0
84	A	T	ORF	S	NULL	0	0	0	0	0	0	0	0	0	0	0	0	0	0	0	0	0	0	0	0	0	0	0	0	0	0	0	0	0	0	0	0	0	0	0	0	0	0	0	0	0	0	0	0	0	0	0	0	0	0	0	0	0	0
85	A	T	ORF	S	NULL	0	0	0	0	0	0	0	0	0	0	0	0	0	0	0	0	0	0	0	0	0	0	0	0	0	0	0	0	0	0	0	0	0	0	0	0	0	0	0	0	0	0	0	0	0	0	0	0	0	0	0	0	0	0
86	A	T	ORF	S	NULL	0	0	0	0	0	0	0	0	0	0	0	0	0	0	0	0	0	0	0	0	0	0	0	0	0	0	0	0	0	0	0	0	0	0	0	0	0	0	0	0	0	0	0	0	0	0	0	0	0	0	0	0	0	0
87	A	T	ORF	S	NULL	0	0	0	0	0	0	0	0	0	0	0	0	0	0	0	0	0	0	0	0	0	0	0	0	0	0	0	0	0	0	0	0	0	0	0	0	0	0	0	0	0	0	0	0	0	0	0	0	0	0	0	0	0	0
88	A	T	ORF	S	NULL	0	0	0	0	0.347128	0.598049	1	0.46605	0.0002	0.474502	0.0002	0.0002	0.498394	0.956701	0.0002	0.306708	0.000200001	0.887865	0.330928	0.0730062	0.165257	0.485582	0.0002	0.329461	0.349037	0.219112	0.0002	0.0950097	0.360038	0.702075	0.95478	0.142642	0.492876	0.0002	0.0002	0.0002	0.038004	0.0002	0.0644096	0.000200001	0.23547	0.0111052	0.140014	0.323052	0.0550059	1.00006	0.368757	1.00004	0.274205	0.98606	0.0002	0.417451	0.525676	0.09301
89	A	T	ORF	S	NULL	0	0	0	0	0.10511	0.0002	0.0002	0.34104	1.00006	0.000200001	0.518061	0.000200002	0.000200001	0.0002	0.124018	0.289177	0.655096	0.0002	0.30802	0.276885	0.413122	0.0002	0.909133	0.174941	0.000200001	0.000200002	0.756921	0.373044	0.000200001	0.0002	0.0453197	0.146011	0.000200001	0.809118	0.691101	0.000200001	0.0002	1.00006	0.290029	0.385916	0.0002	0.000200001	0.000200001	0.0002	0.158342	0.0002	0.0002	0.0002	0.0002	0.0002	0.857125	0.000200001	0.0449925	0.538063
90	A	T	ORF	S	NULL	0	0	0	0	0	0	0	0	0	0	0	0	0	0	0	0	0	0	0	0	0	0	0	0	0	0	0	0	0	0	0	0	0	0	0	0	0	0	0	0	0	0	0	0	0	0	0	0	0	0	0	0	0	0
91	A	T	ORF	S	NULL	0	0	0	0	0.414924	0.371932	0.0003	0.192113	0.0003	0.0730731	0.481133	0.0003	0.0003	0.0003	0.874993	0.343305	0.0003	0.0003	0.30508	0.318401	0.284912	0.514618	0.0901051	0.495899	0.272117	0.0003	0.242118	0.530134	0.249116	0.297119	0.0003	0.0003	0.0158988	0.0003	0.30812	0.805372	0.812155	0.0003	0.632967	0.132109	0.628213	0.683149	0.521133	0.677048	0.222116	0.0003	0.570103	0.0003	0.514056	0.0003	0.14211	0.299396	0.429532	0.367127
92	A	T	ORF	S	NULL	0	0	0	0	0.00992794	0.0001	0.658512	0.46595	0.0001	0.0001	0.0001	0.0001	0.00299187	0.777125	0.0001	0.063422	0.0001	0.585085	0.0001	0.0001	0.138115	0.00881236	0.0001	0.00742055	0.348937	0.00564324	0.0001	0.0949097	0.359938	0.701975	0.679627	0.0001	0.229883	0.0001	0.0001	0.0001	0.037904	0.0001	0.0001	0.0001	0.184482	0.0001	0.139914	0.00695903	0.0549059	0.000100001	0.0001	0.99994	0.130683	0.176804	0.0001	0.342515	0.247823	0.09291
93	A	T	ORF	S	NULL	0	0	0	0	0	0	0	0	0	0	0	0	0	0	0	0	0	0	0	0	0	0	0	0	0	0	0	0	0	0	0	0	0	0	0	0	0	0	0	0	0	0	0	0	0	0	0	0	0	0	0	0	0	0
94	A	T	ORF	S	NULL	0	0	0	0	0	0	0	0	0	0	0	0	0	0	0	0	0	0	0	0	0	0	0	0	0	0	0	0	0	0	0	0	0	0	0	0	0	0	0	0	0	0	0	0	0	0	0	0	0	0	0	0	0	0
95	A	T	ORF	S	NULL	0	0	0	0	0	0	0	0	0	0	0	0	0	0	0	0	0	0	0	0	0	0	0	0	0	0	0	0	0	0	0	0	0	0	0	0	0	0	0	0	0	0	0	0	0	0	0	0	0	0	0	0	0	0
96	A	T	ORF	S	NULL	0	0	0	0	0.337201	0.597949	0.341488	0.0001	0.0001	0.474402	0.0001	0.0001	0.495402	0.179576	0.0001	0.243286	0.000100001	0.302781	0.330828	0.0729062	0.0271418	0.476769	0.0001	0.32204	0.0001	0.213469	0.0001	0.0001	0.0001	0.0001	0.275153	0.142542	0.262993	0.0001	0.0001	0.0001	0.0001	0.0001	0.0643096	0.000100001	0.0509882	0.0110052	0.0001	0.316093	0.000100002	0.999959	0.368657	0.0001	0.143523	0.809256	0.0001	0.0749356	0.277853	0.0001
97	A	T	ORF	S	NULL	0	0	0	0	0.0001	0.0001	0.0001	0.0001	0.0001	0.0001	0.0001	0.0001	0.0001	0.0001	0.0001	0.166186	0.0001	0.0001	0.30488	0.0111885	0.0001	0.0001	0.0001	0.0001	0.0001	0.0001	0.241918	0.0001	0.0001	0.0001	0.0001	0.0001	0.0001	0.0001	0.0001	0.661247	0.0001	0.0001	0.0001	0.0001	0.0001	0.682949	0.0001	0.0001	0.221916	0.0001	0.0001	0.0001	0.162428	0.0001	0.14191	0.221402	0.0876238	0.366927
98	A	T	ORF	S	NULL	0	0	0	0	0.10501	0.0001	0.0001	0.34094	0.999965	0.000100001	0.517961	0.000100001	0.000100001	0.0001	0.0001	0.0450733	0.000100001	0.0001	0.0001	0.27496	0.368943	0.0001	0.0001	0.174841	0.0001	0.000100002	0.709001	0.372944	0.000100001	0.0001	0.0452197	0.000100002	0.000100001	0.000100001	0.0001	0.000100001	0.0001	0.999965	0.289929	0.094944	0.0001	0.000100001	0.0001	0.0001	0.10329	0.0001	0.0001	0.0001	0.0001	0.0001	0.0001	0.000100001	0.0001	0.537963
99	A	T	ORF	S	NULL	0	0	0	0	0	0	0	0	0	0	0	0	0	0	0	0	0	0	0	0	0	0	0	0	0	0	0	0	0	0	0	0	0	0	0	0	0	0	0	0	0	0	0	0	0	0	0	0	0	0	0	0	0	0
100	A	T	ORF	S	NULL	0	0	0	0	0.337201	0.597949	0.341488	0.0001	0.0001	0.474402	0.0001	0.0001	0.495402	0.179576	0.0001	0.243286	0.000100001	0.302781	0.330828	0.0729062	0.0271418	0.476769	0.0001	0.32204	0.0001	0.213469	0.0001	0.0001	0.0001	0.0001	0.275153	0.142542	0.262993	0.0001	0.0001	0.0001	0.0001	0.0001	0.0643096	0.000100001	0.0509882	0.0110052	0.0001	0.316093	0.000100002	0.999959	0.368657	0.0001	0.143523	0.809256	0.0001	0.0749356	0.277853	0.0001
