pos	ref	alt	gene	N/S	AA	nSRAsubclonal	nSRAclonal	nSRA	nConsensus	sample0|Earth	sample1|Earth	sample2|Earth	sample3|Earth	sample4|Earth	sample5|Earth	sample6|Earth	sample7|Earth	sample8|Earth	sample9|Earth	sample10|Earth	sample11|Earth	sample12|Earth	sample13|Earth	sample14|Earth	sample15|Earth	sample16|Earth	sample17|Earth	sample18|Earth	sample19|Earth	sample20|Earth	sample21|Earth	sample22|Earth	sample23|Earth	sample24|Earth	sample25|Earth	sample26|Earth	sample27|Earth	sample28|Earth	sample29|Earth	sample30|Earth	sample31|Earth	sample32|Earth	sample33|Earth	sample34|Earth	sample35|Earth	sample36|Earth	sample37|Earth	sample38|Earth	sample39|Earth	sample40|Earth	sample41|Earth	sample42|Earth	sample43|Earth	sample44|Earth	sample45|Earth	sample46|Earth	sample47|Earth	sample48|Earth	sample49|Earth
1	A	T	ORF	S	NULL	0	0	0	0	0.342864	0.0179115	0.0001	0.0001	0.0001	0.072912	0.0001	0.0001	0.0001	0.0001	0.131925	0.19872	0.0001	0.0001	0.0396969	0.0016263	0.0001	0.0001	0.0899113	0.504963	0.271933	0.0001	0.0001	0.529976	0.248931	0.296938	0.0001	0.0001	0.0001	0.0001	0.0001	0.143913	0.0001	0.0001	0.52198	0.0001	0.628979	0.0890024	0.519585	0.139928	0.0288735	0.0001	0.0001	0.0001	0.352946	0.0001	0.0202007	0.0352865	0.363781	0.0578684
2	A	T	ORF	S	NULL	0	0	0	0	0	0	0	0	0	0	0	0	0	0	0	0	0	0	0	0	0	0	0	0	0	0	0	0	0	0	0	0	0	0	0	0	0	0	0	0	0	0	0	0	0	0	0	0	0	0	0	0	0	0
3	A	T	ORF	S	NULL	0	0	0	0	0.0001	0.380065	0.0909167	0.0001	0.0001	0.551948	0.0001	0.0001	0.112921	0.205917	0.0001	0.278921	0.0001	0.0134859	0.384927	0.0849077	0.0001	0.0001	0.0001	0.0001	0.0001	0.0001	0.0001	0.0001	0.0001	0.0001	0.0001	0.160827	0.0001	0.0001	0.0001	0.0001	0.0001	0.0001	0.0749072	0.0001	0.0001	0.0128856	0.0001	0.0001	0.0001	0.387083	0.428936	0.0001	0.0001	0.25793	0.0001	0.0001	0.0001	0.0001
4	A	T	ORF	S	NULL	0	0	0	0	0	0	0	0	0	0	0	0	0	0	0	0	0	0	0	0	0	0	0	0	0	0	0	0	0	0	0	0	0	0	0	0	0	0	0	0	0	0	0	0	0	0	0	0	0	0	0	0	0	0
5	A	T	ORF	S	NULL	0	0	0	0	0.315347	0.246094	0.248963	0.0001	0.0001	0.0001	0.0001	0.0001	0.372959	0.0001	0.0001	0.0001	0.0001	0.276255	0.0001	0.0001	0.025092	0.458952	0.0001	0.306935	0.0001	0.19592	0.0001	0.0001	0.0001	0.0001	0.265934	0.0001	0.245159	0.0001	0.0001	0.0001	0.0001	0.0001	0.0001	0.0001	0.0479228	0.0001	0.0001	0.301934	0.0001	0.612162	0.0001	0.0001	0.133927	0.541995	0.0001	0.0700921	0.261945	0.0001
6	A	T	ORF	S	NULL	0	0	0	0	0.315347	0.246094	0.248963	0.0001	0.0001	0.0001	0.0001	0.0001	0.372959	0.0001	0.0001	0.0001	0.0001	0.276255	0.0001	0.0001	0.025092	0.458952	0.0001	0.306935	0.0001	0.19592	0.0001	0.0001	0.0001	0.0001	0.265934	0.0001	0.245159	0.0001	0.0001	0.0001	0.0001	0.0001	0.0001	0.0001	0.0479228	0.0001	0.0001	0.301934	0.0001	0.612162	0.0001	0.0001	0.133927	0.541995	0.0001	0.0700921	0.261945	0.0001
7	A	T	ORF	S	NULL	0	0	0	0	0	0	0	0	0	0	0	0	0	0	0	0	0	0	0	0	0	0	0	0	0	0	0	0	0	0	0	0	0	0	0	0	0	0	0	0	0	0	0	0	0	0	0	0	0	0	0	0	0	0
8	A	T	ORF	S	NULL	0	0	0	0	0	0	0	0	0	0	0	0	0	0	0	0	0	0	0	0	0	0	0	0	0	0	0	0	0	0	0	0	0	0	0	0	0	0	0	0	0	0	0	0	0	0	0	0	0	0	0	0	0	0
9	A	T	ORF	S	NULL	0	0	0	0	0.122026	0.0001	0.0001	0.0001	0.0001	0.328439	0.0001	0.0001	0.0001	0.0001	0.0001	0.0312105	0.317154	0.108514	0.0574288	0.126241	0.0001	0.0001	0.0001	0.0001	0.0001	0.262912	0.064443	0.0001	0.0001	0.0001	0.0001	0.559874	0.170292	0.156379	0.0001	0.336079	0.037836	0.0001	0.0001	0.324189	0.0001	0.128736	0.120556	0.0001	0.535473	0.0001	0.0001	0.0001	0.0698628	0.0001	0.0266803	0.296779	0.0001	0.0001
10	A	T	ORF	S	NULL	0	0	0	0	0	0	0	0	0	0	0	0	0	0	0	0	0	0	0	0	0	0	0	0	0	0	0	0	0	0	0	0	0	0	0	0	0	0	0	0	0	0	0	0	0	0	0	0	0	0	0	0	0	0
11	A	T	ORF	S	NULL	0	0	0	0	0	0	0	0	0	0	0	0	0	0	0	0	0	0	0	0	0	0	0	0	0	0	0	0	0	0	0	0	0	0	0	0	0	0	0	0	0	0	0	0	0	0	0	0	0	0	0	0	0	0
12	A	T	ORF	S	NULL	0	0	0	0	0	0	0	0	0	0	0	0	0	0	0	0	0	0	0	0	0	0	0	0	0	0	0	0	0	0	0	0	0	0	0	0	0	0	0	0	0	0	0	0	0	0	0	0	0	0	0	0	0	0
13	A	T	ORF	S	NULL	0	0	0	0	0	0	0	0	0	0	0	0	0	0	0	0	0	0	0	0	0	0	0	0	0	0	0	0	0	0	0	0	0	0	0	0	0	0	0	0	0	0	0	0	0	0	0	0	0	0	0	0	0	0
14	A	T	ORF	S	NULL	0	0	0	0	0.137297	0.0001	0.0001	0.340938	0.999915	0.0001	0.517957	0.000100002	0.000100001	0.0001	0.0001	0.0449732	0.0562017	0.0229469	0.0001	0.304486	0.369122	0.0001	0.0001	0.185921	0.000100001	0.0672368	0.70875	0.372941	0.000100001	0.0001	0.0579062	0.171823	0.0367275	0.0505171	0.0001	0.0001	0.0083612	0.999915	0.289932	0.15815	0.0001	0.000100001	0.0258946	0.0001	0.103134	0.0001	0.0001	0.0001	0.0001	0.0001	0.0001	0.0931445	0.0001	0.53795
15	A	T	ORF	S	NULL	0	0	0	0	0	0	0	0	0	0	0	0	0	0	0	0	0	0	0	0	0	0	0	0	0	0	0	0	0	0	0	0	0	0	0	0	0	0	0	0	0	0	0	0	0	0	0	0	0	0	0	0	0	0
16	A	T	ORF	S	NULL	0	0	0	0	0	0	0	0	0	0	0	0	0	0	0	0	0	0	0	0	0	0	0	0	0	0	0	0	0	0	0	0	0	0	0	0	0	0	0	0	0	0	0	0	0	0	0	0	0	0	0	0	0	0
17	A	T	ORF	S	NULL	0	0	0	0	0	0	0	0	0	0	0	0	0	0	0	0	0	0	0	0	0	0	0	0	0	0	0	0	0	0	0	0	0	0	0	0	0	0	0	0	0	0	0	0	0	0	0	0	0	0	0	0	0	0
18	A	T	ORF	S	NULL	0	0	0	0	0	0	0	0	0	0	0	0	0	0	0	0	0	0	0	0	0	0	0	0	0	0	0	0	0	0	0	0	0	0	0	0	0	0	0	0	0	0	0	0	0	0	0	0	0	0	0	0	0	0
19	A	T	ORF	S	NULL	0	0	0	0	0.0001	0.0001	0.659003	0.465968	0.0001	0.0001	0.0001	0.0001	0.0001	0.793016	0.0001	0.0849102	0.0001	0.578799	0.0001	0.0001	0.137072	0.0001	0.0001	0.0001	0.348952	0.0001	0.0001	0.0949138	0.35995	0.701995	0.675	0.0001	0.22016	0.0001	0.0001	0.0001	0.0379013	0.0001	0.0001	0.0001	0.182938	0.0001	0.138771	0.0001	0.0549069	0.0001	0.0001	0.999989	0.125927	0.17593	0.0001	0.340098	0.239944	0.0929092
20	A	T	ORF	S	NULL	0	0	0	0	0	0	0	0	0	0	0	0	0	0	0	0	0	0	0	0	0	0	0	0	0	0	0	0	0	0	0	0	0	0	0	0	0	0	0	0	0	0	0	0	0	0	0	0	0	0	0	0	0	0
21	A	T	ORF	S	NULL	0	0	0	0	0.0001	0.0001	0.0001	0.0001	0.0001	0.0001	0.0001	0.000100001	0.0001	0.0001	0.12391	0.244123	0.626644	0.0001	0.307907	0.0001	0.0442729	0.0001	0.908954	0.0001	0.0001	0.0001	0.0479669	0.0001	0.0001	0.0001	0.0001	0.10494	0.0001	0.789413	0.690954	0.0001	0.0001	0.0001	0.0001	0.26515	0.0001	0.0001	0.0001	0.0001	0.0551233	0.0001	0.0001	0.0001	0.0001	0.0001	0.856946	0.0001	0.0519027	0.0001
22	A	T	ORF	S	NULL	0	0	0	0	0.137297	0.0001	0.0001	0.340938	0.999915	0.0001	0.517957	0.000100002	0.000100001	0.0001	0.0001	0.0449732	0.0562017	0.0229469	0.0001	0.304486	0.369122	0.0001	0.0001	0.185921	0.000100001	0.0672368	0.70875	0.372941	0.000100001	0.0001	0.0579062	0.171823	0.0367275	0.0505171	0.0001	0.0001	0.0083612	0.999915	0.289932	0.15815	0.0001	0.000100001	0.0258946	0.0001	0.103134	0.0001	0.0001	0.0001	0.0001	0.0001	0.0001	0.0931445	0.0001	0.53795
23	A	T	ORF	S	NULL	0	0	0	0	0	0	0	0	0	0	0	0	0	0	0	0	0	0	0	0	0	0	0	0	0	0	0	0	0	0	0	0	0	0	0	0	0	0	0	0	0	0	0	0	0	0	0	0	0	0	0	0	0	0
24	A	T	ORF	S	NULL	0	0	0	0	0	0	0	0	0	0	0	0	0	0	0	0	0	0	0	0	0	0	0	0	0	0	0	0	0	0	0	0	0	0	0	0	0	0	0	0	0	0	0	0	0	0	0	0	0	0	0	0	0	0
25	A	T	ORF	S	NULL	0	0	0	0	0	0	0	0	0	0	0	0	0	0	0	0	0	0	0	0	0	0	0	0	0	0	0	0	0	0	0	0	0	0	0	0	0	0	0	0	0	0	0	0	0	0	0	0	0	0	0	0	0	0
26	A	T	ORF	S	NULL	0	0	0	0	0.0001	0.380065	0.0909167	0.0001	0.0001	0.551948	0.0001	0.0001	0.112921	0.205917	0.0001	0.278921	0.0001	0.0134859	0.384927	0.0849077	0.0001	0.0001	0.0001	0.0001	0.0001	0.0001	0.0001	0.0001	0.0001	0.0001	0.0001	0.160827	0.0001	0.0001	0.0001	0.0001	0.0001	0.0001	0.0749072	0.0001	0.0001	0.0128856	0.0001	0.0001	0.0001	0.387083	0.428936	0.0001	0.0001	0.25793	0.0001	0.0001	0.0001	0.0001
27	A	T	ORF	S	NULL	0	0	0	0	0	0	0	0	0	0	0	0	0	0	0	0	0	0	0	0	0	0	0	0	0	0	0	0	0	0	0	0	0	0	0	0	0	0	0	0	0	0	0	0	0	0	0	0	0	0	0	0	0	0
28	A	T	ORF	S	NULL	0	0	0	0	0	0	0	0	0	0	0	0	0	0	0	0	0	0	0	0	0	0	0	0	0	0	0	0	0	0	0	0	0	0	0	0	0	0	0	0	0	0	0	0	0	0	0	0	0	0	0	0	0	0
29	A	T	ORF	S	NULL	0	0	0	0	0	0	0	0	0	0	0	0	0	0	0	0	0	0	0	0	0	0	0	0	0	0	0	0	0	0	0	0	0	0	0	0	0	0	0	0	0	0	0	0	0	0	0	0	0	0	0	0	0	0
30	A	T	ORF	S	NULL	0	0	0	0	0	0	0	0	0	0	0	0	0	0	0	0	0	0	0	0	0	0	0	0	0	0	0	0	0	0	0	0	0	0	0	0	0	0	0	0	0	0	0	0	0	0	0	0	0	0	0	0	0	0
31	A	T	ORF	S	NULL	0	0	0	0	0.0001	0.0001	0.659003	0.465968	0.0001	0.0001	0.0001	0.0001	0.0001	0.793016	0.0001	0.0849102	0.0001	0.578799	0.0001	0.0001	0.137072	0.0001	0.0001	0.0001	0.348952	0.0001	0.0001	0.0949138	0.35995	0.701995	0.675	0.0001	0.22016	0.0001	0.0001	0.0001	0.0379013	0.0001	0.0001	0.0001	0.182938	0.0001	0.138771	0.0001	0.0549069	0.0001	0.0001	0.999989	0.125927	0.17593	0.0001	0.340098	0.239944	0.0929092
32	A	T	ORF	S	NULL	0	0	0	0	0	0	0	0	0	0	0	0	0	0	0	0	0	0	0	0	0	0	0	0	0	0	0	0	0	0	0	0	0	0	0	0	0	0	0	0	0	0	0	0	0	0	0	0	0	0	0	0	0	0
33	A	T	ORF	S	NULL	0	0	0	0	0.0001	0.380065	0.0909167	0.0001	0.0001	0.551948	0.0001	0.0001	0.112921	0.205917	0.0001	0.278921	0.0001	0.0134859	0.384927	0.0849077	0.0001	0.0001	0.0001	0.0001	0.0001	0.0001	0.0001	0.0001	0.0001	0.0001	0.0001	0.160827	0.0001	0.0001	0.0001	0.0001	0.0001	0.0001	0.0749072	0.0001	0.0001	0.0128856	0.0001	0.0001	0.0001	0.387083	0.428936	0.0001	0.0001	0.25793	0.0001	0.0001	0.0001	0.0001
34	A	T	ORF	S	NULL	0	0	0	0	0	0	0	0	0	0	0	0	0	0	0	0	0	0	0	0	0	0	0	0	0	0	0	0	0	0	0	0	0	0	0	0	0	0	0	0	0	0	0	0	0	0	0	0	0	0	0	0	0	0
35	A	T	ORF	S	NULL	0	0	0	0	0.342864	0.0179115	0.0001	0.0001	0.0001	0.072912	0.0001	0.0001	0.0001	0.0001	0.131925	0.19872	0.0001	0.0001	0.0396969	0.0016263	0.0001	0.0001	0.0899113	0.504963	0.271933	0.0001	0.0001	0.529976	0.248931	0.296938	0.0001	0.0001	0.0001	0.0001	0.0001	0.143913	0.0001	0.0001	0.52198	0.0001	0.628979	0.0890024	0.519585	0.139928	0.0288735	0.0001	0.0001	0.0001	0.352946	0.0001	0.0202007	0.0352865	0.363781	0.0578684
36	A	T	ORF	S	NULL	0	0	0	0	0	0	0	0	0	0	0	0	0	0	0	0	0	0	0	0	0	0	0	0	0	0	0	0	0	0	0	0	0	0	0	0	0	0	0	0	0	0	0	0	0	0	0	0	0	0	0	0	0	0
37	A	T	ORF	S	NULL	0	0	0	0	0.0001	0.0001	0.0001	0.0001	0.0001	0.0001	0.0001	0.999937	0.512946	0.0001	0.0001	0.0001	0.0001	0.0001	0.0001	0.169417	0.137095	0.0001	0.0001	0.0001	0.377934	0.473931	0.0001	0.0001	0.389939	0.0001	0.0001	0.00253733	0.307714	0.00369009	0.0001	0.0001	0.103903	0.0001	0.0001	0.13059	0.137912	0.302902	0.195193	0.0001	0.0001	0.0001	0.0001	0.0001	0.17391	0.022902	0.0001	0.0001	0.0001	0.0001
38	A	T	ORF	S	NULL	0	0	0	0	0	0	0	0	0	0	0	0	0	0	0	0	0	0	0	0	0	0	0	0	0	0	0	0	0	0	0	0	0	0	0	0	0	0	0	0	0	0	0	0	0	0	0	0	0	0	0	0	0	0
39	A	T	ORF	S	NULL	0	0	0	0	0.122026	0.0001	0.0001	0.0001	0.0001	0.328439	0.0001	0.0001	0.0001	0.0001	0.0001	0.0312105	0.317154	0.108514	0.0574288	0.126241	0.0001	0.0001	0.0001	0.0001	0.0001	0.262912	0.064443	0.0001	0.0001	0.0001	0.0001	0.559874	0.170292	0.156379	0.0001	0.336079	0.037836	0.0001	0.0001	0.324189	0.0001	0.128736	0.120556	0.0001	0.535473	0.0001	0.0001	0.0001	0.0698628	0.0001	0.0266803	0.296779	0.0001	0.0001
40	A	T	ORF	S	NULL	0	0	0	0	0.342864	0.0179115	0.0001	0.0001	0.0001	0.072912	0.0001	0.0001	0.0001	0.0001	0.131925	0.19872	0.0001	0.0001	0.0396969	0.0016263	0.0001	0.0001	0.0899113	0.504963	0.271933	0.0001	0.0001	0.529976	0.248931	0.296938	0.0001	0.0001	0.0001	0.0001	0.0001	0.143913	0.0001	0.0001	0.52198	0.0001	0.628979	0.0890024	0.519585	0.139928	0.0288735	0.0001	0.0001	0.0001	0.352946	0.0001	0.0202007	0.0352865	0.363781	0.0578684
41	A	T	ORF	S	NULL	0	0	0	0	0	0	0	0	0	0	0	0	0	0	0	0	0	0	0	0	0	0	0	0	0	0	0	0	0	0	0	0	0	0	0	0	0	0	0	0	0	0	0	0	0	0	0	0	0	0	0	0	0	0
42	A	T	ORF	S	NULL	0	0	0	0	0	0	0	0	0	0	0	0	0	0	0	0	0	0	0	0	0	0	0	0	0	0	0	0	0	0	0	0	0	0	0	0	0	0	0	0	0	0	0	0	0	0	0	0	0	0	0	0	0	0
43	A	T	ORF	S	NULL	0	0	0	0	0	0	0	0	0	0	0	0	0	0	0	0	0	0	0	0	0	0	0	0	0	0	0	0	0	0	0	0	0	0	0	0	0	0	0	0	0	0	0	0	0	0	0	0	0	0	0	0	0	0
44	A	T	ORF	S	NULL	0	0	0	0	0	0	0	0	0	0	0	0	0	0	0	0	0	0	0	0	0	0	0	0	0	0	0	0	0	0	0	0	0	0	0	0	0	0	0	0	0	0	0	0	0	0	0	0	0	0	0	0	0	0
45	A	T	ORF	S	NULL	0	0	0	0	0	0	0	0	0	0	0	0	0	0	0	0	0	0	0	0	0	0	0	0	0	0	0	0	0	0	0	0	0	0	0	0	0	0	0	0	0	0	0	0	0	0	0	0	0	0	0	0	0	0
46	A	T	ORF	S	NULL	0	0	0	0	0	0	0	0	0	0	0	0	0	0	0	0	0	0	0	0	0	0	0	0	0	0	0	0	0	0	0	0	0	0	0	0	0	0	0	0	0	0	0	0	0	0	0	0	0	0	0	0	0	0
47	A	T	ORF	S	NULL	0	0	0	0	0	0	0	0	0	0	0	0	0	0	0	0	0	0	0	0	0	0	0	0	0	0	0	0	0	0	0	0	0	0	0	0	0	0	0	0	0	0	0	0	0	0	0	0	0	0	0	0	0	0
48	A	T	ORF	S	NULL	0	0	0	0	0	0	0	0	0	0	0	0	0	0	0	0	0	0	0	0	0	0	0	0	0	0	0	0	0	0	0	0	0	0	0	0	0	0	0	0	0	0	0	0	0	0	0	0	0	0	0	0	0	0
49	A	T	ORF	S	NULL	0	0	0	0	0.0001	0.0001	0.659003	0.465968	0.0001	0.0001	0.0001	0.0001	0.0001	0.793016	0.0001	0.0849102	0.0001	0.578799	0.0001	0.0001	0.137072	0.0001	0.0001	0.0001	0.348952	0.0001	0.0001	0.0949138	0.35995	0.701995	0.675	0.0001	0.22016	0.0001	0.0001	0.0001	0.0379013	0.0001	0.0001	0.0001	0.182938	0.0001	0.138771	0.0001	0.0549069	0.0001	0.0001	0.999989	0.125927	0.17593	0.0001	0.340098	0.239944	0.0929092
50	A	T	ORF	S	NULL	0	0	0	0	0.0001	0.380065	0.0909167	0.0001	0.0001	0.551948	0.0001	0.0001	0.112921	0.205917	0.0001	0.278921	0.0001	0.0134859	0.384927	0.0849077	0.0001	0.0001	0.0001	0.0001	0.0001	0.0001	0.0001	0.0001	0.0001	0.0001	0.0001	0.160827	0.0001	0.0001	0.0001	0.0001	0.0001	0.0001	0.0749072	0.0001	0.0001	0.0128856	0.0001	0.0001	0.0001	0.387083	0.428936	0.0001	0.0001	0.25793	0.0001	0.0001	0.0001	0.0001
51	A	T	ORF	S	NULL	0	0	0	0	0.0824666	0.353969	0.0001	0.191921	0.0001	0.0001	0.480957	0.0001	0.0001	0.0001	0.743008	0.0362244	0.0001	0.0001	0.0662246	0.310394	0.284933	0.539964	0.0001	0.0001	0.0001	0.0001	0.0001	0.0001	0.0001	0.0001	0.0001	0.0001	0.0199483	0.0001	0.307936	0.0001	0.811989	0.0001	0.110925	0.121922	0.0001	0.148396	0.0001	0.556986	0.0481868	0.0001	0.569967	0.0001	0.0001	0.0001	0.0404987	0.12609	0.0266477	0.0771879
52	A	T	ORF	S	NULL	0	0	0	0	0.0002	0.0002	0.0002	0.0002	0.0002	0.0002	0.0002	1.00004	0.513046	0.0002	0.12401	0.244223	0.626744	0.0002	0.308007	0.169517	0.181368	0.0002	0.909054	0.0002	0.378034	0.474031	0.0480669	0.0002	0.390039	0.0002	0.0002	0.107477	0.307814	0.793103	0.691054	0.0002	0.104003	0.0002	0.0002	0.395739	0.138012	0.303002	0.195293	0.0002	0.0552233	0.0002	0.0002	0.0002	0.17401	0.023002	0.857046	0.0002	0.0520027	0.0002
53	A	T	ORF	S	NULL	0	0	0	0	0	0	0	0	0	0	0	0	0	0	0	0	0	0	0	0	0	0	0	0	0	0	0	0	0	0	0	0	0	0	0	0	0	0	0	0	0	0	0	0	0	0	0	0	0	0	0	0	0	0
54	A	T	ORF	S	NULL	0	0	0	0	0	0	0	0	0	0	0	0	0	0	0	0	0	0	0	0	0	0	0	0	0	0	0	0	0	0	0	0	0	0	0	0	0	0	0	0	0	0	0	0	0	0	0	0	0	0	0	0	0	0
55	A	T	ORF	S	NULL	0	0	0	0	0.342864	0.0179115	0.0001	0.0001	0.0001	0.072912	0.0001	0.0001	0.0001	0.0001	0.131925	0.19872	0.0001	0.0001	0.0396969	0.0016263	0.0001	0.0001	0.0899113	0.504963	0.271933	0.0001	0.0001	0.529976	0.248931	0.296938	0.0001	0.0001	0.0001	0.0001	0.0001	0.143913	0.0001	0.0001	0.52198	0.0001	0.628979	0.0890024	0.519585	0.139928	0.0288735	0.0001	0.0001	0.0001	0.352946	0.0001	0.0202007	0.0352865	0.363781	0.0578684
56	A	T	ORF	S	NULL	0	0	0	0	0.315347	0.246094	0.248963	0.0001	0.0001	0.0001	0.0001	0.0001	0.372959	0.0001	0.0001	0.0001	0.0001	0.276255	0.0001	0.0001	0.025092	0.458952	0.0001	0.306935	0.0001	0.19592	0.0001	0.0001	0.0001	0.0001	0.265934	0.0001	0.245159	0.0001	0.0001	0.0001	0.0001	0.0001	0.0001	0.0001	0.0479228	0.0001	0.0001	0.301934	0.0001	0.612162	0.0001	0.0001	0.133927	0.541995	0.0001	0.0700921	0.261945	0.0001
57	A	T	ORF	S	NULL	0	0	0	0	0	0	0	0	0	0	0	0	0	0	0	0	0	0	0	0	0	0	0	0	0	0	0	0	0	0	0	0	0	0	0	0	0	0	0	0	0	0	0	0	0	0	0	0	0	0	0	0	0	0
58	A	T	ORF	S	NULL	0	0	0	0	0.0001	0.0001	0.0001	0.0001	0.0001	0.0001	0.0001	0.000100001	0.0001	0.0001	0.12391	0.244123	0.626644	0.0001	0.307907	0.0001	0.0442729	0.0001	0.908954	0.0001	0.0001	0.0001	0.0479669	0.0001	0.0001	0.0001	0.0001	0.10494	0.0001	0.789413	0.690954	0.0001	0.0001	0.0001	0.0001	0.26515	0.0001	0.0001	0.0001	0.0001	0.0551233	0.0001	0.0001	0.0001	0.0001	0.0001	0.856946	0.0001	0.0519027	0.0001
59	A	T	ORF	S	NULL	0	0	0	0	0.0001	0.0001	0.0001	0.0001	0.0001	0.0001	0.0001	0.999937	0.512946	0.0001	0.0001	0.0001	0.0001	0.0001	0.0001	0.169417	0.137095	0.0001	0.0001	0.0001	0.377934	0.473931	0.0001	0.0001	0.389939	0.0001	0.0001	0.00253733	0.307714	0.00369009	0.0001	0.0001	0.103903	0.0001	0.0001	0.13059	0.137912	0.302902	0.195193	0.0001	0.0001	0.0001	0.0001	0.0001	0.17391	0.022902	0.0001	0.0001	0.0001	0.0001
60	A	T	ORF	S	NULL	0	0	0	0	0	0	0	0	0	0	0	0	0	0	0	0	0	0	0	0	0	0	0	0	0	0	0	0	0	0	0	0	0	0	0	0	0	0	0	0	0	0	0	0	0	0	0	0	0	0	0	0	0	0
61	A	T	ORF	S	NULL	0	0	0	0	0	0	0	0	0	0	0	0	0	0	0	0	0	0	0	0	0	0	0	0	0	0	0	0	0	0	0	0	0	0	0	0	0	0	0	0	0	0	0	0	0	0	0	0	0	0	0	0	0	0
62	A	T	ORF	S	NULL	0	0	0	0	0.0001	0.0001	0.659003	0.465968	0.0001	0.0001	0.0001	0.0001	0.0001	0.793016	0.0001	0.0849102	0.0001	0.578799	0.0001	0.0001	0.137072	0.0001	0.0001	0.0001	0.348952	0.0001	0.0001	0.0949138	0.35995	0.701995	0.675	0.0001	0.22016	0.0001	0.0001	0.0001	0.0379013	0.0001	0.0001	0.0001	0.182938	0.0001	0.138771	0.0001	0.0549069	0.0001	0.0001	0.999989	0.125927	0.17593	0.0001	0.340098	0.239944	0.0929092
63	A	T	ORF	S	NULL	0	0	0	0	0	0	0	0	0	0	0	0	0	0	0	0	0	0	0	0	0	0	0	0	0	0	0	0	0	0	0	0	0	0	0	0	0	0	0	0	0	0	0	0	0	0	0	0	0	0	0	0	0	0
64	A	T	ORF	S	NULL	0	0	0	0	0.0001	0.0001	0.0001	0.0001	0.0001	0.0001	0.0001	0.000100001	0.0001	0.0001	0.12391	0.244123	0.626644	0.0001	0.307907	0.0001	0.0442729	0.0001	0.908954	0.0001	0.0001	0.0001	0.0479669	0.0001	0.0001	0.0001	0.0001	0.10494	0.0001	0.789413	0.690954	0.0001	0.0001	0.0001	0.0001	0.26515	0.0001	0.0001	0.0001	0.0001	0.0551233	0.0001	0.0001	0.0001	0.0001	0.0001	0.856946	0.0001	0.0519027	0.0001
65	A	T	ORF	S	NULL	0	0	0	0	0.0001	0.0001	0.0001	0.0001	0.0001	0.0001	0.0001	0.999937	0.512946	0.0001	0.0001	0.0001	0.0001	0.0001	0.0001	0.169417	0.137095	0.0001	0.0001	0.0001	0.377934	0.473931	0.0001	0.0001	0.389939	0.0001	0.0001	0.00253733	0.307714	0.00369009	0.0001	0.0001	0.103903	0.0001	0.0001	0.13059	0.137912	0.302902	0.195193	0.0001	0.0001	0.0001	0.0001	0.0001	0.17391	0.022902	0.0001	0.0001	0.0001	0.0001
66	A	T	ORF	S	NULL	0	0	0	0	0	0	0	0	0	0	0	0	0	0	0	0	0	0	0	0	0	0	0	0	0	0	0	0	0	0	0	0	0	0	0	0	0	0	0	0	0	0	0	0	0	0	0	0	0	0	0	0	0	0
67	A	T	ORF	S	NULL	0	0	0	0	0.0824666	0.353969	0.0001	0.191921	0.0001	0.0001	0.480957	0.0001	0.0001	0.0001	0.743008	0.0362244	0.0001	0.0001	0.0662246	0.310394	0.284933	0.539964	0.0001	0.0001	0.0001	0.0001	0.0001	0.0001	0.0001	0.0001	0.0001	0.0001	0.0199483	0.0001	0.307936	0.0001	0.811989	0.0001	0.110925	0.121922	0.0001	0.148396	0.0001	0.556986	0.0481868	0.0001	0.569967	0.0001	0.0001	0.0001	0.0404987	0.12609	0.0266477	0.0771879
68	A	T	ORF	S	NULL	0	0	0	0	0	0	0	0	0	0	0	0	0	0	0	0	0	0	0	0	0	0	0	0	0	0	0	0	0	0	0	0	0	0	0	0	0	0	0	0	0	0	0	0	0	0	0	0	0	0	0	0	0	0
69	A	T	ORF	S	NULL	0	0	0	0	0	0	0	0	0	0	0	0	0	0	0	0	0	0	0	0	0	0	0	0	0	0	0	0	0	0	0	0	0	0	0	0	0	0	0	0	0	0	0	0	0	0	0	0	0	0	0	0	0	0
70	A	T	ORF	S	NULL	0	0	0	0	0.0001	0.380065	0.0909167	0.0001	0.0001	0.551948	0.0001	0.0001	0.112921	0.205917	0.0001	0.278921	0.0001	0.0134859	0.384927	0.0849077	0.0001	0.0001	0.0001	0.0001	0.0001	0.0001	0.0001	0.0001	0.0001	0.0001	0.0001	0.160827	0.0001	0.0001	0.0001	0.0001	0.0001	0.0001	0.0749072	0.0001	0.0001	0.0128856	0.0001	0.0001	0.0001	0.387083	0.428936	0.0001	0.0001	0.25793	0.0001	0.0001	0.0001	0.0001
71	A	T	ORF	S	NULL	0	0	0	0	0.0001	0.0001	0.659003	0.465968	0.0001	0.0001	0.0001	0.0001	0.0001	0.793016	0.0001	0.0849102	0.0001	0.578799	0.0001	0.0001	0.137072	0.0001	0.0001	0.0001	0.348952	0.0001	0.0001	0.0949138	0.35995	0.701995	0.675	0.0001	0.22016	0.0001	0.0001	0.0001	0.0379013	0.0001	0.0001	0.0001	0.182938	0.0001	0.138771	0.0001	0.0549069	0.0001	0.0001	0.999989	0.125927	0.17593	0.0001	0.340098	0.239944	0.0929092
72	A	T	ORF	S	NULL	0	0	0	0	0	0	0	0	0	0	0	0	0	0	0	0	0	0	0	0	0	0	0	0	0	0	0	0	0	0	0	0	0	0	0	0	0	0	0	0	0	0	0	0	0	0	0	0	0	0	0	0	0	0
73	A	T	ORF	S	NULL	0	0	0	0	0.122026	0.0001	0.0001	0.0001	0.0001	0.328439	0.0001	0.0001	0.0001	0.0001	0.0001	0.0312105	0.317154	0.108514	0.0574288	0.126241	0.0001	0.0001	0.0001	0.0001	0.0001	0.262912	0.064443	0.0001	0.0001	0.0001	0.0001	0.559874	0.170292	0.156379	0.0001	0.336079	0.037836	0.0001	0.0001	0.324189	0.0001	0.128736	0.120556	0.0001	0.535473	0.0001	0.0001	0.0001	0.0698628	0.0001	0.0266803	0.296779	0.0001	0.0001
74	A	T	ORF	S	NULL	0	0	0	0	0	0	0	0	0	0	0	0	0	0	0	0	0	0	0	0	0	0	0	0	0	0	0	0	0	0	0	0	0	0	0	0	0	0	0	0	0	0	0	0	0	0	0	0	0	0	0	0	0	0
75	A	T	ORF	S	NULL	0	0	0	0	0.0824666	0.353969	0.0001	0.191921	0.0001	0.0001	0.480957	0.0001	0.0001	0.0001	0.743008	0.0362244	0.0001	0.0001	0.0662246	0.310394	0.284933	0.539964	0.0001	0.0001	0.0001	0.0001	0.0001	0.0001	0.0001	0.0001	0.0001	0.0001	0.0199483	0.0001	0.307936	0.0001	0.811989	0.0001	0.110925	0.121922	0.0001	0.148396	0.0001	0.556986	0.0481868	0.0001	0.569967	0.0001	0.0001	0.0001	0.0404987	0.12609	0.0266477	0.0771879
76	A	T	ORF	S	NULL	0	0	0	0	0.137297	0.0001	0.0001	0.340938	0.999915	0.0001	0.517957	0.000100002	0.000100001	0.0001	0.0001	0.0449732	0.0562017	0.0229469	0.0001	0.304486	0.369122	0.0001	0.0001	0.185921	0.000100001	0.0672368	0.70875	0.372941	0.000100001	0.0001	0.0579062	0.171823	0.0367275	0.0505171	0.0001	0.0001	0.0083612	0.999915	0.289932	0.15815	0.0001	0.000100001	0.0258946	0.0001	0.103134	0.0001	0.0001	0.0001	0.0001	0.0001	0.0001	0.0931445	0.0001	0.53795
77	A	T	ORF	S	NULL	0	0	0	0	0	0	0	0	0	0	0	0	0	0	0	0	0	0	0	0	0	0	0	0	0	0	0	0	0	0	0	0	0	0	0	0	0	0	0	0	0	0	0	0	0	0	0	0	0	0	0	0	0	0
78	A	T	ORF	S	NULL	0	0	0	0	0	0	0	0	0	0	0	0	0	0	0	0	0	0	0	0	0	0	0	0	0	0	0	0	0	0	0	0	0	0	0	0	0	0	0	0	0	0	0	0	0	0	0	0	0	0	0	0	0	0
79	A	T	ORF	S	NULL	0	0	0	0	0	0	0	0	0	0	0	0	0	0	0	0	0	0	0	0	0	0	0	0	0	0	0	0	0	0	0	0	0	0	0	0	0	0	0	0	0	0	0	0	0	0	0	0	0	0	0	0	0	0
80	A	T	ORF	S	NULL	0	0	0	0	0.342864	0.0179115	0.0001	0.0001	0.0001	0.072912	0.0001	0.0001	0.0001	0.0001	0.131925	0.19872	0.0001	0.0001	0.0396969	0.0016263	0.0001	0.0001	0.0899113	0.504963	0.271933	0.0001	0.0001	0.529976	0.248931	0.296938	0.0001	0.0001	0.0001	0.0001	0.0001	0.143913	0.0001	0.0001	0.52198	0.0001	0.628979	0.0890024	0.519585	0.139928	0.0288735	0.0001	0.0001	0.0001	0.352946	0.0001	0.0202007	0.0352865	0.363781	0.0578684
81	A	T	ORF	S	NULL	0	0	0	0	0.122026	0.0001	0.0001	0.0001	0.0001	0.328439	0.0001	0.0001	0.0001	0.0001	0.0001	0.0312105	0.317154	0.108514	0.0574288	0.126241	0.0001	0.0001	0.0001	0.0001	0.0001	0.262912	0.064443	0.0001	0.0001	0.0001	0.0001	0.559874	0.170292	0.156379	0.0001	0.336079	0.037836	0.0001	0.0001	0.324189	0.0001	0.128736	0.120556	0.0001	0.535473	0.0001	0.0001	0.0001	0.0698628	0.0001	0.0266803	0.296779	0.0001	0.0001
82	A	T	ORF	S	NULL	0	0	0	0	0	0	0	0	0	0	0	0	0	0	0	0	0	0	0	0	0	0	0	0	0	0	0	0	0	0	0	0	0	0	0	0	0	0	0	0	0	0	0	0	0	0	0	0	0	0	0	0	0	0
83	A	T	ORF	S	NULL	0	0	0	0	0	0	0	0	0	0	0	0	0	0	0	0	0	0	0	0	0	0	0	0	0	0	0	0	0	0	0	0	0	0	0	0	0	0	0	0	0	0	0	0	0	0	0	0	0	0	0	0	0	0
84	A	T	ORF	S	NULL	0	0	0	0	0	0	0	0	0	0	0	0	0	0	0	0	0	0	0	0	0	0	0	0	0	0	0	0	0	0	0	0	0	0	0	0	0	0	0	0	0	0	0	0	0	0	0	0	0	0	0	0	0	0
85	A	T	ORF	S	NULL	0	0	0	0	0	0	0	0	0	0	0	0	0	0	0	0	0	0	0	0	0	0	0	0	0	0	0	0	0	0	0	0	0	0	0	0	0	0	0	0	0	0	0	0	0	0	0	0	0	0	0	0	0	0
86	A	T	ORF	S	NULL	0	0	0	0	0	0	0	0	0	0	0	0	0	0	0	0	0	0	0	0	0	0	0	0	0	0	0	0	0	0	0	0	0	0	0	0	0	0	0	0	0	0	0	0	0	0	0	0	0	0	0	0	0	0
87	A	T	ORF	S	NULL	0	0	0	0	0	0	0	0	0	0	0	0	0	0	0	0	0	0	0	0	0	0	0	0	0	0	0	0	0	0	0	0	0	0	0	0	0	0	0	0	0	0	0	0	0	0	0	0	0	0	0	0	0	0
88	A	T	ORF	S	NULL	0	0	0	0	0.315447	0.246194	0.907966	0.466068	0.0002	0.0002	0.0002	0.0002	0.373059	0.793116	0.0002	0.0850102	0.0002	0.855054	0.0002	0.0002	0.162164	0.459052	0.0002	0.307035	0.349052	0.19602	0.0002	0.0950138	0.36005	0.702095	0.940934	0.0002	0.465319	0.0002	0.0002	0.0002	0.0380013	0.0002	0.0002	0.0002	0.230861	0.0002	0.138871	0.302034	0.0550069	0.612262	0.0002	1.00009	0.259853	0.717926	0.0002	0.41019	0.501889	0.0930092
89	A	T	ORF	S	NULL	0	0	0	0	0.137397	0.0002	0.0002	0.341038	1.00001	0.0002	0.518057	0.000200002	0.000200001	0.0002	0.12401	0.289096	0.682846	0.0230469	0.308007	0.304586	0.413395	0.0002	0.909054	0.186021	0.000200001	0.0673368	0.756717	0.373041	0.000200001	0.0002	0.0580062	0.276762	0.0368275	0.83993	0.691054	0.0002	0.0084612	1.00001	0.290032	0.4233	0.0002	0.000200001	0.0259946	0.0002	0.158257	0.0002	0.0002	0.0002	0.000200001	0.0002	0.857046	0.0932445	0.0520027	0.53805
90	A	T	ORF	S	NULL	0	0	0	0	0	0	0	0	0	0	0	0	0	0	0	0	0	0	0	0	0	0	0	0	0	0	0	0	0	0	0	0	0	0	0	0	0	0	0	0	0	0	0	0	0	0	0	0	0	0	0	0	0	0
91	A	T	ORF	S	NULL	0	0	0	0	0.42533	0.371881	0.0002	0.192021	0.0002	0.073012	0.481057	0.0002	0.0002	0.0002	0.874933	0.234945	0.0002	0.0002	0.105921	0.312021	0.285033	0.540064	0.0900113	0.505063	0.272033	0.0002	0.0002	0.530076	0.249031	0.297038	0.0002	0.0002	0.0200483	0.0002	0.308036	0.144013	0.812089	0.0002	0.632905	0.122022	0.629079	0.237398	0.519685	0.696913	0.0770603	0.0002	0.570067	0.0002	0.353046	0.0002	0.0606993	0.161377	0.390429	0.135056
92	A	T	ORF	S	NULL	0	0	0	0	0.0001	0.0001	0.659003	0.465968	0.0001	0.0001	0.0001	0.0001	0.0001	0.793016	0.0001	0.0849102	0.0001	0.578799	0.0001	0.0001	0.137072	0.0001	0.0001	0.0001	0.348952	0.0001	0.0001	0.0949138	0.35995	0.701995	0.675	0.0001	0.22016	0.0001	0.0001	0.0001	0.0379013	0.0001	0.0001	0.0001	0.182938	0.0001	0.138771	0.0001	0.0549069	0.0001	0.0001	0.999989	0.125927	0.17593	0.0001	0.340098	0.239944	0.0929092
93	A	T	ORF	S	NULL	0	0	0	0	0	0	0	0	0	0	0	0	0	0	0	0	0	0	0	0	0	0	0	0	0	0	0	0	0	0	0	0	0	0	0	0	0	0	0	0	0	0	0	0	0	0	0	0	0	0	0	0	0	0
94	A	T	ORF	S	NULL	0	0	0	0	0	0	0	0	0	0	0	0	0	0	0	0	0	0	0	0	0	0	0	0	0	0	0	0	0	0	0	0	0	0	0	0	0	0	0	0	0	0	0	0	0	0	0	0	0	0	0	0	0	0
95	A	T	ORF	S	NULL	0	0	0	0	0	0	0	0	0	0	0	0	0	0	0	0	0	0	0	0	0	0	0	0	0	0	0	0	0	0	0	0	0	0	0	0	0	0	0	0	0	0	0	0	0	0	0	0	0	0	0	0	0	0
96	A	T	ORF	S	NULL	0	0	0	0	0.315447	0.626158	0.339879	0.0002	0.0002	0.552048	0.0002	0.0002	0.48588	0.206017	0.0002	0.279021	0.0002	0.28974	0.385027	0.0850077	0.025192	0.459052	0.0002	0.307035	0.0002	0.19602	0.0002	0.0002	0.0002	0.0002	0.266034	0.160927	0.245259	0.0002	0.0002	0.0002	0.0002	0.0002	0.0750072	0.0002	0.0480228	0.0129856	0.0002	0.302034	0.0002	0.999245	0.429036	0.0002	0.134027	0.799926	0.0002	0.0701921	0.262045	0.0002
97	A	T	ORF	S	NULL	0	0	0	0	0	0	0	0	0	0	0	0	0	0	0	0	0	0	0	0	0	0	0	0	0	0	0	0	0	0	0	0	0	0	0	0	0	0	0	0	0	0	0	0	0	0	0	0	0	0	0	0	0	0
98	A	T	ORF	S	NULL	0	0	0	0	0.137297	0.0001	0.0001	0.340938	0.999915	0.0001	0.517957	0.000100002	0.000100001	0.0001	0.0001	0.0449732	0.0562017	0.0229469	0.0001	0.304486	0.369122	0.0001	0.0001	0.185921	0.000100001	0.0672368	0.70875	0.372941	0.000100001	0.0001	0.0579062	0.171823	0.0367275	0.0505171	0.0001	0.0001	0.0083612	0.999915	0.289932	0.15815	0.0001	0.000100001	0.0258946	0.0001	0.103134	0.0001	0.0001	0.0001	0.0001	0.0001	0.0001	0.0931445	0.0001	0.53795
99	A	T	ORF	S	NULL	0	0	0	0	0.0001	0.380065	0.0909167	0.0001	0.0001	0.551948	0.0001	0.0001	0.112921	0.205917	0.0001	0.278921	0.0001	0.0134859	0.384927	0.0849077	0.0001	0.0001	0.0001	0.0001	0.0001	0.0001	0.0001	0.0001	0.0001	0.0001	0.0001	0.160827	0.0001	0.0001	0.0001	0.0001	0.0001	0.0001	0.0749072	0.0001	0.0001	0.0128856	0.0001	0.0001	0.0001	0.387083	0.428936	0.0001	0.0001	0.25793	0.0001	0.0001	0.0001	0.0001
100	A	T	ORF	S	NULL	0	0	0	0	0.315347	0.246094	0.248963	0.0001	0.0001	0.0001	0.0001	0.0001	0.372959	0.0001	0.0001	0.0001	0.0001	0.276255	0.0001	0.0001	0.025092	0.458952	0.0001	0.306935	0.0001	0.19592	0.0001	0.0001	0.0001	0.0001	0.265934	0.0001	0.245159	0.0001	0.0001	0.0001	0.0001	0.0001	0.0001	0.0001	0.0479228	0.0001	0.0001	0.301934	0.0001	0.612162	0.0001	0.0001	0.133927	0.541995	0.0001	0.0700921	0.261945	0.0001
