pos	ref	alt	gene	N/S	AA	nSRAsubclonal	nSRAclonal	nSRA	nConsensus	sample0|Earth	sample1|Earth	sample2|Earth	sample3|Earth	sample4|Earth	sample5|Earth	sample6|Earth	sample7|Earth	sample8|Earth	sample9|Earth	sample10|Earth	sample11|Earth	sample12|Earth	sample13|Earth	sample14|Earth	sample15|Earth	sample16|Earth	sample17|Earth	sample18|Earth	sample19|Earth	sample20|Earth	sample21|Earth	sample22|Earth	sample23|Earth	sample24|Earth	sample25|Earth	sample26|Earth	sample27|Earth	sample28|Earth	sample29|Earth	sample30|Earth	sample31|Earth	sample32|Earth	sample33|Earth	sample34|Earth	sample35|Earth	sample36|Earth	sample37|Earth	sample38|Earth	sample39|Earth	sample40|Earth	sample41|Earth	sample42|Earth	sample43|Earth	sample44|Earth	sample45|Earth	sample46|Earth	sample47|Earth	sample48|Earth	sample49|Earth
1	A	T	ORF	S	NULL	0	0	0	0	0.33031	0.0233423	0.0001	0.0133154	0.0001	0.0407007	0.000100001	0.0001	0.0001	0.0001	0.184813	0.16879	0.0001	0.0001	0.0001	0.0302608	0.0263111	0.0196475	0.0899061	0.472542	0.27192	0.0001	0.0001	0.529939	0.248917	0.29692	0.0001	0.0001	0.0001	0.0001	0.0253583	0.14391	0.043563	0.0001	0.527659	0.00974742	0.624718	0.000100001	0.520938	0.162806	0.0001	0.0001	0.0323474	0.0001	0.349175	0.0001	0.0001	0.00414634	0.327521	0.000100001
2	A	T	ORF	S	NULL	0	0	0	0	0	0	0	0	0	0	0	0	0	0	0	0	0	0	0	0	0	0	0	0	0	0	0	0	0	0	0	0	0	0	0	0	0	0	0	0	0	0	0	0	0	0	0	0	0	0	0	0	0	0
3	A	T	ORF	S	NULL	0	0	0	0	0	0	0	0	0	0	0	0	0	0	0	0	0	0	0	0	0	0	0	0	0	0	0	0	0	0	0	0	0	0	0	0	0	0	0	0	0	0	0	0	0	0	0	0	0	0	0	0	0	0
4	A	T	ORF	S	NULL	0	0	0	0	0	0	0	0	0	0	0	0	0	0	0	0	0	0	0	0	0	0	0	0	0	0	0	0	0	0	0	0	0	0	0	0	0	0	0	0	0	0	0	0	0	0	0	0	0	0	0	0	0	0
5	A	T	ORF	S	NULL	0	0	0	0	0	0	0	0	0	0	0	0	0	0	0	0	0	0	0	0	0	0	0	0	0	0	0	0	0	0	0	0	0	0	0	0	0	0	0	0	0	0	0	0	0	0	0	0	0	0	0	0	0	0
6	A	T	ORF	S	NULL	0	0	0	0	0	0	0	0	0	0	0	0	0	0	0	0	0	0	0	0	0	0	0	0	0	0	0	0	0	0	0	0	0	0	0	0	0	0	0	0	0	0	0	0	0	0	0	0	0	0	0	0	0	0
7	A	T	ORF	S	NULL	0	0	0	0	0	0	0	0	0	0	0	0	0	0	0	0	0	0	0	0	0	0	0	0	0	0	0	0	0	0	0	0	0	0	0	0	0	0	0	0	0	0	0	0	0	0	0	0	0	0	0	0	0	0
8	A	T	ORF	S	NULL	0	0	0	0	0	0	0	0	0	0	0	0	0	0	0	0	0	0	0	0	0	0	0	0	0	0	0	0	0	0	0	0	0	0	0	0	0	0	0	0	0	0	0	0	0	0	0	0	0	0	0	0	0	0
9	A	T	ORF	S	NULL	0	0	0	0	0.136596	0.0001	0.0001	0.000100004	0.0001	0.373925	0.000100006	0.0001	0.0001	0.0001	0.0001	0.0001	0.343922	0.104047	0.0001	0.147934	0.000100004	0.0001	0.0001	0.000100001	0.0001	0.294578	0.000100011	0.000100004	0.0001	0.0001	0.0001	0.68694	0.188727	0.189911	0.0001	0.192912	0.0001	0.000100014	0.000100004	0.333315	0.0001	0.0001	0.138909	0.0001	0.561937	0.0001	0.0001	0.0001	0.037654	0.0001	0.0001	0.283293	0.0001	0.000100006
10	A	T	ORF	S	NULL	0	0	0	0	0	0	0	0	0	0	0	0	0	0	0	0	0	0	0	0	0	0	0	0	0	0	0	0	0	0	0	0	0	0	0	0	0	0	0	0	0	0	0	0	0	0	0	0	0	0	0	0	0	0
11	A	T	ORF	S	NULL	0	0	0	0	0	0	0	0	0	0	0	0	0	0	0	0	0	0	0	0	0	0	0	0	0	0	0	0	0	0	0	0	0	0	0	0	0	0	0	0	0	0	0	0	0	0	0	0	0	0	0	0	0	0
12	A	T	ORF	S	NULL	0	0	0	0	0	0	0	0	0	0	0	0	0	0	0	0	0	0	0	0	0	0	0	0	0	0	0	0	0	0	0	0	0	0	0	0	0	0	0	0	0	0	0	0	0	0	0	0	0	0	0	0	0	0
13	A	T	ORF	S	NULL	0	0	0	0	0	0	0	0	0	0	0	0	0	0	0	0	0	0	0	0	0	0	0	0	0	0	0	0	0	0	0	0	0	0	0	0	0	0	0	0	0	0	0	0	0	0	0	0	0	0	0	0	0	0
14	A	T	ORF	S	NULL	0	0	0	0	0.10767	0.0001	0.0001	0.339948	0.999913	0.0001	0.486416	0.0001	0.0001	0.0001	0.0001	0.0450857	0.0001	0.0001	0.0001	0.274941	0.36553	0.0001	0.0001	0.175412	0.0001	0.0001	0.708952	0.372918	0.0001	0.0001	0.0464018	0.0001	0.0001	0.0001	0.0001	0.0001	0.0001	0.999914	0.289914	0.0936271	0.0001	0.0001	0.0001	0.0001	0.103125	0.0001	0.0001	0.0001	0.0001	0.0001	0.0001	0.0001	0.0001	0.537925
15	A	T	ORF	S	NULL	0	0	0	0	0	0	0	0	0	0	0	0	0	0	0	0	0	0	0	0	0	0	0	0	0	0	0	0	0	0	0	0	0	0	0	0	0	0	0	0	0	0	0	0	0	0	0	0	0	0	0	0	0	0
16	A	T	ORF	S	NULL	0	0	0	0	0	0	0	0	0	0	0	0	0	0	0	0	0	0	0	0	0	0	0	0	0	0	0	0	0	0	0	0	0	0	0	0	0	0	0	0	0	0	0	0	0	0	0	0	0	0	0	0	0	0
17	A	T	ORF	S	NULL	0	0	0	0	0	0	0	0	0	0	0	0	0	0	0	0	0	0	0	0	0	0	0	0	0	0	0	0	0	0	0	0	0	0	0	0	0	0	0	0	0	0	0	0	0	0	0	0	0	0	0	0	0	0
18	A	T	ORF	S	NULL	0	0	0	0	0	0	0	0	0	0	0	0	0	0	0	0	0	0	0	0	0	0	0	0	0	0	0	0	0	0	0	0	0	0	0	0	0	0	0	0	0	0	0	0	0	0	0	0	0	0	0	0	0	0
19	A	T	ORF	S	NULL	0	0	0	0	0.0280287	0.0001	0.672874	0.459798	0.000100005	0.0001	0.000100003	0.0001	0.0180082	0.783572	0.0001	0.0724603	0.0001	0.595784	0.0001	0.000100001	0.125054	0.0162034	0.0001	0.0211983	0.348945	0.00949941	0.000100005	0.0949107	0.35994	0.701975	0.665402	0.0001	0.216181	0.0001	0.0001	0.0001	0.0001	0.000100007	0.000100002	0.000100001	0.186249	0.0001	0.139916	0.0001	0.0549062	0.00174233	0.0001	0.999911	0.135463	0.197801	0.0001	0.343656	0.259502	0.0929105
20	A	T	ORF	S	NULL	0	0	0	0	0	0	0	0	0	0	0	0	0	0	0	0	0	0	0	0	0	0	0	0	0	0	0	0	0	0	0	0	0	0	0	0	0	0	0	0	0	0	0	0	0	0	0	0	0	0	0	0	0	0
21	A	T	ORF	S	NULL	0	0	0	0	0.0001	0.0001	0.0001	0.000100001	0.00010001	0.0001	0.000100002	0.000100003	0.000100001	0.0001	0.0989149	0.244103	0.654953	0.0001	0.307924	0.00193853	0.0424837	0.0001	0.908972	0.000100001	0.000100001	0.000100002	0.0479191	0.000100002	0.000100001	0.0001	0.0001	0.145912	0.000100001	0.808975	0.687414	0.0001	0.0001	0.000100007	0.000100001	0.288314	0.0001	0.000100001	0.0001	0.0001	0.0551236	0.0001	0.0001	0.0001	0.0001	0.0001	0.856968	0.0001	0.0474813	0.000100003
22	A	T	ORF	S	NULL	0	0	0	0	0.10767	0.0001	0.0001	0.339948	0.999913	0.0001	0.486416	0.0001	0.0001	0.0001	0.0001	0.0450857	0.0001	0.0001	0.0001	0.274941	0.36553	0.0001	0.0001	0.175412	0.0001	0.0001	0.708952	0.372918	0.0001	0.0001	0.0464018	0.0001	0.0001	0.0001	0.0001	0.0001	0.0001	0.999914	0.289914	0.0936271	0.0001	0.0001	0.0001	0.0001	0.103125	0.0001	0.0001	0.0001	0.0001	0.0001	0.0001	0.0001	0.0001	0.537925
23	A	T	ORF	S	NULL	0	0	0	0	0	0	0	0	0	0	0	0	0	0	0	0	0	0	0	0	0	0	0	0	0	0	0	0	0	0	0	0	0	0	0	0	0	0	0	0	0	0	0	0	0	0	0	0	0	0	0	0	0	0
24	A	T	ORF	S	NULL	0	0	0	0	0	0	0	0	0	0	0	0	0	0	0	0	0	0	0	0	0	0	0	0	0	0	0	0	0	0	0	0	0	0	0	0	0	0	0	0	0	0	0	0	0	0	0	0	0	0	0	0	0	0
25	A	T	ORF	S	NULL	0	0	0	0	0	0	0	0	0	0	0	0	0	0	0	0	0	0	0	0	0	0	0	0	0	0	0	0	0	0	0	0	0	0	0	0	0	0	0	0	0	0	0	0	0	0	0	0	0	0	0	0	0	0
26	A	T	ORF	S	NULL	0	0	0	0	0	0	0	0	0	0	0	0	0	0	0	0	0	0	0	0	0	0	0	0	0	0	0	0	0	0	0	0	0	0	0	0	0	0	0	0	0	0	0	0	0	0	0	0	0	0	0	0	0	0
27	A	T	ORF	S	NULL	0	0	0	0	0	0	0	0	0	0	0	0	0	0	0	0	0	0	0	0	0	0	0	0	0	0	0	0	0	0	0	0	0	0	0	0	0	0	0	0	0	0	0	0	0	0	0	0	0	0	0	0	0	0
28	A	T	ORF	S	NULL	0	0	0	0	0	0	0	0	0	0	0	0	0	0	0	0	0	0	0	0	0	0	0	0	0	0	0	0	0	0	0	0	0	0	0	0	0	0	0	0	0	0	0	0	0	0	0	0	0	0	0	0	0	0
29	A	T	ORF	S	NULL	0	0	0	0	0	0	0	0	0	0	0	0	0	0	0	0	0	0	0	0	0	0	0	0	0	0	0	0	0	0	0	0	0	0	0	0	0	0	0	0	0	0	0	0	0	0	0	0	0	0	0	0	0	0
30	A	T	ORF	S	NULL	0	0	0	0	0	0	0	0	0	0	0	0	0	0	0	0	0	0	0	0	0	0	0	0	0	0	0	0	0	0	0	0	0	0	0	0	0	0	0	0	0	0	0	0	0	0	0	0	0	0	0	0	0	0
31	A	T	ORF	S	NULL	0	0	0	0	0.0280287	0.0001	0.672874	0.459798	0.000100005	0.0001	0.000100003	0.0001	0.0180082	0.783572	0.0001	0.0724603	0.0001	0.595784	0.0001	0.000100001	0.125054	0.0162034	0.0001	0.0211983	0.348945	0.00949941	0.000100005	0.0949107	0.35994	0.701975	0.665402	0.0001	0.216181	0.0001	0.0001	0.0001	0.0001	0.000100007	0.000100002	0.000100001	0.186249	0.0001	0.139916	0.0001	0.0549062	0.00174233	0.0001	0.999911	0.135463	0.197801	0.0001	0.343656	0.259502	0.0929105
32	A	T	ORF	S	NULL	0	0	0	0	0	0	0	0	0	0	0	0	0	0	0	0	0	0	0	0	0	0	0	0	0	0	0	0	0	0	0	0	0	0	0	0	0	0	0	0	0	0	0	0	0	0	0	0	0	0	0	0	0	0
33	A	T	ORF	S	NULL	0	0	0	0	0	0	0	0	0	0	0	0	0	0	0	0	0	0	0	0	0	0	0	0	0	0	0	0	0	0	0	0	0	0	0	0	0	0	0	0	0	0	0	0	0	0	0	0	0	0	0	0	0	0
34	A	T	ORF	S	NULL	0	0	0	0	0	0	0	0	0	0	0	0	0	0	0	0	0	0	0	0	0	0	0	0	0	0	0	0	0	0	0	0	0	0	0	0	0	0	0	0	0	0	0	0	0	0	0	0	0	0	0	0	0	0
35	A	T	ORF	S	NULL	0	0	0	0	0.33031	0.0233423	0.0001	0.0133154	0.0001	0.0407007	0.000100001	0.0001	0.0001	0.0001	0.184813	0.16879	0.0001	0.0001	0.0001	0.0302608	0.0263111	0.0196475	0.0899061	0.472542	0.27192	0.0001	0.0001	0.529939	0.248917	0.29692	0.0001	0.0001	0.0001	0.0001	0.0253583	0.14391	0.043563	0.0001	0.527659	0.00974742	0.624718	0.000100001	0.520938	0.162806	0.0001	0.0001	0.0323474	0.0001	0.349175	0.0001	0.0001	0.00414634	0.327521	0.000100001
36	A	T	ORF	S	NULL	0	0	0	0	0	0	0	0	0	0	0	0	0	0	0	0	0	0	0	0	0	0	0	0	0	0	0	0	0	0	0	0	0	0	0	0	0	0	0	0	0	0	0	0	0	0	0	0	0	0	0	0	0	0
37	A	T	ORF	S	NULL	0	0	0	0	0.0001	0.0001	0.0001	0.0001	0.0001	0.0001	0.0001	0.999922	0.490525	0.0001	0.0001	0.0001	0.0001	0.0001	0.0001	0.168925	0.133521	0.0001	0.0001	0.0001	0.377921	0.465473	0.0001	0.0001	0.38992	0.0001	0.0001	0.0001	0.302732	0.0001	0.0001	0.0001	0.0588776	0.0001	0.0001	0.139974	0.135961	0.302917	0.196911	0.0001	0.0001	0.0001	0.0001	0.0001	0.169223	0.0001	0.0001	0.0001	0.0001	0.0001
38	A	T	ORF	S	NULL	0	0	0	0	0	0	0	0	0	0	0	0	0	0	0	0	0	0	0	0	0	0	0	0	0	0	0	0	0	0	0	0	0	0	0	0	0	0	0	0	0	0	0	0	0	0	0	0	0	0	0	0	0	0
39	A	T	ORF	S	NULL	0	0	0	0	0.136596	0.0001	0.0001	0.000100004	0.0001	0.373925	0.000100006	0.0001	0.0001	0.0001	0.0001	0.0001	0.343922	0.104047	0.0001	0.147934	0.000100004	0.0001	0.0001	0.000100001	0.0001	0.294578	0.000100011	0.000100004	0.0001	0.0001	0.0001	0.68694	0.188727	0.189911	0.0001	0.192912	0.0001	0.000100014	0.000100004	0.333315	0.0001	0.0001	0.138909	0.0001	0.561937	0.0001	0.0001	0.0001	0.037654	0.0001	0.0001	0.283293	0.0001	0.000100006
40	A	T	ORF	S	NULL	0	0	0	0	0.33031	0.0233423	0.0001	0.0133154	0.0001	0.0407007	0.000100001	0.0001	0.0001	0.0001	0.184813	0.16879	0.0001	0.0001	0.0001	0.0302608	0.0263111	0.0196475	0.0899061	0.472542	0.27192	0.0001	0.0001	0.529939	0.248917	0.29692	0.0001	0.0001	0.0001	0.0001	0.0253583	0.14391	0.043563	0.0001	0.527659	0.00974742	0.624718	0.000100001	0.520938	0.162806	0.0001	0.0001	0.0323474	0.0001	0.349175	0.0001	0.0001	0.00414634	0.327521	0.000100001
41	A	T	ORF	S	NULL	0	0	0	0	0	0	0	0	0	0	0	0	0	0	0	0	0	0	0	0	0	0	0	0	0	0	0	0	0	0	0	0	0	0	0	0	0	0	0	0	0	0	0	0	0	0	0	0	0	0	0	0	0	0
42	A	T	ORF	S	NULL	0	0	0	0	0	0	0	0	0	0	0	0	0	0	0	0	0	0	0	0	0	0	0	0	0	0	0	0	0	0	0	0	0	0	0	0	0	0	0	0	0	0	0	0	0	0	0	0	0	0	0	0	0	0
43	A	T	ORF	S	NULL	0	0	0	0	0	0	0	0	0	0	0	0	0	0	0	0	0	0	0	0	0	0	0	0	0	0	0	0	0	0	0	0	0	0	0	0	0	0	0	0	0	0	0	0	0	0	0	0	0	0	0	0	0	0
44	A	T	ORF	S	NULL	0	0	0	0	0	0	0	0	0	0	0	0	0	0	0	0	0	0	0	0	0	0	0	0	0	0	0	0	0	0	0	0	0	0	0	0	0	0	0	0	0	0	0	0	0	0	0	0	0	0	0	0	0	0
45	A	T	ORF	S	NULL	0	0	0	0	0	0	0	0	0	0	0	0	0	0	0	0	0	0	0	0	0	0	0	0	0	0	0	0	0	0	0	0	0	0	0	0	0	0	0	0	0	0	0	0	0	0	0	0	0	0	0	0	0	0
46	A	T	ORF	S	NULL	0	0	0	0	0	0	0	0	0	0	0	0	0	0	0	0	0	0	0	0	0	0	0	0	0	0	0	0	0	0	0	0	0	0	0	0	0	0	0	0	0	0	0	0	0	0	0	0	0	0	0	0	0	0
47	A	T	ORF	S	NULL	0	0	0	0	0	0	0	0	0	0	0	0	0	0	0	0	0	0	0	0	0	0	0	0	0	0	0	0	0	0	0	0	0	0	0	0	0	0	0	0	0	0	0	0	0	0	0	0	0	0	0	0	0	0
48	A	T	ORF	S	NULL	0	0	0	0	0	0	0	0	0	0	0	0	0	0	0	0	0	0	0	0	0	0	0	0	0	0	0	0	0	0	0	0	0	0	0	0	0	0	0	0	0	0	0	0	0	0	0	0	0	0	0	0	0	0
49	A	T	ORF	S	NULL	0	0	0	0	0.0280287	0.0001	0.672874	0.459798	0.000100005	0.0001	0.000100003	0.0001	0.0180082	0.783572	0.0001	0.0724603	0.0001	0.595784	0.0001	0.000100001	0.125054	0.0162034	0.0001	0.0211983	0.348945	0.00949941	0.000100005	0.0949107	0.35994	0.701975	0.665402	0.0001	0.216181	0.0001	0.0001	0.0001	0.0001	0.000100007	0.000100002	0.000100001	0.186249	0.0001	0.139916	0.0001	0.0549062	0.00174233	0.0001	0.999911	0.135463	0.197801	0.0001	0.343656	0.259502	0.0929105
50	A	T	ORF	S	NULL	0	0	0	0	0	0	0	0	0	0	0	0	0	0	0	0	0	0	0	0	0	0	0	0	0	0	0	0	0	0	0	0	0	0	0	0	0	0	0	0	0	0	0	0	0	0	0	0	0	0	0	0	0	0
51	A	T	ORF	S	NULL	0	0	0	0	0	0	0	0	0	0	0	0	0	0	0	0	0	0	0	0	0	0	0	0	0	0	0	0	0	0	0	0	0	0	0	0	0	0	0	0	0	0	0	0	0	0	0	0	0	0	0	0	0	0
52	A	T	ORF	S	NULL	0	0	0	0	0.000200001	0.0002	0.0002	0.000200001	0.00020001	0.0002	0.000200002	1.00002	0.490625	0.0002	0.0990149	0.244203	0.655053	0.0002	0.308024	0.170863	0.176005	0.0002	0.909072	0.000200001	0.378021	0.465573	0.0480191	0.000200002	0.39002	0.0002	0.0002	0.146012	0.302832	0.809075	0.687514	0.0002	0.0589776	0.000200007	0.000200001	0.428288	0.136061	0.303017	0.197011	0.0002	0.0552236	0.0002	0.0002	0.0002	0.169323	0.0002	0.857068	0.0002	0.0475813	0.000200003
53	A	T	ORF	S	NULL	0	0	0	0	0	0	0	0	0	0	0	0	0	0	0	0	0	0	0	0	0	0	0	0	0	0	0	0	0	0	0	0	0	0	0	0	0	0	0	0	0	0	0	0	0	0	0	0	0	0	0	0	0	0
54	A	T	ORF	S	NULL	0	0	0	0	0	0	0	0	0	0	0	0	0	0	0	0	0	0	0	0	0	0	0	0	0	0	0	0	0	0	0	0	0	0	0	0	0	0	0	0	0	0	0	0	0	0	0	0	0	0	0	0	0	0
55	A	T	ORF	S	NULL	0	0	0	0	0.33031	0.0233423	0.0001	0.0133154	0.0001	0.0407007	0.000100001	0.0001	0.0001	0.0001	0.184813	0.16879	0.0001	0.0001	0.0001	0.0302608	0.0263111	0.0196475	0.0899061	0.472542	0.27192	0.0001	0.0001	0.529939	0.248917	0.29692	0.0001	0.0001	0.0001	0.0001	0.0253583	0.14391	0.043563	0.0001	0.527659	0.00974742	0.624718	0.000100001	0.520938	0.162806	0.0001	0.0001	0.0323474	0.0001	0.349175	0.0001	0.0001	0.00414634	0.327521	0.000100001
56	A	T	ORF	S	NULL	0	0	0	0	0	0	0	0	0	0	0	0	0	0	0	0	0	0	0	0	0	0	0	0	0	0	0	0	0	0	0	0	0	0	0	0	0	0	0	0	0	0	0	0	0	0	0	0	0	0	0	0	0	0
57	A	T	ORF	S	NULL	0	0	0	0	0	0	0	0	0	0	0	0	0	0	0	0	0	0	0	0	0	0	0	0	0	0	0	0	0	0	0	0	0	0	0	0	0	0	0	0	0	0	0	0	0	0	0	0	0	0	0	0	0	0
58	A	T	ORF	S	NULL	0	0	0	0	0.0001	0.0001	0.0001	0.000100001	0.00010001	0.0001	0.000100002	0.000100003	0.000100001	0.0001	0.0989149	0.244103	0.654953	0.0001	0.307924	0.00193853	0.0424837	0.0001	0.908972	0.000100001	0.000100001	0.000100002	0.0479191	0.000100002	0.000100001	0.0001	0.0001	0.145912	0.000100001	0.808975	0.687414	0.0001	0.0001	0.000100007	0.000100001	0.288314	0.0001	0.000100001	0.0001	0.0001	0.0551236	0.0001	0.0001	0.0001	0.0001	0.0001	0.856968	0.0001	0.0474813	0.000100003
59	A	T	ORF	S	NULL	0	0	0	0	0.0001	0.0001	0.0001	0.0001	0.0001	0.0001	0.0001	0.999922	0.490525	0.0001	0.0001	0.0001	0.0001	0.0001	0.0001	0.168925	0.133521	0.0001	0.0001	0.0001	0.377921	0.465473	0.0001	0.0001	0.38992	0.0001	0.0001	0.0001	0.302732	0.0001	0.0001	0.0001	0.0588776	0.0001	0.0001	0.139974	0.135961	0.302917	0.196911	0.0001	0.0001	0.0001	0.0001	0.0001	0.169223	0.0001	0.0001	0.0001	0.0001	0.0001
60	A	T	ORF	S	NULL	0	0	0	0	0	0	0	0	0	0	0	0	0	0	0	0	0	0	0	0	0	0	0	0	0	0	0	0	0	0	0	0	0	0	0	0	0	0	0	0	0	0	0	0	0	0	0	0	0	0	0	0	0	0
61	A	T	ORF	S	NULL	0	0	0	0	0	0	0	0	0	0	0	0	0	0	0	0	0	0	0	0	0	0	0	0	0	0	0	0	0	0	0	0	0	0	0	0	0	0	0	0	0	0	0	0	0	0	0	0	0	0	0	0	0	0
62	A	T	ORF	S	NULL	0	0	0	0	0.0280287	0.0001	0.672874	0.459798	0.000100005	0.0001	0.000100003	0.0001	0.0180082	0.783572	0.0001	0.0724603	0.0001	0.595784	0.0001	0.000100001	0.125054	0.0162034	0.0001	0.0211983	0.348945	0.00949941	0.000100005	0.0949107	0.35994	0.701975	0.665402	0.0001	0.216181	0.0001	0.0001	0.0001	0.0001	0.000100007	0.000100002	0.000100001	0.186249	0.0001	0.139916	0.0001	0.0549062	0.00174233	0.0001	0.999911	0.135463	0.197801	0.0001	0.343656	0.259502	0.0929105
63	A	T	ORF	S	NULL	0	0	0	0	0	0	0	0	0	0	0	0	0	0	0	0	0	0	0	0	0	0	0	0	0	0	0	0	0	0	0	0	0	0	0	0	0	0	0	0	0	0	0	0	0	0	0	0	0	0	0	0	0	0
64	A	T	ORF	S	NULL	0	0	0	0	0.0001	0.0001	0.0001	0.000100001	0.00010001	0.0001	0.000100002	0.000100003	0.000100001	0.0001	0.0989149	0.244103	0.654953	0.0001	0.307924	0.00193853	0.0424837	0.0001	0.908972	0.000100001	0.000100001	0.000100002	0.0479191	0.000100002	0.000100001	0.0001	0.0001	0.145912	0.000100001	0.808975	0.687414	0.0001	0.0001	0.000100007	0.000100001	0.288314	0.0001	0.000100001	0.0001	0.0001	0.0551236	0.0001	0.0001	0.0001	0.0001	0.0001	0.856968	0.0001	0.0474813	0.000100003
65	A	T	ORF	S	NULL	0	0	0	0	0.0001	0.0001	0.0001	0.0001	0.0001	0.0001	0.0001	0.999922	0.490525	0.0001	0.0001	0.0001	0.0001	0.0001	0.0001	0.168925	0.133521	0.0001	0.0001	0.0001	0.377921	0.465473	0.0001	0.0001	0.38992	0.0001	0.0001	0.0001	0.302732	0.0001	0.0001	0.0001	0.0588776	0.0001	0.0001	0.139974	0.135961	0.302917	0.196911	0.0001	0.0001	0.0001	0.0001	0.0001	0.169223	0.0001	0.0001	0.0001	0.0001	0.0001
66	A	T	ORF	S	NULL	0	0	0	0	0	0	0	0	0	0	0	0	0	0	0	0	0	0	0	0	0	0	0	0	0	0	0	0	0	0	0	0	0	0	0	0	0	0	0	0	0	0	0	0	0	0	0	0	0	0	0	0	0	0
67	A	T	ORF	S	NULL	0	0	0	0	0.397396	0.930507	0.327126	0.119949	0.0001	0.486665	0.28425	0.000100001	0.491467	0.206762	0.504714	0.273317	0.0001	0.300169	0.336703	0.288884	0.254368	0.914869	0.0001	0.330848	0.0001	0.23045	0.0001	0.0001	0.0001	0.0001	0.288197	0.157219	0.29236	0.0001	0.22367	0.0001	0.788479	0.0001	0.145501	0.0957249	0.0530721	0.0122583	0.0001	0.745687	0.000100001	0.998258	0.886618	0.0001	0.151937	0.802199	0.0001	0.13748	0.322796	0.0001
68	A	T	ORF	S	NULL	0	0	0	0	0	0	0	0	0	0	0	0	0	0	0	0	0	0	0	0	0	0	0	0	0	0	0	0	0	0	0	0	0	0	0	0	0	0	0	0	0	0	0	0	0	0	0	0	0	0	0	0	0	0
69	A	T	ORF	S	NULL	0	0	0	0	0	0	0	0	0	0	0	0	0	0	0	0	0	0	0	0	0	0	0	0	0	0	0	0	0	0	0	0	0	0	0	0	0	0	0	0	0	0	0	0	0	0	0	0	0	0	0	0	0	0
70	A	T	ORF	S	NULL	0	0	0	0	0	0	0	0	0	0	0	0	0	0	0	0	0	0	0	0	0	0	0	0	0	0	0	0	0	0	0	0	0	0	0	0	0	0	0	0	0	0	0	0	0	0	0	0	0	0	0	0	0	0
71	A	T	ORF	S	NULL	0	0	0	0	0.0280287	0.0001	0.672874	0.459798	0.000100005	0.0001	0.000100003	0.0001	0.0180082	0.783572	0.0001	0.0724603	0.0001	0.595784	0.0001	0.000100001	0.125054	0.0162034	0.0001	0.0211983	0.348945	0.00949941	0.000100005	0.0949107	0.35994	0.701975	0.665402	0.0001	0.216181	0.0001	0.0001	0.0001	0.0001	0.000100007	0.000100002	0.000100001	0.186249	0.0001	0.139916	0.0001	0.0549062	0.00174233	0.0001	0.999911	0.135463	0.197801	0.0001	0.343656	0.259502	0.0929105
72	A	T	ORF	S	NULL	0	0	0	0	0	0	0	0	0	0	0	0	0	0	0	0	0	0	0	0	0	0	0	0	0	0	0	0	0	0	0	0	0	0	0	0	0	0	0	0	0	0	0	0	0	0	0	0	0	0	0	0	0	0
73	A	T	ORF	S	NULL	0	0	0	0	0.136596	0.0001	0.0001	0.000100004	0.0001	0.373925	0.000100006	0.0001	0.0001	0.0001	0.0001	0.0001	0.343922	0.104047	0.0001	0.147934	0.000100004	0.0001	0.0001	0.000100001	0.0001	0.294578	0.000100011	0.000100004	0.0001	0.0001	0.0001	0.68694	0.188727	0.189911	0.0001	0.192912	0.0001	0.000100014	0.000100004	0.333315	0.0001	0.0001	0.138909	0.0001	0.561937	0.0001	0.0001	0.0001	0.037654	0.0001	0.0001	0.283293	0.0001	0.000100006
74	A	T	ORF	S	NULL	0	0	0	0	0	0	0	0	0	0	0	0	0	0	0	0	0	0	0	0	0	0	0	0	0	0	0	0	0	0	0	0	0	0	0	0	0	0	0	0	0	0	0	0	0	0	0	0	0	0	0	0	0	0
75	A	T	ORF	S	NULL	0	0	0	0	0	0	0	0	0	0	0	0	0	0	0	0	0	0	0	0	0	0	0	0	0	0	0	0	0	0	0	0	0	0	0	0	0	0	0	0	0	0	0	0	0	0	0	0	0	0	0	0	0	0
76	A	T	ORF	S	NULL	0	0	0	0	0.244266	0.0002	0.0002	0.340048	1.00001	0.374025	0.486516	0.0002	0.0002	0.0002	0.0002	0.0451857	0.344022	0.104147	0.0002	0.422875	0.36563	0.0002	0.0002	0.175512	0.0002	0.294678	0.709052	0.373018	0.0002	0.0002	0.0465018	0.68704	0.188827	0.190011	0.0002	0.193012	0.0002	1.00001	0.290014	0.426942	0.0002	0.0002	0.139009	0.0002	0.665062	0.0002	0.0002	0.0002	0.037754	0.0002	0.0002	0.283393	0.0002	0.538025
77	A	T	ORF	S	NULL	0	0	0	0	0	0	0	0	0	0	0	0	0	0	0	0	0	0	0	0	0	0	0	0	0	0	0	0	0	0	0	0	0	0	0	0	0	0	0	0	0	0	0	0	0	0	0	0	0	0	0	0	0	0
78	A	T	ORF	S	NULL	0	0	0	0	0	0	0	0	0	0	0	0	0	0	0	0	0	0	0	0	0	0	0	0	0	0	0	0	0	0	0	0	0	0	0	0	0	0	0	0	0	0	0	0	0	0	0	0	0	0	0	0	0	0
79	A	T	ORF	S	NULL	0	0	0	0	0	0	0	0	0	0	0	0	0	0	0	0	0	0	0	0	0	0	0	0	0	0	0	0	0	0	0	0	0	0	0	0	0	0	0	0	0	0	0	0	0	0	0	0	0	0	0	0	0	0
80	A	T	ORF	S	NULL	0	0	0	0	0.33031	0.0233423	0.0001	0.0133154	0.0001	0.0407007	0.000100001	0.0001	0.0001	0.0001	0.184813	0.16879	0.0001	0.0001	0.0001	0.0302608	0.0263111	0.0196475	0.0899061	0.472542	0.27192	0.0001	0.0001	0.529939	0.248917	0.29692	0.0001	0.0001	0.0001	0.0001	0.0253583	0.14391	0.043563	0.0001	0.527659	0.00974742	0.624718	0.000100001	0.520938	0.162806	0.0001	0.0001	0.0323474	0.0001	0.349175	0.0001	0.0001	0.00414634	0.327521	0.000100001
81	A	T	ORF	S	NULL	0	0	0	0	0.0001	0.0135069	0.0001	0.0669895	0.0001	0.0001	0.229334	0.0001	0.0001	0.0001	0.211559	0.125308	0.0001	0.0001	0.267794	0.0716341	0.052732	0.0492796	0.0001	0.0001	0.0001	0.0001	0.241933	0.0001	0.0001	0.0001	0.0001	0.0001	0.0001	0.0001	0.0635573	0.66099	0.10908	0.0001	0.0285242	0.039297	0.0001	0.68162	0.0001	0.0915076	0.221923	0.0001	0.0810344	0.0001	0.156548	0.0001	0.141915	0.231425	0.0427002	0.366933
82	A	T	ORF	S	NULL	0	0	0	0	0	0	0	0	0	0	0	0	0	0	0	0	0	0	0	0	0	0	0	0	0	0	0	0	0	0	0	0	0	0	0	0	0	0	0	0	0	0	0	0	0	0	0	0	0	0	0	0	0	0
83	A	T	ORF	S	NULL	0	0	0	0	0	0	0	0	0	0	0	0	0	0	0	0	0	0	0	0	0	0	0	0	0	0	0	0	0	0	0	0	0	0	0	0	0	0	0	0	0	0	0	0	0	0	0	0	0	0	0	0	0	0
84	A	T	ORF	S	NULL	0	0	0	0	0	0	0	0	0	0	0	0	0	0	0	0	0	0	0	0	0	0	0	0	0	0	0	0	0	0	0	0	0	0	0	0	0	0	0	0	0	0	0	0	0	0	0	0	0	0	0	0	0	0
85	A	T	ORF	S	NULL	0	0	0	0	0	0	0	0	0	0	0	0	0	0	0	0	0	0	0	0	0	0	0	0	0	0	0	0	0	0	0	0	0	0	0	0	0	0	0	0	0	0	0	0	0	0	0	0	0	0	0	0	0	0
86	A	T	ORF	S	NULL	0	0	0	0	0	0	0	0	0	0	0	0	0	0	0	0	0	0	0	0	0	0	0	0	0	0	0	0	0	0	0	0	0	0	0	0	0	0	0	0	0	0	0	0	0	0	0	0	0	0	0	0	0	0
87	A	T	ORF	S	NULL	0	0	0	0	0	0	0	0	0	0	0	0	0	0	0	0	0	0	0	0	0	0	0	0	0	0	0	0	0	0	0	0	0	0	0	0	0	0	0	0	0	0	0	0	0	0	0	0	0	0	0	0	0	0
88	A	T	ORF	S	NULL	0	0	0	0	0.0280287	0.0001	0.672874	0.459798	0.000100005	0.0001	0.000100003	0.0001	0.0180082	0.783572	0.0001	0.0724603	0.0001	0.595784	0.0001	0.000100001	0.125054	0.0162034	0.0001	0.0211983	0.348945	0.00949941	0.000100005	0.0949107	0.35994	0.701975	0.665402	0.0001	0.216181	0.0001	0.0001	0.0001	0.0001	0.000100007	0.000100002	0.000100001	0.186249	0.0001	0.139916	0.0001	0.0549062	0.00174233	0.0001	0.999911	0.135463	0.197801	0.0001	0.343656	0.259502	0.0929105
89	A	T	ORF	S	NULL	0	0	0	0	0.10777	0.0002	0.0002	0.340048	1.00001	0.0002	0.486516	0.000200003	0.000200001	0.0002	0.0990149	0.289188	0.655053	0.0002	0.308024	0.276879	0.408014	0.0002	0.909072	0.175512	0.000200001	0.000200002	0.756871	0.373018	0.000200001	0.0002	0.0465018	0.146012	0.000200001	0.809075	0.687514	0.0002	0.0002	1.00001	0.290014	0.381941	0.0002	0.000200001	0.0002	0.0002	0.158249	0.0002	0.0002	0.0002	0.0002	0.0002	0.857068	0.0002	0.0475813	0.538025
90	A	T	ORF	S	NULL	0	0	0	0	0	0	0	0	0	0	0	0	0	0	0	0	0	0	0	0	0	0	0	0	0	0	0	0	0	0	0	0	0	0	0	0	0	0	0	0	0	0	0	0	0	0	0	0	0	0	0	0	0	0
91	A	T	ORF	S	NULL	0	0	0	0	0.33041	0.0368493	0.0002	0.080305	0.0002	0.0408007	0.229434	0.0002	0.0002	0.0002	0.396371	0.294098	0.0002	0.0002	0.267894	0.101895	0.0790431	0.0689271	0.0900061	0.472642	0.27202	0.0002	0.242033	0.530039	0.249017	0.29702	0.0002	0.0002	0.0002	0.0002	0.0889156	0.804899	0.152643	0.0002	0.556184	0.0490444	0.624818	0.68172	0.521038	0.254313	0.222023	0.0002	0.113382	0.0002	0.505723	0.0002	0.142015	0.235571	0.370221	0.367033
92	A	T	ORF	S	NULL	0	0	0	0	0.0280287	0.0001	0.672874	0.459798	0.000100005	0.0001	0.000100003	0.0001	0.0180082	0.783572	0.0001	0.0724603	0.0001	0.595784	0.0001	0.000100001	0.125054	0.0162034	0.0001	0.0211983	0.348945	0.00949941	0.000100005	0.0949107	0.35994	0.701975	0.665402	0.0001	0.216181	0.0001	0.0001	0.0001	0.0001	0.000100007	0.000100002	0.000100001	0.186249	0.0001	0.139916	0.0001	0.0549062	0.00174233	0.0001	0.999911	0.135463	0.197801	0.0001	0.343656	0.259502	0.0929105
93	A	T	ORF	S	NULL	0	0	0	0	0	0	0	0	0	0	0	0	0	0	0	0	0	0	0	0	0	0	0	0	0	0	0	0	0	0	0	0	0	0	0	0	0	0	0	0	0	0	0	0	0	0	0	0	0	0	0	0	0	0
94	A	T	ORF	S	NULL	0	0	0	0	0	0	0	0	0	0	0	0	0	0	0	0	0	0	0	0	0	0	0	0	0	0	0	0	0	0	0	0	0	0	0	0	0	0	0	0	0	0	0	0	0	0	0	0	0	0	0	0	0	0
95	A	T	ORF	S	NULL	0	0	0	0	0	0	0	0	0	0	0	0	0	0	0	0	0	0	0	0	0	0	0	0	0	0	0	0	0	0	0	0	0	0	0	0	0	0	0	0	0	0	0	0	0	0	0	0	0	0	0	0	0	0
96	A	T	ORF	S	NULL	0	0	0	0	0.397396	0.930507	0.327126	0.119949	0.0001	0.486665	0.28425	0.000100001	0.491467	0.206762	0.504714	0.273317	0.0001	0.300169	0.336703	0.288884	0.254368	0.914869	0.0001	0.330848	0.0001	0.23045	0.0001	0.0001	0.0001	0.0001	0.288197	0.157219	0.29236	0.0001	0.22367	0.0001	0.788479	0.0001	0.145501	0.0957249	0.0530721	0.0122583	0.0001	0.745687	0.000100001	0.998258	0.886618	0.0001	0.151937	0.802199	0.0001	0.13748	0.322796	0.0001
97	A	T	ORF	S	NULL	0	0	0	0	0.0001	0.0135069	0.0001	0.0669895	0.0001	0.0001	0.229334	0.0001	0.0001	0.0001	0.211559	0.125308	0.0001	0.0001	0.267794	0.0716341	0.052732	0.0492796	0.0001	0.0001	0.0001	0.0001	0.241933	0.0001	0.0001	0.0001	0.0001	0.0001	0.0001	0.0001	0.0635573	0.66099	0.10908	0.0001	0.0285242	0.039297	0.0001	0.68162	0.0001	0.0915076	0.221923	0.0001	0.0810344	0.0001	0.156548	0.0001	0.141915	0.231425	0.0427002	0.366933
98	A	T	ORF	S	NULL	0	0	0	0	0.10767	0.0001	0.0001	0.339948	0.999913	0.0001	0.486416	0.0001	0.0001	0.0001	0.0001	0.0450857	0.0001	0.0001	0.0001	0.274941	0.36553	0.0001	0.0001	0.175412	0.0001	0.0001	0.708952	0.372918	0.0001	0.0001	0.0464018	0.0001	0.0001	0.0001	0.0001	0.0001	0.0001	0.999914	0.289914	0.0936271	0.0001	0.0001	0.0001	0.0001	0.103125	0.0001	0.0001	0.0001	0.0001	0.0001	0.0001	0.0001	0.0001	0.537925
99	A	T	ORF	S	NULL	0	0	0	0	0	0	0	0	0	0	0	0	0	0	0	0	0	0	0	0	0	0	0	0	0	0	0	0	0	0	0	0	0	0	0	0	0	0	0	0	0	0	0	0	0	0	0	0	0	0	0	0	0	0
100	A	T	ORF	S	NULL	0	0	0	0	0	0	0	0	0	0	0	0	0	0	0	0	0	0	0	0	0	0	0	0	0	0	0	0	0	0	0	0	0	0	0	0	0	0	0	0	0	0	0	0	0	0	0	0	0	0	0	0	0	0
