pos	ref	alt	gene	N/S	AA	nSRAsubclonal	nSRAclonal	nSRA	nConsensus	sample0|Earth	sample1|Earth	sample2|Earth	sample3|Earth	sample4|Earth	sample5|Earth	sample6|Earth	sample7|Earth	sample8|Earth	sample9|Earth	sample10|Earth	sample11|Earth	sample12|Earth	sample13|Earth	sample14|Earth	sample15|Earth	sample16|Earth	sample17|Earth	sample18|Earth	sample19|Earth	sample20|Earth	sample21|Earth	sample22|Earth	sample23|Earth	sample24|Earth	sample25|Earth	sample26|Earth	sample27|Earth	sample28|Earth	sample29|Earth	sample30|Earth	sample31|Earth	sample32|Earth	sample33|Earth	sample34|Earth	sample35|Earth	sample36|Earth	sample37|Earth	sample38|Earth	sample39|Earth	sample40|Earth	sample41|Earth	sample42|Earth	sample43|Earth	sample44|Earth	sample45|Earth	sample46|Earth	sample47|Earth	sample48|Earth	sample49|Earth
1	A	T	ORF	S	NULL	0	0	0	0	0	0	0	0	0	0	0	0	0	0	0	0	0	0	0	0	0	0	0	0	0	0	0	0	0	0	0	0	0	0	0	0	0	0	0	0	0	0	0	0	0	0	0	0	0	0	0	0	0	0
2	A	T	ORF	S	NULL	0	0	0	0	0	0	0	0	0	0	0	0	0	0	0	0	0	0	0	0	0	0	0	0	0	0	0	0	0	0	0	0	0	0	0	0	0	0	0	0	0	0	0	0	0	0	0	0	0	0	0	0	0	0
3	A	T	ORF	S	NULL	0	0	0	0	0	0	0	0	0	0	0	0	0	0	0	0	0	0	0	0	0	0	0	0	0	0	0	0	0	0	0	0	0	0	0	0	0	0	0	0	0	0	0	0	0	0	0	0	0	0	0	0	0	0
4	A	T	ORF	S	NULL	0	0	0	0	0	0	0	0	0	0	0	0	0	0	0	0	0	0	0	0	0	0	0	0	0	0	0	0	0	0	0	0	0	0	0	0	0	0	0	0	0	0	0	0	0	0	0	0	0	0	0	0	0	0
5	A	T	ORF	S	NULL	0	0	0	0	0	0	0	0	0	0	0	0	0	0	0	0	0	0	0	0	0	0	0	0	0	0	0	0	0	0	0	0	0	0	0	0	0	0	0	0	0	0	0	0	0	0	0	0	0	0	0	0	0	0
6	A	T	ORF	S	NULL	0	0	0	0	0	0	0	0	0	0	0	0	0	0	0	0	0	0	0	0	0	0	0	0	0	0	0	0	0	0	0	0	0	0	0	0	0	0	0	0	0	0	0	0	0	0	0	0	0	0	0	0	0	0
7	A	T	ORF	S	NULL	0	0	0	0	0	0	0	0	0	0	0	0	0	0	0	0	0	0	0	0	0	0	0	0	0	0	0	0	0	0	0	0	0	0	0	0	0	0	0	0	0	0	0	0	0	0	0	0	0	0	0	0	0	0
8	A	T	ORF	S	NULL	0	0	0	0	0	0	0	0	0	0	0	0	0	0	0	0	0	0	0	0	0	0	0	0	0	0	0	0	0	0	0	0	0	0	0	0	0	0	0	0	0	0	0	0	0	0	0	0	0	0	0	0	0	0
9	A	T	ORF	S	NULL	0	0	0	0	0.118167	0.000435101	0.0001	0.221538	0.359483	0.138856	0.000177016	0.0615269	0.0125676	0.231275	0.21042	0.253327	0.0001	0.166236	0.000189581	0.412535	0.0001	0.000129994	0.780989	0.0001	0.000270625	0.275304	0.000154142	0.000190714	0.0001	0.658384	0.000188929	0.129267	0.280692	0.306311	0.000186561	0.194807	0.0955481	0.000401376	0.108629	0.000395408	0.000317851	0.370234	0.0632808	0.000101269	0.000571647	0.000236806	0.746475	0.170422	0.714658	0.000134993	0.0464346	0.485546	0.0803819	0.164233
10	A	T	ORF	S	NULL	0	0	0	0	0	0	0	0	0	0	0	0	0	0	0	0	0	0	0	0	0	0	0	0	0	0	0	0	0	0	0	0	0	0	0	0	0	0	0	0	0	0	0	0	0	0	0	0	0	0	0	0	0	0
11	A	T	ORF	S	NULL	0	0	0	0	0	0	0	0	0	0	0	0	0	0	0	0	0	0	0	0	0	0	0	0	0	0	0	0	0	0	0	0	0	0	0	0	0	0	0	0	0	0	0	0	0	0	0	0	0	0	0	0	0	0
12	A	T	ORF	S	NULL	0	0	0	0	0	0	0	0	0	0	0	0	0	0	0	0	0	0	0	0	0	0	0	0	0	0	0	0	0	0	0	0	0	0	0	0	0	0	0	0	0	0	0	0	0	0	0	0	0	0	0	0	0	0
13	A	T	ORF	S	NULL	0	0	0	0	0	0	0	0	0	0	0	0	0	0	0	0	0	0	0	0	0	0	0	0	0	0	0	0	0	0	0	0	0	0	0	0	0	0	0	0	0	0	0	0	0	0	0	0	0	0	0	0	0	0
14	A	T	ORF	S	NULL	0	0	0	0	0.523205	0.434266	0.999967	0.111344	0.138497	0.36067	0.0001	0.534517	0.605409	0.0001	0.000195381	0.000128892	0.0001	0.833199	0.0001	0.014482	0.0001	0.811272	0.0585216	0.0001	0.808152	0.0001	0.0401577	0.430209	0.0001	0.0001	0.876238	0.385076	0.000212408	0.0201892	0.772162	0.322752	0.0596971	0.440269	0.0388027	0.0441331	0.309394	0.000141416	0.0001	0.813323	0.398407	0.347269	0.0636164	0.00022039	0.0543463	0.884213	0.0814537	0.0914906	0.407208	0.0201105
15	A	T	ORF	S	NULL	0	0	0	0	0	0	0	0	0	0	0	0	0	0	0	0	0	0	0	0	0	0	0	0	0	0	0	0	0	0	0	0	0	0	0	0	0	0	0	0	0	0	0	0	0	0	0	0	0	0	0	0	0	0
16	A	T	ORF	S	NULL	0	0	0	0	0	0	0	0	0	0	0	0	0	0	0	0	0	0	0	0	0	0	0	0	0	0	0	0	0	0	0	0	0	0	0	0	0	0	0	0	0	0	0	0	0	0	0	0	0	0	0	0	0	0
17	A	T	ORF	S	NULL	0	0	0	0	0	0	0	0	0	0	0	0	0	0	0	0	0	0	0	0	0	0	0	0	0	0	0	0	0	0	0	0	0	0	0	0	0	0	0	0	0	0	0	0	0	0	0	0	0	0	0	0	0	0
18	A	T	ORF	S	NULL	0	0	0	0	0	0	0	0	0	0	0	0	0	0	0	0	0	0	0	0	0	0	0	0	0	0	0	0	0	0	0	0	0	0	0	0	0	0	0	0	0	0	0	0	0	0	0	0	0	0	0	0	0	0
19	A	T	ORF	S	NULL	0	0	0	0	0	0	0	0	0	0	0	0	0	0	0	0	0	0	0	0	0	0	0	0	0	0	0	0	0	0	0	0	0	0	0	0	0	0	0	0	0	0	0	0	0	0	0	0	0	0	0	0	0	0
20	A	T	ORF	S	NULL	0	0	0	0	0	0	0	0	0	0	0	0	0	0	0	0	0	0	0	0	0	0	0	0	0	0	0	0	0	0	0	0	0	0	0	0	0	0	0	0	0	0	0	0	0	0	0	0	0	0	0	0	0	0
21	A	T	ORF	S	NULL	0	0	0	0	0.000147276	0.00033053	0.0001	0.000100032	0.244311	0.342938	0.635282	0.0921974	0.000229792	0.0001	0.352344	0.567344	0.0001	0.000112532	0.0001	0.414331	0.0001	0.000134275	0.0385204	0.0001	0.170113	0.0001	0.95925	0.0001	0.0001	0.00010124	0.0581531	0.000164646	0.479326	0.252286	0.000148244	0.141331	0.0645441	0.000221764	0.479514	0.0370826	0.0304633	0.629217	0.0001	0.186262	0.265197	0.405739	0.189325	0.288256	0.00022865	0.0001	0.757525	0.0292841	0.108375	0.233132
22	A	T	ORF	S	NULL	0	0	0	0	0.523205	0.434266	0.999967	0.111344	0.138497	0.36067	0.0001	0.534517	0.605409	0.0001	0.000195381	0.000128892	0.0001	0.833199	0.0001	0.014482	0.0001	0.811272	0.0585216	0.0001	0.808152	0.0001	0.0401577	0.430209	0.0001	0.0001	0.876238	0.385076	0.000212408	0.0201892	0.772162	0.322752	0.0596971	0.440269	0.0388027	0.0441331	0.309394	0.000141416	0.0001	0.813323	0.398407	0.347269	0.0636164	0.00022039	0.0543463	0.884213	0.0814537	0.0914906	0.407208	0.0201105
23	A	T	ORF	S	NULL	0	0	0	0	0	0	0	0	0	0	0	0	0	0	0	0	0	0	0	0	0	0	0	0	0	0	0	0	0	0	0	0	0	0	0	0	0	0	0	0	0	0	0	0	0	0	0	0	0	0	0	0	0	0
24	A	T	ORF	S	NULL	0	0	0	0	0	0	0	0	0	0	0	0	0	0	0	0	0	0	0	0	0	0	0	0	0	0	0	0	0	0	0	0	0	0	0	0	0	0	0	0	0	0	0	0	0	0	0	0	0	0	0	0	0	0
25	A	T	ORF	S	NULL	0	0	0	0	0	0	0	0	0	0	0	0	0	0	0	0	0	0	0	0	0	0	0	0	0	0	0	0	0	0	0	0	0	0	0	0	0	0	0	0	0	0	0	0	0	0	0	0	0	0	0	0	0	0
26	A	T	ORF	S	NULL	0	0	0	0	0	0	0	0	0	0	0	0	0	0	0	0	0	0	0	0	0	0	0	0	0	0	0	0	0	0	0	0	0	0	0	0	0	0	0	0	0	0	0	0	0	0	0	0	0	0	0	0	0	0
27	A	T	ORF	S	NULL	0	0	0	0	0	0	0	0	0	0	0	0	0	0	0	0	0	0	0	0	0	0	0	0	0	0	0	0	0	0	0	0	0	0	0	0	0	0	0	0	0	0	0	0	0	0	0	0	0	0	0	0	0	0
28	A	T	ORF	S	NULL	0	0	0	0	0	0	0	0	0	0	0	0	0	0	0	0	0	0	0	0	0	0	0	0	0	0	0	0	0	0	0	0	0	0	0	0	0	0	0	0	0	0	0	0	0	0	0	0	0	0	0	0	0	0
29	A	T	ORF	S	NULL	0	0	0	0	0	0	0	0	0	0	0	0	0	0	0	0	0	0	0	0	0	0	0	0	0	0	0	0	0	0	0	0	0	0	0	0	0	0	0	0	0	0	0	0	0	0	0	0	0	0	0	0	0	0
30	A	T	ORF	S	NULL	0	0	0	0	0	0	0	0	0	0	0	0	0	0	0	0	0	0	0	0	0	0	0	0	0	0	0	0	0	0	0	0	0	0	0	0	0	0	0	0	0	0	0	0	0	0	0	0	0	0	0	0	0	0
31	A	T	ORF	S	NULL	0	0	0	0	0	0	0	0	0	0	0	0	0	0	0	0	0	0	0	0	0	0	0	0	0	0	0	0	0	0	0	0	0	0	0	0	0	0	0	0	0	0	0	0	0	0	0	0	0	0	0	0	0	0
32	A	T	ORF	S	NULL	0	0	0	0	0	0	0	0	0	0	0	0	0	0	0	0	0	0	0	0	0	0	0	0	0	0	0	0	0	0	0	0	0	0	0	0	0	0	0	0	0	0	0	0	0	0	0	0	0	0	0	0	0	0
33	A	T	ORF	S	NULL	0	0	0	0	0	0	0	0	0	0	0	0	0	0	0	0	0	0	0	0	0	0	0	0	0	0	0	0	0	0	0	0	0	0	0	0	0	0	0	0	0	0	0	0	0	0	0	0	0	0	0	0	0	0
34	A	T	ORF	S	NULL	0	0	0	0	0	0	0	0	0	0	0	0	0	0	0	0	0	0	0	0	0	0	0	0	0	0	0	0	0	0	0	0	0	0	0	0	0	0	0	0	0	0	0	0	0	0	0	0	0	0	0	0	0	0
35	A	T	ORF	S	NULL	0	0	0	0	0	0	0	0	0	0	0	0	0	0	0	0	0	0	0	0	0	0	0	0	0	0	0	0	0	0	0	0	0	0	0	0	0	0	0	0	0	0	0	0	0	0	0	0	0	0	0	0	0	0
36	A	T	ORF	S	NULL	0	0	0	0	0	0	0	0	0	0	0	0	0	0	0	0	0	0	0	0	0	0	0	0	0	0	0	0	0	0	0	0	0	0	0	0	0	0	0	0	0	0	0	0	0	0	0	0	0	0	0	0	0	0
37	A	T	ORF	S	NULL	0	0	0	0	0.358197	0.554477	0.0001	0.000456222	0.257268	0.133788	0.364354	0.172359	0.381392	0.521312	0.115381	0.178732	0.999973	0.000212567	0.000189577	0.158301	0.999972	0.000267105	0.0785696	0.999973	0.0211732	0.724262	0.000245412	0.569281	0.0001	0.00018967	0.0651958	0.187287	0.239491	0.280741	0.0201712	0.000581324	0.779752	0.15142	0.232602	0.634208	0.659522	0.000186232	0.0472784	0.0001	0.163392	0.24646	0.000304348	0.000399517	0.000341727	0.115162	0.000415449	0.090293	0.403623	0.582286
38	A	T	ORF	S	NULL	0	0	0	0	0	0	0	0	0	0	0	0	0	0	0	0	0	0	0	0	0	0	0	0	0	0	0	0	0	0	0	0	0	0	0	0	0	0	0	0	0	0	0	0	0	0	0	0	0	0	0	0	0	0
39	A	T	ORF	S	NULL	0	0	0	0	0.118167	0.000435101	0.0001	0.221538	0.359483	0.138856	0.000177016	0.0615269	0.0125676	0.231275	0.21042	0.253327	0.0001	0.166236	0.000189581	0.412535	0.0001	0.000129994	0.780989	0.0001	0.000270625	0.275304	0.000154142	0.000190714	0.0001	0.658384	0.000188929	0.129267	0.280692	0.306311	0.000186561	0.194807	0.0955481	0.000401376	0.108629	0.000395408	0.000317851	0.370234	0.0632808	0.000101269	0.000571647	0.000236806	0.746475	0.170422	0.714658	0.000134993	0.0464346	0.485546	0.0803819	0.164233
40	A	T	ORF	S	NULL	0	0	0	0	0	0	0	0	0	0	0	0	0	0	0	0	0	0	0	0	0	0	0	0	0	0	0	0	0	0	0	0	0	0	0	0	0	0	0	0	0	0	0	0	0	0	0	0	0	0	0	0	0	0
41	A	T	ORF	S	NULL	0	0	0	0	0	0	0	0	0	0	0	0	0	0	0	0	0	0	0	0	0	0	0	0	0	0	0	0	0	0	0	0	0	0	0	0	0	0	0	0	0	0	0	0	0	0	0	0	0	0	0	0	0	0
42	A	T	ORF	S	NULL	0	0	0	0	0	0	0	0	0	0	0	0	0	0	0	0	0	0	0	0	0	0	0	0	0	0	0	0	0	0	0	0	0	0	0	0	0	0	0	0	0	0	0	0	0	0	0	0	0	0	0	0	0	0
43	A	T	ORF	S	NULL	0	0	0	0	0	0	0	0	0	0	0	0	0	0	0	0	0	0	0	0	0	0	0	0	0	0	0	0	0	0	0	0	0	0	0	0	0	0	0	0	0	0	0	0	0	0	0	0	0	0	0	0	0	0
44	A	T	ORF	S	NULL	0	0	0	0	0	0	0	0	0	0	0	0	0	0	0	0	0	0	0	0	0	0	0	0	0	0	0	0	0	0	0	0	0	0	0	0	0	0	0	0	0	0	0	0	0	0	0	0	0	0	0	0	0	0
45	A	T	ORF	S	NULL	0	0	0	0	0	0	0	0	0	0	0	0	0	0	0	0	0	0	0	0	0	0	0	0	0	0	0	0	0	0	0	0	0	0	0	0	0	0	0	0	0	0	0	0	0	0	0	0	0	0	0	0	0	0
46	A	T	ORF	S	NULL	0	0	0	0	0	0	0	0	0	0	0	0	0	0	0	0	0	0	0	0	0	0	0	0	0	0	0	0	0	0	0	0	0	0	0	0	0	0	0	0	0	0	0	0	0	0	0	0	0	0	0	0	0	0
47	A	T	ORF	S	NULL	0	0	0	0	0	0	0	0	0	0	0	0	0	0	0	0	0	0	0	0	0	0	0	0	0	0	0	0	0	0	0	0	0	0	0	0	0	0	0	0	0	0	0	0	0	0	0	0	0	0	0	0	0	0
48	A	T	ORF	S	NULL	0	0	0	0	0	0	0	0	0	0	0	0	0	0	0	0	0	0	0	0	0	0	0	0	0	0	0	0	0	0	0	0	0	0	0	0	0	0	0	0	0	0	0	0	0	0	0	0	0	0	0	0	0	0
49	A	T	ORF	S	NULL	0	0	0	0	0	0	0	0	0	0	0	0	0	0	0	0	0	0	0	0	0	0	0	0	0	0	0	0	0	0	0	0	0	0	0	0	0	0	0	0	0	0	0	0	0	0	0	0	0	0	0	0	0	0
50	A	T	ORF	S	NULL	0	0	0	0	0	0	0	0	0	0	0	0	0	0	0	0	0	0	0	0	0	0	0	0	0	0	0	0	0	0	0	0	0	0	0	0	0	0	0	0	0	0	0	0	0	0	0	0	0	0	0	0	0	0
51	A	T	ORF	S	NULL	0	0	0	0	0.000284294	0.0104908	0.0001	0.666565	0.000441196	0.023748	0.000179337	0.1394	0.000401635	0.247295	0.321659	0.000468012	0.0001	0.000240669	0.999432	0.000351034	0.0001	0.188197	0.043399	0.0001	0.000291571	0.000288041	0.000192408	0.00023099	0.999977	0.341254	0.000224322	0.298205	0.000278016	0.140473	0.207332	0.340529	0.000458275	0.407688	0.140452	0.284181	0.000303407	0.00022109	0.8893	0.000232779	0.172432	0.00029465	0.000278947	0.540702	0.230425	0.000426899	0.114171	0.303387	0.000412217	0.000238562
52	A	T	ORF	S	NULL	0	0	0	0	0.358344	0.554808	0.0002	0.000556254	0.501579	0.476726	0.999637	0.264556	0.381622	0.521412	0.467725	0.746076	1.00007	0.000325099	0.000289577	0.572632	1.00007	0.00040138	0.11709	1.00007	0.191286	0.724362	0.959496	0.569381	0.0002	0.00029091	0.123349	0.187452	0.718818	0.533027	0.0203194	0.141913	0.844297	0.151642	0.712116	0.671291	0.689985	0.629403	0.0473784	0.186362	0.428589	0.652199	0.18963	0.288656	0.000570377	0.115262	0.757941	0.119577	0.511998	0.815418
53	A	T	ORF	S	NULL	0	0	0	0	0	0	0	0	0	0	0	0	0	0	0	0	0	0	0	0	0	0	0	0	0	0	0	0	0	0	0	0	0	0	0	0	0	0	0	0	0	0	0	0	0	0	0	0	0	0	0	0	0	0
54	A	T	ORF	S	NULL	0	0	0	0	0	0	0	0	0	0	0	0	0	0	0	0	0	0	0	0	0	0	0	0	0	0	0	0	0	0	0	0	0	0	0	0	0	0	0	0	0	0	0	0	0	0	0	0	0	0	0	0	0	0
55	A	T	ORF	S	NULL	0	0	0	0	0	0	0	0	0	0	0	0	0	0	0	0	0	0	0	0	0	0	0	0	0	0	0	0	0	0	0	0	0	0	0	0	0	0	0	0	0	0	0	0	0	0	0	0	0	0	0	0	0	0
56	A	T	ORF	S	NULL	0	0	0	0	0	0	0	0	0	0	0	0	0	0	0	0	0	0	0	0	0	0	0	0	0	0	0	0	0	0	0	0	0	0	0	0	0	0	0	0	0	0	0	0	0	0	0	0	0	0	0	0	0	0
57	A	T	ORF	S	NULL	0	0	0	0	0	0	0	0	0	0	0	0	0	0	0	0	0	0	0	0	0	0	0	0	0	0	0	0	0	0	0	0	0	0	0	0	0	0	0	0	0	0	0	0	0	0	0	0	0	0	0	0	0	0
58	A	T	ORF	S	NULL	0	0	0	0	0.000147276	0.00033053	0.0001	0.000100032	0.244311	0.342938	0.635282	0.0921974	0.000229792	0.0001	0.352344	0.567344	0.0001	0.000112532	0.0001	0.414331	0.0001	0.000134275	0.0385204	0.0001	0.170113	0.0001	0.95925	0.0001	0.0001	0.00010124	0.0581531	0.000164646	0.479326	0.252286	0.000148244	0.141331	0.0645441	0.000221764	0.479514	0.0370826	0.0304633	0.629217	0.0001	0.186262	0.265197	0.405739	0.189325	0.288256	0.00022865	0.0001	0.757525	0.0292841	0.108375	0.233132
59	A	T	ORF	S	NULL	0	0	0	0	0.358197	0.554477	0.0001	0.000456222	0.257268	0.133788	0.364354	0.172359	0.381392	0.521312	0.115381	0.178732	0.999973	0.000212567	0.000189577	0.158301	0.999972	0.000267105	0.0785696	0.999973	0.0211732	0.724262	0.000245412	0.569281	0.0001	0.00018967	0.0651958	0.187287	0.239491	0.280741	0.0201712	0.000581324	0.779752	0.15142	0.232602	0.634208	0.659522	0.000186232	0.0472784	0.0001	0.163392	0.24646	0.000304348	0.000399517	0.000341727	0.115162	0.000415449	0.090293	0.403623	0.582286
60	A	T	ORF	S	NULL	0	0	0	0	0	0	0	0	0	0	0	0	0	0	0	0	0	0	0	0	0	0	0	0	0	0	0	0	0	0	0	0	0	0	0	0	0	0	0	0	0	0	0	0	0	0	0	0	0	0	0	0	0	0
61	A	T	ORF	S	NULL	0	0	0	0	0	0	0	0	0	0	0	0	0	0	0	0	0	0	0	0	0	0	0	0	0	0	0	0	0	0	0	0	0	0	0	0	0	0	0	0	0	0	0	0	0	0	0	0	0	0	0	0	0	0
62	A	T	ORF	S	NULL	0	0	0	0	0	0	0	0	0	0	0	0	0	0	0	0	0	0	0	0	0	0	0	0	0	0	0	0	0	0	0	0	0	0	0	0	0	0	0	0	0	0	0	0	0	0	0	0	0	0	0	0	0	0
63	A	T	ORF	S	NULL	0	0	0	0	0	0	0	0	0	0	0	0	0	0	0	0	0	0	0	0	0	0	0	0	0	0	0	0	0	0	0	0	0	0	0	0	0	0	0	0	0	0	0	0	0	0	0	0	0	0	0	0	0	0
64	A	T	ORF	S	NULL	0	0	0	0	0.000147276	0.00033053	0.0001	0.000100032	0.244311	0.342938	0.635282	0.0921974	0.000229792	0.0001	0.352344	0.567344	0.0001	0.000112532	0.0001	0.414331	0.0001	0.000134275	0.0385204	0.0001	0.170113	0.0001	0.95925	0.0001	0.0001	0.00010124	0.0581531	0.000164646	0.479326	0.252286	0.000148244	0.141331	0.0645441	0.000221764	0.479514	0.0370826	0.0304633	0.629217	0.0001	0.186262	0.265197	0.405739	0.189325	0.288256	0.00022865	0.0001	0.757525	0.0292841	0.108375	0.233132
65	A	T	ORF	S	NULL	0	0	0	0	0.358197	0.554477	0.0001	0.000456222	0.257268	0.133788	0.364354	0.172359	0.381392	0.521312	0.115381	0.178732	0.999973	0.000212567	0.000189577	0.158301	0.999972	0.000267105	0.0785696	0.999973	0.0211732	0.724262	0.000245412	0.569281	0.0001	0.00018967	0.0651958	0.187287	0.239491	0.280741	0.0201712	0.000581324	0.779752	0.15142	0.232602	0.634208	0.659522	0.000186232	0.0472784	0.0001	0.163392	0.24646	0.000304348	0.000399517	0.000341727	0.115162	0.000415449	0.090293	0.403623	0.582286
66	A	T	ORF	S	NULL	0	0	0	0	0	0	0	0	0	0	0	0	0	0	0	0	0	0	0	0	0	0	0	0	0	0	0	0	0	0	0	0	0	0	0	0	0	0	0	0	0	0	0	0	0	0	0	0	0	0	0	0	0	0
67	A	T	ORF	S	NULL	0	0	0	0	0.000284294	0.0104908	0.0001	0.666565	0.000441196	0.023748	0.000179337	0.1394	0.000401635	0.247295	0.321659	0.000468012	0.0001	0.000240669	0.999432	0.000351034	0.0001	0.188197	0.043399	0.0001	0.000291571	0.000288041	0.000192408	0.00023099	0.999977	0.341254	0.000224322	0.298205	0.000278016	0.140473	0.207332	0.340529	0.000458275	0.407688	0.140452	0.284181	0.000303407	0.00022109	0.8893	0.000232779	0.172432	0.00029465	0.000278947	0.540702	0.230425	0.000426899	0.114171	0.303387	0.000412217	0.000238562
68	A	T	ORF	S	NULL	0	0	0	0	0	0	0	0	0	0	0	0	0	0	0	0	0	0	0	0	0	0	0	0	0	0	0	0	0	0	0	0	0	0	0	0	0	0	0	0	0	0	0	0	0	0	0	0	0	0	0	0	0	0
69	A	T	ORF	S	NULL	0	0	0	0	0	0	0	0	0	0	0	0	0	0	0	0	0	0	0	0	0	0	0	0	0	0	0	0	0	0	0	0	0	0	0	0	0	0	0	0	0	0	0	0	0	0	0	0	0	0	0	0	0	0
70	A	T	ORF	S	NULL	0	0	0	0	0	0	0	0	0	0	0	0	0	0	0	0	0	0	0	0	0	0	0	0	0	0	0	0	0	0	0	0	0	0	0	0	0	0	0	0	0	0	0	0	0	0	0	0	0	0	0	0	0	0
71	A	T	ORF	S	NULL	0	0	0	0	0	0	0	0	0	0	0	0	0	0	0	0	0	0	0	0	0	0	0	0	0	0	0	0	0	0	0	0	0	0	0	0	0	0	0	0	0	0	0	0	0	0	0	0	0	0	0	0	0	0
72	A	T	ORF	S	NULL	0	0	0	0	0	0	0	0	0	0	0	0	0	0	0	0	0	0	0	0	0	0	0	0	0	0	0	0	0	0	0	0	0	0	0	0	0	0	0	0	0	0	0	0	0	0	0	0	0	0	0	0	0	0
73	A	T	ORF	S	NULL	0	0	0	0	0.118167	0.000435101	0.0001	0.221538	0.359483	0.138856	0.000177016	0.0615269	0.0125676	0.231275	0.21042	0.253327	0.0001	0.166236	0.000189581	0.412535	0.0001	0.000129994	0.780989	0.0001	0.000270625	0.275304	0.000154142	0.000190714	0.0001	0.658384	0.000188929	0.129267	0.280692	0.306311	0.000186561	0.194807	0.0955481	0.000401376	0.108629	0.000395408	0.000317851	0.370234	0.0632808	0.000101269	0.000571647	0.000236806	0.746475	0.170422	0.714658	0.000134993	0.0464346	0.485546	0.0803819	0.164233
74	A	T	ORF	S	NULL	0	0	0	0	0	0	0	0	0	0	0	0	0	0	0	0	0	0	0	0	0	0	0	0	0	0	0	0	0	0	0	0	0	0	0	0	0	0	0	0	0	0	0	0	0	0	0	0	0	0	0	0	0	0
75	A	T	ORF	S	NULL	0	0	0	0	0.000284294	0.0104908	0.0001	0.666565	0.000441196	0.023748	0.000179337	0.1394	0.000401635	0.247295	0.321659	0.000468012	0.0001	0.000240669	0.999432	0.000351034	0.0001	0.188197	0.043399	0.0001	0.000291571	0.000288041	0.000192408	0.00023099	0.999977	0.341254	0.000224322	0.298205	0.000278016	0.140473	0.207332	0.340529	0.000458275	0.407688	0.140452	0.284181	0.000303407	0.00022109	0.8893	0.000232779	0.172432	0.00029465	0.000278947	0.540702	0.230425	0.000426899	0.114171	0.303387	0.000412217	0.000238562
76	A	T	ORF	S	NULL	0	0	0	0	0.641372	0.434701	1.00007	0.332882	0.49798	0.499526	0.000277016	0.596044	0.617976	0.231375	0.210616	0.253456	0.0002	0.999434	0.000289582	0.427017	0.0002	0.811402	0.839511	0.0002	0.808422	0.275404	0.0403119	0.430399	0.0002	0.658484	0.876427	0.514343	0.280904	0.326501	0.772349	0.517559	0.155245	0.44067	0.147432	0.0445285	0.309712	0.370376	0.0633808	0.813425	0.398979	0.347506	0.810091	0.170642	0.769004	0.884348	0.127888	0.577036	0.48759	0.184343
77	A	T	ORF	S	NULL	0	0	0	0	0	0	0	0	0	0	0	0	0	0	0	0	0	0	0	0	0	0	0	0	0	0	0	0	0	0	0	0	0	0	0	0	0	0	0	0	0	0	0	0	0	0	0	0	0	0	0	0	0	0
78	A	T	ORF	S	NULL	0	0	0	0	0	0	0	0	0	0	0	0	0	0	0	0	0	0	0	0	0	0	0	0	0	0	0	0	0	0	0	0	0	0	0	0	0	0	0	0	0	0	0	0	0	0	0	0	0	0	0	0	0	0
79	A	T	ORF	S	NULL	0	0	0	0	0	0	0	0	0	0	0	0	0	0	0	0	0	0	0	0	0	0	0	0	0	0	0	0	0	0	0	0	0	0	0	0	0	0	0	0	0	0	0	0	0	0	0	0	0	0	0	0	0	0
80	A	T	ORF	S	NULL	0	0	0	0	0	0	0	0	0	0	0	0	0	0	0	0	0	0	0	0	0	0	0	0	0	0	0	0	0	0	0	0	0	0	0	0	0	0	0	0	0	0	0	0	0	0	0	0	0	0	0	0	0	0
81	A	T	ORF	S	NULL	0	0	0	0	0	0	0	0	0	0	0	0	0	0	0	0	0	0	0	0	0	0	0	0	0	0	0	0	0	0	0	0	0	0	0	0	0	0	0	0	0	0	0	0	0	0	0	0	0	0	0	0	0	0
82	A	T	ORF	S	NULL	0	0	0	0	0	0	0	0	0	0	0	0	0	0	0	0	0	0	0	0	0	0	0	0	0	0	0	0	0	0	0	0	0	0	0	0	0	0	0	0	0	0	0	0	0	0	0	0	0	0	0	0	0	0
83	A	T	ORF	S	NULL	0	0	0	0	0	0	0	0	0	0	0	0	0	0	0	0	0	0	0	0	0	0	0	0	0	0	0	0	0	0	0	0	0	0	0	0	0	0	0	0	0	0	0	0	0	0	0	0	0	0	0	0	0	0
84	A	T	ORF	S	NULL	0	0	0	0	0	0	0	0	0	0	0	0	0	0	0	0	0	0	0	0	0	0	0	0	0	0	0	0	0	0	0	0	0	0	0	0	0	0	0	0	0	0	0	0	0	0	0	0	0	0	0	0	0	0
85	A	T	ORF	S	NULL	0	0	0	0	0	0	0	0	0	0	0	0	0	0	0	0	0	0	0	0	0	0	0	0	0	0	0	0	0	0	0	0	0	0	0	0	0	0	0	0	0	0	0	0	0	0	0	0	0	0	0	0	0	0
86	A	T	ORF	S	NULL	0	0	0	0	0	0	0	0	0	0	0	0	0	0	0	0	0	0	0	0	0	0	0	0	0	0	0	0	0	0	0	0	0	0	0	0	0	0	0	0	0	0	0	0	0	0	0	0	0	0	0	0	0	0
87	A	T	ORF	S	NULL	0	0	0	0	0	0	0	0	0	0	0	0	0	0	0	0	0	0	0	0	0	0	0	0	0	0	0	0	0	0	0	0	0	0	0	0	0	0	0	0	0	0	0	0	0	0	0	0	0	0	0	0	0	0
88	A	T	ORF	S	NULL	0	0	0	0	0	0	0	0	0	0	0	0	0	0	0	0	0	0	0	0	0	0	0	0	0	0	0	0	0	0	0	0	0	0	0	0	0	0	0	0	0	0	0	0	0	0	0	0	0	0	0	0	0	0
89	A	T	ORF	S	NULL	0	0	0	0	0.523352	0.434597	1.00007	0.111444	0.382808	0.703608	0.635382	0.626715	0.605638	0.0002	0.35254	0.567472	0.0002	0.833311	0.0002	0.428813	0.0002	0.811406	0.0970421	0.0002	0.978265	0.0002	0.999408	0.430309	0.0002	0.00020124	0.934391	0.385241	0.479539	0.272475	0.772311	0.464083	0.124241	0.440491	0.518317	0.0812157	0.339857	0.629358	0.0002	0.999585	0.663604	0.753008	0.252942	0.288477	0.0545749	0.884313	0.838979	0.120775	0.515583	0.253242
90	A	T	ORF	S	NULL	0	0	0	0	0	0	0	0	0	0	0	0	0	0	0	0	0	0	0	0	0	0	0	0	0	0	0	0	0	0	0	0	0	0	0	0	0	0	0	0	0	0	0	0	0	0	0	0	0	0	0	0	0	0
91	A	T	ORF	S	NULL	0	0	0	0	0.000284294	0.0104908	0.0001	0.666565	0.000441196	0.023748	0.000179337	0.1394	0.000401635	0.247295	0.321659	0.000468012	0.0001	0.000240669	0.999432	0.000351034	0.0001	0.188197	0.043399	0.0001	0.000291571	0.000288041	0.000192408	0.00023099	0.999977	0.341254	0.000224322	0.298205	0.000278016	0.140473	0.207332	0.340529	0.000458275	0.407688	0.140452	0.284181	0.000303407	0.00022109	0.8893	0.000232779	0.172432	0.00029465	0.000278947	0.540702	0.230425	0.000426899	0.114171	0.303387	0.000412217	0.000238562
92	A	T	ORF	S	NULL	0	0	0	0	0	0	0	0	0	0	0	0	0	0	0	0	0	0	0	0	0	0	0	0	0	0	0	0	0	0	0	0	0	0	0	0	0	0	0	0	0	0	0	0	0	0	0	0	0	0	0	0	0	0
93	A	T	ORF	S	NULL	0	0	0	0	0	0	0	0	0	0	0	0	0	0	0	0	0	0	0	0	0	0	0	0	0	0	0	0	0	0	0	0	0	0	0	0	0	0	0	0	0	0	0	0	0	0	0	0	0	0	0	0	0	0
94	A	T	ORF	S	NULL	0	0	0	0	0	0	0	0	0	0	0	0	0	0	0	0	0	0	0	0	0	0	0	0	0	0	0	0	0	0	0	0	0	0	0	0	0	0	0	0	0	0	0	0	0	0	0	0	0	0	0	0	0	0
95	A	T	ORF	S	NULL	0	0	0	0	0	0	0	0	0	0	0	0	0	0	0	0	0	0	0	0	0	0	0	0	0	0	0	0	0	0	0	0	0	0	0	0	0	0	0	0	0	0	0	0	0	0	0	0	0	0	0	0	0	0
96	A	T	ORF	S	NULL	0	0	0	0	0	0	0	0	0	0	0	0	0	0	0	0	0	0	0	0	0	0	0	0	0	0	0	0	0	0	0	0	0	0	0	0	0	0	0	0	0	0	0	0	0	0	0	0	0	0	0	0	0	0
97	A	T	ORF	S	NULL	0	0	0	0	0	0	0	0	0	0	0	0	0	0	0	0	0	0	0	0	0	0	0	0	0	0	0	0	0	0	0	0	0	0	0	0	0	0	0	0	0	0	0	0	0	0	0	0	0	0	0	0	0	0
98	A	T	ORF	S	NULL	0	0	0	0	0.523205	0.434266	0.999967	0.111344	0.138497	0.36067	0.0001	0.534517	0.605409	0.0001	0.000195381	0.000128892	0.0001	0.833199	0.0001	0.014482	0.0001	0.811272	0.0585216	0.0001	0.808152	0.0001	0.0401577	0.430209	0.0001	0.0001	0.876238	0.385076	0.000212408	0.0201892	0.772162	0.322752	0.0596971	0.440269	0.0388027	0.0441331	0.309394	0.000141416	0.0001	0.813323	0.398407	0.347269	0.0636164	0.00022039	0.0543463	0.884213	0.0814537	0.0914906	0.407208	0.0201105
99	A	T	ORF	S	NULL	0	0	0	0	0	0	0	0	0	0	0	0	0	0	0	0	0	0	0	0	0	0	0	0	0	0	0	0	0	0	0	0	0	0	0	0	0	0	0	0	0	0	0	0	0	0	0	0	0	0	0	0	0	0
100	A	T	ORF	S	NULL	0	0	0	0	0	0	0	0	0	0	0	0	0	0	0	0	0	0	0	0	0	0	0	0	0	0	0	0	0	0	0	0	0	0	0	0	0	0	0	0	0	0	0	0	0	0	0	0	0	0	0	0	0	0
