pos	ref	alt	gene	N/S	AA	nSRAsubclonal	nSRAclonal	nSRA	nConsensus	sample0|Earth	sample1|Earth	sample2|Earth	sample3|Earth	sample4|Earth	sample5|Earth	sample6|Earth	sample7|Earth	sample8|Earth	sample9|Earth	sample10|Earth	sample11|Earth	sample12|Earth	sample13|Earth	sample14|Earth	sample15|Earth	sample16|Earth	sample17|Earth	sample18|Earth	sample19|Earth	sample20|Earth	sample21|Earth	sample22|Earth	sample23|Earth	sample24|Earth	sample25|Earth	sample26|Earth	sample27|Earth	sample28|Earth	sample29|Earth	sample30|Earth	sample31|Earth	sample32|Earth	sample33|Earth	sample34|Earth	sample35|Earth	sample36|Earth	sample37|Earth	sample38|Earth	sample39|Earth	sample40|Earth	sample41|Earth	sample42|Earth	sample43|Earth	sample44|Earth	sample45|Earth	sample46|Earth	sample47|Earth	sample48|Earth	sample49|Earth
1	A	T	ORF	S	NULL	0	0	0	0	0.124671	0.0609152	0.582974	0.0001	0.0001	0.134698	0.168805	0.133428	0.17509	0.0001	0.0001	0.135849	0.805863	0.608704	0.0449267	0.057733	0.0001	0.326942	0.119301	0.103444	0.188458	0.0141376	0.06363	0.35305	0.0001	0.156244	0.103428	0.822004	0.303344	0.999891	0.0890479	0.490998	0.0001	0.0001	0.0001	0.0297053	0.0487434	0.0764835	0.0001	0.180012	0.0879112	0.147183	0.070909	0.0001	0.157027	0.0151097	0.142553	0.0001	0.450573	0.19859
2	A	T	ORF	S	NULL	0	0	0	0	0	0	0	0	0	0	0	0	0	0	0	0	0	0	0	0	0	0	0	0	0	0	0	0	0	0	0	0	0	0	0	0	0	0	0	0	0	0	0	0	0	0	0	0	0	0	0	0	0	0
3	A	T	ORF	S	NULL	0	0	0	0	0	0	0	0	0	0	0	0	0	0	0	0	0	0	0	0	0	0	0	0	0	0	0	0	0	0	0	0	0	0	0	0	0	0	0	0	0	0	0	0	0	0	0	0	0	0	0	0	0	0
4	A	T	ORF	S	NULL	0	0	0	0	0	0	0	0	0	0	0	0	0	0	0	0	0	0	0	0	0	0	0	0	0	0	0	0	0	0	0	0	0	0	0	0	0	0	0	0	0	0	0	0	0	0	0	0	0	0	0	0	0	0
5	A	T	ORF	S	NULL	0	0	0	0	0	0	0	0	0	0	0	0	0	0	0	0	0	0	0	0	0	0	0	0	0	0	0	0	0	0	0	0	0	0	0	0	0	0	0	0	0	0	0	0	0	0	0	0	0	0	0	0	0	0
6	A	T	ORF	S	NULL	0	0	0	0	0.44124	0.0376353	0.415925	0.999927	0.0115146	0.0001	0.0298156	0.0001	0.0001	0.559332	0.0452201	0.0001	0.00797797	0.0001	0.323574	0.0251694	0.00388573	0.671941	0.239148	0.0001	0.0001	0.0523656	0.00946091	0.0490512	0.942723	0.465161	0.210487	0.0549033	0.0001	0.0001	0.712827	0.00282548	0.00391404	0.999927	0.482535	0.0736397	0.0132714	0.0645604	0.147268	0.435717	0.649939	0.0001	0.0001	0.0001	0.329444	0.533265	0.0001	0.0001	0.0001	0.02501
7	A	T	ORF	S	NULL	0	0	0	0	0	0	0	0	0	0	0	0	0	0	0	0	0	0	0	0	0	0	0	0	0	0	0	0	0	0	0	0	0	0	0	0	0	0	0	0	0	0	0	0	0	0	0	0	0	0	0	0	0	0
8	A	T	ORF	S	NULL	0	0	0	0	0	0	0	0	0	0	0	0	0	0	0	0	0	0	0	0	0	0	0	0	0	0	0	0	0	0	0	0	0	0	0	0	0	0	0	0	0	0	0	0	0	0	0	0	0	0	0	0	0	0
9	A	T	ORF	S	NULL	0	0	0	0	0	0	0	0	0	0	0	0	0	0	0	0	0	0	0	0	0	0	0	0	0	0	0	0	0	0	0	0	0	0	0	0	0	0	0	0	0	0	0	0	0	0	0	0	0	0	0	0	0	0
10	A	T	ORF	S	NULL	0	0	0	0	0	0	0	0	0	0	0	0	0	0	0	0	0	0	0	0	0	0	0	0	0	0	0	0	0	0	0	0	0	0	0	0	0	0	0	0	0	0	0	0	0	0	0	0	0	0	0	0	0	0
11	A	T	ORF	S	NULL	0	0	0	0	0	0	0	0	0	0	0	0	0	0	0	0	0	0	0	0	0	0	0	0	0	0	0	0	0	0	0	0	0	0	0	0	0	0	0	0	0	0	0	0	0	0	0	0	0	0	0	0	0	0
12	A	T	ORF	S	NULL	0	0	0	0	0.345763	0.90145	0.0001	0.0001	0.988485	0.313062	0.80138	0.85087	0.728697	0.138887	0.779425	0.863578	0.186159	0.149346	0.358424	0.546848	0.996114	0.0001	0.313078	0.893654	0.807178	0.803209	0.926909	0.597898	0.0572769	0.316068	0.638683	0.0001	0.687648	0.0001	0.052071	0.239584	0.996086	0.0001	0.517465	0.87362	0.622387	0.458734	0.600423	0.298204	0.0001	0.454828	0.0001	0.0001	0.511237	0.175183	0.0534776	0.0001	0.495959	0.539649
13	A	T	ORF	S	NULL	0	0	0	0	0	0	0	0	0	0	0	0	0	0	0	0	0	0	0	0	0	0	0	0	0	0	0	0	0	0	0	0	0	0	0	0	0	0	0	0	0	0	0	0	0	0	0	0	0	0	0	0	0	0
14	A	T	ORF	S	NULL	0	0	0	0	0	0	0	0	0	0	0	0	0	0	0	0	0	0	0	0	0	0	0	0	0	0	0	0	0	0	0	0	0	0	0	0	0	0	0	0	0	0	0	0	0	0	0	0	0	0	0	0	0	0
15	A	T	ORF	S	NULL	0	0	0	0	0.124671	0.0609152	0.582974	0.0001	0.0001	0.134698	0.168805	0.133428	0.17509	0.0001	0.0001	0.135849	0.805863	0.608704	0.0449267	0.057733	0.0001	0.326942	0.119301	0.103444	0.188458	0.0141376	0.06363	0.35305	0.0001	0.156244	0.103428	0.822004	0.303344	0.999891	0.0890479	0.490998	0.0001	0.0001	0.0001	0.0297053	0.0487434	0.0764835	0.0001	0.180012	0.0879112	0.147183	0.070909	0.0001	0.157027	0.0151097	0.142553	0.0001	0.450573	0.19859
16	A	T	ORF	S	NULL	0	0	0	0	0.44124	0.0376353	0.415925	0.999927	0.0115146	0.0001	0.0298156	0.0001	0.0001	0.559332	0.0452201	0.0001	0.00797797	0.0001	0.323574	0.0251694	0.00388573	0.671941	0.239148	0.0001	0.0001	0.0523656	0.00946091	0.0490512	0.942723	0.465161	0.210487	0.0549033	0.0001	0.0001	0.712827	0.00282548	0.00391404	0.999927	0.482535	0.0736397	0.0132714	0.0645604	0.147268	0.435717	0.649939	0.0001	0.0001	0.0001	0.329444	0.533265	0.0001	0.0001	0.0001	0.02501
17	A	T	ORF	S	NULL	0	0	0	0	0	0	0	0	0	0	0	0	0	0	0	0	0	0	0	0	0	0	0	0	0	0	0	0	0	0	0	0	0	0	0	0	0	0	0	0	0	0	0	0	0	0	0	0	0	0	0	0	0	0
18	A	T	ORF	S	NULL	0	0	0	0	0	0	0	0	0	0	0	0	0	0	0	0	0	0	0	0	0	0	0	0	0	0	0	0	0	0	0	0	0	0	0	0	0	0	0	0	0	0	0	0	0	0	0	0	0	0	0	0	0	0
19	A	T	ORF	S	NULL	0	0	0	0	0	0	0	0	0	0	0	0	0	0	0	0	0	0	0	0	0	0	0	0	0	0	0	0	0	0	0	0	0	0	0	0	0	0	0	0	0	0	0	0	0	0	0	0	0	0	0	0	0	0
20	A	T	ORF	S	NULL	0	0	0	0	0	0	0	0	0	0	0	0	0	0	0	0	0	0	0	0	0	0	0	0	0	0	0	0	0	0	0	0	0	0	0	0	0	0	0	0	0	0	0	0	0	0	0	0	0	0	0	0	0	0
21	A	T	ORF	S	NULL	0	0	0	0	0.345763	0.90145	0.0001	0.0001	0.988485	0.313062	0.80138	0.85087	0.728697	0.138887	0.779425	0.863578	0.186159	0.149346	0.358424	0.546848	0.996114	0.0001	0.313078	0.893654	0.807178	0.803209	0.926909	0.597898	0.0572769	0.316068	0.638683	0.0001	0.687648	0.0001	0.052071	0.239584	0.996086	0.0001	0.517465	0.87362	0.622387	0.458734	0.600423	0.298204	0.0001	0.454828	0.0001	0.0001	0.511237	0.175183	0.0534776	0.0001	0.495959	0.539649
22	A	T	ORF	S	NULL	0	0	0	0	0	0	0	0	0	0	0	0	0	0	0	0	0	0	0	0	0	0	0	0	0	0	0	0	0	0	0	0	0	0	0	0	0	0	0	0	0	0	0	0	0	0	0	0	0	0	0	0	0	0
23	A	T	ORF	S	NULL	0	0	0	0	0	0	0	0	0	0	0	0	0	0	0	0	0	0	0	0	0	0	0	0	0	0	0	0	0	0	0	0	0	0	0	0	0	0	0	0	0	0	0	0	0	0	0	0	0	0	0	0	0	0
24	A	T	ORF	S	NULL	0	0	0	0	0	0	0	0	0	0	0	0	0	0	0	0	0	0	0	0	0	0	0	0	0	0	0	0	0	0	0	0	0	0	0	0	0	0	0	0	0	0	0	0	0	0	0	0	0	0	0	0	0	0
25	A	T	ORF	S	NULL	0	0	0	0	0	0	0	0	0	0	0	0	0	0	0	0	0	0	0	0	0	0	0	0	0	0	0	0	0	0	0	0	0	0	0	0	0	0	0	0	0	0	0	0	0	0	0	0	0	0	0	0	0	0
26	A	T	ORF	S	NULL	0	0	0	0	0	0	0	0	0	0	0	0	0	0	0	0	0	0	0	0	0	0	0	0	0	0	0	0	0	0	0	0	0	0	0	0	0	0	0	0	0	0	0	0	0	0	0	0	0	0	0	0	0	0
27	A	T	ORF	S	NULL	0	0	0	0	0	0	0	0	0	0	0	0	0	0	0	0	0	0	0	0	0	0	0	0	0	0	0	0	0	0	0	0	0	0	0	0	0	0	0	0	0	0	0	0	0	0	0	0	0	0	0	0	0	0
28	A	T	ORF	S	NULL	0	0	0	0	0	0	0	0	0	0	0	0	0	0	0	0	0	0	0	0	0	0	0	0	0	0	0	0	0	0	0	0	0	0	0	0	0	0	0	0	0	0	0	0	0	0	0	0	0	0	0	0	0	0
29	A	T	ORF	S	NULL	0	0	0	0	0	0	0	0	0	0	0	0	0	0	0	0	0	0	0	0	0	0	0	0	0	0	0	0	0	0	0	0	0	0	0	0	0	0	0	0	0	0	0	0	0	0	0	0	0	0	0	0	0	0
30	A	T	ORF	S	NULL	0	0	0	0	0	0	0	0	0	0	0	0	0	0	0	0	0	0	0	0	0	0	0	0	0	0	0	0	0	0	0	0	0	0	0	0	0	0	0	0	0	0	0	0	0	0	0	0	0	0	0	0	0	0
31	A	T	ORF	S	NULL	0	0	0	0	0.44124	0.0376353	0.415925	0.999927	0.0115146	0.0001	0.0298156	0.0001	0.0001	0.559332	0.0452201	0.0001	0.00797797	0.0001	0.323574	0.0251694	0.00388573	0.671941	0.239148	0.0001	0.0001	0.0523656	0.00946091	0.0490512	0.942723	0.465161	0.210487	0.0549033	0.0001	0.0001	0.712827	0.00282548	0.00391404	0.999927	0.482535	0.0736397	0.0132714	0.0645604	0.147268	0.435717	0.649939	0.0001	0.0001	0.0001	0.329444	0.533265	0.0001	0.0001	0.0001	0.02501
32	A	T	ORF	S	NULL	0	0	0	0	0	0	0	0	0	0	0	0	0	0	0	0	0	0	0	0	0	0	0	0	0	0	0	0	0	0	0	0	0	0	0	0	0	0	0	0	0	0	0	0	0	0	0	0	0	0	0	0	0	0
33	A	T	ORF	S	NULL	0	0	0	0	0	0	0	0	0	0	0	0	0	0	0	0	0	0	0	0	0	0	0	0	0	0	0	0	0	0	0	0	0	0	0	0	0	0	0	0	0	0	0	0	0	0	0	0	0	0	0	0	0	0
34	A	T	ORF	S	NULL	0	0	0	0	0	0	0	0	0	0	0	0	0	0	0	0	0	0	0	0	0	0	0	0	0	0	0	0	0	0	0	0	0	0	0	0	0	0	0	0	0	0	0	0	0	0	0	0	0	0	0	0	0	0
35	A	T	ORF	S	NULL	0	0	0	0	0	0	0	0	0	0	0	0	0	0	0	0	0	0	0	0	0	0	0	0	0	0	0	0	0	0	0	0	0	0	0	0	0	0	0	0	0	0	0	0	0	0	0	0	0	0	0	0	0	0
36	A	T	ORF	S	NULL	0	0	0	0	0	0	0	0	0	0	0	0	0	0	0	0	0	0	0	0	0	0	0	0	0	0	0	0	0	0	0	0	0	0	0	0	0	0	0	0	0	0	0	0	0	0	0	0	0	0	0	0	0	0
37	A	T	ORF	S	NULL	0	0	0	0	0	0	0	0	0	0	0	0	0	0	0	0	0	0	0	0	0	0	0	0	0	0	0	0	0	0	0	0	0	0	0	0	0	0	0	0	0	0	0	0	0	0	0	0	0	0	0	0	0	0
38	A	T	ORF	S	NULL	0	0	0	0	0	0	0	0	0	0	0	0	0	0	0	0	0	0	0	0	0	0	0	0	0	0	0	0	0	0	0	0	0	0	0	0	0	0	0	0	0	0	0	0	0	0	0	0	0	0	0	0	0	0
39	A	T	ORF	S	NULL	0	0	0	0	0	0	0	0	0	0	0	0	0	0	0	0	0	0	0	0	0	0	0	0	0	0	0	0	0	0	0	0	0	0	0	0	0	0	0	0	0	0	0	0	0	0	0	0	0	0	0	0	0	0
40	A	T	ORF	S	NULL	0	0	0	0	0	0	0	0	0	0	0	0	0	0	0	0	0	0	0	0	0	0	0	0	0	0	0	0	0	0	0	0	0	0	0	0	0	0	0	0	0	0	0	0	0	0	0	0	0	0	0	0	0	0
41	A	T	ORF	S	NULL	0	0	0	0	0	0	0	0	0	0	0	0	0	0	0	0	0	0	0	0	0	0	0	0	0	0	0	0	0	0	0	0	0	0	0	0	0	0	0	0	0	0	0	0	0	0	0	0	0	0	0	0	0	0
42	A	T	ORF	S	NULL	0	0	0	0	0	0	0	0	0	0	0	0	0	0	0	0	0	0	0	0	0	0	0	0	0	0	0	0	0	0	0	0	0	0	0	0	0	0	0	0	0	0	0	0	0	0	0	0	0	0	0	0	0	0
43	A	T	ORF	S	NULL	0	0	0	0	0.345763	0.90145	0.0001	0.0001	0.988485	0.313062	0.80138	0.85087	0.728697	0.138887	0.779425	0.863578	0.186159	0.149346	0.358424	0.546848	0.996114	0.0001	0.313078	0.893654	0.807178	0.803209	0.926909	0.597898	0.0572769	0.316068	0.638683	0.0001	0.687648	0.0001	0.052071	0.239584	0.996086	0.0001	0.517465	0.87362	0.622387	0.458734	0.600423	0.298204	0.0001	0.454828	0.0001	0.0001	0.511237	0.175183	0.0534776	0.0001	0.495959	0.539649
44	A	T	ORF	S	NULL	0	0	0	0	0	0	0	0	0	0	0	0	0	0	0	0	0	0	0	0	0	0	0	0	0	0	0	0	0	0	0	0	0	0	0	0	0	0	0	0	0	0	0	0	0	0	0	0	0	0	0	0	0	0
45	A	T	ORF	S	NULL	0	0	0	0	0	0	0	0	0	0	0	0	0	0	0	0	0	0	0	0	0	0	0	0	0	0	0	0	0	0	0	0	0	0	0	0	0	0	0	0	0	0	0	0	0	0	0	0	0	0	0	0	0	0
46	A	T	ORF	S	NULL	0	0	0	0	0	0	0	0	0	0	0	0	0	0	0	0	0	0	0	0	0	0	0	0	0	0	0	0	0	0	0	0	0	0	0	0	0	0	0	0	0	0	0	0	0	0	0	0	0	0	0	0	0	0
47	A	T	ORF	S	NULL	0	0	0	0	0	0	0	0	0	0	0	0	0	0	0	0	0	0	0	0	0	0	0	0	0	0	0	0	0	0	0	0	0	0	0	0	0	0	0	0	0	0	0	0	0	0	0	0	0	0	0	0	0	0
48	A	T	ORF	S	NULL	0	0	0	0	0	0	0	0	0	0	0	0	0	0	0	0	0	0	0	0	0	0	0	0	0	0	0	0	0	0	0	0	0	0	0	0	0	0	0	0	0	0	0	0	0	0	0	0	0	0	0	0	0	0
49	A	T	ORF	S	NULL	0	0	0	0	0	0	0	0	0	0	0	0	0	0	0	0	0	0	0	0	0	0	0	0	0	0	0	0	0	0	0	0	0	0	0	0	0	0	0	0	0	0	0	0	0	0	0	0	0	0	0	0	0	0
50	A	T	ORF	S	NULL	0	0	0	0	0	0	0	0	0	0	0	0	0	0	0	0	0	0	0	0	0	0	0	0	0	0	0	0	0	0	0	0	0	0	0	0	0	0	0	0	0	0	0	0	0	0	0	0	0	0	0	0	0	0
51	A	T	ORF	S	NULL	0	0	0	0	0	0	0	0	0	0	0	0	0	0	0	0	0	0	0	0	0	0	0	0	0	0	0	0	0	0	0	0	0	0	0	0	0	0	0	0	0	0	0	0	0	0	0	0	0	0	0	0	0	0
52	A	T	ORF	S	NULL	0	0	0	0	0	0	0	0	0	0	0	0	0	0	0	0	0	0	0	0	0	0	0	0	0	0	0	0	0	0	0	0	0	0	0	0	0	0	0	0	0	0	0	0	0	0	0	0	0	0	0	0	0	0
53	A	T	ORF	S	NULL	0	0	0	0	0	0	0	0	0	0	0	0	0	0	0	0	0	0	0	0	0	0	0	0	0	0	0	0	0	0	0	0	0	0	0	0	0	0	0	0	0	0	0	0	0	0	0	0	0	0	0	0	0	0
54	A	T	ORF	S	NULL	0	0	0	0	0	0	0	0	0	0	0	0	0	0	0	0	0	0	0	0	0	0	0	0	0	0	0	0	0	0	0	0	0	0	0	0	0	0	0	0	0	0	0	0	0	0	0	0	0	0	0	0	0	0
55	A	T	ORF	S	NULL	0	0	0	0	0	0	0	0	0	0	0	0	0	0	0	0	0	0	0	0	0	0	0	0	0	0	0	0	0	0	0	0	0	0	0	0	0	0	0	0	0	0	0	0	0	0	0	0	0	0	0	0	0	0
56	A	T	ORF	S	NULL	0	0	0	0	0.124671	0.0609152	0.582974	0.0001	0.0001	0.134698	0.168805	0.133428	0.17509	0.0001	0.0001	0.135849	0.805863	0.608704	0.0449267	0.057733	0.0001	0.326942	0.119301	0.103444	0.188458	0.0141376	0.06363	0.35305	0.0001	0.156244	0.103428	0.822004	0.303344	0.999891	0.0890479	0.490998	0.0001	0.0001	0.0001	0.0297053	0.0487434	0.0764835	0.0001	0.180012	0.0879112	0.147183	0.070909	0.0001	0.157027	0.0151097	0.142553	0.0001	0.450573	0.19859
57	A	T	ORF	S	NULL	0	0	0	0	0	0	0	0	0	0	0	0	0	0	0	0	0	0	0	0	0	0	0	0	0	0	0	0	0	0	0	0	0	0	0	0	0	0	0	0	0	0	0	0	0	0	0	0	0	0	0	0	0	0
58	A	T	ORF	S	NULL	0	0	0	0	0	0	0	0	0	0	0	0	0	0	0	0	0	0	0	0	0	0	0	0	0	0	0	0	0	0	0	0	0	0	0	0	0	0	0	0	0	0	0	0	0	0	0	0	0	0	0	0	0	0
59	A	T	ORF	S	NULL	0	0	0	0	0.0749036	0.0001	0.0001	0.0001	0.0001	0.548926	0.0001	0.0001	0.0499022	0.301782	0.175355	0.0001	0.0001	0.239912	0.245912	0.37025	0.0001	0.0001	0.296914	0.0001	0.0001	0.130288	0.0001	0.0001	0.0001	0.0625265	0.0474024	0.120906	0.00590008	0.0001	0.144907	0.241912	0.0001	0.0001	0.0001	0.0001	0.315598	0.388919	0.252308	0.0569026	0.259913	0.393919	0.927945	0.998948	0.00229194	0.264913	0.801939	0.999921	0.0489023	0.236751
60	A	T	ORF	S	NULL	0	0	0	0	0	0	0	0	0	0	0	0	0	0	0	0	0	0	0	0	0	0	0	0	0	0	0	0	0	0	0	0	0	0	0	0	0	0	0	0	0	0	0	0	0	0	0	0	0	0	0	0	0	0
61	A	T	ORF	S	NULL	0	0	0	0	0	0	0	0	0	0	0	0	0	0	0	0	0	0	0	0	0	0	0	0	0	0	0	0	0	0	0	0	0	0	0	0	0	0	0	0	0	0	0	0	0	0	0	0	0	0	0	0	0	0
62	A	T	ORF	S	NULL	0	0	0	0	0	0	0	0	0	0	0	0	0	0	0	0	0	0	0	0	0	0	0	0	0	0	0	0	0	0	0	0	0	0	0	0	0	0	0	0	0	0	0	0	0	0	0	0	0	0	0	0	0	0
63	A	T	ORF	S	NULL	0	0	0	0	0.0749036	0.0001	0.0001	0.0001	0.0001	0.548926	0.0001	0.0001	0.0499022	0.301782	0.175355	0.0001	0.0001	0.239912	0.245912	0.37025	0.0001	0.0001	0.296914	0.0001	0.0001	0.130288	0.0001	0.0001	0.0001	0.0625265	0.0474024	0.120906	0.00590008	0.0001	0.144907	0.241912	0.0001	0.0001	0.0001	0.0001	0.315598	0.388919	0.252308	0.0569026	0.259913	0.393919	0.927945	0.998948	0.00229194	0.264913	0.801939	0.999921	0.0489023	0.236751
64	A	T	ORF	S	NULL	0	0	0	0	0.44124	0.0376353	0.415925	0.999927	0.0115146	0.0001	0.0298156	0.0001	0.0001	0.559332	0.0452201	0.0001	0.00797797	0.0001	0.323574	0.0251694	0.00388573	0.671941	0.239148	0.0001	0.0001	0.0523656	0.00946091	0.0490512	0.942723	0.465161	0.210487	0.0549033	0.0001	0.0001	0.712827	0.00282548	0.00391404	0.999927	0.482535	0.0736397	0.0132714	0.0645604	0.147268	0.435717	0.649939	0.0001	0.0001	0.0001	0.329444	0.533265	0.0001	0.0001	0.0001	0.02501
65	A	T	ORF	S	NULL	0	0	0	0	0	0	0	0	0	0	0	0	0	0	0	0	0	0	0	0	0	0	0	0	0	0	0	0	0	0	0	0	0	0	0	0	0	0	0	0	0	0	0	0	0	0	0	0	0	0	0	0	0	0
66	A	T	ORF	S	NULL	0	0	0	0	0	0	0	0	0	0	0	0	0	0	0	0	0	0	0	0	0	0	0	0	0	0	0	0	0	0	0	0	0	0	0	0	0	0	0	0	0	0	0	0	0	0	0	0	0	0	0	0	0	0
67	A	T	ORF	S	NULL	0	0	0	0	0	0	0	0	0	0	0	0	0	0	0	0	0	0	0	0	0	0	0	0	0	0	0	0	0	0	0	0	0	0	0	0	0	0	0	0	0	0	0	0	0	0	0	0	0	0	0	0	0	0
68	A	T	ORF	S	NULL	0	0	0	0	0.345763	0.90145	0.0001	0.0001	0.988485	0.313062	0.80138	0.85087	0.728697	0.138887	0.779425	0.863578	0.186159	0.149346	0.358424	0.546848	0.996114	0.0001	0.313078	0.893654	0.807178	0.803209	0.926909	0.597898	0.0572769	0.316068	0.638683	0.0001	0.687648	0.0001	0.052071	0.239584	0.996086	0.0001	0.517465	0.87362	0.622387	0.458734	0.600423	0.298204	0.0001	0.454828	0.0001	0.0001	0.511237	0.175183	0.0534776	0.0001	0.495959	0.539649
69	A	T	ORF	S	NULL	0	0	0	0	0.124671	0.0609152	0.582974	0.0001	0.0001	0.134698	0.168805	0.133428	0.17509	0.0001	0.0001	0.135849	0.805863	0.608704	0.0449267	0.057733	0.0001	0.326942	0.119301	0.103444	0.188458	0.0141376	0.06363	0.35305	0.0001	0.156244	0.103428	0.822004	0.303344	0.999891	0.0890479	0.490998	0.0001	0.0001	0.0001	0.0297053	0.0487434	0.0764835	0.0001	0.180012	0.0879112	0.147183	0.070909	0.0001	0.157027	0.0151097	0.142553	0.0001	0.450573	0.19859
70	A	T	ORF	S	NULL	0	0	0	0	0	0	0	0	0	0	0	0	0	0	0	0	0	0	0	0	0	0	0	0	0	0	0	0	0	0	0	0	0	0	0	0	0	0	0	0	0	0	0	0	0	0	0	0	0	0	0	0	0	0
71	A	T	ORF	S	NULL	0	0	0	0	0	0	0	0	0	0	0	0	0	0	0	0	0	0	0	0	0	0	0	0	0	0	0	0	0	0	0	0	0	0	0	0	0	0	0	0	0	0	0	0	0	0	0	0	0	0	0	0	0	0
72	A	T	ORF	S	NULL	0	0	0	0	0	0	0	0	0	0	0	0	0	0	0	0	0	0	0	0	0	0	0	0	0	0	0	0	0	0	0	0	0	0	0	0	0	0	0	0	0	0	0	0	0	0	0	0	0	0	0	0	0	0
73	A	T	ORF	S	NULL	0	0	0	0	0	0	0	0	0	0	0	0	0	0	0	0	0	0	0	0	0	0	0	0	0	0	0	0	0	0	0	0	0	0	0	0	0	0	0	0	0	0	0	0	0	0	0	0	0	0	0	0	0	0
74	A	T	ORF	S	NULL	0	0	0	0	0	0	0	0	0	0	0	0	0	0	0	0	0	0	0	0	0	0	0	0	0	0	0	0	0	0	0	0	0	0	0	0	0	0	0	0	0	0	0	0	0	0	0	0	0	0	0	0	0	0
75	A	T	ORF	S	NULL	0	0	0	0	0	0	0	0	0	0	0	0	0	0	0	0	0	0	0	0	0	0	0	0	0	0	0	0	0	0	0	0	0	0	0	0	0	0	0	0	0	0	0	0	0	0	0	0	0	0	0	0	0	0
76	A	T	ORF	S	NULL	0	0	0	0	0	0	0	0	0	0	0	0	0	0	0	0	0	0	0	0	0	0	0	0	0	0	0	0	0	0	0	0	0	0	0	0	0	0	0	0	0	0	0	0	0	0	0	0	0	0	0	0	0	0
77	A	T	ORF	S	NULL	0	0	0	0	0	0	0	0	0	0	0	0	0	0	0	0	0	0	0	0	0	0	0	0	0	0	0	0	0	0	0	0	0	0	0	0	0	0	0	0	0	0	0	0	0	0	0	0	0	0	0	0	0	0
78	A	T	ORF	S	NULL	0	0	0	0	0	0	0	0	0	0	0	0	0	0	0	0	0	0	0	0	0	0	0	0	0	0	0	0	0	0	0	0	0	0	0	0	0	0	0	0	0	0	0	0	0	0	0	0	0	0	0	0	0	0
79	A	T	ORF	S	NULL	0	0	0	0	0.345763	0.90145	0.0001	0.0001	0.988485	0.313062	0.80138	0.85087	0.728697	0.138887	0.779425	0.863578	0.186159	0.149346	0.358424	0.546848	0.996114	0.0001	0.313078	0.893654	0.807178	0.803209	0.926909	0.597898	0.0572769	0.316068	0.638683	0.0001	0.687648	0.0001	0.052071	0.239584	0.996086	0.0001	0.517465	0.87362	0.622387	0.458734	0.600423	0.298204	0.0001	0.454828	0.0001	0.0001	0.511237	0.175183	0.0534776	0.0001	0.495959	0.539649
80	A	T	ORF	S	NULL	0	0	0	0	0.345763	0.90145	0.0001	0.0001	0.988485	0.313062	0.80138	0.85087	0.728697	0.138887	0.779425	0.863578	0.186159	0.149346	0.358424	0.546848	0.996114	0.0001	0.313078	0.893654	0.807178	0.803209	0.926909	0.597898	0.0572769	0.316068	0.638683	0.0001	0.687648	0.0001	0.052071	0.239584	0.996086	0.0001	0.517465	0.87362	0.622387	0.458734	0.600423	0.298204	0.0001	0.454828	0.0001	0.0001	0.511237	0.175183	0.0534776	0.0001	0.495959	0.539649
81	A	T	ORF	S	NULL	0	0	0	0	0	0	0	0	0	0	0	0	0	0	0	0	0	0	0	0	0	0	0	0	0	0	0	0	0	0	0	0	0	0	0	0	0	0	0	0	0	0	0	0	0	0	0	0	0	0	0	0	0	0
82	A	T	ORF	S	NULL	0	0	0	0	0	0	0	0	0	0	0	0	0	0	0	0	0	0	0	0	0	0	0	0	0	0	0	0	0	0	0	0	0	0	0	0	0	0	0	0	0	0	0	0	0	0	0	0	0	0	0	0	0	0
83	A	T	ORF	S	NULL	0	0	0	0	0.0749036	0.0001	0.0001	0.0001	0.0001	0.548926	0.0001	0.0001	0.0499022	0.301782	0.175355	0.0001	0.0001	0.239912	0.245912	0.37025	0.0001	0.0001	0.296914	0.0001	0.0001	0.130288	0.0001	0.0001	0.0001	0.0625265	0.0474024	0.120906	0.00590008	0.0001	0.144907	0.241912	0.0001	0.0001	0.0001	0.0001	0.315598	0.388919	0.252308	0.0569026	0.259913	0.393919	0.927945	0.998948	0.00229194	0.264913	0.801939	0.999921	0.0489023	0.236751
84	A	T	ORF	S	NULL	0	0	0	0	0	0	0	0	0	0	0	0	0	0	0	0	0	0	0	0	0	0	0	0	0	0	0	0	0	0	0	0	0	0	0	0	0	0	0	0	0	0	0	0	0	0	0	0	0	0	0	0	0	0
85	A	T	ORF	S	NULL	0	0	0	0	0	0	0	0	0	0	0	0	0	0	0	0	0	0	0	0	0	0	0	0	0	0	0	0	0	0	0	0	0	0	0	0	0	0	0	0	0	0	0	0	0	0	0	0	0	0	0	0	0	0
86	A	T	ORF	S	NULL	0	0	0	0	0.44124	0.0376353	0.415925	0.999927	0.0115146	0.0001	0.0298156	0.0001	0.0001	0.559332	0.0452201	0.0001	0.00797797	0.0001	0.323574	0.0251694	0.00388573	0.671941	0.239148	0.0001	0.0001	0.0523656	0.00946091	0.0490512	0.942723	0.465161	0.210487	0.0549033	0.0001	0.0001	0.712827	0.00282548	0.00391404	0.999927	0.482535	0.0736397	0.0132714	0.0645604	0.147268	0.435717	0.649939	0.0001	0.0001	0.0001	0.329444	0.533265	0.0001	0.0001	0.0001	0.02501
87	A	T	ORF	S	NULL	0	0	0	0	0	0	0	0	0	0	0	0	0	0	0	0	0	0	0	0	0	0	0	0	0	0	0	0	0	0	0	0	0	0	0	0	0	0	0	0	0	0	0	0	0	0	0	0	0	0	0	0	0	0
88	A	T	ORF	S	NULL	0	0	0	0	0.787003	0.939085	0.416025	1.00003	1	0.313162	0.831195	0.85097	0.728797	0.698218	0.824645	0.863678	0.194137	0.149446	0.681998	0.572017	1	0.672041	0.552226	0.893754	0.807278	0.855575	0.93637	0.64695	1	0.781229	0.84917	0.0550033	0.687748	0.0002	0.764898	0.24241	1	1.00003	1	0.94726	0.635659	0.523294	0.747692	0.73392	0.650039	0.454928	0.0002	0.0002	0.840681	0.708448	0.0535776	0.0002	0.496059	0.564659
89	A	T	ORF	S	NULL	0	0	0	0	0	0	0	0	0	0	0	0	0	0	0	0	0	0	0	0	0	0	0	0	0	0	0	0	0	0	0	0	0	0	0	0	0	0	0	0	0	0	0	0	0	0	0	0	0	0	0	0	0	0
90	A	T	ORF	S	NULL	0	0	0	0	0	0	0	0	0	0	0	0	0	0	0	0	0	0	0	0	0	0	0	0	0	0	0	0	0	0	0	0	0	0	0	0	0	0	0	0	0	0	0	0	0	0	0	0	0	0	0	0	0	0
91	A	T	ORF	S	NULL	0	0	0	0	0	0	0	0	0	0	0	0	0	0	0	0	0	0	0	0	0	0	0	0	0	0	0	0	0	0	0	0	0	0	0	0	0	0	0	0	0	0	0	0	0	0	0	0	0	0	0	0	0	0
92	A	T	ORF	S	NULL	0	0	0	0	0	0	0	0	0	0	0	0	0	0	0	0	0	0	0	0	0	0	0	0	0	0	0	0	0	0	0	0	0	0	0	0	0	0	0	0	0	0	0	0	0	0	0	0	0	0	0	0	0	0
93	A	T	ORF	S	NULL	0	0	0	0	0	0	0	0	0	0	0	0	0	0	0	0	0	0	0	0	0	0	0	0	0	0	0	0	0	0	0	0	0	0	0	0	0	0	0	0	0	0	0	0	0	0	0	0	0	0	0	0	0	0
94	A	T	ORF	S	NULL	0	0	0	0	0	0	0	0	0	0	0	0	0	0	0	0	0	0	0	0	0	0	0	0	0	0	0	0	0	0	0	0	0	0	0	0	0	0	0	0	0	0	0	0	0	0	0	0	0	0	0	0	0	0
95	A	T	ORF	S	NULL	0	0	0	0	0	0	0	0	0	0	0	0	0	0	0	0	0	0	0	0	0	0	0	0	0	0	0	0	0	0	0	0	0	0	0	0	0	0	0	0	0	0	0	0	0	0	0	0	0	0	0	0	0	0
96	A	T	ORF	S	NULL	0	0	0	0	0	0	0	0	0	0	0	0	0	0	0	0	0	0	0	0	0	0	0	0	0	0	0	0	0	0	0	0	0	0	0	0	0	0	0	0	0	0	0	0	0	0	0	0	0	0	0	0	0	0
97	A	T	ORF	S	NULL	0	0	0	0	0	0	0	0	0	0	0	0	0	0	0	0	0	0	0	0	0	0	0	0	0	0	0	0	0	0	0	0	0	0	0	0	0	0	0	0	0	0	0	0	0	0	0	0	0	0	0	0	0	0
98	A	T	ORF	S	NULL	0	0	0	0	0	0	0	0	0	0	0	0	0	0	0	0	0	0	0	0	0	0	0	0	0	0	0	0	0	0	0	0	0	0	0	0	0	0	0	0	0	0	0	0	0	0	0	0	0	0	0	0	0	0
99	A	T	ORF	S	NULL	0	0	0	0	0.124671	0.0609152	0.582974	0.0001	0.0001	0.134698	0.168805	0.133428	0.17509	0.0001	0.0001	0.135849	0.805863	0.608704	0.0449267	0.057733	0.0001	0.326942	0.119301	0.103444	0.188458	0.0141376	0.06363	0.35305	0.0001	0.156244	0.103428	0.822004	0.303344	0.999891	0.0890479	0.490998	0.0001	0.0001	0.0001	0.0297053	0.0487434	0.0764835	0.0001	0.180012	0.0879112	0.147183	0.070909	0.0001	0.157027	0.0151097	0.142553	0.0001	0.450573	0.19859
100	A	T	ORF	S	NULL	0	0	0	0	0	0	0	0	0	0	0	0	0	0	0	0	0	0	0	0	0	0	0	0	0	0	0	0	0	0	0	0	0	0	0	0	0	0	0	0	0	0	0	0	0	0	0	0	0	0	0	0	0	0
