pos	ref	alt	gene	N/S	AA	nSRAsubclonal	nSRAclonal	nSRA	nConsensus	sample0|Earth	sample1|Earth	sample2|Earth	sample3|Earth	sample4|Earth	sample5|Earth	sample6|Earth	sample7|Earth	sample8|Earth	sample9|Earth	sample10|Earth	sample11|Earth	sample12|Earth	sample13|Earth	sample14|Earth	sample15|Earth	sample16|Earth	sample17|Earth	sample18|Earth	sample19|Earth	sample20|Earth	sample21|Earth	sample22|Earth	sample23|Earth	sample24|Earth	sample25|Earth	sample26|Earth	sample27|Earth	sample28|Earth	sample29|Earth	sample30|Earth	sample31|Earth	sample32|Earth	sample33|Earth	sample34|Earth	sample35|Earth	sample36|Earth	sample37|Earth	sample38|Earth	sample39|Earth	sample40|Earth	sample41|Earth	sample42|Earth	sample43|Earth	sample44|Earth	sample45|Earth	sample46|Earth	sample47|Earth	sample48|Earth	sample49|Earth
1	A	T	ORF	S	NULL	0	0	0	0	0.107371	0.141213	0.583259	0.0001	0.000198682	0.117541	0.231385	0.00019691	0.0694243	0.000196565	0.000417948	0.0001	0.822285	0.585592	0.00319686	0.103206	0.0001	0.327232	0.0714241	0.00019698	0.139212	0.0735486	0.0772062	0.406241	0.000197915	0.175437	0.146444	0.822505	0.232384	0.999974	0.0936086	0.454465	0.0001	0.0001	0.000149599	0.000207752	0.0704246	0.0654234	0.000377412	0.134212	0.0884264	0.134259	0.0712	0.000192632	0.183551	0.00259828	0.134542	0.0001	0.424625	0.243443
2	A	T	ORF	S	NULL	0	0	0	0	0	0	0	0	0	0	0	0	0	0	0	0	0	0	0	0	0	0	0	0	0	0	0	0	0	0	0	0	0	0	0	0	0	0	0	0	0	0	0	0	0	0	0	0	0	0	0	0	0	0
3	A	T	ORF	S	NULL	0	0	0	0	0	0	0	0	0	0	0	0	0	0	0	0	0	0	0	0	0	0	0	0	0	0	0	0	0	0	0	0	0	0	0	0	0	0	0	0	0	0	0	0	0	0	0	0	0	0	0	0	0	0
4	A	T	ORF	S	NULL	0	0	0	0	0	0	0	0	0	0	0	0	0	0	0	0	0	0	0	0	0	0	0	0	0	0	0	0	0	0	0	0	0	0	0	0	0	0	0	0	0	0	0	0	0	0	0	0	0	0	0	0	0	0
5	A	T	ORF	S	NULL	0	0	0	0	0	0	0	0	0	0	0	0	0	0	0	0	0	0	0	0	0	0	0	0	0	0	0	0	0	0	0	0	0	0	0	0	0	0	0	0	0	0	0	0	0	0	0	0	0	0	0	0	0	0
6	A	T	ORF	S	NULL	0	0	0	0	0.453196	0.000150757	0.416187	0.999965	0.000150661	0.000289613	0.000153354	0.0161472	0.0493331	0.555202	0.0313334	0.0001	0.000147155	0.000289255	0.352181	0.000148104	0.0001	0.672214	0.272355	0.000147813	0.000148538	0.0194338	0.000149969	0.0241507	0.942242	0.454375	0.186488	0.0553323	0.000150978	0.0001	0.71068	0.0283295	0.0001	0.999965	0.480295	0.0932959	0.000329231	0.0723351	0.129441	0.467193	0.650393	0.0001869	0.00014288	0.00014269	0.314325	0.542663	0.000287582	0.0001	0.00033191	0.000329449
7	A	T	ORF	S	NULL	0	0	0	0	0	0	0	0	0	0	0	0	0	0	0	0	0	0	0	0	0	0	0	0	0	0	0	0	0	0	0	0	0	0	0	0	0	0	0	0	0	0	0	0	0	0	0	0	0	0	0	0	0	0
8	A	T	ORF	S	NULL	0	0	0	0	0	0	0	0	0	0	0	0	0	0	0	0	0	0	0	0	0	0	0	0	0	0	0	0	0	0	0	0	0	0	0	0	0	0	0	0	0	0	0	0	0	0	0	0	0	0	0	0	0	0
9	A	T	ORF	S	NULL	0	0	0	0	0	0	0	0	0	0	0	0	0	0	0	0	0	0	0	0	0	0	0	0	0	0	0	0	0	0	0	0	0	0	0	0	0	0	0	0	0	0	0	0	0	0	0	0	0	0	0	0	0	0
10	A	T	ORF	S	NULL	0	0	0	0	0	0	0	0	0	0	0	0	0	0	0	0	0	0	0	0	0	0	0	0	0	0	0	0	0	0	0	0	0	0	0	0	0	0	0	0	0	0	0	0	0	0	0	0	0	0	0	0	0	0
11	A	T	ORF	S	NULL	0	0	0	0	0	0	0	0	0	0	0	0	0	0	0	0	0	0	0	0	0	0	0	0	0	0	0	0	0	0	0	0	0	0	0	0	0	0	0	0	0	0	0	0	0	0	0	0	0	0	0	0	0	0
12	A	T	ORF	S	NULL	0	0	0	0	0.363913	0.858263	0.0002	0.0002	0.983233	0.332396	0.767952	0.983271	0.830422	0.135186	0.769411	1.00007	0.177191	0.173395	0.398177	0.518226	1.00006	0.0002	0.358372	0.99924	0.860224	0.766187	0.922228	0.569233	0.0571787	0.304365	0.612143	0.000334544	0.760955	0.0002	0.0495754	0.274363	0.999741	0.0002	0.519338	0.905976	0.610395	0.472381	0.584465	0.341199	0.000334657	0.470893	0.000200001	0.000200001	0.495413	0.188589	0.0623816	0.000200001	0.525129	0.511384
13	A	T	ORF	S	NULL	0	0	0	0	0	0	0	0	0	0	0	0	0	0	0	0	0	0	0	0	0	0	0	0	0	0	0	0	0	0	0	0	0	0	0	0	0	0	0	0	0	0	0	0	0	0	0	0	0	0	0	0	0	0
14	A	T	ORF	S	NULL	0	0	0	0	0	0	0	0	0	0	0	0	0	0	0	0	0	0	0	0	0	0	0	0	0	0	0	0	0	0	0	0	0	0	0	0	0	0	0	0	0	0	0	0	0	0	0	0	0	0	0	0	0	0
15	A	T	ORF	S	NULL	0	0	0	0	0.107371	0.141213	0.583259	0.0001	0.000198682	0.117541	0.231385	0.00019691	0.0694243	0.000196565	0.000417948	0.0001	0.822285	0.585592	0.00319686	0.103206	0.0001	0.327232	0.0714241	0.00019698	0.139212	0.0735486	0.0772062	0.406241	0.000197915	0.175437	0.146444	0.822505	0.232384	0.999974	0.0936086	0.454465	0.0001	0.0001	0.000149599	0.000207752	0.0704246	0.0654234	0.000377412	0.134212	0.0884264	0.134259	0.0712	0.000192632	0.183551	0.00259828	0.134542	0.0001	0.424625	0.243443
16	A	T	ORF	S	NULL	0	0	0	0	0.453196	0.000150757	0.416187	0.999965	0.000150661	0.000289613	0.000153354	0.0161472	0.0493331	0.555202	0.0313334	0.0001	0.000147155	0.000289255	0.352181	0.000148104	0.0001	0.672214	0.272355	0.000147813	0.000148538	0.0194338	0.000149969	0.0241507	0.942242	0.454375	0.186488	0.0553323	0.000150978	0.0001	0.71068	0.0283295	0.0001	0.999965	0.480295	0.0932959	0.000329231	0.0723351	0.129441	0.467193	0.650393	0.0001869	0.00014288	0.00014269	0.314325	0.542663	0.000287582	0.0001	0.00033191	0.000329449
17	A	T	ORF	S	NULL	0	0	0	0	0	0	0	0	0	0	0	0	0	0	0	0	0	0	0	0	0	0	0	0	0	0	0	0	0	0	0	0	0	0	0	0	0	0	0	0	0	0	0	0	0	0	0	0	0	0	0	0	0	0
18	A	T	ORF	S	NULL	0	0	0	0	0	0	0	0	0	0	0	0	0	0	0	0	0	0	0	0	0	0	0	0	0	0	0	0	0	0	0	0	0	0	0	0	0	0	0	0	0	0	0	0	0	0	0	0	0	0	0	0	0	0
19	A	T	ORF	S	NULL	0	0	0	0	0	0	0	0	0	0	0	0	0	0	0	0	0	0	0	0	0	0	0	0	0	0	0	0	0	0	0	0	0	0	0	0	0	0	0	0	0	0	0	0	0	0	0	0	0	0	0	0	0	0
20	A	T	ORF	S	NULL	0	0	0	0	0	0	0	0	0	0	0	0	0	0	0	0	0	0	0	0	0	0	0	0	0	0	0	0	0	0	0	0	0	0	0	0	0	0	0	0	0	0	0	0	0	0	0	0	0	0	0	0	0	0
21	A	T	ORF	S	NULL	0	0	0	0	0.147353	0.858163	0.0001	0.0001	0.835162	0.128098	0.732417	0.000100004	0.0291765	0.135086	0.643246	0.0001	0.177091	0.0001	0.0550774	0.518126	0.999963	0.0001	0.000176308	0.150085	0.313104	0.733647	0.64214	0.569133	0.0570787	0.273207	0.567721	0.000178055	0.149351	0.0001	0.0494135	0.000176722	0.847412	0.0001	0.519238	0.4326	0.478228	0.244202	0.584365	0.0001	0.000178132	0.235453	0.0001	0.0001	0.425132	0.0574138	0.0001	0.0001	0.208463	0.511232
22	A	T	ORF	S	NULL	0	0	0	0	0	0	0	0	0	0	0	0	0	0	0	0	0	0	0	0	0	0	0	0	0	0	0	0	0	0	0	0	0	0	0	0	0	0	0	0	0	0	0	0	0	0	0	0	0	0	0	0	0	0
23	A	T	ORF	S	NULL	0	0	0	0	0	0	0	0	0	0	0	0	0	0	0	0	0	0	0	0	0	0	0	0	0	0	0	0	0	0	0	0	0	0	0	0	0	0	0	0	0	0	0	0	0	0	0	0	0	0	0	0	0	0
24	A	T	ORF	S	NULL	0	0	0	0	0	0	0	0	0	0	0	0	0	0	0	0	0	0	0	0	0	0	0	0	0	0	0	0	0	0	0	0	0	0	0	0	0	0	0	0	0	0	0	0	0	0	0	0	0	0	0	0	0	0
25	A	T	ORF	S	NULL	0	0	0	0	0	0	0	0	0	0	0	0	0	0	0	0	0	0	0	0	0	0	0	0	0	0	0	0	0	0	0	0	0	0	0	0	0	0	0	0	0	0	0	0	0	0	0	0	0	0	0	0	0	0
26	A	T	ORF	S	NULL	0	0	0	0	0	0	0	0	0	0	0	0	0	0	0	0	0	0	0	0	0	0	0	0	0	0	0	0	0	0	0	0	0	0	0	0	0	0	0	0	0	0	0	0	0	0	0	0	0	0	0	0	0	0
27	A	T	ORF	S	NULL	0	0	0	0	0	0	0	0	0	0	0	0	0	0	0	0	0	0	0	0	0	0	0	0	0	0	0	0	0	0	0	0	0	0	0	0	0	0	0	0	0	0	0	0	0	0	0	0	0	0	0	0	0	0
28	A	T	ORF	S	NULL	0	0	0	0	0	0	0	0	0	0	0	0	0	0	0	0	0	0	0	0	0	0	0	0	0	0	0	0	0	0	0	0	0	0	0	0	0	0	0	0	0	0	0	0	0	0	0	0	0	0	0	0	0	0
29	A	T	ORF	S	NULL	0	0	0	0	0	0	0	0	0	0	0	0	0	0	0	0	0	0	0	0	0	0	0	0	0	0	0	0	0	0	0	0	0	0	0	0	0	0	0	0	0	0	0	0	0	0	0	0	0	0	0	0	0	0
30	A	T	ORF	S	NULL	0	0	0	0	0	0	0	0	0	0	0	0	0	0	0	0	0	0	0	0	0	0	0	0	0	0	0	0	0	0	0	0	0	0	0	0	0	0	0	0	0	0	0	0	0	0	0	0	0	0	0	0	0	0
31	A	T	ORF	S	NULL	0	0	0	0	0.453196	0.000150757	0.416187	0.999965	0.000150661	0.000289613	0.000153354	0.0161472	0.0493331	0.555202	0.0313334	0.0001	0.000147155	0.000289255	0.352181	0.000148104	0.0001	0.672214	0.272355	0.000147813	0.000148538	0.0194338	0.000149969	0.0241507	0.942242	0.454375	0.186488	0.0553323	0.000150978	0.0001	0.71068	0.0283295	0.0001	0.999965	0.480295	0.0932959	0.000329231	0.0723351	0.129441	0.467193	0.650393	0.0001869	0.00014288	0.00014269	0.314325	0.542663	0.000287582	0.0001	0.00033191	0.000329449
32	A	T	ORF	S	NULL	0	0	0	0	0	0	0	0	0	0	0	0	0	0	0	0	0	0	0	0	0	0	0	0	0	0	0	0	0	0	0	0	0	0	0	0	0	0	0	0	0	0	0	0	0	0	0	0	0	0	0	0	0	0
33	A	T	ORF	S	NULL	0	0	0	0	0	0	0	0	0	0	0	0	0	0	0	0	0	0	0	0	0	0	0	0	0	0	0	0	0	0	0	0	0	0	0	0	0	0	0	0	0	0	0	0	0	0	0	0	0	0	0	0	0	0
34	A	T	ORF	S	NULL	0	0	0	0	0	0	0	0	0	0	0	0	0	0	0	0	0	0	0	0	0	0	0	0	0	0	0	0	0	0	0	0	0	0	0	0	0	0	0	0	0	0	0	0	0	0	0	0	0	0	0	0	0	0
35	A	T	ORF	S	NULL	0	0	0	0	0	0	0	0	0	0	0	0	0	0	0	0	0	0	0	0	0	0	0	0	0	0	0	0	0	0	0	0	0	0	0	0	0	0	0	0	0	0	0	0	0	0	0	0	0	0	0	0	0	0
36	A	T	ORF	S	NULL	0	0	0	0	0	0	0	0	0	0	0	0	0	0	0	0	0	0	0	0	0	0	0	0	0	0	0	0	0	0	0	0	0	0	0	0	0	0	0	0	0	0	0	0	0	0	0	0	0	0	0	0	0	0
37	A	T	ORF	S	NULL	0	0	0	0	0	0	0	0	0	0	0	0	0	0	0	0	0	0	0	0	0	0	0	0	0	0	0	0	0	0	0	0	0	0	0	0	0	0	0	0	0	0	0	0	0	0	0	0	0	0	0	0	0	0
38	A	T	ORF	S	NULL	0	0	0	0	0	0	0	0	0	0	0	0	0	0	0	0	0	0	0	0	0	0	0	0	0	0	0	0	0	0	0	0	0	0	0	0	0	0	0	0	0	0	0	0	0	0	0	0	0	0	0	0	0	0
39	A	T	ORF	S	NULL	0	0	0	0	0.21656	0.0001	0.0001	0.0001	0.148071	0.204298	0.035535	0.983171	0.801246	0.0001	0.126165	0.999975	0.0001	0.173295	0.343099	0.0001	0.0001	0.0001	0.358196	0.849156	0.54712	0.0325398	0.280088	0.0001	0.0001	0.0311576	0.0444217	0.000156489	0.611604	0.0001	0.000161893	0.274186	0.152329	0.0001	0.0001	0.473376	0.132167	0.228179	0.0001	0.341099	0.000156525	0.23544	0.0001	0.0001	0.0702818	0.131175	0.0622816	0.0001	0.316665	0.00015262
40	A	T	ORF	S	NULL	0	0	0	0	0	0	0	0	0	0	0	0	0	0	0	0	0	0	0	0	0	0	0	0	0	0	0	0	0	0	0	0	0	0	0	0	0	0	0	0	0	0	0	0	0	0	0	0	0	0	0	0	0	0
41	A	T	ORF	S	NULL	0	0	0	0	0	0	0	0	0	0	0	0	0	0	0	0	0	0	0	0	0	0	0	0	0	0	0	0	0	0	0	0	0	0	0	0	0	0	0	0	0	0	0	0	0	0	0	0	0	0	0	0	0	0
42	A	T	ORF	S	NULL	0	0	0	0	0	0	0	0	0	0	0	0	0	0	0	0	0	0	0	0	0	0	0	0	0	0	0	0	0	0	0	0	0	0	0	0	0	0	0	0	0	0	0	0	0	0	0	0	0	0	0	0	0	0
43	A	T	ORF	S	NULL	0	0	0	0	0.363913	0.858263	0.0002	0.0002	0.983233	0.332396	0.767952	0.983271	0.830422	0.135186	0.769411	1.00007	0.177191	0.173395	0.398177	0.518226	1.00006	0.0002	0.358372	0.99924	0.860224	0.766187	0.922228	0.569233	0.0571787	0.304365	0.612143	0.000334544	0.760955	0.0002	0.0495754	0.274363	0.999741	0.0002	0.519338	0.905976	0.610395	0.472381	0.584465	0.341199	0.000334657	0.470893	0.000200001	0.000200001	0.495413	0.188589	0.0623816	0.000200001	0.525129	0.511384
44	A	T	ORF	S	NULL	0	0	0	0	0	0	0	0	0	0	0	0	0	0	0	0	0	0	0	0	0	0	0	0	0	0	0	0	0	0	0	0	0	0	0	0	0	0	0	0	0	0	0	0	0	0	0	0	0	0	0	0	0	0
45	A	T	ORF	S	NULL	0	0	0	0	0	0	0	0	0	0	0	0	0	0	0	0	0	0	0	0	0	0	0	0	0	0	0	0	0	0	0	0	0	0	0	0	0	0	0	0	0	0	0	0	0	0	0	0	0	0	0	0	0	0
46	A	T	ORF	S	NULL	0	0	0	0	0	0	0	0	0	0	0	0	0	0	0	0	0	0	0	0	0	0	0	0	0	0	0	0	0	0	0	0	0	0	0	0	0	0	0	0	0	0	0	0	0	0	0	0	0	0	0	0	0	0
47	A	T	ORF	S	NULL	0	0	0	0	0	0	0	0	0	0	0	0	0	0	0	0	0	0	0	0	0	0	0	0	0	0	0	0	0	0	0	0	0	0	0	0	0	0	0	0	0	0	0	0	0	0	0	0	0	0	0	0	0	0
48	A	T	ORF	S	NULL	0	0	0	0	0	0	0	0	0	0	0	0	0	0	0	0	0	0	0	0	0	0	0	0	0	0	0	0	0	0	0	0	0	0	0	0	0	0	0	0	0	0	0	0	0	0	0	0	0	0	0	0	0	0
49	A	T	ORF	S	NULL	0	0	0	0	0	0	0	0	0	0	0	0	0	0	0	0	0	0	0	0	0	0	0	0	0	0	0	0	0	0	0	0	0	0	0	0	0	0	0	0	0	0	0	0	0	0	0	0	0	0	0	0	0	0
50	A	T	ORF	S	NULL	0	0	0	0	0	0	0	0	0	0	0	0	0	0	0	0	0	0	0	0	0	0	0	0	0	0	0	0	0	0	0	0	0	0	0	0	0	0	0	0	0	0	0	0	0	0	0	0	0	0	0	0	0	0
51	A	T	ORF	S	NULL	0	0	0	0	0	0	0	0	0	0	0	0	0	0	0	0	0	0	0	0	0	0	0	0	0	0	0	0	0	0	0	0	0	0	0	0	0	0	0	0	0	0	0	0	0	0	0	0	0	0	0	0	0	0
52	A	T	ORF	S	NULL	0	0	0	0	0	0	0	0	0	0	0	0	0	0	0	0	0	0	0	0	0	0	0	0	0	0	0	0	0	0	0	0	0	0	0	0	0	0	0	0	0	0	0	0	0	0	0	0	0	0	0	0	0	0
53	A	T	ORF	S	NULL	0	0	0	0	0	0	0	0	0	0	0	0	0	0	0	0	0	0	0	0	0	0	0	0	0	0	0	0	0	0	0	0	0	0	0	0	0	0	0	0	0	0	0	0	0	0	0	0	0	0	0	0	0	0
54	A	T	ORF	S	NULL	0	0	0	0	0.21656	0.0001	0.0001	0.0001	0.148071	0.204298	0.035535	0.983171	0.801246	0.0001	0.126165	0.999975	0.0001	0.173295	0.343099	0.0001	0.0001	0.0001	0.358196	0.849156	0.54712	0.0325398	0.280088	0.0001	0.0001	0.0311576	0.0444217	0.000156489	0.611604	0.0001	0.000161893	0.274186	0.152329	0.0001	0.0001	0.473376	0.132167	0.228179	0.0001	0.341099	0.000156525	0.23544	0.0001	0.0001	0.0702818	0.131175	0.0622816	0.0001	0.316665	0.00015262
55	A	T	ORF	S	NULL	0	0	0	0	0	0	0	0	0	0	0	0	0	0	0	0	0	0	0	0	0	0	0	0	0	0	0	0	0	0	0	0	0	0	0	0	0	0	0	0	0	0	0	0	0	0	0	0	0	0	0	0	0	0
56	A	T	ORF	S	NULL	0	0	0	0	0.107371	0.141213	0.583259	0.0001	0.000198682	0.117541	0.231385	0.00019691	0.0694243	0.000196565	0.000417948	0.0001	0.822285	0.585592	0.00319686	0.103206	0.0001	0.327232	0.0714241	0.00019698	0.139212	0.0735486	0.0772062	0.406241	0.000197915	0.175437	0.146444	0.822505	0.232384	0.999974	0.0936086	0.454465	0.0001	0.0001	0.000149599	0.000207752	0.0704246	0.0654234	0.000377412	0.134212	0.0884264	0.134259	0.0712	0.000192632	0.183551	0.00259828	0.134542	0.0001	0.424625	0.243443
57	A	T	ORF	S	NULL	0	0	0	0	0	0	0	0	0	0	0	0	0	0	0	0	0	0	0	0	0	0	0	0	0	0	0	0	0	0	0	0	0	0	0	0	0	0	0	0	0	0	0	0	0	0	0	0	0	0	0	0	0	0
58	A	T	ORF	S	NULL	0	0	0	0	0	0	0	0	0	0	0	0	0	0	0	0	0	0	0	0	0	0	0	0	0	0	0	0	0	0	0	0	0	0	0	0	0	0	0	0	0	0	0	0	0	0	0	0	0	0	0	0	0	0
59	A	T	ORF	S	NULL	0	0	0	0	0.07552	0.000414955	0.000414879	0.0001	0.0164173	0.549773	0.000510179	0.000414742	0.0508201	0.309452	0.198838	0.0001	0.00041418	0.240736	0.246445	0.378459	0.0001	0.000415616	0.297849	0.000414974	0.000415127	0.14083	0.000415446	0.000415132	0.000417011	0.065823	0.0549256	0.121828	0.00651032	0.0001	0.146136	0.242842	0.000210572	0.0001	0.000314964	0.000520075	0.318852	0.38986	0.285752	0.0574226	0.260846	0.394661	0.928522	0.99953	0.00671086	0.26615	0.802802	0.999984	0.0499145	0.244843
60	A	T	ORF	S	NULL	0	0	0	0	0	0	0	0	0	0	0	0	0	0	0	0	0	0	0	0	0	0	0	0	0	0	0	0	0	0	0	0	0	0	0	0	0	0	0	0	0	0	0	0	0	0	0	0	0	0	0	0	0	0
61	A	T	ORF	S	NULL	0	0	0	0	0	0	0	0	0	0	0	0	0	0	0	0	0	0	0	0	0	0	0	0	0	0	0	0	0	0	0	0	0	0	0	0	0	0	0	0	0	0	0	0	0	0	0	0	0	0	0	0	0	0
62	A	T	ORF	S	NULL	0	0	0	0	0	0	0	0	0	0	0	0	0	0	0	0	0	0	0	0	0	0	0	0	0	0	0	0	0	0	0	0	0	0	0	0	0	0	0	0	0	0	0	0	0	0	0	0	0	0	0	0	0	0
63	A	T	ORF	S	NULL	0	0	0	0	0.07552	0.000414955	0.000414879	0.0001	0.0164173	0.549773	0.000510179	0.000414742	0.0508201	0.309452	0.198838	0.0001	0.00041418	0.240736	0.246445	0.378459	0.0001	0.000415616	0.297849	0.000414974	0.000415127	0.14083	0.000415446	0.000415132	0.000417011	0.065823	0.0549256	0.121828	0.00651032	0.0001	0.146136	0.242842	0.000210572	0.0001	0.000314964	0.000520075	0.318852	0.38986	0.285752	0.0574226	0.260846	0.394661	0.928522	0.99953	0.00671086	0.26615	0.802802	0.999984	0.0499145	0.244843
64	A	T	ORF	S	NULL	0	0	0	0	0.453196	0.000150757	0.416187	0.999965	0.000150661	0.000289613	0.000153354	0.0161472	0.0493331	0.555202	0.0313334	0.0001	0.000147155	0.000289255	0.352181	0.000148104	0.0001	0.672214	0.272355	0.000147813	0.000148538	0.0194338	0.000149969	0.0241507	0.942242	0.454375	0.186488	0.0553323	0.000150978	0.0001	0.71068	0.0283295	0.0001	0.999965	0.480295	0.0932959	0.000329231	0.0723351	0.129441	0.467193	0.650393	0.0001869	0.00014288	0.00014269	0.314325	0.542663	0.000287582	0.0001	0.00033191	0.000329449
65	A	T	ORF	S	NULL	0	0	0	0	0	0	0	0	0	0	0	0	0	0	0	0	0	0	0	0	0	0	0	0	0	0	0	0	0	0	0	0	0	0	0	0	0	0	0	0	0	0	0	0	0	0	0	0	0	0	0	0	0	0
66	A	T	ORF	S	NULL	0	0	0	0	0	0	0	0	0	0	0	0	0	0	0	0	0	0	0	0	0	0	0	0	0	0	0	0	0	0	0	0	0	0	0	0	0	0	0	0	0	0	0	0	0	0	0	0	0	0	0	0	0	0
67	A	T	ORF	S	NULL	0	0	0	0	0	0	0	0	0	0	0	0	0	0	0	0	0	0	0	0	0	0	0	0	0	0	0	0	0	0	0	0	0	0	0	0	0	0	0	0	0	0	0	0	0	0	0	0	0	0	0	0	0	0
68	A	T	ORF	S	NULL	0	0	0	0	0.147353	0.858163	0.0001	0.0001	0.835162	0.128098	0.732417	0.000100004	0.0291765	0.135086	0.643246	0.0001	0.177091	0.0001	0.0550774	0.518126	0.999963	0.0001	0.000176308	0.150085	0.313104	0.733647	0.64214	0.569133	0.0570787	0.273207	0.567721	0.000178055	0.149351	0.0001	0.0494135	0.000176722	0.847412	0.0001	0.519238	0.4326	0.478228	0.244202	0.584365	0.0001	0.000178132	0.235453	0.0001	0.0001	0.425132	0.0574138	0.0001	0.0001	0.208463	0.511232
69	A	T	ORF	S	NULL	0	0	0	0	0.323931	0.141313	0.583359	0.0002	0.14827	0.321839	0.26692	0.983368	0.87067	0.000296565	0.126583	1.00007	0.822385	0.758887	0.346296	0.103306	0.0002	0.327332	0.42962	0.849353	0.686333	0.106088	0.357294	0.406341	0.000297915	0.206595	0.190865	0.822662	0.843988	1.00007	0.0937704	0.728652	0.152429	0.0002	0.000249599	0.473584	0.202591	0.293603	0.000477412	0.47531	0.0885829	0.369699	0.0713	0.000292632	0.253833	0.133774	0.196823	0.0002	0.74129	0.243596
70	A	T	ORF	S	NULL	0	0	0	0	0	0	0	0	0	0	0	0	0	0	0	0	0	0	0	0	0	0	0	0	0	0	0	0	0	0	0	0	0	0	0	0	0	0	0	0	0	0	0	0	0	0	0	0	0	0	0	0	0	0
71	A	T	ORF	S	NULL	0	0	0	0	0	0	0	0	0	0	0	0	0	0	0	0	0	0	0	0	0	0	0	0	0	0	0	0	0	0	0	0	0	0	0	0	0	0	0	0	0	0	0	0	0	0	0	0	0	0	0	0	0	0
72	A	T	ORF	S	NULL	0	0	0	0	0	0	0	0	0	0	0	0	0	0	0	0	0	0	0	0	0	0	0	0	0	0	0	0	0	0	0	0	0	0	0	0	0	0	0	0	0	0	0	0	0	0	0	0	0	0	0	0	0	0
73	A	T	ORF	S	NULL	0	0	0	0	0	0	0	0	0	0	0	0	0	0	0	0	0	0	0	0	0	0	0	0	0	0	0	0	0	0	0	0	0	0	0	0	0	0	0	0	0	0	0	0	0	0	0	0	0	0	0	0	0	0
74	A	T	ORF	S	NULL	0	0	0	0	0	0	0	0	0	0	0	0	0	0	0	0	0	0	0	0	0	0	0	0	0	0	0	0	0	0	0	0	0	0	0	0	0	0	0	0	0	0	0	0	0	0	0	0	0	0	0	0	0	0
75	A	T	ORF	S	NULL	0	0	0	0	0	0	0	0	0	0	0	0	0	0	0	0	0	0	0	0	0	0	0	0	0	0	0	0	0	0	0	0	0	0	0	0	0	0	0	0	0	0	0	0	0	0	0	0	0	0	0	0	0	0
76	A	T	ORF	S	NULL	0	0	0	0	0.21656	0.0001	0.0001	0.0001	0.148071	0.204298	0.035535	0.983171	0.801246	0.0001	0.126165	0.999975	0.0001	0.173295	0.343099	0.0001	0.0001	0.0001	0.358196	0.849156	0.54712	0.0325398	0.280088	0.0001	0.0001	0.0311576	0.0444217	0.000156489	0.611604	0.0001	0.000161893	0.274186	0.152329	0.0001	0.0001	0.473376	0.132167	0.228179	0.0001	0.341099	0.000156525	0.23544	0.0001	0.0001	0.0702818	0.131175	0.0622816	0.0001	0.316665	0.00015262
77	A	T	ORF	S	NULL	0	0	0	0	0	0	0	0	0	0	0	0	0	0	0	0	0	0	0	0	0	0	0	0	0	0	0	0	0	0	0	0	0	0	0	0	0	0	0	0	0	0	0	0	0	0	0	0	0	0	0	0	0	0
78	A	T	ORF	S	NULL	0	0	0	0	0	0	0	0	0	0	0	0	0	0	0	0	0	0	0	0	0	0	0	0	0	0	0	0	0	0	0	0	0	0	0	0	0	0	0	0	0	0	0	0	0	0	0	0	0	0	0	0	0	0
79	A	T	ORF	S	NULL	0	0	0	0	0.363913	0.858263	0.0002	0.0002	0.983233	0.332396	0.767952	0.983271	0.830422	0.135186	0.769411	1.00007	0.177191	0.173395	0.398177	0.518226	1.00006	0.0002	0.358372	0.99924	0.860224	0.766187	0.922228	0.569233	0.0571787	0.304365	0.612143	0.000334544	0.760955	0.0002	0.0495754	0.274363	0.999741	0.0002	0.519338	0.905976	0.610395	0.472381	0.584465	0.341199	0.000334657	0.470893	0.000200001	0.000200001	0.495413	0.188589	0.0623816	0.000200001	0.525129	0.511384
80	A	T	ORF	S	NULL	0	0	0	0	0.147353	0.858163	0.0001	0.0001	0.835162	0.128098	0.732417	0.000100004	0.0291765	0.135086	0.643246	0.0001	0.177091	0.0001	0.0550774	0.518126	0.999963	0.0001	0.000176308	0.150085	0.313104	0.733647	0.64214	0.569133	0.0570787	0.273207	0.567721	0.000178055	0.149351	0.0001	0.0494135	0.000176722	0.847412	0.0001	0.519238	0.4326	0.478228	0.244202	0.584365	0.0001	0.000178132	0.235453	0.0001	0.0001	0.425132	0.0574138	0.0001	0.0001	0.208463	0.511232
81	A	T	ORF	S	NULL	0	0	0	0	0	0	0	0	0	0	0	0	0	0	0	0	0	0	0	0	0	0	0	0	0	0	0	0	0	0	0	0	0	0	0	0	0	0	0	0	0	0	0	0	0	0	0	0	0	0	0	0	0	0
82	A	T	ORF	S	NULL	0	0	0	0	0	0	0	0	0	0	0	0	0	0	0	0	0	0	0	0	0	0	0	0	0	0	0	0	0	0	0	0	0	0	0	0	0	0	0	0	0	0	0	0	0	0	0	0	0	0	0	0	0	0
83	A	T	ORF	S	NULL	0	0	0	0	0.07552	0.000414955	0.000414879	0.0001	0.0164173	0.549773	0.000510179	0.000414742	0.0508201	0.309452	0.198838	0.0001	0.00041418	0.240736	0.246445	0.378459	0.0001	0.000415616	0.297849	0.000414974	0.000415127	0.14083	0.000415446	0.000415132	0.000417011	0.065823	0.0549256	0.121828	0.00651032	0.0001	0.146136	0.242842	0.000210572	0.0001	0.000314964	0.000520075	0.318852	0.38986	0.285752	0.0574226	0.260846	0.394661	0.928522	0.99953	0.00671086	0.26615	0.802802	0.999984	0.0499145	0.244843
84	A	T	ORF	S	NULL	0	0	0	0	0	0	0	0	0	0	0	0	0	0	0	0	0	0	0	0	0	0	0	0	0	0	0	0	0	0	0	0	0	0	0	0	0	0	0	0	0	0	0	0	0	0	0	0	0	0	0	0	0	0
85	A	T	ORF	S	NULL	0	0	0	0	0	0	0	0	0	0	0	0	0	0	0	0	0	0	0	0	0	0	0	0	0	0	0	0	0	0	0	0	0	0	0	0	0	0	0	0	0	0	0	0	0	0	0	0	0	0	0	0	0	0
86	A	T	ORF	S	NULL	0	0	0	0	0.453196	0.000150757	0.416187	0.999965	0.000150661	0.000289613	0.000153354	0.0161472	0.0493331	0.555202	0.0313334	0.0001	0.000147155	0.000289255	0.352181	0.000148104	0.0001	0.672214	0.272355	0.000147813	0.000148538	0.0194338	0.000149969	0.0241507	0.942242	0.454375	0.186488	0.0553323	0.000150978	0.0001	0.71068	0.0283295	0.0001	0.999965	0.480295	0.0932959	0.000329231	0.0723351	0.129441	0.467193	0.650393	0.0001869	0.00014288	0.00014269	0.314325	0.542663	0.000287582	0.0001	0.00033191	0.000329449
87	A	T	ORF	S	NULL	0	0	0	0	0	0	0	0	0	0	0	0	0	0	0	0	0	0	0	0	0	0	0	0	0	0	0	0	0	0	0	0	0	0	0	0	0	0	0	0	0	0	0	0	0	0	0	0	0	0	0	0	0	0
88	A	T	ORF	S	NULL	0	0	0	0	0.600549	0.858314	0.416287	1.00007	0.835313	0.128388	0.73257	0.0162472	0.0785096	0.690288	0.674579	0.0002	0.177238	0.000389255	0.407259	0.518275	1.00006	0.672314	0.272531	0.150232	0.313252	0.753081	0.64229	0.593284	0.999321	0.727582	0.754209	0.0555103	0.149502	0.0002	0.760094	0.0285062	0.847512	1.00007	0.999533	0.525896	0.478557	0.316537	0.713806	0.467293	0.650571	0.23564	0.00024288	0.000242691	0.739456	0.600076	0.000387582	0.000200001	0.208795	0.511561
89	A	T	ORF	S	NULL	0	0	0	0	0	0	0	0	0	0	0	0	0	0	0	0	0	0	0	0	0	0	0	0	0	0	0	0	0	0	0	0	0	0	0	0	0	0	0	0	0	0	0	0	0	0	0	0	0	0	0	0	0	0
90	A	T	ORF	S	NULL	0	0	0	0	0	0	0	0	0	0	0	0	0	0	0	0	0	0	0	0	0	0	0	0	0	0	0	0	0	0	0	0	0	0	0	0	0	0	0	0	0	0	0	0	0	0	0	0	0	0	0	0	0	0
91	A	T	ORF	S	NULL	0	0	0	0	0	0	0	0	0	0	0	0	0	0	0	0	0	0	0	0	0	0	0	0	0	0	0	0	0	0	0	0	0	0	0	0	0	0	0	0	0	0	0	0	0	0	0	0	0	0	0	0	0	0
92	A	T	ORF	S	NULL	0	0	0	0	0	0	0	0	0	0	0	0	0	0	0	0	0	0	0	0	0	0	0	0	0	0	0	0	0	0	0	0	0	0	0	0	0	0	0	0	0	0	0	0	0	0	0	0	0	0	0	0	0	0
93	A	T	ORF	S	NULL	0	0	0	0	0	0	0	0	0	0	0	0	0	0	0	0	0	0	0	0	0	0	0	0	0	0	0	0	0	0	0	0	0	0	0	0	0	0	0	0	0	0	0	0	0	0	0	0	0	0	0	0	0	0
94	A	T	ORF	S	NULL	0	0	0	0	0	0	0	0	0	0	0	0	0	0	0	0	0	0	0	0	0	0	0	0	0	0	0	0	0	0	0	0	0	0	0	0	0	0	0	0	0	0	0	0	0	0	0	0	0	0	0	0	0	0
95	A	T	ORF	S	NULL	0	0	0	0	0	0	0	0	0	0	0	0	0	0	0	0	0	0	0	0	0	0	0	0	0	0	0	0	0	0	0	0	0	0	0	0	0	0	0	0	0	0	0	0	0	0	0	0	0	0	0	0	0	0
96	A	T	ORF	S	NULL	0	0	0	0	0	0	0	0	0	0	0	0	0	0	0	0	0	0	0	0	0	0	0	0	0	0	0	0	0	0	0	0	0	0	0	0	0	0	0	0	0	0	0	0	0	0	0	0	0	0	0	0	0	0
97	A	T	ORF	S	NULL	0	0	0	0	0	0	0	0	0	0	0	0	0	0	0	0	0	0	0	0	0	0	0	0	0	0	0	0	0	0	0	0	0	0	0	0	0	0	0	0	0	0	0	0	0	0	0	0	0	0	0	0	0	0
98	A	T	ORF	S	NULL	0	0	0	0	0	0	0	0	0	0	0	0	0	0	0	0	0	0	0	0	0	0	0	0	0	0	0	0	0	0	0	0	0	0	0	0	0	0	0	0	0	0	0	0	0	0	0	0	0	0	0	0	0	0
99	A	T	ORF	S	NULL	0	0	0	0	0.107371	0.141213	0.583259	0.0001	0.000198682	0.117541	0.231385	0.00019691	0.0694243	0.000196565	0.000417948	0.0001	0.822285	0.585592	0.00319686	0.103206	0.0001	0.327232	0.0714241	0.00019698	0.139212	0.0735486	0.0772062	0.406241	0.000197915	0.175437	0.146444	0.822505	0.232384	0.999974	0.0936086	0.454465	0.0001	0.0001	0.000149599	0.000207752	0.0704246	0.0654234	0.000377412	0.134212	0.0884264	0.134259	0.0712	0.000192632	0.183551	0.00259828	0.134542	0.0001	0.424625	0.243443
100	A	T	ORF	S	NULL	0	0	0	0	0	0	0	0	0	0	0	0	0	0	0	0	0	0	0	0	0	0	0	0	0	0	0	0	0	0	0	0	0	0	0	0	0	0	0	0	0	0	0	0	0	0	0	0	0	0	0	0	0	0
