pos	ref	alt	gene	N/S	AA	nSRAsubclonal	nSRAclonal	nSRA	nConsensus	sample0|Earth	sample1|Earth	sample2|Earth	sample3|Earth	sample4|Earth	sample5|Earth	sample6|Earth	sample7|Earth	sample8|Earth	sample9|Earth	sample10|Earth	sample11|Earth	sample12|Earth	sample13|Earth	sample14|Earth	sample15|Earth	sample16|Earth	sample17|Earth	sample18|Earth	sample19|Earth	sample20|Earth	sample21|Earth	sample22|Earth	sample23|Earth	sample24|Earth	sample25|Earth	sample26|Earth	sample27|Earth	sample28|Earth	sample29|Earth	sample30|Earth	sample31|Earth	sample32|Earth	sample33|Earth	sample34|Earth	sample35|Earth	sample36|Earth	sample37|Earth	sample38|Earth	sample39|Earth	sample40|Earth	sample41|Earth	sample42|Earth	sample43|Earth	sample44|Earth	sample45|Earth	sample46|Earth	sample47|Earth	sample48|Earth	sample49|Earth
1	A	T	ORF	S	NULL	0	0	0	0	0.704115	0.0001	0.000127214	0.585099	0.797128	0.0001	0.266059	0.0001	0.0001	0.45244	0.0001	0.000106639	0.0001	0.0001	0.0001	0.631273	0.0001	0.0001	0.263431	0.0732353	0.000124172	0.0001	0.000125804	0.927155	0.0001	0.0813917	0.117094	0.0001	0.0001	0.000100001	0.0001	0.0001	0.000100002	0.354078	0.0883911	0.000100002	0.0001	0.0001	0.000100001	0.000126258	0.297208	0.0001	0.0001	0.000100001	0.000100001	0.0001	0.0273075	0.000100001	0.0001	0.481385
2	A	T	ORF	S	NULL	0	0	0	0	0	0	0	0	0	0	0	0	0	0	0	0	0	0	0	0	0	0	0	0	0	0	0	0	0	0	0	0	0	0	0	0	0	0	0	0	0	0	0	0	0	0	0	0	0	0	0	0	0	0
3	A	T	ORF	S	NULL	0	0	0	0	0	0	0	0	0	0	0	0	0	0	0	0	0	0	0	0	0	0	0	0	0	0	0	0	0	0	0	0	0	0	0	0	0	0	0	0	0	0	0	0	0	0	0	0	0	0	0	0	0	0
4	A	T	ORF	S	NULL	0	0	0	0	0	0	0	0	0	0	0	0	0	0	0	0	0	0	0	0	0	0	0	0	0	0	0	0	0	0	0	0	0	0	0	0	0	0	0	0	0	0	0	0	0	0	0	0	0	0	0	0	0	0
5	A	T	ORF	S	NULL	0	0	0	0	0	0	0	0	0	0	0	0	0	0	0	0	0	0	0	0	0	0	0	0	0	0	0	0	0	0	0	0	0	0	0	0	0	0	0	0	0	0	0	0	0	0	0	0	0	0	0	0	0	0
6	A	T	ORF	S	NULL	0	0	0	0	0.0001	0.192029	0.000111285	0.0001	0.202031	0.0001	0.134022	0.0001	0.0001	0.0001	0.841117	0.0001	0.0001	0.0001	0.0001	0.189049	0.395057	0.322102	0.429095	0.0001	0.000111028	0.0001	0.0001	0.0001	0.0001	0.0001	0.0540658	0.0001	0.99999	0.0001	0.560079	0.0001	0.0001	0.0001	0.0580501	0.0001	0.0001	0.0001	0.0001	0.388163	0.0001	0.0001	0.0001	0.0001	0.0001	0.0001	0.0721483	0.0001	0.0001	0.0001
7	A	T	ORF	S	NULL	0	0	0	0	0	0	0	0	0	0	0	0	0	0	0	0	0	0	0	0	0	0	0	0	0	0	0	0	0	0	0	0	0	0	0	0	0	0	0	0	0	0	0	0	0	0	0	0	0	0	0	0	0	0
8	A	T	ORF	S	NULL	0	0	0	0	0	0	0	0	0	0	0	0	0	0	0	0	0	0	0	0	0	0	0	0	0	0	0	0	0	0	0	0	0	0	0	0	0	0	0	0	0	0	0	0	0	0	0	0	0	0	0	0	0	0
9	A	T	ORF	S	NULL	0	0	0	0	0	0	0	0	0	0	0	0	0	0	0	0	0	0	0	0	0	0	0	0	0	0	0	0	0	0	0	0	0	0	0	0	0	0	0	0	0	0	0	0	0	0	0	0	0	0	0	0	0	0
10	A	T	ORF	S	NULL	0	0	0	0	0	0	0	0	0	0	0	0	0	0	0	0	0	0	0	0	0	0	0	0	0	0	0	0	0	0	0	0	0	0	0	0	0	0	0	0	0	0	0	0	0	0	0	0	0	0	0	0	0	0
11	A	T	ORF	S	NULL	0	0	0	0	0.0001	0.0001	0.156283	0.414112	0.0001	0.0001	0.502125	0.0001	0.0001	0.132224	0.0001	0.000114694	0.0001	0.778159	0.0001	0.000129896	0.0001	0.000162971	0.000122088	0.261165	0.109278	0.0001	0.0001	0.0510668	0.362107	0.750213	0.331205	0.0001	0.0001	0.0001	0.0001	0.0001	0.0001	0.0001	0.000118462	0.0001	0.837269	0.0001	0.683147	0.000263382	0.0761927	0.0001	0.0001	0.505227	0.000123409	0.000162263	0.000334251	0.2952	0.000147437	0.223132
12	A	T	ORF	S	NULL	0	0	0	0	0.0002	0.0002	0.0002	0.0002	0.0002	0.0002	0.0970953	1.00009	0.422148	0.0291326	0.113101	0.0183537	1.00007	0.0002	0.160103	0.178242	0.604157	0.0002	0.0500135	0.00423014	0.138129	0.36114	0.577245	0.0002	0.255126	0.0002	0.164131	1.00007	0.000200001	0.512145	0.439137	0.0002	0.0002	0.0002	0.0002	0.319122	0.0002	0.0002	0.0002	0.0002	0.276788	0.0002	0.0002	0.0951486	0.0002	0.273173	0.427293	0.0002	0.519312	0.0002
13	A	T	ORF	S	NULL	0	0	0	0	0.000112598	0.00011359	0.0473911	0.000113084	0.000113093	0.000114455	0.000115212	0.0001	0.000114089	0.000310052	0.000115526	0.000186197	0.0001	0.000113344	0.000114097	0.000206474	0.00011592	0.0302547	0.000196058	0.163232	0.0593935	0.347161	0.0001	0.000113865	0.000115459	0.000191208	0.00325148	0.0001	0.0001	0.000115104	0.000115499	0.000113603	0.0001	0.000114092	0.000191222	0.00011451	0.0572585	0.000111644	0.000114243	0.414441	0.000277473	0.426171	0.0001	0.000250156	0.000197825	0.500318	0.0684883	0.408306	0.189256	0.000171455
14	A	T	ORF	S	NULL	0	0	0	0	0	0	0	0	0	0	0	0	0	0	0	0	0	0	0	0	0	0	0	0	0	0	0	0	0	0	0	0	0	0	0	0	0	0	0	0	0	0	0	0	0	0	0	0	0	0	0	0	0	0
15	A	T	ORF	S	NULL	0	0	0	0	0.704215	0.0002	0.244188	0.585199	0.797228	0.741172	0.266159	0.0002	0.0002	0.45254	0.045084	0.287252	0.0002	0.0002	0.0002	0.631373	0.0002	0.0002	0.519711	0.570218	0.691246	0.0002	0.000225804	0.948138	0.382126	0.248647	0.446143	0.0002	0.0002	0.000200001	0.0002	0.356123	0.000200003	0.78111	0.831721	0.000200002	0.104118	0.0002	0.0010742	0.182181	0.297308	0.0002	0.0002	0.000200001	0.181255	0.0002	0.0274075	0.000200001	0.290315	0.481485
16	A	T	ORF	S	NULL	0	0	0	0	0.0001	0.192029	0.000111285	0.0001	0.202031	0.0001	0.134022	0.0001	0.0001	0.0001	0.841117	0.0001	0.0001	0.0001	0.0001	0.189049	0.395057	0.322102	0.429095	0.0001	0.000111028	0.0001	0.0001	0.0001	0.0001	0.0001	0.0540658	0.0001	0.99999	0.0001	0.560079	0.0001	0.0001	0.0001	0.0580501	0.0001	0.0001	0.0001	0.0001	0.388163	0.0001	0.0001	0.0001	0.0001	0.0001	0.0001	0.0721483	0.0001	0.0001	0.0001
17	A	T	ORF	S	NULL	0	0	0	0	0.000112598	0.00011359	0.0473911	0.000113084	0.000113093	0.000114455	0.000115212	0.0001	0.000114089	0.000310052	0.000115526	0.000186197	0.0001	0.000113344	0.000114097	0.000206474	0.00011592	0.0302547	0.000196058	0.163232	0.0593935	0.347161	0.0001	0.000113865	0.000115459	0.000191208	0.00325148	0.0001	0.0001	0.000115104	0.000115499	0.000113603	0.0001	0.000114092	0.000191222	0.00011451	0.0572585	0.000111644	0.000114243	0.414441	0.000277473	0.426171	0.0001	0.000250156	0.000197825	0.500318	0.0684883	0.408306	0.189256	0.000171455
18	A	T	ORF	S	NULL	0	0	0	0	0	0	0	0	0	0	0	0	0	0	0	0	0	0	0	0	0	0	0	0	0	0	0	0	0	0	0	0	0	0	0	0	0	0	0	0	0	0	0	0	0	0	0	0	0	0	0	0	0	0
19	A	T	ORF	S	NULL	0	0	0	0	0	0	0	0	0	0	0	0	0	0	0	0	0	0	0	0	0	0	0	0	0	0	0	0	0	0	0	0	0	0	0	0	0	0	0	0	0	0	0	0	0	0	0	0	0	0	0	0	0	0
20	A	T	ORF	S	NULL	0	0	0	0	0	0	0	0	0	0	0	0	0	0	0	0	0	0	0	0	0	0	0	0	0	0	0	0	0	0	0	0	0	0	0	0	0	0	0	0	0	0	0	0	0	0	0	0	0	0	0	0	0	0
21	A	T	ORF	S	NULL	0	0	0	0	0.0001	0.0001	0.0001	0.0001	0.0001	0.0001	0.0001	0.99999	0.422048	0.0290314	0.0001	0.0001	0.0001	0.0001	0.0001	0.0001	0.0001	0.0001	0.0001	0.0001	0.0460844	0.36104	0.0001	0.0001	0.255026	0.0001	0.0001	0.0001	0.0001	0.0001	0.0001	0.0001	0.0001	0.0001	0.0001	0.0001	0.0001	0.0001	0.0001	0.0001	0.195318	0.0001	0.0001	0.0950486	0.0001	0.273073	0.278086	0.0001	0.0001	0.0001
22	A	T	ORF	S	NULL	0	0	0	0	0	0	0	0	0	0	0	0	0	0	0	0	0	0	0	0	0	0	0	0	0	0	0	0	0	0	0	0	0	0	0	0	0	0	0	0	0	0	0	0	0	0	0	0	0	0	0	0	0	0
23	A	T	ORF	S	NULL	0	0	0	0	0	0	0	0	0	0	0	0	0	0	0	0	0	0	0	0	0	0	0	0	0	0	0	0	0	0	0	0	0	0	0	0	0	0	0	0	0	0	0	0	0	0	0	0	0	0	0	0	0	0
24	A	T	ORF	S	NULL	0	0	0	0	0	0	0	0	0	0	0	0	0	0	0	0	0	0	0	0	0	0	0	0	0	0	0	0	0	0	0	0	0	0	0	0	0	0	0	0	0	0	0	0	0	0	0	0	0	0	0	0	0	0
25	A	T	ORF	S	NULL	0	0	0	0	0	0	0	0	0	0	0	0	0	0	0	0	0	0	0	0	0	0	0	0	0	0	0	0	0	0	0	0	0	0	0	0	0	0	0	0	0	0	0	0	0	0	0	0	0	0	0	0	0	0
26	A	T	ORF	S	NULL	0	0	0	0	0	0	0	0	0	0	0	0	0	0	0	0	0	0	0	0	0	0	0	0	0	0	0	0	0	0	0	0	0	0	0	0	0	0	0	0	0	0	0	0	0	0	0	0	0	0	0	0	0	0
27	A	T	ORF	S	NULL	0	0	0	0	0.0001	0.0001	0.156283	0.414112	0.0001	0.0001	0.502125	0.0001	0.0001	0.132224	0.0001	0.000114694	0.0001	0.778159	0.0001	0.000129896	0.0001	0.000162971	0.000122088	0.261165	0.109278	0.0001	0.0001	0.0510668	0.362107	0.750213	0.331205	0.0001	0.0001	0.0001	0.0001	0.0001	0.0001	0.0001	0.000118462	0.0001	0.837269	0.0001	0.683147	0.000263382	0.0761927	0.0001	0.0001	0.505227	0.000123409	0.000162263	0.000334251	0.2952	0.000147437	0.223132
28	A	T	ORF	S	NULL	0	0	0	0	0	0	0	0	0	0	0	0	0	0	0	0	0	0	0	0	0	0	0	0	0	0	0	0	0	0	0	0	0	0	0	0	0	0	0	0	0	0	0	0	0	0	0	0	0	0	0	0	0	0
29	A	T	ORF	S	NULL	0	0	0	0	0.0001	0.0001	0.24406	0.0001	0.0001	0.741072	0.0001	0.0001	0.0001	0.0001	0.044984	0.287145	0.0001	0.0001	0.0001	0.0001	0.0001	0.0001	0.25628	0.496983	0.691122	0.0001	0.0001	0.0209827	0.382026	0.167255	0.329049	0.0001	0.0001	0.0001	0.0001	0.356023	0.0001	0.427032	0.74333	0.0001	0.104018	0.0001	0.000974197	0.182055	0.0001	0.0001	0.0001	0.0001	0.181155	0.0001	0.0001	0.0001	0.290215	0.0001
30	A	T	ORF	S	NULL	0	0	0	0	0	0	0	0	0	0	0	0	0	0	0	0	0	0	0	0	0	0	0	0	0	0	0	0	0	0	0	0	0	0	0	0	0	0	0	0	0	0	0	0	0	0	0	0	0	0	0	0	0	0
31	A	T	ORF	S	NULL	0	0	0	0	0.0001	0.192029	0.000111285	0.0001	0.202031	0.0001	0.134022	0.0001	0.0001	0.0001	0.841117	0.0001	0.0001	0.0001	0.0001	0.189049	0.395057	0.322102	0.429095	0.0001	0.000111028	0.0001	0.0001	0.0001	0.0001	0.0001	0.0540658	0.0001	0.99999	0.0001	0.560079	0.0001	0.0001	0.0001	0.0580501	0.0001	0.0001	0.0001	0.0001	0.388163	0.0001	0.0001	0.0001	0.0001	0.0001	0.0001	0.0721483	0.0001	0.0001	0.0001
32	A	T	ORF	S	NULL	0	0	0	0	0	0	0	0	0	0	0	0	0	0	0	0	0	0	0	0	0	0	0	0	0	0	0	0	0	0	0	0	0	0	0	0	0	0	0	0	0	0	0	0	0	0	0	0	0	0	0	0	0	0
33	A	T	ORF	S	NULL	0	0	0	0	0	0	0	0	0	0	0	0	0	0	0	0	0	0	0	0	0	0	0	0	0	0	0	0	0	0	0	0	0	0	0	0	0	0	0	0	0	0	0	0	0	0	0	0	0	0	0	0	0	0
34	A	T	ORF	S	NULL	0	0	0	0	0	0	0	0	0	0	0	0	0	0	0	0	0	0	0	0	0	0	0	0	0	0	0	0	0	0	0	0	0	0	0	0	0	0	0	0	0	0	0	0	0	0	0	0	0	0	0	0	0	0
35	A	T	ORF	S	NULL	0	0	0	0	0	0	0	0	0	0	0	0	0	0	0	0	0	0	0	0	0	0	0	0	0	0	0	0	0	0	0	0	0	0	0	0	0	0	0	0	0	0	0	0	0	0	0	0	0	0	0	0	0	0
36	A	T	ORF	S	NULL	0	0	0	0	0	0	0	0	0	0	0	0	0	0	0	0	0	0	0	0	0	0	0	0	0	0	0	0	0	0	0	0	0	0	0	0	0	0	0	0	0	0	0	0	0	0	0	0	0	0	0	0	0	0
37	A	T	ORF	S	NULL	0	0	0	0	0	0	0	0	0	0	0	0	0	0	0	0	0	0	0	0	0	0	0	0	0	0	0	0	0	0	0	0	0	0	0	0	0	0	0	0	0	0	0	0	0	0	0	0	0	0	0	0	0	0
38	A	T	ORF	S	NULL	0	0	0	0	0	0	0	0	0	0	0	0	0	0	0	0	0	0	0	0	0	0	0	0	0	0	0	0	0	0	0	0	0	0	0	0	0	0	0	0	0	0	0	0	0	0	0	0	0	0	0	0	0	0
39	A	T	ORF	S	NULL	0	0	0	0	0.0001	0.0001	0.0001	0.0001	0.0001	0.0001	0.0969953	0.0001	0.0001	0.000101176	0.113001	0.0182537	0.999971	0.0001	0.160003	0.178142	0.604057	0.0001	0.0499135	0.00413014	0.0920449	0.0001	0.577145	0.0001	0.0001	0.0001	0.164031	0.999971	0.000100001	0.512045	0.439037	0.0001	0.0001	0.0001	0.0001	0.319022	0.0001	0.0001	0.0001	0.0001	0.0814696	0.0001	0.0001	0.0001	0.0001	0.0001	0.149208	0.0001	0.519212	0.0001
40	A	T	ORF	S	NULL	0	0	0	0	0	0	0	0	0	0	0	0	0	0	0	0	0	0	0	0	0	0	0	0	0	0	0	0	0	0	0	0	0	0	0	0	0	0	0	0	0	0	0	0	0	0	0	0	0	0	0	0	0	0
41	A	T	ORF	S	NULL	0	0	0	0	0	0	0	0	0	0	0	0	0	0	0	0	0	0	0	0	0	0	0	0	0	0	0	0	0	0	0	0	0	0	0	0	0	0	0	0	0	0	0	0	0	0	0	0	0	0	0	0	0	0
42	A	T	ORF	S	NULL	0	0	0	0	0	0	0	0	0	0	0	0	0	0	0	0	0	0	0	0	0	0	0	0	0	0	0	0	0	0	0	0	0	0	0	0	0	0	0	0	0	0	0	0	0	0	0	0	0	0	0	0	0	0
43	A	T	ORF	S	NULL	0	0	0	0	0.0002	0.0002	0.0002	0.0002	0.0002	0.0002	0.0970953	1.00009	0.422148	0.0291326	0.113101	0.0183537	1.00007	0.0002	0.160103	0.178242	0.604157	0.0002	0.0500135	0.00423014	0.138129	0.36114	0.577245	0.0002	0.255126	0.0002	0.164131	1.00007	0.000200001	0.512145	0.439137	0.0002	0.0002	0.0002	0.0002	0.319122	0.0002	0.0002	0.0002	0.0002	0.276788	0.0002	0.0002	0.0951486	0.0002	0.273173	0.427293	0.0002	0.519312	0.0002
44	A	T	ORF	S	NULL	0	0	0	0	0	0	0	0	0	0	0	0	0	0	0	0	0	0	0	0	0	0	0	0	0	0	0	0	0	0	0	0	0	0	0	0	0	0	0	0	0	0	0	0	0	0	0	0	0	0	0	0	0	0
45	A	T	ORF	S	NULL	0	0	0	0	0	0	0	0	0	0	0	0	0	0	0	0	0	0	0	0	0	0	0	0	0	0	0	0	0	0	0	0	0	0	0	0	0	0	0	0	0	0	0	0	0	0	0	0	0	0	0	0	0	0
46	A	T	ORF	S	NULL	0	0	0	0	0	0	0	0	0	0	0	0	0	0	0	0	0	0	0	0	0	0	0	0	0	0	0	0	0	0	0	0	0	0	0	0	0	0	0	0	0	0	0	0	0	0	0	0	0	0	0	0	0	0
47	A	T	ORF	S	NULL	0	0	0	0	0.0001	0.0001	0.24406	0.0001	0.0001	0.741072	0.0001	0.0001	0.0001	0.0001	0.044984	0.287145	0.0001	0.0001	0.0001	0.0001	0.0001	0.0001	0.25628	0.496983	0.691122	0.0001	0.0001	0.0209827	0.382026	0.167255	0.329049	0.0001	0.0001	0.0001	0.0001	0.356023	0.0001	0.427032	0.74333	0.0001	0.104018	0.0001	0.000974197	0.182055	0.0001	0.0001	0.0001	0.0001	0.181155	0.0001	0.0001	0.0001	0.290215	0.0001
48	A	T	ORF	S	NULL	0	0	0	0	0	0	0	0	0	0	0	0	0	0	0	0	0	0	0	0	0	0	0	0	0	0	0	0	0	0	0	0	0	0	0	0	0	0	0	0	0	0	0	0	0	0	0	0	0	0	0	0	0	0
49	A	T	ORF	S	NULL	0	0	0	0	0.0001	0.0001	0.000110461	0.0001	0.0001	0.0001	0.0001	0.0001	0.0001	0.216393	0.0001	0.60426	0.0001	0.0001	0.682116	0.000173793	0.0001	0.0001	0.0001	0.000163366	0.000111991	0.122035	0.422187	0.0001	0.0001	0.0001	0.0001	0.0001	0.0001	0.0001	0.0001	0.572095	0.0001	0.0001	0.0001	0.0001	0.0001	0.999158	0.0001	0.000109965	0.198189	0.0001	0.0001	0.0001	0.369122	0.0001	0.22129	0.0130655	0.0001	0.294359
50	A	T	ORF	S	NULL	0	0	0	0	0	0	0	0	0	0	0	0	0	0	0	0	0	0	0	0	0	0	0	0	0	0	0	0	0	0	0	0	0	0	0	0	0	0	0	0	0	0	0	0	0	0	0	0	0	0	0	0	0	0
51	A	T	ORF	S	NULL	0	0	0	0	0	0	0	0	0	0	0	0	0	0	0	0	0	0	0	0	0	0	0	0	0	0	0	0	0	0	0	0	0	0	0	0	0	0	0	0	0	0	0	0	0	0	0	0	0	0	0	0	0	0
52	A	T	ORF	S	NULL	0	0	0	0	0	0	0	0	0	0	0	0	0	0	0	0	0	0	0	0	0	0	0	0	0	0	0	0	0	0	0	0	0	0	0	0	0	0	0	0	0	0	0	0	0	0	0	0	0	0	0	0	0	0
53	A	T	ORF	S	NULL	0	0	0	0	0	0	0	0	0	0	0	0	0	0	0	0	0	0	0	0	0	0	0	0	0	0	0	0	0	0	0	0	0	0	0	0	0	0	0	0	0	0	0	0	0	0	0	0	0	0	0	0	0	0
54	A	T	ORF	S	NULL	0	0	0	0	0.0002	0.0002	0.24416	0.0002	0.0002	0.741172	0.0970953	0.0002	0.0002	0.000201176	0.157985	0.305399	1.00007	0.0002	0.160103	0.178242	0.604157	0.0002	0.306193	0.501113	0.783167	0.0002	0.577245	0.0210827	0.382126	0.167355	0.49308	1.00007	0.000200001	0.512145	0.439137	0.356123	0.0002	0.427132	0.74343	0.319122	0.104118	0.0002	0.0010742	0.182155	0.0815696	0.0002	0.0002	0.0002	0.181255	0.0002	0.149308	0.0002	0.809427	0.0002
55	A	T	ORF	S	NULL	0	0	0	0	0	0	0	0	0	0	0	0	0	0	0	0	0	0	0	0	0	0	0	0	0	0	0	0	0	0	0	0	0	0	0	0	0	0	0	0	0	0	0	0	0	0	0	0	0	0	0	0	0	0
56	A	T	ORF	S	NULL	0	0	0	0	0.704215	0.0002	0.244188	0.585199	0.797228	0.741172	0.266159	0.0002	0.0002	0.45254	0.045084	0.287252	0.0002	0.0002	0.0002	0.631373	0.0002	0.0002	0.519711	0.570218	0.691246	0.0002	0.000225804	0.948138	0.382126	0.248647	0.446143	0.0002	0.0002	0.000200001	0.0002	0.356123	0.000200003	0.78111	0.831721	0.000200002	0.104118	0.0002	0.0010742	0.182181	0.297308	0.0002	0.0002	0.000200001	0.181255	0.0002	0.0274075	0.000200001	0.290315	0.481485
57	A	T	ORF	S	NULL	0	0	0	0	0	0	0	0	0	0	0	0	0	0	0	0	0	0	0	0	0	0	0	0	0	0	0	0	0	0	0	0	0	0	0	0	0	0	0	0	0	0	0	0	0	0	0	0	0	0	0	0	0	0
58	A	T	ORF	S	NULL	0	0	0	0	0	0	0	0	0	0	0	0	0	0	0	0	0	0	0	0	0	0	0	0	0	0	0	0	0	0	0	0	0	0	0	0	0	0	0	0	0	0	0	0	0	0	0	0	0	0	0	0	0	0
59	A	T	ORF	S	NULL	0	0	0	0	0.295153	0.000113477	0.530447	0.000112927	0.000112892	0.0891339	0.000115062	0.0001	0.000113972	0.00031004	0.000122727	0.00015003	0.0001	0.000113228	0.000113908	0.000206457	0.000115762	0.000248123	0.000113693	0.000236072	0.000373914	0.169136	0.0001	0.000120482	0.000123052	0.000113323	0.00024886	0.0001	0.0001	0.487181	0.000115357	0.0711307	0.999979	0.218151	0.000113035	0.680207	0.000249065	0.000111494	0.315166	0.000373819	0.150298	0.000112602	0.0001	0.398302	0.448548	0.000247186	0.00247917	0.282286	0.000170576	0.000171446
60	A	T	ORF	S	NULL	0	0	0	0	0.000112598	0.00011359	0.0473911	0.000113084	0.000113093	0.000114455	0.000115212	0.0001	0.000114089	0.000310052	0.000115526	0.000186197	0.0001	0.000113344	0.000114097	0.000206474	0.00011592	0.0302547	0.000196058	0.163232	0.0593935	0.347161	0.0001	0.000113865	0.000115459	0.000191208	0.00325148	0.0001	0.0001	0.000115104	0.000115499	0.000113603	0.0001	0.000114092	0.000191222	0.00011451	0.0572585	0.000111644	0.000114243	0.414441	0.000277473	0.426171	0.0001	0.000250156	0.000197825	0.500318	0.0684883	0.408306	0.189256	0.000171455
61	A	T	ORF	S	NULL	0	0	0	0	0	0	0	0	0	0	0	0	0	0	0	0	0	0	0	0	0	0	0	0	0	0	0	0	0	0	0	0	0	0	0	0	0	0	0	0	0	0	0	0	0	0	0	0	0	0	0	0	0	0
62	A	T	ORF	S	NULL	0	0	0	0	0.0001	0.0001	0.156283	0.414112	0.0001	0.0001	0.502125	0.0001	0.0001	0.132224	0.0001	0.000114694	0.0001	0.778159	0.0001	0.000129896	0.0001	0.000162971	0.000122088	0.261165	0.109278	0.0001	0.0001	0.0510668	0.362107	0.750213	0.331205	0.0001	0.0001	0.0001	0.0001	0.0001	0.0001	0.0001	0.000118462	0.0001	0.837269	0.0001	0.683147	0.000263382	0.0761927	0.0001	0.0001	0.505227	0.000123409	0.000162263	0.000334251	0.2952	0.000147437	0.223132
63	A	T	ORF	S	NULL	0	0	0	0	0.295253	0.000213477	0.774507	0.000212927	0.000212892	0.830206	0.000215062	0.0002	0.000213972	0.00041004	0.0451068	0.287295	0.0002	0.000213228	0.000213908	0.000306457	0.000215762	0.000348123	0.256393	0.497219	0.691496	0.169236	0.0002	0.0211032	0.382149	0.167368	0.329297	0.0002	0.0002	0.487281	0.000215357	0.427153	1.00008	0.645183	0.743443	0.680307	0.104267	0.000211494	0.31614	0.182429	0.150398	0.000212602	0.0002	0.398402	0.629703	0.000347186	0.00257917	0.282386	0.290385	0.000271446
64	A	T	ORF	S	NULL	0	0	0	0	0.0001	0.192029	0.000111285	0.0001	0.202031	0.0001	0.134022	0.0001	0.0001	0.0001	0.841117	0.0001	0.0001	0.0001	0.0001	0.189049	0.395057	0.322102	0.429095	0.0001	0.000111028	0.0001	0.0001	0.0001	0.0001	0.0001	0.0540658	0.0001	0.99999	0.0001	0.560079	0.0001	0.0001	0.0001	0.0580501	0.0001	0.0001	0.0001	0.0001	0.388163	0.0001	0.0001	0.0001	0.0001	0.0001	0.0001	0.0721483	0.0001	0.0001	0.0001
65	A	T	ORF	S	NULL	0	0	0	0	0	0	0	0	0	0	0	0	0	0	0	0	0	0	0	0	0	0	0	0	0	0	0	0	0	0	0	0	0	0	0	0	0	0	0	0	0	0	0	0	0	0	0	0	0	0	0	0	0	0
66	A	T	ORF	S	NULL	0	0	0	0	0	0	0	0	0	0	0	0	0	0	0	0	0	0	0	0	0	0	0	0	0	0	0	0	0	0	0	0	0	0	0	0	0	0	0	0	0	0	0	0	0	0	0	0	0	0	0	0	0	0
67	A	T	ORF	S	NULL	0	0	0	0	0	0	0	0	0	0	0	0	0	0	0	0	0	0	0	0	0	0	0	0	0	0	0	0	0	0	0	0	0	0	0	0	0	0	0	0	0	0	0	0	0	0	0	0	0	0	0	0	0	0
68	A	T	ORF	S	NULL	0	0	0	0	0.0001	0.0001	0.0001	0.0001	0.0001	0.0001	0.0001	0.99999	0.422048	0.0290314	0.0001	0.0001	0.0001	0.0001	0.0001	0.0001	0.0001	0.0001	0.0001	0.0001	0.0460844	0.36104	0.0001	0.0001	0.255026	0.0001	0.0001	0.0001	0.0001	0.0001	0.0001	0.0001	0.0001	0.0001	0.0001	0.0001	0.0001	0.0001	0.0001	0.0001	0.195318	0.0001	0.0001	0.0950486	0.0001	0.273073	0.278086	0.0001	0.0001	0.0001
69	A	T	ORF	S	NULL	0	0	0	0	0.704315	0.0003	0.000337675	0.585299	0.797328	0.0003	0.363154	0.0003	0.0003	0.668935	0.113201	0.622621	1.00017	0.0003	0.842219	0.809588	0.604257	0.0003	0.313445	0.0775288	0.0922811	0.122235	0.999458	0.927355	0.0003	0.0815917	0.281225	1.00017	0.000300001	0.512245	0.439237	0.572295	0.000300002	0.354278	0.0885911	0.319222	0.0003	0.999358	0.000300001	0.000336224	0.576867	0.0003	0.0003	0.000300001	0.369322	0.0003	0.397805	0.0132655	0.519412	0.775844
70	A	T	ORF	S	NULL	0	0	0	0	0	0	0	0	0	0	0	0	0	0	0	0	0	0	0	0	0	0	0	0	0	0	0	0	0	0	0	0	0	0	0	0	0	0	0	0	0	0	0	0	0	0	0	0	0	0	0	0	0	0
71	A	T	ORF	S	NULL	0	0	0	0	0	0	0	0	0	0	0	0	0	0	0	0	0	0	0	0	0	0	0	0	0	0	0	0	0	0	0	0	0	0	0	0	0	0	0	0	0	0	0	0	0	0	0	0	0	0	0	0	0	0
72	A	T	ORF	S	NULL	0	0	0	0	0	0	0	0	0	0	0	0	0	0	0	0	0	0	0	0	0	0	0	0	0	0	0	0	0	0	0	0	0	0	0	0	0	0	0	0	0	0	0	0	0	0	0	0	0	0	0	0	0	0
73	A	T	ORF	S	NULL	0	0	0	0	0	0	0	0	0	0	0	0	0	0	0	0	0	0	0	0	0	0	0	0	0	0	0	0	0	0	0	0	0	0	0	0	0	0	0	0	0	0	0	0	0	0	0	0	0	0	0	0	0	0
74	A	T	ORF	S	NULL	0	0	0	0	0	0	0	0	0	0	0	0	0	0	0	0	0	0	0	0	0	0	0	0	0	0	0	0	0	0	0	0	0	0	0	0	0	0	0	0	0	0	0	0	0	0	0	0	0	0	0	0	0	0
75	A	T	ORF	S	NULL	0	0	0	0	0	0	0	0	0	0	0	0	0	0	0	0	0	0	0	0	0	0	0	0	0	0	0	0	0	0	0	0	0	0	0	0	0	0	0	0	0	0	0	0	0	0	0	0	0	0	0	0	0	0
76	A	T	ORF	S	NULL	0	0	0	0	0.0001	0.0001	0.0001	0.0001	0.0001	0.0001	0.0969953	0.0001	0.0001	0.000101176	0.113001	0.0182537	0.999971	0.0001	0.160003	0.178142	0.604057	0.0001	0.0499135	0.00413014	0.0920449	0.0001	0.577145	0.0001	0.0001	0.0001	0.164031	0.999971	0.000100001	0.512045	0.439037	0.0001	0.0001	0.0001	0.0001	0.319022	0.0001	0.0001	0.0001	0.0001	0.0814696	0.0001	0.0001	0.0001	0.0001	0.0001	0.149208	0.0001	0.519212	0.0001
77	A	T	ORF	S	NULL	0	0	0	0	0	0	0	0	0	0	0	0	0	0	0	0	0	0	0	0	0	0	0	0	0	0	0	0	0	0	0	0	0	0	0	0	0	0	0	0	0	0	0	0	0	0	0	0	0	0	0	0	0	0
78	A	T	ORF	S	NULL	0	0	0	0	0.0001	0.0001	0.156283	0.414112	0.0001	0.0001	0.502125	0.0001	0.0001	0.132224	0.0001	0.000114694	0.0001	0.778159	0.0001	0.000129896	0.0001	0.000162971	0.000122088	0.261165	0.109278	0.0001	0.0001	0.0510668	0.362107	0.750213	0.331205	0.0001	0.0001	0.0001	0.0001	0.0001	0.0001	0.0001	0.000118462	0.0001	0.837269	0.0001	0.683147	0.000263382	0.0761927	0.0001	0.0001	0.505227	0.000123409	0.000162263	0.000334251	0.2952	0.000147437	0.223132
79	A	T	ORF	S	NULL	0	0	0	0	0.0002	0.0002	0.0002	0.0002	0.0002	0.0002	0.0970953	1.00009	0.422148	0.0291326	0.113101	0.0183537	1.00007	0.0002	0.160103	0.178242	0.604157	0.0002	0.0500135	0.00423014	0.138129	0.36114	0.577245	0.0002	0.255126	0.0002	0.164131	1.00007	0.000200001	0.512145	0.439137	0.0002	0.0002	0.0002	0.0002	0.319122	0.0002	0.0002	0.0002	0.0002	0.276788	0.0002	0.0002	0.0951486	0.0002	0.273173	0.427293	0.0002	0.519312	0.0002
80	A	T	ORF	S	NULL	0	0	0	0	0.0001	0.0001	0.0001	0.0001	0.0001	0.0001	0.0001	0.99999	0.422048	0.0290314	0.0001	0.0001	0.0001	0.0001	0.0001	0.0001	0.0001	0.0001	0.0001	0.0001	0.0460844	0.36104	0.0001	0.0001	0.255026	0.0001	0.0001	0.0001	0.0001	0.0001	0.0001	0.0001	0.0001	0.0001	0.0001	0.0001	0.0001	0.0001	0.0001	0.0001	0.195318	0.0001	0.0001	0.0950486	0.0001	0.273073	0.278086	0.0001	0.0001	0.0001
81	A	T	ORF	S	NULL	0	0	0	0	0	0	0	0	0	0	0	0	0	0	0	0	0	0	0	0	0	0	0	0	0	0	0	0	0	0	0	0	0	0	0	0	0	0	0	0	0	0	0	0	0	0	0	0	0	0	0	0	0	0
82	A	T	ORF	S	NULL	0	0	0	0	0.0001	0.0001	0.000110461	0.0001	0.0001	0.0001	0.0001	0.0001	0.0001	0.216393	0.0001	0.60426	0.0001	0.0001	0.682116	0.000173793	0.0001	0.0001	0.0001	0.000163366	0.000111991	0.122035	0.422187	0.0001	0.0001	0.0001	0.0001	0.0001	0.0001	0.0001	0.0001	0.572095	0.0001	0.0001	0.0001	0.0001	0.0001	0.999158	0.0001	0.000109965	0.198189	0.0001	0.0001	0.0001	0.369122	0.0001	0.22129	0.0130655	0.0001	0.294359
83	A	T	ORF	S	NULL	0	0	0	0	0.295153	0.000113477	0.530447	0.000112927	0.000112892	0.0891339	0.000115062	0.0001	0.000113972	0.00031004	0.000122727	0.00015003	0.0001	0.000113228	0.000113908	0.000206457	0.000115762	0.000248123	0.000113693	0.000236072	0.000373914	0.169136	0.0001	0.000120482	0.000123052	0.000113323	0.00024886	0.0001	0.0001	0.487181	0.000115357	0.0711307	0.999979	0.218151	0.000113035	0.680207	0.000249065	0.000111494	0.315166	0.000373819	0.150298	0.000112602	0.0001	0.398302	0.448548	0.000247186	0.00247917	0.282286	0.000170576	0.000171446
84	A	T	ORF	S	NULL	0	0	0	0	0	0	0	0	0	0	0	0	0	0	0	0	0	0	0	0	0	0	0	0	0	0	0	0	0	0	0	0	0	0	0	0	0	0	0	0	0	0	0	0	0	0	0	0	0	0	0	0	0	0
85	A	T	ORF	S	NULL	0	0	0	0	0	0	0	0	0	0	0	0	0	0	0	0	0	0	0	0	0	0	0	0	0	0	0	0	0	0	0	0	0	0	0	0	0	0	0	0	0	0	0	0	0	0	0	0	0	0	0	0	0	0
86	A	T	ORF	S	NULL	0	0	0	0	0.0002	0.192129	0.000221746	0.0002	0.202131	0.0002	0.134122	0.0002	0.0002	0.216493	0.841217	0.60436	0.0002	0.0002	0.682216	0.189223	0.395157	0.322202	0.429195	0.000263366	0.000223019	0.122135	0.422287	0.0002	0.0002	0.0002	0.0541658	0.0002	1.00009	0.0002	0.560179	0.572195	0.0002	0.0002	0.0581501	0.0002	0.0002	0.999258	0.0002	0.388273	0.198289	0.0002	0.0002	0.0002	0.369222	0.0002	0.293438	0.0131655	0.0002	0.294459
87	A	T	ORF	S	NULL	0	0	0	0	0.00053751	0.807642	0.0213565	0.000538968	0.000538992	0.169564	0.000545337	0.0001	0.577614	0.169151	0.000546292	0.0897695	0.0001	0.221567	0.157562	0.000819235	0.00054748	0.647033	0.000787979	0.000827687	0.001356	0.000539405	0.000390739	0.000541313	0.000546093	0.000773427	0.00095321	0.0001	0.0001	0.000545032	0.000546217	0.000540525	0.0001	0.000541996	0.109787	0.000543249	0.000952113	0.000534647	0.00054245	0.014355	0.00103227	0.57361	0.999994	0.000950307	0.000793285	0.225977	0.180659	0.000949205	0.000889444	0.000714152
88	A	T	ORF	S	NULL	0	0	0	0	0.0002	0.192129	0.000211285	0.0002	0.202131	0.0002	0.134122	1.00009	0.422148	0.0291314	0.841217	0.0002	0.0002	0.0002	0.0002	0.189149	0.395157	0.322202	0.429195	0.0002	0.0461954	0.36114	0.0002	0.0002	0.255126	0.0002	0.0541658	0.0002	1.00009	0.0002	0.560179	0.0002	0.0002	0.0002	0.0581501	0.0002	0.0002	0.0002	0.0002	0.388263	0.195418	0.0002	0.0002	0.0951486	0.0002	0.273173	0.350234	0.0002	0.0002	0.0002
89	A	T	ORF	S	NULL	0	0	0	0	0	0	0	0	0	0	0	0	0	0	0	0	0	0	0	0	0	0	0	0	0	0	0	0	0	0	0	0	0	0	0	0	0	0	0	0	0	0	0	0	0	0	0	0	0	0	0	0	0	0
90	A	T	ORF	S	NULL	0	0	0	0	0	0	0	0	0	0	0	0	0	0	0	0	0	0	0	0	0	0	0	0	0	0	0	0	0	0	0	0	0	0	0	0	0	0	0	0	0	0	0	0	0	0	0	0	0	0	0	0	0	0
91	A	T	ORF	S	NULL	0	0	0	0	0	0	0	0	0	0	0	0	0	0	0	0	0	0	0	0	0	0	0	0	0	0	0	0	0	0	0	0	0	0	0	0	0	0	0	0	0	0	0	0	0	0	0	0	0	0	0	0	0	0
92	A	T	ORF	S	NULL	0	0	0	0	0	0	0	0	0	0	0	0	0	0	0	0	0	0	0	0	0	0	0	0	0	0	0	0	0	0	0	0	0	0	0	0	0	0	0	0	0	0	0	0	0	0	0	0	0	0	0	0	0	0
93	A	T	ORF	S	NULL	0	0	0	0	0	0	0	0	0	0	0	0	0	0	0	0	0	0	0	0	0	0	0	0	0	0	0	0	0	0	0	0	0	0	0	0	0	0	0	0	0	0	0	0	0	0	0	0	0	0	0	0	0	0
94	A	T	ORF	S	NULL	0	0	0	0	0	0	0	0	0	0	0	0	0	0	0	0	0	0	0	0	0	0	0	0	0	0	0	0	0	0	0	0	0	0	0	0	0	0	0	0	0	0	0	0	0	0	0	0	0	0	0	0	0	0
95	A	T	ORF	S	NULL	0	0	0	0	0	0	0	0	0	0	0	0	0	0	0	0	0	0	0	0	0	0	0	0	0	0	0	0	0	0	0	0	0	0	0	0	0	0	0	0	0	0	0	0	0	0	0	0	0	0	0	0	0	0
96	A	T	ORF	S	NULL	0	0	0	0	0	0	0	0	0	0	0	0	0	0	0	0	0	0	0	0	0	0	0	0	0	0	0	0	0	0	0	0	0	0	0	0	0	0	0	0	0	0	0	0	0	0	0	0	0	0	0	0	0	0
97	A	T	ORF	S	NULL	0	0	0	0	0	0	0	0	0	0	0	0	0	0	0	0	0	0	0	0	0	0	0	0	0	0	0	0	0	0	0	0	0	0	0	0	0	0	0	0	0	0	0	0	0	0	0	0	0	0	0	0	0	0
98	A	T	ORF	S	NULL	0	0	0	0	0	0	0	0	0	0	0	0	0	0	0	0	0	0	0	0	0	0	0	0	0	0	0	0	0	0	0	0	0	0	0	0	0	0	0	0	0	0	0	0	0	0	0	0	0	0	0	0	0	0
99	A	T	ORF	S	NULL	0	0	0	0	0.704215	0.0002	0.000237675	0.585199	0.797228	0.0002	0.266159	0.0002	0.0002	0.668833	0.0002	0.604367	0.0002	0.0002	0.682216	0.631447	0.0002	0.0002	0.263531	0.0733987	0.000236164	0.122135	0.422313	0.927255	0.0002	0.0814917	0.117194	0.0002	0.0002	0.000200001	0.0002	0.572195	0.000200002	0.354178	0.0884911	0.000200002	0.0002	0.999258	0.000200001	0.000236224	0.495397	0.0002	0.0002	0.000200001	0.369222	0.0002	0.248597	0.0131655	0.0002	0.775744
100	A	T	ORF	S	NULL	0	0	0	0	0	0	0	0	0	0	0	0	0	0	0	0	0	0	0	0	0	0	0	0	0	0	0	0	0	0	0	0	0	0	0	0	0	0	0	0	0	0	0	0	0	0	0	0	0	0	0	0	0	0
