pos	ref	alt	gene	N/S	AA	nSRAsubclonal	nSRAclonal	nSRA	nConsensus	sample0|Earth	sample1|Earth	sample2|Earth	sample3|Earth	sample4|Earth	sample5|Earth	sample6|Earth	sample7|Earth	sample8|Earth	sample9|Earth	sample10|Earth	sample11|Earth	sample12|Earth	sample13|Earth	sample14|Earth	sample15|Earth	sample16|Earth	sample17|Earth	sample18|Earth	sample19|Earth	sample20|Earth	sample21|Earth	sample22|Earth	sample23|Earth	sample24|Earth	sample25|Earth	sample26|Earth	sample27|Earth	sample28|Earth	sample29|Earth	sample30|Earth	sample31|Earth	sample32|Earth	sample33|Earth	sample34|Earth	sample35|Earth	sample36|Earth	sample37|Earth	sample38|Earth	sample39|Earth	sample40|Earth	sample41|Earth	sample42|Earth	sample43|Earth	sample44|Earth	sample45|Earth	sample46|Earth	sample47|Earth	sample48|Earth	sample49|Earth
1	A	T	ORF	S	NULL	0	0	0	0	0	0	0	0	0	0	0	0	0	0	0	0	0	0	0	0	0	0	0	0	0	0	0	0	0	0	0	0	0	0	0	0	0	0	0	0	0	0	0	0	0	0	0	0	0	0	0	0	0	0
2	A	T	ORF	S	NULL	0	0	0	0	0	0	0	0	0	0	0	0	0	0	0	0	0	0	0	0	0	0	0	0	0	0	0	0	0	0	0	0	0	0	0	0	0	0	0	0	0	0	0	0	0	0	0	0	0	0	0	0	0	0
3	A	T	ORF	S	NULL	0	0	0	0	0.00201726	0.0001	0.0001	0.0001	0.154997	0.0001	0.0001	0.262537	0.29169	0.0001	0.0001	0.0001	0.0001	0.0001	0.011349	0.0001	0.0001	0.0369038	0.0001	0.265636	0.0206659	0.399359	0.0001	0.0001	0.0001	0.0001	0.322666	0.0001	0.264483	0.0001	0.0001	0.00944271	0.0001	0.0001	0.0001	0.0001	0.0001	0.0239551	0.0001	0.53612	0.0001	0.330936	0.494959	0.0001	0.0001	0.692634	0.0001	0.226613	0.096405	0.0001
4	A	T	ORF	S	NULL	0	0	0	0	0	0	0	0	0	0	0	0	0	0	0	0	0	0	0	0	0	0	0	0	0	0	0	0	0	0	0	0	0	0	0	0	0	0	0	0	0	0	0	0	0	0	0	0	0	0	0	0	0	0
5	A	T	ORF	S	NULL	0	0	0	0	0	0	0	0	0	0	0	0	0	0	0	0	0	0	0	0	0	0	0	0	0	0	0	0	0	0	0	0	0	0	0	0	0	0	0	0	0	0	0	0	0	0	0	0	0	0	0	0	0	0
6	A	T	ORF	S	NULL	0	0	0	0	0	0	0	0	0	0	0	0	0	0	0	0	0	0	0	0	0	0	0	0	0	0	0	0	0	0	0	0	0	0	0	0	0	0	0	0	0	0	0	0	0	0	0	0	0	0	0	0	0	0
7	A	T	ORF	S	NULL	0	0	0	0	0	0	0	0	0	0	0	0	0	0	0	0	0	0	0	0	0	0	0	0	0	0	0	0	0	0	0	0	0	0	0	0	0	0	0	0	0	0	0	0	0	0	0	0	0	0	0	0	0	0
8	A	T	ORF	S	NULL	0	0	0	0	0	0	0	0	0	0	0	0	0	0	0	0	0	0	0	0	0	0	0	0	0	0	0	0	0	0	0	0	0	0	0	0	0	0	0	0	0	0	0	0	0	0	0	0	0	0	0	0	0	0
9	A	T	ORF	S	NULL	0	0	0	0	0	0	0	0	0	0	0	0	0	0	0	0	0	0	0	0	0	0	0	0	0	0	0	0	0	0	0	0	0	0	0	0	0	0	0	0	0	0	0	0	0	0	0	0	0	0	0	0	0	0
10	A	T	ORF	S	NULL	0	0	0	0	0	0	0	0	0	0	0	0	0	0	0	0	0	0	0	0	0	0	0	0	0	0	0	0	0	0	0	0	0	0	0	0	0	0	0	0	0	0	0	0	0	0	0	0	0	0	0	0	0	0
11	A	T	ORF	S	NULL	0	0	0	0	0	0	0	0	0	0	0	0	0	0	0	0	0	0	0	0	0	0	0	0	0	0	0	0	0	0	0	0	0	0	0	0	0	0	0	0	0	0	0	0	0	0	0	0	0	0	0	0	0	0
12	A	T	ORF	S	NULL	0	0	0	0	0	0	0	0	0	0	0	0	0	0	0	0	0	0	0	0	0	0	0	0	0	0	0	0	0	0	0	0	0	0	0	0	0	0	0	0	0	0	0	0	0	0	0	0	0	0	0	0	0	0
13	A	T	ORF	S	NULL	0	0	0	0	0	0	0	0	0	0	0	0	0	0	0	0	0	0	0	0	0	0	0	0	0	0	0	0	0	0	0	0	0	0	0	0	0	0	0	0	0	0	0	0	0	0	0	0	0	0	0	0	0	0
14	A	T	ORF	S	NULL	0	0	0	0	0.120073	0.0001	0.0001	0.0001	0.0001	0.0119009	0.0001	0.30117	0.0001	0.0001	0.0001	0.325924	0.0001	0.0001	0.0001	0.0001	0.0001	0.0001	0.188916	0.0611374	0.0401198	0.0001	0.0001	0.581947	0.349921	0.100905	0.181309	0.0001	0.0001	0.724957	0.0001	0.551948	0.0001	0.296924	0.131911	0.510941	0.145708	0.0001	0.228895	0.389089	0.0001	0.0001	0.0001	0.0001	0.212917	0.0001	0.0001	0.00113125	0.830067	0.0001
15	A	T	ORF	S	NULL	0	0	0	0	0	0	0	0	0	0	0	0	0	0	0	0	0	0	0	0	0	0	0	0	0	0	0	0	0	0	0	0	0	0	0	0	0	0	0	0	0	0	0	0	0	0	0	0	0	0	0	0	0	0
16	A	T	ORF	S	NULL	0	0	0	0	0	0	0	0	0	0	0	0	0	0	0	0	0	0	0	0	0	0	0	0	0	0	0	0	0	0	0	0	0	0	0	0	0	0	0	0	0	0	0	0	0	0	0	0	0	0	0	0	0	0
17	A	T	ORF	S	NULL	0	0	0	0	0	0	0	0	0	0	0	0	0	0	0	0	0	0	0	0	0	0	0	0	0	0	0	0	0	0	0	0	0	0	0	0	0	0	0	0	0	0	0	0	0	0	0	0	0	0	0	0	0	0
18	A	T	ORF	S	NULL	0	0	0	0	0.0001	0.0001	0.999891	0.0001	0.0858309	0.0001	0.0156917	0.0300958	0.458668	0.524447	0.0001	0.0268371	0.0001	0.107888	0.439085	0.0001	0.0001	0.0001	0.0001	0.00286269	0.555707	0.00271498	0.0001	0.0001	0.0476608	0.00686185	0.008125	0.330942	0.025648	0.0001	0.0001	0.0132503	0.0001	0.0001	0.245936	0.0018227	0.0248407	0.0319552	0.0518915	0.0001	0.0001	0.439956	0.465959	0.112708	0.0001	0.106917	0.0001	0.0154249	0.0001	0.0073087
19	A	T	ORF	S	NULL	0	0	0	0	0.0001	0.0001	0.0001	0.0001	0.137471	0.0001	0.0470101	0.183986	0.191713	0.109024	0.0001	0.036339	0.0001	0.279972	0.211473	0.0001	0.0001	0.0001	0.0001	0.0102071	0.17052	0.0510962	0.0001	0.0001	0.347371	0.0301991	0.0178563	0.0001	0.219254	0.0001	0.0001	0.160247	0.0001	0.0001	0.0001	0.0113618	0.101266	0.449696	0.226942	0.0001	0.0001	0.0001	0.0001	0.548718	0.0001	0.123433	0.0001	0.0573375	0.00404483	0.0219315
20	A	T	ORF	S	NULL	0	0	0	0	0.0001	0.999932	0.0001	0.0001	0.176139	0.0001	0.236914	0.000100154	0.0001	0.0001	0.977976	0.0001	0.0399168	0.00156204	0.0001	0.705955	0.616954	0.961974	0.0001	0.0001	0.0001	0.0001	0.0001	0.0001	0.0001	0.0001	0.240919	0.0001	0.243933	0.0001	0.409942	0.0490293	0.0001	0.0001	0.0001	0.0249048	0.207913	0.0001	0.00155458	0.0729057	0.0001	0.0001	0.0379029	0.0001	0.0001	0.0001	0.077906	0.000265172	0.0001	0.0001
21	A	T	ORF	S	NULL	0	0	0	0	0	0	0	0	0	0	0	0	0	0	0	0	0	0	0	0	0	0	0	0	0	0	0	0	0	0	0	0	0	0	0	0	0	0	0	0	0	0	0	0	0	0	0	0	0	0	0	0	0	0
22	A	T	ORF	S	NULL	0	0	0	0	0.0001	0.0001	0.999891	0.0001	0.0858309	0.0001	0.0156917	0.0300958	0.458668	0.524447	0.0001	0.0268371	0.0001	0.107888	0.439085	0.0001	0.0001	0.0001	0.0001	0.00286269	0.555707	0.00271498	0.0001	0.0001	0.0476608	0.00686185	0.008125	0.330942	0.025648	0.0001	0.0001	0.0132503	0.0001	0.0001	0.245936	0.0018227	0.0248407	0.0319552	0.0518915	0.0001	0.0001	0.439956	0.465959	0.112708	0.0001	0.106917	0.0001	0.0154249	0.0001	0.0073087
23	A	T	ORF	S	NULL	0	0	0	0	0	0	0	0	0	0	0	0	0	0	0	0	0	0	0	0	0	0	0	0	0	0	0	0	0	0	0	0	0	0	0	0	0	0	0	0	0	0	0	0	0	0	0	0	0	0	0	0	0	0
24	A	T	ORF	S	NULL	0	0	0	0	0	0	0	0	0	0	0	0	0	0	0	0	0	0	0	0	0	0	0	0	0	0	0	0	0	0	0	0	0	0	0	0	0	0	0	0	0	0	0	0	0	0	0	0	0	0	0	0	0	0
25	A	T	ORF	S	NULL	0	0	0	0	0	0	0	0	0	0	0	0	0	0	0	0	0	0	0	0	0	0	0	0	0	0	0	0	0	0	0	0	0	0	0	0	0	0	0	0	0	0	0	0	0	0	0	0	0	0	0	0	0	0
26	A	T	ORF	S	NULL	0	0	0	0	0.677993	0.0001	0.0001	0.999949	0.166212	0.0001	0.496582	0.000455801	0.0001	0.0425914	0.0001	0.0106626	0.0001	0.0566483	0.0001	0.0001	0.0001	0.0001	0.0001	0.641979	0.0122989	0.0001	0.0001	0.416947	0.000799184	0.0378655	0.0923725	0.0001	0.0001	0.0001	0.0001	0.0001	0.0001	0.186079	0.61997	0.234812	0.414947	0.0001	0.0563788	0.0001	0.0001	0.0001	0.0001	0.00383775	0.0001	0.0001	0.0001	0.0139698	0.00497175	0.00760472
27	A	T	ORF	S	NULL	0	0	0	0	0.197943	0.0001	0.0001	0.0001	0.00544306	0.987008	0.0001	0.0698272	0.0001	0.0001	0.0001	0.0001	0.252953	0.351274	0.0159114	0.0001	0.0001	0.0001	0.0001	0.0001	0.0001	0.435947	0.0001	0.0001	0.0001	0.0001	0.0001	0.0159017	0.15194	0.0989108	0.585999	0.11916	0.999935	0.515276	0.0001	0.0479848	0.0001	0.0001	0.219316	0.0001	0.0001	0.121912	0.0001	0.0001	0.0509062	0.0001	0.0001	0.103059	0.0001	0.0001
28	A	T	ORF	S	NULL	0	0	0	0	0	0	0	0	0	0	0	0	0	0	0	0	0	0	0	0	0	0	0	0	0	0	0	0	0	0	0	0	0	0	0	0	0	0	0	0	0	0	0	0	0	0	0	0	0	0	0	0	0	0
29	A	T	ORF	S	NULL	0	0	0	0	0.120073	0.0001	0.0001	0.0001	0.0001	0.0119009	0.0001	0.30117	0.0001	0.0001	0.0001	0.325924	0.0001	0.0001	0.0001	0.0001	0.0001	0.0001	0.188916	0.0611374	0.0401198	0.0001	0.0001	0.581947	0.349921	0.100905	0.181309	0.0001	0.0001	0.724957	0.0001	0.551948	0.0001	0.296924	0.131911	0.510941	0.145708	0.0001	0.228895	0.389089	0.0001	0.0001	0.0001	0.0001	0.212917	0.0001	0.0001	0.00113125	0.830067	0.0001
30	A	T	ORF	S	NULL	0	0	0	0	0.0001	0.999932	0.0001	0.0001	0.176139	0.0001	0.236914	0.000100154	0.0001	0.0001	0.977976	0.0001	0.0399168	0.00156204	0.0001	0.705955	0.616954	0.961974	0.0001	0.0001	0.0001	0.0001	0.0001	0.0001	0.0001	0.0001	0.240919	0.0001	0.243933	0.0001	0.409942	0.0490293	0.0001	0.0001	0.0001	0.0249048	0.207913	0.0001	0.00155458	0.0729057	0.0001	0.0001	0.0379029	0.0001	0.0001	0.0001	0.077906	0.000265172	0.0001	0.0001
31	A	T	ORF	S	NULL	0	0	0	0	0	0	0	0	0	0	0	0	0	0	0	0	0	0	0	0	0	0	0	0	0	0	0	0	0	0	0	0	0	0	0	0	0	0	0	0	0	0	0	0	0	0	0	0	0	0	0	0	0	0
32	A	T	ORF	S	NULL	0	0	0	0	0	0	0	0	0	0	0	0	0	0	0	0	0	0	0	0	0	0	0	0	0	0	0	0	0	0	0	0	0	0	0	0	0	0	0	0	0	0	0	0	0	0	0	0	0	0	0	0	0	0
33	A	T	ORF	S	NULL	0	0	0	0	0	0	0	0	0	0	0	0	0	0	0	0	0	0	0	0	0	0	0	0	0	0	0	0	0	0	0	0	0	0	0	0	0	0	0	0	0	0	0	0	0	0	0	0	0	0	0	0	0	0
34	A	T	ORF	S	NULL	0	0	0	0	0	0	0	0	0	0	0	0	0	0	0	0	0	0	0	0	0	0	0	0	0	0	0	0	0	0	0	0	0	0	0	0	0	0	0	0	0	0	0	0	0	0	0	0	0	0	0	0	0	0
35	A	T	ORF	S	NULL	0	0	0	0	0	0	0	0	0	0	0	0	0	0	0	0	0	0	0	0	0	0	0	0	0	0	0	0	0	0	0	0	0	0	0	0	0	0	0	0	0	0	0	0	0	0	0	0	0	0	0	0	0	0
36	A	T	ORF	S	NULL	0	0	0	0	0.0001	0.0001	0.999891	0.0001	0.0858309	0.0001	0.0156917	0.0300958	0.458668	0.524447	0.0001	0.0268371	0.0001	0.107888	0.439085	0.0001	0.0001	0.0001	0.0001	0.00286269	0.555707	0.00271498	0.0001	0.0001	0.0476608	0.00686185	0.008125	0.330942	0.025648	0.0001	0.0001	0.0132503	0.0001	0.0001	0.245936	0.0018227	0.0248407	0.0319552	0.0518915	0.0001	0.0001	0.439956	0.465959	0.112708	0.0001	0.106917	0.0001	0.0154249	0.0001	0.0073087
37	A	T	ORF	S	NULL	0	0	0	0	0	0	0	0	0	0	0	0	0	0	0	0	0	0	0	0	0	0	0	0	0	0	0	0	0	0	0	0	0	0	0	0	0	0	0	0	0	0	0	0	0	0	0	0	0	0	0	0	0	0
38	A	T	ORF	S	NULL	0	0	0	0	0	0	0	0	0	0	0	0	0	0	0	0	0	0	0	0	0	0	0	0	0	0	0	0	0	0	0	0	0	0	0	0	0	0	0	0	0	0	0	0	0	0	0	0	0	0	0	0	0	0
39	A	T	ORF	S	NULL	0	0	0	0	0	0	0	0	0	0	0	0	0	0	0	0	0	0	0	0	0	0	0	0	0	0	0	0	0	0	0	0	0	0	0	0	0	0	0	0	0	0	0	0	0	0	0	0	0	0	0	0	0	0
40	A	T	ORF	S	NULL	0	0	0	0	0	0	0	0	0	0	0	0	0	0	0	0	0	0	0	0	0	0	0	0	0	0	0	0	0	0	0	0	0	0	0	0	0	0	0	0	0	0	0	0	0	0	0	0	0	0	0	0	0	0
41	A	T	ORF	S	NULL	0	0	0	0	0.0001	0.999932	0.0001	0.0001	0.176139	0.0001	0.236914	0.000100154	0.0001	0.0001	0.977976	0.0001	0.0399168	0.00156204	0.0001	0.705955	0.616954	0.961974	0.0001	0.0001	0.0001	0.0001	0.0001	0.0001	0.0001	0.0001	0.240919	0.0001	0.243933	0.0001	0.409942	0.0490293	0.0001	0.0001	0.0001	0.0249048	0.207913	0.0001	0.00155458	0.0729057	0.0001	0.0001	0.0379029	0.0001	0.0001	0.0001	0.077906	0.000265172	0.0001	0.0001
42	A	T	ORF	S	NULL	0	0	0	0	0	0	0	0	0	0	0	0	0	0	0	0	0	0	0	0	0	0	0	0	0	0	0	0	0	0	0	0	0	0	0	0	0	0	0	0	0	0	0	0	0	0	0	0	0	0	0	0	0	0
43	A	T	ORF	S	NULL	0	0	0	0	0	0	0	0	0	0	0	0	0	0	0	0	0	0	0	0	0	0	0	0	0	0	0	0	0	0	0	0	0	0	0	0	0	0	0	0	0	0	0	0	0	0	0	0	0	0	0	0	0	0
44	A	T	ORF	S	NULL	0	0	0	0	0.0001	0.999932	0.0001	0.0001	0.176139	0.0001	0.236914	0.000100154	0.0001	0.0001	0.977976	0.0001	0.0399168	0.00156204	0.0001	0.705955	0.616954	0.961974	0.0001	0.0001	0.0001	0.0001	0.0001	0.0001	0.0001	0.0001	0.240919	0.0001	0.243933	0.0001	0.409942	0.0490293	0.0001	0.0001	0.0001	0.0249048	0.207913	0.0001	0.00155458	0.0729057	0.0001	0.0001	0.0379029	0.0001	0.0001	0.0001	0.077906	0.000265172	0.0001	0.0001
45	A	T	ORF	S	NULL	0	0	0	0	0.0001	0.999932	0.0001	0.0001	0.176139	0.0001	0.236914	0.000100154	0.0001	0.0001	0.977976	0.0001	0.0399168	0.00156204	0.0001	0.705955	0.616954	0.961974	0.0001	0.0001	0.0001	0.0001	0.0001	0.0001	0.0001	0.0001	0.240919	0.0001	0.243933	0.0001	0.409942	0.0490293	0.0001	0.0001	0.0001	0.0249048	0.207913	0.0001	0.00155458	0.0729057	0.0001	0.0001	0.0379029	0.0001	0.0001	0.0001	0.077906	0.000265172	0.0001	0.0001
46	A	T	ORF	S	NULL	0	0	0	0	0.00211726	0.0002	0.0002	0.0002	0.292468	0.0002	0.0471101	0.446524	0.483403	0.109124	0.0002	0.036439	0.0002	0.280072	0.222822	0.0002	0.0002	0.0370038	0.0002	0.275843	0.191186	0.450455	0.0002	0.0002	0.347471	0.0302991	0.340522	0.0002	0.483737	0.0002	0.0002	0.169689	0.0002	0.0002	0.0002	0.0114618	0.101366	0.473652	0.227042	0.53622	0.0002	0.331036	0.495059	0.548818	0.0002	0.816067	0.0002	0.283951	0.10045	0.0220315
47	A	T	ORF	S	NULL	0	0	0	0	0	0	0	0	0	0	0	0	0	0	0	0	0	0	0	0	0	0	0	0	0	0	0	0	0	0	0	0	0	0	0	0	0	0	0	0	0	0	0	0	0	0	0	0	0	0	0	0	0	0
48	A	T	ORF	S	NULL	0	0	0	0	0	0	0	0	0	0	0	0	0	0	0	0	0	0	0	0	0	0	0	0	0	0	0	0	0	0	0	0	0	0	0	0	0	0	0	0	0	0	0	0	0	0	0	0	0	0	0	0	0	0
49	A	T	ORF	S	NULL	0	0	0	0	0	0	0	0	0	0	0	0	0	0	0	0	0	0	0	0	0	0	0	0	0	0	0	0	0	0	0	0	0	0	0	0	0	0	0	0	0	0	0	0	0	0	0	0	0	0	0	0	0	0
50	A	T	ORF	S	NULL	0	0	0	0	0.197943	0.0001	0.0001	0.0001	0.00544306	0.987008	0.0001	0.0698272	0.0001	0.0001	0.0001	0.0001	0.252953	0.351274	0.0159114	0.0001	0.0001	0.0001	0.0001	0.0001	0.0001	0.435947	0.0001	0.0001	0.0001	0.0001	0.0001	0.0159017	0.15194	0.0989108	0.585999	0.11916	0.999935	0.515276	0.0001	0.0479848	0.0001	0.0001	0.219316	0.0001	0.0001	0.121912	0.0001	0.0001	0.0509062	0.0001	0.0001	0.103059	0.0001	0.0001
51	A	T	ORF	S	NULL	0	0	0	0	0.0001	0.0001	0.0001	0.0001	0.137471	0.0001	0.0470101	0.183986	0.191713	0.109024	0.0001	0.036339	0.0001	0.279972	0.211473	0.0001	0.0001	0.0001	0.0001	0.0102071	0.17052	0.0510962	0.0001	0.0001	0.347371	0.0301991	0.0178563	0.0001	0.219254	0.0001	0.0001	0.160247	0.0001	0.0001	0.0001	0.0113618	0.101266	0.449696	0.226942	0.0001	0.0001	0.0001	0.0001	0.548718	0.0001	0.123433	0.0001	0.0573375	0.00404483	0.0219315
52	A	T	ORF	S	NULL	0	0	0	0	0	0	0	0	0	0	0	0	0	0	0	0	0	0	0	0	0	0	0	0	0	0	0	0	0	0	0	0	0	0	0	0	0	0	0	0	0	0	0	0	0	0	0	0	0	0	0	0	0	0
53	A	T	ORF	S	NULL	0	0	0	0	0	0	0	0	0	0	0	0	0	0	0	0	0	0	0	0	0	0	0	0	0	0	0	0	0	0	0	0	0	0	0	0	0	0	0	0	0	0	0	0	0	0	0	0	0	0	0	0	0	0
54	A	T	ORF	S	NULL	0	0	0	0	0	0	0	0	0	0	0	0	0	0	0	0	0	0	0	0	0	0	0	0	0	0	0	0	0	0	0	0	0	0	0	0	0	0	0	0	0	0	0	0	0	0	0	0	0	0	0	0	0	0
55	A	T	ORF	S	NULL	0	0	0	0	0.0002	0.0002	0.999991	0.0002	0.223302	0.0002	0.0627018	0.214082	0.650381	0.633471	0.0002	0.063176	0.0002	0.387859	0.650558	0.0002	0.0002	0.0002	0.0002	0.0130698	0.726227	0.0538111	0.0002	0.0002	0.395032	0.0370609	0.0259813	0.331042	0.244902	0.0002	0.0002	0.173497	0.0002	0.0002	0.246036	0.0131845	0.126106	0.481652	0.278833	0.0002	0.0002	0.440056	0.466059	0.661426	0.0002	0.23035	0.0002	0.0727625	0.00414483	0.0292402
56	A	T	ORF	S	NULL	0	0	0	0	0	0	0	0	0	0	0	0	0	0	0	0	0	0	0	0	0	0	0	0	0	0	0	0	0	0	0	0	0	0	0	0	0	0	0	0	0	0	0	0	0	0	0	0	0	0	0	0	0	0
57	A	T	ORF	S	NULL	0	0	0	0	0.00201726	0.0001	0.0001	0.0001	0.154997	0.0001	0.0001	0.262537	0.29169	0.0001	0.0001	0.0001	0.0001	0.0001	0.011349	0.0001	0.0001	0.0369038	0.0001	0.265636	0.0206659	0.399359	0.0001	0.0001	0.0001	0.0001	0.322666	0.0001	0.264483	0.0001	0.0001	0.00944271	0.0001	0.0001	0.0001	0.0001	0.0001	0.0239551	0.0001	0.53612	0.0001	0.330936	0.494959	0.0001	0.0001	0.692634	0.0001	0.226613	0.096405	0.0001
58	A	T	ORF	S	NULL	0	0	0	0	0.0001	0.0001	0.999891	0.0001	0.0858309	0.0001	0.0156917	0.0300958	0.458668	0.524447	0.0001	0.0268371	0.0001	0.107888	0.439085	0.0001	0.0001	0.0001	0.0001	0.00286269	0.555707	0.00271498	0.0001	0.0001	0.0476608	0.00686185	0.008125	0.330942	0.025648	0.0001	0.0001	0.0132503	0.0001	0.0001	0.245936	0.0018227	0.0248407	0.0319552	0.0518915	0.0001	0.0001	0.439956	0.465959	0.112708	0.0001	0.106917	0.0001	0.0154249	0.0001	0.0073087
59	A	T	ORF	S	NULL	0	0	0	0	0	0	0	0	0	0	0	0	0	0	0	0	0	0	0	0	0	0	0	0	0	0	0	0	0	0	0	0	0	0	0	0	0	0	0	0	0	0	0	0	0	0	0	0	0	0	0	0	0	0
60	A	T	ORF	S	NULL	0	0	0	0	0	0	0	0	0	0	0	0	0	0	0	0	0	0	0	0	0	0	0	0	0	0	0	0	0	0	0	0	0	0	0	0	0	0	0	0	0	0	0	0	0	0	0	0	0	0	0	0	0	0
61	A	T	ORF	S	NULL	0	0	0	0	0.0001	0.0001	0.0001	0.0001	0.137471	0.0001	0.0470101	0.183986	0.191713	0.109024	0.0001	0.036339	0.0001	0.279972	0.211473	0.0001	0.0001	0.0001	0.0001	0.0102071	0.17052	0.0510962	0.0001	0.0001	0.347371	0.0301991	0.0178563	0.0001	0.219254	0.0001	0.0001	0.160247	0.0001	0.0001	0.0001	0.0113618	0.101266	0.449696	0.226942	0.0001	0.0001	0.0001	0.0001	0.548718	0.0001	0.123433	0.0001	0.0573375	0.00404483	0.0219315
62	A	T	ORF	S	NULL	0	0	0	0	0.0001	0.0001	0.0001	0.0001	0.137471	0.0001	0.0470101	0.183986	0.191713	0.109024	0.0001	0.036339	0.0001	0.279972	0.211473	0.0001	0.0001	0.0001	0.0001	0.0102071	0.17052	0.0510962	0.0001	0.0001	0.347371	0.0301991	0.0178563	0.0001	0.219254	0.0001	0.0001	0.160247	0.0001	0.0001	0.0001	0.0113618	0.101266	0.449696	0.226942	0.0001	0.0001	0.0001	0.0001	0.548718	0.0001	0.123433	0.0001	0.0573375	0.00404483	0.0219315
63	A	T	ORF	S	NULL	0	0	0	0	0	0	0	0	0	0	0	0	0	0	0	0	0	0	0	0	0	0	0	0	0	0	0	0	0	0	0	0	0	0	0	0	0	0	0	0	0	0	0	0	0	0	0	0	0	0	0	0	0	0
64	A	T	ORF	S	NULL	0	0	0	0	0.0001	0.0001	0.0001	0.0001	0.137471	0.0001	0.0470101	0.183986	0.191713	0.109024	0.0001	0.036339	0.0001	0.279972	0.211473	0.0001	0.0001	0.0001	0.0001	0.0102071	0.17052	0.0510962	0.0001	0.0001	0.347371	0.0301991	0.0178563	0.0001	0.219254	0.0001	0.0001	0.160247	0.0001	0.0001	0.0001	0.0113618	0.101266	0.449696	0.226942	0.0001	0.0001	0.0001	0.0001	0.548718	0.0001	0.123433	0.0001	0.0573375	0.00404483	0.0219315
65	A	T	ORF	S	NULL	0	0	0	0	0.677993	0.0001	0.0001	0.999949	0.166212	0.0001	0.496582	0.000455801	0.0001	0.0425914	0.0001	0.0106626	0.0001	0.0566483	0.0001	0.0001	0.0001	0.0001	0.0001	0.641979	0.0122989	0.0001	0.0001	0.416947	0.000799184	0.0378655	0.0923725	0.0001	0.0001	0.0001	0.0001	0.0001	0.0001	0.186079	0.61997	0.234812	0.414947	0.0001	0.0563788	0.0001	0.0001	0.0001	0.0001	0.00383775	0.0001	0.0001	0.0001	0.0139698	0.00497175	0.00760472
66	A	T	ORF	S	NULL	0	0	0	0	0	0	0	0	0	0	0	0	0	0	0	0	0	0	0	0	0	0	0	0	0	0	0	0	0	0	0	0	0	0	0	0	0	0	0	0	0	0	0	0	0	0	0	0	0	0	0	0	0	0
67	A	T	ORF	S	NULL	0	0	0	0	0	0	0	0	0	0	0	0	0	0	0	0	0	0	0	0	0	0	0	0	0	0	0	0	0	0	0	0	0	0	0	0	0	0	0	0	0	0	0	0	0	0	0	0	0	0	0	0	0	0
68	A	T	ORF	S	NULL	0	0	0	0	0.0001	0.999932	0.0001	0.0001	0.176139	0.0001	0.236914	0.000100154	0.0001	0.0001	0.977976	0.0001	0.0399168	0.00156204	0.0001	0.705955	0.616954	0.961974	0.0001	0.0001	0.0001	0.0001	0.0001	0.0001	0.0001	0.0001	0.240919	0.0001	0.243933	0.0001	0.409942	0.0490293	0.0001	0.0001	0.0001	0.0249048	0.207913	0.0001	0.00155458	0.0729057	0.0001	0.0001	0.0379029	0.0001	0.0001	0.0001	0.077906	0.000265172	0.0001	0.0001
69	A	T	ORF	S	NULL	0	0	0	0	0	0	0	0	0	0	0	0	0	0	0	0	0	0	0	0	0	0	0	0	0	0	0	0	0	0	0	0	0	0	0	0	0	0	0	0	0	0	0	0	0	0	0	0	0	0	0	0	0	0
70	A	T	ORF	S	NULL	0	0	0	0	0.120073	0.0001	0.0001	0.0001	0.0001	0.0119009	0.0001	0.30117	0.0001	0.0001	0.0001	0.325924	0.0001	0.0001	0.0001	0.0001	0.0001	0.0001	0.188916	0.0611374	0.0401198	0.0001	0.0001	0.581947	0.349921	0.100905	0.181309	0.0001	0.0001	0.724957	0.0001	0.551948	0.0001	0.296924	0.131911	0.510941	0.145708	0.0001	0.228895	0.389089	0.0001	0.0001	0.0001	0.0001	0.212917	0.0001	0.0001	0.00113125	0.830067	0.0001
71	A	T	ORF	S	NULL	0	0	0	0	0	0	0	0	0	0	0	0	0	0	0	0	0	0	0	0	0	0	0	0	0	0	0	0	0	0	0	0	0	0	0	0	0	0	0	0	0	0	0	0	0	0	0	0	0	0	0	0	0	0
72	A	T	ORF	S	NULL	0	0	0	0	0	0	0	0	0	0	0	0	0	0	0	0	0	0	0	0	0	0	0	0	0	0	0	0	0	0	0	0	0	0	0	0	0	0	0	0	0	0	0	0	0	0	0	0	0	0	0	0	0	0
73	A	T	ORF	S	NULL	0	0	0	0	0.678093	0.0002	0.0002	1.00005	0.303683	0.0002	0.543592	0.184442	0.191813	0.151616	0.0002	0.0470016	0.0002	0.33662	0.211573	0.0002	0.0002	0.0002	0.0002	0.652186	0.182819	0.0511962	0.0002	0.417047	0.34817	0.0680645	0.110229	0.0002	0.219354	0.0002	0.0002	0.160347	0.0002	0.186179	0.62007	0.246174	0.516213	0.449796	0.28332	0.0002	0.0002	0.0002	0.0002	0.552556	0.0002	0.123533	0.0002	0.0713073	0.00901659	0.0295362
74	A	T	ORF	S	NULL	0	0	0	0	0.678093	0.0002	0.0002	1.00005	0.192945	0.0002	0.634954	0.0269549	0.0158039	0.0426914	0.0210018	0.301909	0.452039	0.0567483	0.0870413	0.293025	0.382033	0.0002	0.810069	0.642079	0.0618608	0.00350155	0.0002	0.417047	0.000899184	0.0379655	0.191914	0.525866	0.0002	0.175015	0.00300026	0.0170232	0.0002	0.187114	0.62007	0.237269	0.415047	0.000255467	0.0564788	0.0002	0.133011	0.105009	0.0002	0.00393775	0.0002	0.0002	0.624054	0.0140698	0.0519007	0.00770472
75	A	T	ORF	S	NULL	0	0	0	0	0	0	0	0	0	0	0	0	0	0	0	0	0	0	0	0	0	0	0	0	0	0	0	0	0	0	0	0	0	0	0	0	0	0	0	0	0	0	0	0	0	0	0	0	0	0	0	0	0	0
76	A	T	ORF	S	NULL	0	0	0	0	0.120073	0.0001	0.0001	0.0001	0.0001	0.0119009	0.0001	0.30117	0.0001	0.0001	0.0001	0.325924	0.0001	0.0001	0.0001	0.0001	0.0001	0.0001	0.188916	0.0611374	0.0401198	0.0001	0.0001	0.581947	0.349921	0.100905	0.181309	0.0001	0.0001	0.724957	0.0001	0.551948	0.0001	0.296924	0.131911	0.510941	0.145708	0.0001	0.228895	0.389089	0.0001	0.0001	0.0001	0.0001	0.212917	0.0001	0.0001	0.00113125	0.830067	0.0001
77	A	T	ORF	S	NULL	0	0	0	0	0.0001	0.0001	0.0001	0.0001	0.137471	0.0001	0.0470101	0.183986	0.191713	0.109024	0.0001	0.036339	0.0001	0.279972	0.211473	0.0001	0.0001	0.0001	0.0001	0.0102071	0.17052	0.0510962	0.0001	0.0001	0.347371	0.0301991	0.0178563	0.0001	0.219254	0.0001	0.0001	0.160247	0.0001	0.0001	0.0001	0.0113618	0.101266	0.449696	0.226942	0.0001	0.0001	0.0001	0.0001	0.548718	0.0001	0.123433	0.0001	0.0573375	0.00404483	0.0219315
78	A	T	ORF	S	NULL	0	0	0	0	0	0	0	0	0	0	0	0	0	0	0	0	0	0	0	0	0	0	0	0	0	0	0	0	0	0	0	0	0	0	0	0	0	0	0	0	0	0	0	0	0	0	0	0	0	0	0	0	0	0
79	A	T	ORF	S	NULL	0	0	0	0	0.122091	0.0002	0.0002	0.0002	0.155097	0.0120009	0.0002	0.563707	0.29179	0.0002	0.0002	0.326024	0.0002	0.0002	0.011449	0.0002	0.0002	0.0370038	0.189016	0.326774	0.0607857	0.399459	0.0002	0.582047	0.350021	0.101005	0.503975	0.0002	0.264583	0.725057	0.0002	0.561391	0.0002	0.297024	0.132011	0.511041	0.145808	0.0240551	0.228995	0.925209	0.0002	0.331036	0.495059	0.0002	0.213017	0.692734	0.0002	0.227745	0.926472	0.0002
80	A	T	ORF	S	NULL	0	0	0	0	0	0	0	0	0	0	0	0	0	0	0	0	0	0	0	0	0	0	0	0	0	0	0	0	0	0	0	0	0	0	0	0	0	0	0	0	0	0	0	0	0	0	0	0	0	0	0	0	0	0
81	A	T	ORF	S	NULL	0	0	0	0	0.120073	0.0001	0.0001	0.0001	0.0001	0.0119009	0.0001	0.30117	0.0001	0.0001	0.0001	0.325924	0.0001	0.0001	0.0001	0.0001	0.0001	0.0001	0.188916	0.0611374	0.0401198	0.0001	0.0001	0.581947	0.349921	0.100905	0.181309	0.0001	0.0001	0.724957	0.0001	0.551948	0.0001	0.296924	0.131911	0.510941	0.145708	0.0001	0.228895	0.389089	0.0001	0.0001	0.0001	0.0001	0.212917	0.0001	0.0001	0.00113125	0.830067	0.0001
82	A	T	ORF	S	NULL	0	0	0	0	0	0	0	0	0	0	0	0	0	0	0	0	0	0	0	0	0	0	0	0	0	0	0	0	0	0	0	0	0	0	0	0	0	0	0	0	0	0	0	0	0	0	0	0	0	0	0	0	0	0
83	A	T	ORF	S	NULL	0	0	0	0	0.0001	0.0001	0.0001	0.0001	0.223931	0.000621046	0.0109626	0.0001	0.0001	0.15782	0.0001	0.0502017	0.252915	0.0001	0.174946	0.0001	0.0001	0.0001	0.0001	0.0001	0.0001	0.097905	0.999949	0.0001	0.0148582	0.795931	0.0001	0.0001	0.000100316	0.0001	0.0001	0.0329248	0.0001	0.0001	0.0001	0.147908	0.0001	0.356995	0.000100187	0.0001	0.865952	0.0001	0.0001	0.000107638	0.734944	0.0001	0.296918	0.5219	0.0001	0.939942
84	A	T	ORF	S	NULL	0	0	0	0	0	0	0	0	0	0	0	0	0	0	0	0	0	0	0	0	0	0	0	0	0	0	0	0	0	0	0	0	0	0	0	0	0	0	0	0	0	0	0	0	0	0	0	0	0	0	0	0	0	0
85	A	T	ORF	S	NULL	0	0	0	0	0.0001	0.0001	0.0001	0.0001	0.137471	0.0001	0.0470101	0.183986	0.191713	0.109024	0.0001	0.036339	0.0001	0.279972	0.211473	0.0001	0.0001	0.0001	0.0001	0.0102071	0.17052	0.0510962	0.0001	0.0001	0.347371	0.0301991	0.0178563	0.0001	0.219254	0.0001	0.0001	0.160247	0.0001	0.0001	0.0001	0.0113618	0.101266	0.449696	0.226942	0.0001	0.0001	0.0001	0.0001	0.548718	0.0001	0.123433	0.0001	0.0573375	0.00404483	0.0219315
86	A	T	ORF	S	NULL	0	0	0	0	0.0001	0.0001	0.999891	0.0001	0.0858309	0.0001	0.0156917	0.0300958	0.458668	0.524447	0.0001	0.0268371	0.0001	0.107888	0.439085	0.0001	0.0001	0.0001	0.0001	0.00286269	0.555707	0.00271498	0.0001	0.0001	0.0476608	0.00686185	0.008125	0.330942	0.025648	0.0001	0.0001	0.0132503	0.0001	0.0001	0.245936	0.0018227	0.0248407	0.0319552	0.0518915	0.0001	0.0001	0.439956	0.465959	0.112708	0.0001	0.106917	0.0001	0.0154249	0.0001	0.0073087
87	A	T	ORF	S	NULL	0	0	0	0	0	0	0	0	0	0	0	0	0	0	0	0	0	0	0	0	0	0	0	0	0	0	0	0	0	0	0	0	0	0	0	0	0	0	0	0	0	0	0	0	0	0	0	0	0	0	0	0	0	0
88	A	T	ORF	S	NULL	0	0	0	0	0.197943	0.0001	0.0001	0.0001	0.00544306	0.987008	0.0001	0.0698272	0.0001	0.0001	0.0001	0.0001	0.252953	0.351274	0.0159114	0.0001	0.0001	0.0001	0.0001	0.0001	0.0001	0.435947	0.0001	0.0001	0.0001	0.0001	0.0001	0.0159017	0.15194	0.0989108	0.585999	0.11916	0.999935	0.515276	0.0001	0.0479848	0.0001	0.0001	0.219316	0.0001	0.0001	0.121912	0.0001	0.0001	0.0509062	0.0001	0.0001	0.103059	0.0001	0.0001
89	A	T	ORF	S	NULL	0	0	0	0	0.198043	1.00003	0.0002	0.0002	0.181582	0.987108	0.237014	0.0699274	0.0002	0.0002	0.978076	0.0002	0.29287	0.352836	0.0160114	0.706055	0.617054	0.962074	0.0002	0.0002	0.0002	0.436047	0.0002	0.0002	0.0002	0.0002	0.241019	0.0160017	0.395873	0.0990108	0.995941	0.168189	1.00004	0.515376	0.0002	0.0728896	0.208013	0.0002	0.220871	0.0730057	0.0002	0.122012	0.0380029	0.0002	0.0510062	0.0002	0.078006	0.103324	0.0002	0.0002
90	A	T	ORF	S	NULL	0	0	0	0	0.00201726	0.0001	0.0001	0.0001	0.154997	0.0001	0.0001	0.262537	0.29169	0.0001	0.0001	0.0001	0.0001	0.0001	0.011349	0.0001	0.0001	0.0369038	0.0001	0.265636	0.0206659	0.399359	0.0001	0.0001	0.0001	0.0001	0.322666	0.0001	0.264483	0.0001	0.0001	0.00944271	0.0001	0.0001	0.0001	0.0001	0.0001	0.0239551	0.0001	0.53612	0.0001	0.330936	0.494959	0.0001	0.0001	0.692634	0.0001	0.226613	0.096405	0.0001
91	A	T	ORF	S	NULL	0	0	0	0	0	0	0	0	0	0	0	0	0	0	0	0	0	0	0	0	0	0	0	0	0	0	0	0	0	0	0	0	0	0	0	0	0	0	0	0	0	0	0	0	0	0	0	0	0	0	0	0	0	0
92	A	T	ORF	S	NULL	0	0	0	0	0.875935	0.0002	0.0002	1.00005	0.171655	0.987108	0.496682	0.070283	0.0002	0.0426914	0.0002	0.0107626	0.253053	0.407922	0.0160114	0.0002	0.0002	0.0002	0.0002	0.642079	0.0123989	0.436047	0.0002	0.417047	0.000899184	0.0379655	0.0924725	0.0160017	0.15204	0.0990108	0.586099	0.11926	1.00004	0.701356	0.62007	0.282797	0.415047	0.0002	0.275695	0.0002	0.0002	0.122012	0.0002	0.00393775	0.0510062	0.0002	0.0002	0.117029	0.00507175	0.00770472
93	A	T	ORF	S	NULL	0	0	0	0	0.00201726	0.0001	0.0001	0.0001	0.154997	0.0001	0.0001	0.262537	0.29169	0.0001	0.0001	0.0001	0.0001	0.0001	0.011349	0.0001	0.0001	0.0369038	0.0001	0.265636	0.0206659	0.399359	0.0001	0.0001	0.0001	0.0001	0.322666	0.0001	0.264483	0.0001	0.0001	0.00944271	0.0001	0.0001	0.0001	0.0001	0.0001	0.0239551	0.0001	0.53612	0.0001	0.330936	0.494959	0.0001	0.0001	0.692634	0.0001	0.226613	0.096405	0.0001
94	A	T	ORF	S	NULL	0	0	0	0	0	0	0	0	0	0	0	0	0	0	0	0	0	0	0	0	0	0	0	0	0	0	0	0	0	0	0	0	0	0	0	0	0	0	0	0	0	0	0	0	0	0	0	0	0	0	0	0	0	0
95	A	T	ORF	S	NULL	0	0	0	0	0.0001	0.999932	0.0001	0.0001	0.176139	0.0001	0.236914	0.000100154	0.0001	0.0001	0.977976	0.0001	0.0399168	0.00156204	0.0001	0.705955	0.616954	0.961974	0.0001	0.0001	0.0001	0.0001	0.0001	0.0001	0.0001	0.0001	0.240919	0.0001	0.243933	0.0001	0.409942	0.0490293	0.0001	0.0001	0.0001	0.0249048	0.207913	0.0001	0.00155458	0.0729057	0.0001	0.0001	0.0379029	0.0001	0.0001	0.0001	0.077906	0.000265172	0.0001	0.0001
96	A	T	ORF	S	NULL	0	0	0	0	0	0	0	0	0	0	0	0	0	0	0	0	0	0	0	0	0	0	0	0	0	0	0	0	0	0	0	0	0	0	0	0	0	0	0	0	0	0	0	0	0	0	0	0	0	0	0	0	0	0
97	A	T	ORF	S	NULL	0	0	0	0	0.00201726	0.0001	0.0001	0.0001	0.154997	0.0001	0.0001	0.262537	0.29169	0.0001	0.0001	0.0001	0.0001	0.0001	0.011349	0.0001	0.0001	0.0369038	0.0001	0.265636	0.0206659	0.399359	0.0001	0.0001	0.0001	0.0001	0.322666	0.0001	0.264483	0.0001	0.0001	0.00944271	0.0001	0.0001	0.0001	0.0001	0.0001	0.0239551	0.0001	0.53612	0.0001	0.330936	0.494959	0.0001	0.0001	0.692634	0.0001	0.226613	0.096405	0.0001
98	A	T	ORF	S	NULL	0	0	0	0	0.677993	0.0001	0.0001	0.999949	0.166212	0.0001	0.496582	0.000455801	0.0001	0.0425914	0.0001	0.0106626	0.0001	0.0566483	0.0001	0.0001	0.0001	0.0001	0.0001	0.641979	0.0122989	0.0001	0.0001	0.416947	0.000799184	0.0378655	0.0923725	0.0001	0.0001	0.0001	0.0001	0.0001	0.0001	0.186079	0.61997	0.234812	0.414947	0.0001	0.0563788	0.0001	0.0001	0.0001	0.0001	0.00383775	0.0001	0.0001	0.0001	0.0139698	0.00497175	0.00760472
99	A	T	ORF	S	NULL	0	0	0	0	0	0	0	0	0	0	0	0	0	0	0	0	0	0	0	0	0	0	0	0	0	0	0	0	0	0	0	0	0	0	0	0	0	0	0	0	0	0	0	0	0	0	0	0	0	0	0	0	0	0
100	A	T	ORF	S	NULL	0	0	0	0	0.00201726	0.0001	0.0001	0.0001	0.154997	0.0001	0.0001	0.262537	0.29169	0.0001	0.0001	0.0001	0.0001	0.0001	0.011349	0.0001	0.0001	0.0369038	0.0001	0.265636	0.0206659	0.399359	0.0001	0.0001	0.0001	0.0001	0.322666	0.0001	0.264483	0.0001	0.0001	0.00944271	0.0001	0.0001	0.0001	0.0001	0.0001	0.0239551	0.0001	0.53612	0.0001	0.330936	0.494959	0.0001	0.0001	0.692634	0.0001	0.226613	0.096405	0.0001
