pos	ref	alt	gene	N/S	AA	nSRAsubclonal	nSRAclonal	nSRA	nConsensus	sample0|Earth	sample1|Earth	sample2|Earth	sample3|Earth	sample4|Earth	sample5|Earth	sample6|Earth	sample7|Earth	sample8|Earth	sample9|Earth	sample10|Earth	sample11|Earth	sample12|Earth	sample13|Earth	sample14|Earth	sample15|Earth	sample16|Earth	sample17|Earth	sample18|Earth	sample19|Earth	sample20|Earth	sample21|Earth	sample22|Earth	sample23|Earth	sample24|Earth	sample25|Earth	sample26|Earth	sample27|Earth	sample28|Earth	sample29|Earth	sample30|Earth	sample31|Earth	sample32|Earth	sample33|Earth	sample34|Earth	sample35|Earth	sample36|Earth	sample37|Earth	sample38|Earth	sample39|Earth	sample40|Earth	sample41|Earth	sample42|Earth	sample43|Earth	sample44|Earth	sample45|Earth	sample46|Earth	sample47|Earth	sample48|Earth	sample49|Earth
1	A	T	ORF	S	NULL	0	0	0	0	0	0	0	0	0	0	0	0	0	0	0	0	0	0	0	0	0	0	0	0	0	0	0	0	0	0	0	0	0	0	0	0	0	0	0	0	0	0	0	0	0	0	0	0	0	0	0	0	0	0
2	A	T	ORF	S	NULL	0	0	0	0	0	0	0	0	0	0	0	0	0	0	0	0	0	0	0	0	0	0	0	0	0	0	0	0	0	0	0	0	0	0	0	0	0	0	0	0	0	0	0	0	0	0	0	0	0	0	0	0	0	0
3	A	T	ORF	S	NULL	0	0	0	0	0	0	0	0	0	0	0	0	0	0	0	0	0	0	0	0	0	0	0	0	0	0	0	0	0	0	0	0	0	0	0	0	0	0	0	0	0	0	0	0	0	0	0	0	0	0	0	0	0	0
4	A	T	ORF	S	NULL	0	0	0	0	0	0	0	0	0	0	0	0	0	0	0	0	0	0	0	0	0	0	0	0	0	0	0	0	0	0	0	0	0	0	0	0	0	0	0	0	0	0	0	0	0	0	0	0	0	0	0	0	0	0
5	A	T	ORF	S	NULL	0	0	0	0	0	0	0	0	0	0	0	0	0	0	0	0	0	0	0	0	0	0	0	0	0	0	0	0	0	0	0	0	0	0	0	0	0	0	0	0	0	0	0	0	0	0	0	0	0	0	0	0	0	0
6	A	T	ORF	S	NULL	0	0	0	0	0	0	0	0	0	0	0	0	0	0	0	0	0	0	0	0	0	0	0	0	0	0	0	0	0	0	0	0	0	0	0	0	0	0	0	0	0	0	0	0	0	0	0	0	0	0	0	0	0	0
7	A	T	ORF	S	NULL	0	0	0	0	0	0	0	0	0	0	0	0	0	0	0	0	0	0	0	0	0	0	0	0	0	0	0	0	0	0	0	0	0	0	0	0	0	0	0	0	0	0	0	0	0	0	0	0	0	0	0	0	0	0
8	A	T	ORF	S	NULL	0	0	0	0	0	0	0	0	0	0	0	0	0	0	0	0	0	0	0	0	0	0	0	0	0	0	0	0	0	0	0	0	0	0	0	0	0	0	0	0	0	0	0	0	0	0	0	0	0	0	0	0	0	0
9	A	T	ORF	S	NULL	0	0	0	0	0	0	0	0	0	0	0	0	0	0	0	0	0	0	0	0	0	0	0	0	0	0	0	0	0	0	0	0	0	0	0	0	0	0	0	0	0	0	0	0	0	0	0	0	0	0	0	0	0	0
10	A	T	ORF	S	NULL	0	0	0	0	0	0	0	0	0	0	0	0	0	0	0	0	0	0	0	0	0	0	0	0	0	0	0	0	0	0	0	0	0	0	0	0	0	0	0	0	0	0	0	0	0	0	0	0	0	0	0	0	0	0
11	A	T	ORF	S	NULL	0	0	0	0	0	0	0	0	0	0	0	0	0	0	0	0	0	0	0	0	0	0	0	0	0	0	0	0	0	0	0	0	0	0	0	0	0	0	0	0	0	0	0	0	0	0	0	0	0	0	0	0	0	0
12	A	T	ORF	S	NULL	0	0	0	0	0	0	0	0	0	0	0	0	0	0	0	0	0	0	0	0	0	0	0	0	0	0	0	0	0	0	0	0	0	0	0	0	0	0	0	0	0	0	0	0	0	0	0	0	0	0	0	0	0	0
13	A	T	ORF	S	NULL	0	0	0	0	0	0	0	0	0	0	0	0	0	0	0	0	0	0	0	0	0	0	0	0	0	0	0	0	0	0	0	0	0	0	0	0	0	0	0	0	0	0	0	0	0	0	0	0	0	0	0	0	0	0
14	A	T	ORF	S	NULL	0	0	0	0	0	0	0	0	0	0	0	0	0	0	0	0	0	0	0	0	0	0	0	0	0	0	0	0	0	0	0	0	0	0	0	0	0	0	0	0	0	0	0	0	0	0	0	0	0	0	0	0	0	0
15	A	T	ORF	S	NULL	0	0	0	0	0	0	0	0	0	0	0	0	0	0	0	0	0	0	0	0	0	0	0	0	0	0	0	0	0	0	0	0	0	0	0	0	0	0	0	0	0	0	0	0	0	0	0	0	0	0	0	0	0	0
16	A	T	ORF	S	NULL	0	0	0	0	0	0	0	0	0	0	0	0	0	0	0	0	0	0	0	0	0	0	0	0	0	0	0	0	0	0	0	0	0	0	0	0	0	0	0	0	0	0	0	0	0	0	0	0	0	0	0	0	0	0
17	A	T	ORF	S	NULL	0	0	0	0	0	0	0	0	0	0	0	0	0	0	0	0	0	0	0	0	0	0	0	0	0	0	0	0	0	0	0	0	0	0	0	0	0	0	0	0	0	0	0	0	0	0	0	0	0	0	0	0	0	0
18	A	T	ORF	S	NULL	0	0	0	0	0	0	0	0	0	0	0	0	0	0	0	0	0	0	0	0	0	0	0	0	0	0	0	0	0	0	0	0	0	0	0	0	0	0	0	0	0	0	0	0	0	0	0	0	0	0	0	0	0	0
19	A	T	ORF	S	NULL	0	0	0	0	0	0	0	0	0	0	0	0	0	0	0	0	0	0	0	0	0	0	0	0	0	0	0	0	0	0	0	0	0	0	0	0	0	0	0	0	0	0	0	0	0	0	0	0	0	0	0	0	0	0
20	A	T	ORF	S	NULL	0	0	0	0	0.0001	0.722164	0.984129	0.0470734	0.0001	0.0001	0.140014	0.029004	0.0360723	0.798109	0.0270058	0.0001	0.0001	0.0001	0.537073	0.200094	0.0001	0.199093	0.0139977	0.0001	0.0001	0.0001	0.0001	0.624151	0.225066	0.0311196	0.0001	0.593267	0.0001	0.0001	0.0001	0.672087	0.0001	0.999993	0.497063	0.0001	0.0001	0.0001	0.999993	0.0001	0.805105	0.0441222	0.0249985	0.00507307	0.0001	0.405121	0.00899723	0.309108	0.0001	0.0001
21	A	T	ORF	S	NULL	0	0	0	0	0	0	0	0	0	0	0	0	0	0	0	0	0	0	0	0	0	0	0	0	0	0	0	0	0	0	0	0	0	0	0	0	0	0	0	0	0	0	0	0	0	0	0	0	0	0	0	0	0	0
22	A	T	ORF	S	NULL	0	0	0	0	0	0	0	0	0	0	0	0	0	0	0	0	0	0	0	0	0	0	0	0	0	0	0	0	0	0	0	0	0	0	0	0	0	0	0	0	0	0	0	0	0	0	0	0	0	0	0	0	0	0
23	A	T	ORF	S	NULL	0	0	0	0	0	0	0	0	0	0	0	0	0	0	0	0	0	0	0	0	0	0	0	0	0	0	0	0	0	0	0	0	0	0	0	0	0	0	0	0	0	0	0	0	0	0	0	0	0	0	0	0	0	0
24	A	T	ORF	S	NULL	0	0	0	0	0	0	0	0	0	0	0	0	0	0	0	0	0	0	0	0	0	0	0	0	0	0	0	0	0	0	0	0	0	0	0	0	0	0	0	0	0	0	0	0	0	0	0	0	0	0	0	0	0	0
25	A	T	ORF	S	NULL	0	0	0	0	0	0	0	0	0	0	0	0	0	0	0	0	0	0	0	0	0	0	0	0	0	0	0	0	0	0	0	0	0	0	0	0	0	0	0	0	0	0	0	0	0	0	0	0	0	0	0	0	0	0
26	A	T	ORF	S	NULL	0	0	0	0	0.0548575	0.202882	0.0148826	0.00685305	0.000100001	0.0001	0.407936	0.000100001	0.265886	0.0001	0.0001	0.000100001	0.565958	0.0360477	0.0001	0.264887	0.0001	0.341901	0.0408847	0.0001	0.169904	0.000100001	0.22788	0.3339	0.00702206	0.749094	0.144901	0.332013	0.0001	0.151037	0.0001	0.119896	0.000100001	0.0001	0.411937	0.000100001	0.476088	0.444938	0.0001	0.000100001	0.0968932	0.111007	0.532953	0.0001	0.0001	0.00585523	0.39693	0.222884	0.346071	0.772987
27	A	T	ORF	S	NULL	0	0	0	0	0.426278	0.00022657	0.000102569	0.227255	0.0222037	0.0001	0.000100141	0.0001	0.478283	0.0610825	0.742163	0.0001	0.0001	0.963351	0.0001	0.376271	0.0001	0.000225358	0.139113	0.0001	0.0001	0.115087	0.573295	0.000225572	0.291414	0.218549	0.000100052	0.000657162	0.0360771	0.731465	0.0001	0.0511024	0.0001	0.0001	0.000100828	0.0001	0.0773845	0.344132	0.0001	0.0001	0.0591035	0.242557	0.00209339	0.137217	0.999953	0.000227868	0.444147	0.0682344	0.083386	0.000100158
28	A	T	ORF	S	NULL	0	0	0	0	0	0	0	0	0	0	0	0	0	0	0	0	0	0	0	0	0	0	0	0	0	0	0	0	0	0	0	0	0	0	0	0	0	0	0	0	0	0	0	0	0	0	0	0	0	0	0	0	0	0
29	A	T	ORF	S	NULL	0	0	0	0	0	0	0	0	0	0	0	0	0	0	0	0	0	0	0	0	0	0	0	0	0	0	0	0	0	0	0	0	0	0	0	0	0	0	0	0	0	0	0	0	0	0	0	0	0	0	0	0	0	0
30	A	T	ORF	S	NULL	0	0	0	0	0.0001	0.722164	0.984129	0.0470734	0.0001	0.0001	0.140014	0.029004	0.0360723	0.798109	0.0270058	0.0001	0.0001	0.0001	0.537073	0.200094	0.0001	0.199093	0.0139977	0.0001	0.0001	0.0001	0.0001	0.624151	0.225066	0.0311196	0.0001	0.593267	0.0001	0.0001	0.0001	0.672087	0.0001	0.999993	0.497063	0.0001	0.0001	0.0001	0.999993	0.0001	0.805105	0.0441222	0.0249985	0.00507307	0.0001	0.405121	0.00899723	0.309108	0.0001	0.0001
31	A	T	ORF	S	NULL	0	0	0	0	0	0	0	0	0	0	0	0	0	0	0	0	0	0	0	0	0	0	0	0	0	0	0	0	0	0	0	0	0	0	0	0	0	0	0	0	0	0	0	0	0	0	0	0	0	0	0	0	0	0
32	A	T	ORF	S	NULL	0	0	0	0	0	0	0	0	0	0	0	0	0	0	0	0	0	0	0	0	0	0	0	0	0	0	0	0	0	0	0	0	0	0	0	0	0	0	0	0	0	0	0	0	0	0	0	0	0	0	0	0	0	0
33	A	T	ORF	S	NULL	0	0	0	0	0	0	0	0	0	0	0	0	0	0	0	0	0	0	0	0	0	0	0	0	0	0	0	0	0	0	0	0	0	0	0	0	0	0	0	0	0	0	0	0	0	0	0	0	0	0	0	0	0	0
34	A	T	ORF	S	NULL	0	0	0	0	0	0	0	0	0	0	0	0	0	0	0	0	0	0	0	0	0	0	0	0	0	0	0	0	0	0	0	0	0	0	0	0	0	0	0	0	0	0	0	0	0	0	0	0	0	0	0	0	0	0
35	A	T	ORF	S	NULL	0	0	0	0	0	0	0	0	0	0	0	0	0	0	0	0	0	0	0	0	0	0	0	0	0	0	0	0	0	0	0	0	0	0	0	0	0	0	0	0	0	0	0	0	0	0	0	0	0	0	0	0	0	0
36	A	T	ORF	S	NULL	0	0	0	0	0	0	0	0	0	0	0	0	0	0	0	0	0	0	0	0	0	0	0	0	0	0	0	0	0	0	0	0	0	0	0	0	0	0	0	0	0	0	0	0	0	0	0	0	0	0	0	0	0	0
37	A	T	ORF	S	NULL	0	0	0	0	0	0	0	0	0	0	0	0	0	0	0	0	0	0	0	0	0	0	0	0	0	0	0	0	0	0	0	0	0	0	0	0	0	0	0	0	0	0	0	0	0	0	0	0	0	0	0	0	0	0
38	A	T	ORF	S	NULL	0	0	0	0	0	0	0	0	0	0	0	0	0	0	0	0	0	0	0	0	0	0	0	0	0	0	0	0	0	0	0	0	0	0	0	0	0	0	0	0	0	0	0	0	0	0	0	0	0	0	0	0	0	0
39	A	T	ORF	S	NULL	0	0	0	0	0	0	0	0	0	0	0	0	0	0	0	0	0	0	0	0	0	0	0	0	0	0	0	0	0	0	0	0	0	0	0	0	0	0	0	0	0	0	0	0	0	0	0	0	0	0	0	0	0	0
40	A	T	ORF	S	NULL	0	0	0	0	0	0	0	0	0	0	0	0	0	0	0	0	0	0	0	0	0	0	0	0	0	0	0	0	0	0	0	0	0	0	0	0	0	0	0	0	0	0	0	0	0	0	0	0	0	0	0	0	0	0
41	A	T	ORF	S	NULL	0	0	0	0	0.0001	0.722164	0.984129	0.0470734	0.0001	0.0001	0.140014	0.029004	0.0360723	0.798109	0.0270058	0.0001	0.0001	0.0001	0.537073	0.200094	0.0001	0.199093	0.0139977	0.0001	0.0001	0.0001	0.0001	0.624151	0.225066	0.0311196	0.0001	0.593267	0.0001	0.0001	0.0001	0.672087	0.0001	0.999993	0.497063	0.0001	0.0001	0.0001	0.999993	0.0001	0.805105	0.0441222	0.0249985	0.00507307	0.0001	0.405121	0.00899723	0.309108	0.0001	0.0001
42	A	T	ORF	S	NULL	0	0	0	0	0	0	0	0	0	0	0	0	0	0	0	0	0	0	0	0	0	0	0	0	0	0	0	0	0	0	0	0	0	0	0	0	0	0	0	0	0	0	0	0	0	0	0	0	0	0	0	0	0	0
43	A	T	ORF	S	NULL	0	0	0	0	0	0	0	0	0	0	0	0	0	0	0	0	0	0	0	0	0	0	0	0	0	0	0	0	0	0	0	0	0	0	0	0	0	0	0	0	0	0	0	0	0	0	0	0	0	0	0	0	0	0
44	A	T	ORF	S	NULL	0	0	0	0	0.0001	0.722164	0.984129	0.0470734	0.0001	0.0001	0.140014	0.029004	0.0360723	0.798109	0.0270058	0.0001	0.0001	0.0001	0.537073	0.200094	0.0001	0.199093	0.0139977	0.0001	0.0001	0.0001	0.0001	0.624151	0.225066	0.0311196	0.0001	0.593267	0.0001	0.0001	0.0001	0.672087	0.0001	0.999993	0.497063	0.0001	0.0001	0.0001	0.999993	0.0001	0.805105	0.0441222	0.0249985	0.00507307	0.0001	0.405121	0.00899723	0.309108	0.0001	0.0001
45	A	T	ORF	S	NULL	0	0	0	0	0.0001	0.722164	0.984129	0.0470734	0.0001	0.0001	0.140014	0.029004	0.0360723	0.798109	0.0270058	0.0001	0.0001	0.0001	0.537073	0.200094	0.0001	0.199093	0.0139977	0.0001	0.0001	0.0001	0.0001	0.624151	0.225066	0.0311196	0.0001	0.593267	0.0001	0.0001	0.0001	0.672087	0.0001	0.999993	0.497063	0.0001	0.0001	0.0001	0.999993	0.0001	0.805105	0.0441222	0.0249985	0.00507307	0.0001	0.405121	0.00899723	0.309108	0.0001	0.0001
46	A	T	ORF	S	NULL	0	0	0	0	0.13914	0.0731304	0.0001	0.591197	0.452182	0.999991	0.315061	0.0001	0.109136	0.140041	0.172047	0.0001	0.433075	0.0001	0.462082	0.00612283	0.999149	0.440177	0.0001	0.999991	0.690108	0.336067	0.0071233	0.0401261	0.239137	0.0001	0.267055	0.0721862	0.874134	0.0511139	0.999991	0.0540285	0.04103	0.0001	0.0900326	0.0001	0.163127	0.0001	0.0001	0.0001	0.0380263	0.0450846	0.133039	0.832229	0.0001	0.587195	0.0001	0.140139	0.493169	0.226049
47	A	T	ORF	S	NULL	0	0	0	0	0	0	0	0	0	0	0	0	0	0	0	0	0	0	0	0	0	0	0	0	0	0	0	0	0	0	0	0	0	0	0	0	0	0	0	0	0	0	0	0	0	0	0	0	0	0	0	0	0	0
48	A	T	ORF	S	NULL	0	0	0	0	0	0	0	0	0	0	0	0	0	0	0	0	0	0	0	0	0	0	0	0	0	0	0	0	0	0	0	0	0	0	0	0	0	0	0	0	0	0	0	0	0	0	0	0	0	0	0	0	0	0
49	A	T	ORF	S	NULL	0	0	0	0	0	0	0	0	0	0	0	0	0	0	0	0	0	0	0	0	0	0	0	0	0	0	0	0	0	0	0	0	0	0	0	0	0	0	0	0	0	0	0	0	0	0	0	0	0	0	0	0	0	0
50	A	T	ORF	S	NULL	0	0	0	0	0.426278	0.00022657	0.000102569	0.227255	0.0222037	0.0001	0.000100141	0.0001	0.478283	0.0610825	0.742163	0.0001	0.0001	0.963351	0.0001	0.376271	0.0001	0.000225358	0.139113	0.0001	0.0001	0.115087	0.573295	0.000225572	0.291414	0.218549	0.000100052	0.000657162	0.0360771	0.731465	0.0001	0.0511024	0.0001	0.0001	0.000100828	0.0001	0.0773845	0.344132	0.0001	0.0001	0.0591035	0.242557	0.00209339	0.137217	0.999953	0.000227868	0.444147	0.0682344	0.083386	0.000100158
51	A	T	ORF	S	NULL	0	0	0	0	0.13914	0.0731304	0.0001	0.591197	0.452182	0.999991	0.315061	0.0001	0.109136	0.140041	0.172047	0.0001	0.433075	0.0001	0.462082	0.00612283	0.999149	0.440177	0.0001	0.999991	0.690108	0.336067	0.0071233	0.0401261	0.239137	0.0001	0.267055	0.0721862	0.874134	0.0511139	0.999991	0.0540285	0.04103	0.0001	0.0900326	0.0001	0.163127	0.0001	0.0001	0.0001	0.0380263	0.0450846	0.133039	0.832229	0.0001	0.587195	0.0001	0.140139	0.493169	0.226049
52	A	T	ORF	S	NULL	0	0	0	0	0	0	0	0	0	0	0	0	0	0	0	0	0	0	0	0	0	0	0	0	0	0	0	0	0	0	0	0	0	0	0	0	0	0	0	0	0	0	0	0	0	0	0	0	0	0	0	0	0	0
53	A	T	ORF	S	NULL	0	0	0	0	0	0	0	0	0	0	0	0	0	0	0	0	0	0	0	0	0	0	0	0	0	0	0	0	0	0	0	0	0	0	0	0	0	0	0	0	0	0	0	0	0	0	0	0	0	0	0	0	0	0
54	A	T	ORF	S	NULL	0	0	0	0	0	0	0	0	0	0	0	0	0	0	0	0	0	0	0	0	0	0	0	0	0	0	0	0	0	0	0	0	0	0	0	0	0	0	0	0	0	0	0	0	0	0	0	0	0	0	0	0	0	0
55	A	T	ORF	S	NULL	0	0	0	0	0.13914	0.0731304	0.0001	0.591197	0.452182	0.999991	0.315061	0.0001	0.109136	0.140041	0.172047	0.0001	0.433075	0.0001	0.462082	0.00612283	0.999149	0.440177	0.0001	0.999991	0.690108	0.336067	0.0071233	0.0401261	0.239137	0.0001	0.267055	0.0721862	0.874134	0.0511139	0.999991	0.0540285	0.04103	0.0001	0.0900326	0.0001	0.163127	0.0001	0.0001	0.0001	0.0380263	0.0450846	0.133039	0.832229	0.0001	0.587195	0.0001	0.140139	0.493169	0.226049
56	A	T	ORF	S	NULL	0	0	0	0	0	0	0	0	0	0	0	0	0	0	0	0	0	0	0	0	0	0	0	0	0	0	0	0	0	0	0	0	0	0	0	0	0	0	0	0	0	0	0	0	0	0	0	0	0	0	0	0	0	0
57	A	T	ORF	S	NULL	0	0	0	0	0	0	0	0	0	0	0	0	0	0	0	0	0	0	0	0	0	0	0	0	0	0	0	0	0	0	0	0	0	0	0	0	0	0	0	0	0	0	0	0	0	0	0	0	0	0	0	0	0	0
58	A	T	ORF	S	NULL	0	0	0	0	0	0	0	0	0	0	0	0	0	0	0	0	0	0	0	0	0	0	0	0	0	0	0	0	0	0	0	0	0	0	0	0	0	0	0	0	0	0	0	0	0	0	0	0	0	0	0	0	0	0
59	A	T	ORF	S	NULL	0	0	0	0	0	0	0	0	0	0	0	0	0	0	0	0	0	0	0	0	0	0	0	0	0	0	0	0	0	0	0	0	0	0	0	0	0	0	0	0	0	0	0	0	0	0	0	0	0	0	0	0	0	0
60	A	T	ORF	S	NULL	0	0	0	0	0	0	0	0	0	0	0	0	0	0	0	0	0	0	0	0	0	0	0	0	0	0	0	0	0	0	0	0	0	0	0	0	0	0	0	0	0	0	0	0	0	0	0	0	0	0	0	0	0	0
61	A	T	ORF	S	NULL	0	0	0	0	0.13914	0.0731304	0.0001	0.591197	0.452182	0.999991	0.315061	0.0001	0.109136	0.140041	0.172047	0.0001	0.433075	0.0001	0.462082	0.00612283	0.999149	0.440177	0.0001	0.999991	0.690108	0.336067	0.0071233	0.0401261	0.239137	0.0001	0.267055	0.0721862	0.874134	0.0511139	0.999991	0.0540285	0.04103	0.0001	0.0900326	0.0001	0.163127	0.0001	0.0001	0.0001	0.0380263	0.0450846	0.133039	0.832229	0.0001	0.587195	0.0001	0.140139	0.493169	0.226049
62	A	T	ORF	S	NULL	0	0	0	0	0.13914	0.0731304	0.0001	0.591197	0.452182	0.999991	0.315061	0.0001	0.109136	0.140041	0.172047	0.0001	0.433075	0.0001	0.462082	0.00612283	0.999149	0.440177	0.0001	0.999991	0.690108	0.336067	0.0071233	0.0401261	0.239137	0.0001	0.267055	0.0721862	0.874134	0.0511139	0.999991	0.0540285	0.04103	0.0001	0.0900326	0.0001	0.163127	0.0001	0.0001	0.0001	0.0380263	0.0450846	0.133039	0.832229	0.0001	0.587195	0.0001	0.140139	0.493169	0.226049
63	A	T	ORF	S	NULL	0	0	0	0	0	0	0	0	0	0	0	0	0	0	0	0	0	0	0	0	0	0	0	0	0	0	0	0	0	0	0	0	0	0	0	0	0	0	0	0	0	0	0	0	0	0	0	0	0	0	0	0	0	0
64	A	T	ORF	S	NULL	0	0	0	0	0.13914	0.0731304	0.0001	0.591197	0.452182	0.999991	0.315061	0.0001	0.109136	0.140041	0.172047	0.0001	0.433075	0.0001	0.462082	0.00612283	0.999149	0.440177	0.0001	0.999991	0.690108	0.336067	0.0071233	0.0401261	0.239137	0.0001	0.267055	0.0721862	0.874134	0.0511139	0.999991	0.0540285	0.04103	0.0001	0.0900326	0.0001	0.163127	0.0001	0.0001	0.0001	0.0380263	0.0450846	0.133039	0.832229	0.0001	0.587195	0.0001	0.140139	0.493169	0.226049
65	A	T	ORF	S	NULL	0	0	0	0	0.0548575	0.202882	0.0148826	0.00685305	0.000100001	0.0001	0.407936	0.000100001	0.265886	0.0001	0.0001	0.000100001	0.565958	0.0360477	0.0001	0.264887	0.0001	0.341901	0.0408847	0.0001	0.169904	0.000100001	0.22788	0.3339	0.00702206	0.749094	0.144901	0.332013	0.0001	0.151037	0.0001	0.119896	0.000100001	0.0001	0.411937	0.000100001	0.476088	0.444938	0.0001	0.000100001	0.0968932	0.111007	0.532953	0.0001	0.0001	0.00585523	0.39693	0.222884	0.346071	0.772987
66	A	T	ORF	S	NULL	0	0	0	0	0	0	0	0	0	0	0	0	0	0	0	0	0	0	0	0	0	0	0	0	0	0	0	0	0	0	0	0	0	0	0	0	0	0	0	0	0	0	0	0	0	0	0	0	0	0	0	0	0	0
67	A	T	ORF	S	NULL	0	0	0	0	0	0	0	0	0	0	0	0	0	0	0	0	0	0	0	0	0	0	0	0	0	0	0	0	0	0	0	0	0	0	0	0	0	0	0	0	0	0	0	0	0	0	0	0	0	0	0	0	0	0
68	A	T	ORF	S	NULL	0	0	0	0	0.0001	0.722164	0.984129	0.0470734	0.0001	0.0001	0.140014	0.029004	0.0360723	0.798109	0.0270058	0.0001	0.0001	0.0001	0.537073	0.200094	0.0001	0.199093	0.0139977	0.0001	0.0001	0.0001	0.0001	0.624151	0.225066	0.0311196	0.0001	0.593267	0.0001	0.0001	0.0001	0.672087	0.0001	0.999993	0.497063	0.0001	0.0001	0.0001	0.999993	0.0001	0.805105	0.0441222	0.0249985	0.00507307	0.0001	0.405121	0.00899723	0.309108	0.0001	0.0001
69	A	T	ORF	S	NULL	0	0	0	0	0	0	0	0	0	0	0	0	0	0	0	0	0	0	0	0	0	0	0	0	0	0	0	0	0	0	0	0	0	0	0	0	0	0	0	0	0	0	0	0	0	0	0	0	0	0	0	0	0	0
70	A	T	ORF	S	NULL	0	0	0	0	0	0	0	0	0	0	0	0	0	0	0	0	0	0	0	0	0	0	0	0	0	0	0	0	0	0	0	0	0	0	0	0	0	0	0	0	0	0	0	0	0	0	0	0	0	0	0	0	0	0
71	A	T	ORF	S	NULL	0	0	0	0	0	0	0	0	0	0	0	0	0	0	0	0	0	0	0	0	0	0	0	0	0	0	0	0	0	0	0	0	0	0	0	0	0	0	0	0	0	0	0	0	0	0	0	0	0	0	0	0	0	0
72	A	T	ORF	S	NULL	0	0	0	0	0	0	0	0	0	0	0	0	0	0	0	0	0	0	0	0	0	0	0	0	0	0	0	0	0	0	0	0	0	0	0	0	0	0	0	0	0	0	0	0	0	0	0	0	0	0	0	0	0	0
73	A	T	ORF	S	NULL	0	0	0	0	0.0548575	0.202882	0.0148826	0.00685305	0.000100001	0.0001	0.407936	0.000100001	0.265886	0.0001	0.0001	0.000100001	0.565958	0.0360477	0.0001	0.264887	0.0001	0.341901	0.0408847	0.0001	0.169904	0.000100001	0.22788	0.3339	0.00702206	0.749094	0.144901	0.332013	0.0001	0.151037	0.0001	0.119896	0.000100001	0.0001	0.411937	0.000100001	0.476088	0.444938	0.0001	0.000100001	0.0968932	0.111007	0.532953	0.0001	0.0001	0.00585523	0.39693	0.222884	0.346071	0.772987
74	A	T	ORF	S	NULL	0	0	0	0	0.434513	0.204479	0.0157499	0.134475	0.525641	0.0002	0.54483	0.970992	0.376509	0.000867314	0.0588844	1.00009	0.56683	0.0366375	0.000869132	0.417512	0.00087017	0.360505	0.846863	0.0002	0.309794	0.548939	0.419513	0.335497	0.244382	0.750253	0.732846	0.33389	0.0898819	0.217383	0.0002	0.222782	0.958988	0.0002	0.41281	1.00009	0.759452	0.655839	0.0002	1.00009	0.0977654	0.668236	0.839869	0.0255803	0.0002	0.00745533	0.546831	0.482518	0.423409	0.773858
75	A	T	ORF	S	NULL	0	0	0	0	0	0	0	0	0	0	0	0	0	0	0	0	0	0	0	0	0	0	0	0	0	0	0	0	0	0	0	0	0	0	0	0	0	0	0	0	0	0	0	0	0	0	0	0	0	0	0	0	0	0
76	A	T	ORF	S	NULL	0	0	0	0	0	0	0	0	0	0	0	0	0	0	0	0	0	0	0	0	0	0	0	0	0	0	0	0	0	0	0	0	0	0	0	0	0	0	0	0	0	0	0	0	0	0	0	0	0	0	0	0	0	0
77	A	T	ORF	S	NULL	0	0	0	0	0.13914	0.0731304	0.0001	0.591197	0.452182	0.999991	0.315061	0.0001	0.109136	0.140041	0.172047	0.0001	0.433075	0.0001	0.462082	0.00612283	0.999149	0.440177	0.0001	0.999991	0.690108	0.336067	0.0071233	0.0401261	0.239137	0.0001	0.267055	0.0721862	0.874134	0.0511139	0.999991	0.0540285	0.04103	0.0001	0.0900326	0.0001	0.163127	0.0001	0.0001	0.0001	0.0380263	0.0450846	0.133039	0.832229	0.0001	0.587195	0.0001	0.140139	0.493169	0.226049
78	A	T	ORF	S	NULL	0	0	0	0	0	0	0	0	0	0	0	0	0	0	0	0	0	0	0	0	0	0	0	0	0	0	0	0	0	0	0	0	0	0	0	0	0	0	0	0	0	0	0	0	0	0	0	0	0	0	0	0	0	0
79	A	T	ORF	S	NULL	0	0	0	0	0	0	0	0	0	0	0	0	0	0	0	0	0	0	0	0	0	0	0	0	0	0	0	0	0	0	0	0	0	0	0	0	0	0	0	0	0	0	0	0	0	0	0	0	0	0	0	0	0	0
80	A	T	ORF	S	NULL	0	0	0	0	0	0	0	0	0	0	0	0	0	0	0	0	0	0	0	0	0	0	0	0	0	0	0	0	0	0	0	0	0	0	0	0	0	0	0	0	0	0	0	0	0	0	0	0	0	0	0	0	0	0
81	A	T	ORF	S	NULL	0	0	0	0	0	0	0	0	0	0	0	0	0	0	0	0	0	0	0	0	0	0	0	0	0	0	0	0	0	0	0	0	0	0	0	0	0	0	0	0	0	0	0	0	0	0	0	0	0	0	0	0	0	0
82	A	T	ORF	S	NULL	0	0	0	0	0	0	0	0	0	0	0	0	0	0	0	0	0	0	0	0	0	0	0	0	0	0	0	0	0	0	0	0	0	0	0	0	0	0	0	0	0	0	0	0	0	0	0	0	0	0	0	0	0	0
83	A	T	ORF	S	NULL	0	0	0	0	0	0	0	0	0	0	0	0	0	0	0	0	0	0	0	0	0	0	0	0	0	0	0	0	0	0	0	0	0	0	0	0	0	0	0	0	0	0	0	0	0	0	0	0	0	0	0	0	0	0
84	A	T	ORF	S	NULL	0	0	0	0	0	0	0	0	0	0	0	0	0	0	0	0	0	0	0	0	0	0	0	0	0	0	0	0	0	0	0	0	0	0	0	0	0	0	0	0	0	0	0	0	0	0	0	0	0	0	0	0	0	0
85	A	T	ORF	S	NULL	0	0	0	0	0	0	0	0	0	0	0	0	0	0	0	0	0	0	0	0	0	0	0	0	0	0	0	0	0	0	0	0	0	0	0	0	0	0	0	0	0	0	0	0	0	0	0	0	0	0	0	0	0	0
86	A	T	ORF	S	NULL	0	0	0	0	0	0	0	0	0	0	0	0	0	0	0	0	0	0	0	0	0	0	0	0	0	0	0	0	0	0	0	0	0	0	0	0	0	0	0	0	0	0	0	0	0	0	0	0	0	0	0	0	0	0
87	A	T	ORF	S	NULL	0	0	0	0	0	0	0	0	0	0	0	0	0	0	0	0	0	0	0	0	0	0	0	0	0	0	0	0	0	0	0	0	0	0	0	0	0	0	0	0	0	0	0	0	0	0	0	0	0	0	0	0	0	0
88	A	T	ORF	S	NULL	0	0	0	0	0.426278	0.00022657	0.000102569	0.227255	0.0222037	0.0001	0.000100141	0.0001	0.478283	0.0610825	0.742163	0.0001	0.0001	0.963351	0.0001	0.376271	0.0001	0.000225358	0.139113	0.0001	0.0001	0.115087	0.573295	0.000225572	0.291414	0.218549	0.000100052	0.000657162	0.0360771	0.731465	0.0001	0.0511024	0.0001	0.0001	0.000100828	0.0001	0.0773845	0.344132	0.0001	0.0001	0.0591035	0.242557	0.00209339	0.137217	0.999953	0.000227868	0.444147	0.0682344	0.083386	0.000100158
89	A	T	ORF	S	NULL	0	0	0	0	0.426378	0.722391	0.984231	0.274328	0.0223037	0.0002	0.140114	0.029104	0.514355	0.859191	0.769169	0.0002	0.0002	0.963451	0.537173	0.576365	0.0002	0.199318	0.153111	0.0002	0.0002	0.115187	0.573395	0.624376	0.51648	0.249669	0.000200052	0.593924	0.0361771	0.731565	0.0002	0.723189	0.0002	1.00009	0.497163	0.0002	0.0774845	0.344232	1.00009	0.0002	0.864208	0.286679	0.0270919	0.14229	1.00005	0.405349	0.453144	0.377343	0.083486	0.000200158
90	A	T	ORF	S	NULL	0	0	0	0	0	0	0	0	0	0	0	0	0	0	0	0	0	0	0	0	0	0	0	0	0	0	0	0	0	0	0	0	0	0	0	0	0	0	0	0	0	0	0	0	0	0	0	0	0	0	0	0	0	0
91	A	T	ORF	S	NULL	0	0	0	0	0	0	0	0	0	0	0	0	0	0	0	0	0	0	0	0	0	0	0	0	0	0	0	0	0	0	0	0	0	0	0	0	0	0	0	0	0	0	0	0	0	0	0	0	0	0	0	0	0	0
92	A	T	ORF	S	NULL	0	0	0	0	0.481136	0.203109	0.0149851	0.234108	0.0223037	0.0002	0.408036	0.000200001	0.744169	0.0611825	0.742263	0.000200001	0.566058	0.999399	0.0002	0.641158	0.0002	0.342126	0.179998	0.0002	0.170004	0.115187	0.801174	0.334126	0.298436	0.967643	0.145001	0.332671	0.0361771	0.882503	0.0002	0.170999	0.000200001	0.0002	0.412037	0.000200001	0.553473	0.78907	0.0002	0.000200001	0.155997	0.353564	0.535047	0.137317	1.00005	0.0060831	0.841077	0.291119	0.429457	0.773087
93	A	T	ORF	S	NULL	0	0	0	0	0	0	0	0	0	0	0	0	0	0	0	0	0	0	0	0	0	0	0	0	0	0	0	0	0	0	0	0	0	0	0	0	0	0	0	0	0	0	0	0	0	0	0	0	0	0	0	0	0	0
94	A	T	ORF	S	NULL	0	0	0	0	0	0	0	0	0	0	0	0	0	0	0	0	0	0	0	0	0	0	0	0	0	0	0	0	0	0	0	0	0	0	0	0	0	0	0	0	0	0	0	0	0	0	0	0	0	0	0	0	0	0
95	A	T	ORF	S	NULL	0	0	0	0	0.0001	0.722164	0.984129	0.0470734	0.0001	0.0001	0.140014	0.029004	0.0360723	0.798109	0.0270058	0.0001	0.0001	0.0001	0.537073	0.200094	0.0001	0.199093	0.0139977	0.0001	0.0001	0.0001	0.0001	0.624151	0.225066	0.0311196	0.0001	0.593267	0.0001	0.0001	0.0001	0.672087	0.0001	0.999993	0.497063	0.0001	0.0001	0.0001	0.999993	0.0001	0.805105	0.0441222	0.0249985	0.00507307	0.0001	0.405121	0.00899723	0.309108	0.0001	0.0001
96	A	T	ORF	S	NULL	0	0	0	0	0	0	0	0	0	0	0	0	0	0	0	0	0	0	0	0	0	0	0	0	0	0	0	0	0	0	0	0	0	0	0	0	0	0	0	0	0	0	0	0	0	0	0	0	0	0	0	0	0	0
97	A	T	ORF	S	NULL	0	0	0	0	0	0	0	0	0	0	0	0	0	0	0	0	0	0	0	0	0	0	0	0	0	0	0	0	0	0	0	0	0	0	0	0	0	0	0	0	0	0	0	0	0	0	0	0	0	0	0	0	0	0
98	A	T	ORF	S	NULL	0	0	0	0	0.0548575	0.202882	0.0148826	0.00685305	0.000100001	0.0001	0.407936	0.000100001	0.265886	0.0001	0.0001	0.000100001	0.565958	0.0360477	0.0001	0.264887	0.0001	0.341901	0.0408847	0.0001	0.169904	0.000100001	0.22788	0.3339	0.00702206	0.749094	0.144901	0.332013	0.0001	0.151037	0.0001	0.119896	0.000100001	0.0001	0.411937	0.000100001	0.476088	0.444938	0.0001	0.000100001	0.0968932	0.111007	0.532953	0.0001	0.0001	0.00585523	0.39693	0.222884	0.346071	0.772987
99	A	T	ORF	S	NULL	0	0	0	0	0	0	0	0	0	0	0	0	0	0	0	0	0	0	0	0	0	0	0	0	0	0	0	0	0	0	0	0	0	0	0	0	0	0	0	0	0	0	0	0	0	0	0	0	0	0	0	0	0	0
100	A	T	ORF	S	NULL	0	0	0	0	0	0	0	0	0	0	0	0	0	0	0	0	0	0	0	0	0	0	0	0	0	0	0	0	0	0	0	0	0	0	0	0	0	0	0	0	0	0	0	0	0	0	0	0	0	0	0	0	0	0
