pos	ref	alt	gene	N/S	AA	nSRAsubclonal	nSRAclonal	nSRA	nConsensus	sample0|Earth	sample1|Earth	sample2|Earth	sample3|Earth	sample4|Earth	sample5|Earth	sample6|Earth	sample7|Earth	sample8|Earth	sample9|Earth	sample10|Earth	sample11|Earth	sample12|Earth	sample13|Earth	sample14|Earth	sample15|Earth	sample16|Earth	sample17|Earth	sample18|Earth	sample19|Earth	sample20|Earth	sample21|Earth	sample22|Earth	sample23|Earth	sample24|Earth	sample25|Earth	sample26|Earth	sample27|Earth	sample28|Earth	sample29|Earth	sample30|Earth	sample31|Earth	sample32|Earth	sample33|Earth	sample34|Earth	sample35|Earth	sample36|Earth	sample37|Earth	sample38|Earth	sample39|Earth	sample40|Earth	sample41|Earth	sample42|Earth	sample43|Earth	sample44|Earth	sample45|Earth	sample46|Earth	sample47|Earth	sample48|Earth	sample49|Earth
1	A	T	ORF	S	NULL	0	0	0	0	0	0	0	0	0	0	0	0	0	0	0	0	0	0	0	0	0	0	0	0	0	0	0	0	0	0	0	0	0	0	0	0	0	0	0	0	0	0	0	0	0	0	0	0	0	0	0	0	0	0
2	A	T	ORF	S	NULL	0	0	0	0	0	0	0	0	0	0	0	0	0	0	0	0	0	0	0	0	0	0	0	0	0	0	0	0	0	0	0	0	0	0	0	0	0	0	0	0	0	0	0	0	0	0	0	0	0	0	0	0	0	0
3	A	T	ORF	S	NULL	0	0	0	0	0.0001	0.0001	0.00960704	0.0581429	0.00176841	0.000422809	0.0001	0.0001	0.0001	0.0241976	0.0001	0.41694	0.0001	0.0460983	0.211918	0.0001	0.0001	0.0001	0.0001	0.0001	0.0001	0.0001	0.51008	0.0998073	0.0001	0.0493067	0.0459871	0.0001	0.0001	0.0001	0.0001	0.216053	0.0001	0.0001	0.0001	0.0001	0.0001	0.245201	0.00866236	0.0001	0.293927	0.00793992	0.0001	0.0198596	0.183917	0.0001	0.946993	0.688155	0.0001	0.0646251
4	A	T	ORF	S	NULL	0	0	0	0	0	0	0	0	0	0	0	0	0	0	0	0	0	0	0	0	0	0	0	0	0	0	0	0	0	0	0	0	0	0	0	0	0	0	0	0	0	0	0	0	0	0	0	0	0	0	0	0	0	0
5	A	T	ORF	S	NULL	0	0	0	0	0	0	0	0	0	0	0	0	0	0	0	0	0	0	0	0	0	0	0	0	0	0	0	0	0	0	0	0	0	0	0	0	0	0	0	0	0	0	0	0	0	0	0	0	0	0	0	0	0	0
6	A	T	ORF	S	NULL	0	0	0	0	0.0001	0.448978	0.0001	0.419771	0.132213	0.0001	0.367946	0.0811833	0.0273608	0.0001	0.304938	0.0001	0.0001	0.0001	0.0001	0.55197	0.60428	0.0840415	0.0930544	0.0001	0.0332667	0.0001	0.0001	0.740983	0.028765	0.0001	0.0481585	0.0001	0.608267	0.0001	0.205926	0.0001	0.0570314	0.0001	0.0001	0.0001	0.043865	0.276711	0.0001	0.426274	0.0001	0.0001	0.360106	0.0001	0.0001	0.0001	0.0001	0.0001	0.0001	0.0001
7	A	T	ORF	S	NULL	0	0	0	0	0	0	0	0	0	0	0	0	0	0	0	0	0	0	0	0	0	0	0	0	0	0	0	0	0	0	0	0	0	0	0	0	0	0	0	0	0	0	0	0	0	0	0	0	0	0	0	0	0	0
8	A	T	ORF	S	NULL	0	0	0	0	0	0	0	0	0	0	0	0	0	0	0	0	0	0	0	0	0	0	0	0	0	0	0	0	0	0	0	0	0	0	0	0	0	0	0	0	0	0	0	0	0	0	0	0	0	0	0	0	0	0
9	A	T	ORF	S	NULL	0	0	0	0	0	0	0	0	0	0	0	0	0	0	0	0	0	0	0	0	0	0	0	0	0	0	0	0	0	0	0	0	0	0	0	0	0	0	0	0	0	0	0	0	0	0	0	0	0	0	0	0	0	0
10	A	T	ORF	S	NULL	0	0	0	0	0	0	0	0	0	0	0	0	0	0	0	0	0	0	0	0	0	0	0	0	0	0	0	0	0	0	0	0	0	0	0	0	0	0	0	0	0	0	0	0	0	0	0	0	0	0	0	0	0	0
11	A	T	ORF	S	NULL	0	0	0	0	0	0	0	0	0	0	0	0	0	0	0	0	0	0	0	0	0	0	0	0	0	0	0	0	0	0	0	0	0	0	0	0	0	0	0	0	0	0	0	0	0	0	0	0	0	0	0	0	0	0
12	A	T	ORF	S	NULL	0	0	0	0	0	0	0	0	0	0	0	0	0	0	0	0	0	0	0	0	0	0	0	0	0	0	0	0	0	0	0	0	0	0	0	0	0	0	0	0	0	0	0	0	0	0	0	0	0	0	0	0	0	0
13	A	T	ORF	S	NULL	0	0	0	0	0.0001	0.0001	0.0380907	0.276069	0.0330075	0.0428649	0.0001	0.431216	0.215856	0.158441	0.0001	0.0001	0.0001	0.356358	0.0001	0.0001	0.142916	0.0001	0.0001	0.0001	0.295086	0.0001	0.0001	0.0334218	0.441072	0.474704	0.380519	0.0001	0.176023	0.0001	0.0001	0.0001	0.352214	0.0001	0.0001	0.0001	0.197417	0.167159	0.161278	0.0001	0.0001	0.0980798	0.0001	0.556463	0.0001	0.0001	0.0001	0.0001	0.0001	0.575563
14	A	T	ORF	S	NULL	0	0	0	0	0.38754	0.456159	0.130556	0.276269	0.193271	0.423796	0.0003	0.474443	0.285804	0.174638	0.0003	0.0003	0.549172	0.387156	0.0003	0.0003	0.162875	0.451325	0.0003	0.198127	0.295286	1.00012	0.0003	0.116896	0.47808	0.526727	0.516159	0.0003	0.20887	0.033104	0.666181	0.112114	0.624112	0.798204	0.0003	0.206126	0.722898	0.189005	0.416322	0.150324	0.554172	0.139914	0.252255	0.607421	0.48915	0.0691051	0.0003	0.311278	0.308138	0.626833
15	A	T	ORF	S	NULL	0	0	0	0	0	0	0	0	0	0	0	0	0	0	0	0	0	0	0	0	0	0	0	0	0	0	0	0	0	0	0	0	0	0	0	0	0	0	0	0	0	0	0	0	0	0	0	0	0	0	0	0	0	0
16	A	T	ORF	S	NULL	0	0	0	0	0	0	0	0	0	0	0	0	0	0	0	0	0	0	0	0	0	0	0	0	0	0	0	0	0	0	0	0	0	0	0	0	0	0	0	0	0	0	0	0	0	0	0	0	0	0	0	0	0	0
17	A	T	ORF	S	NULL	0	0	0	0	0.0581576	0.0001	0.0863766	0.0001	0.0050141	0.380831	0.0001	0.0431276	0.0698476	0.0001	0.0001	0.0001	0.548972	0.0001	0.0001	0.0001	0.0198596	0.0001	0.0001	0.0001	0.000100019	0.0001	0.0001	0.0240147	0.0369082	0.0001	0.0001	0.0001	0.0327473	0.032904	0.665981	0.111914	0.271797	0.798004	0.0001	0.205926	0.0315084	0.0217464	0.0464256	0.0001	0.553972	0.0001	0.0001	0.0161381	0.48895	0.0001	0.0001	0.0001	0.0001	0.0001
18	A	T	ORF	S	NULL	0	0	0	0	0.405116	0.0619402	0.14764	0.0250451	0.0001	0.402934	0.0001	0.0001	0.0001	0.0001	0.0001	0.109908	0.0001	0.0001	0.0001	0.0001	0.0001	0.0001	0.683196	0.082935	0.441846	0.0001	0.0001	0.00760543	0.0001	0.162934	0.00122903	0.0001	0.0001	0.0001	0.0001	0.0819062	0.0001	0.185914	0.777965	0.0001	0.0001	0.00890029	0.338776	0.422351	0.0001	0.0001	0.0001	0.0001	0.325925	0.0001	0.0001	0.0001	0.482959	0.0001
19	A	T	ORF	S	NULL	0	0	0	0	0	0	0	0	0	0	0	0	0	0	0	0	0	0	0	0	0	0	0	0	0	0	0	0	0	0	0	0	0	0	0	0	0	0	0	0	0	0	0	0	0	0	0	0	0	0	0	0	0	0
20	A	T	ORF	S	NULL	0	0	0	0	0	0	0	0	0	0	0	0	0	0	0	0	0	0	0	0	0	0	0	0	0	0	0	0	0	0	0	0	0	0	0	0	0	0	0	0	0	0	0	0	0	0	0	0	0	0	0	0	0	0
21	A	T	ORF	S	NULL	0	0	0	0	0.0581576	0.0001	0.0863766	0.0001	0.0050141	0.380831	0.0001	0.0431276	0.0698476	0.0001	0.0001	0.0001	0.548972	0.0001	0.0001	0.0001	0.0198596	0.0001	0.0001	0.0001	0.000100019	0.0001	0.0001	0.0240147	0.0369082	0.0001	0.0001	0.0001	0.0327473	0.032904	0.665981	0.111914	0.271797	0.798004	0.0001	0.205926	0.0315084	0.0217464	0.0464256	0.0001	0.553972	0.0001	0.0001	0.0161381	0.48895	0.0001	0.0001	0.0001	0.0001	0.0001
22	A	T	ORF	S	NULL	0	0	0	0	0.0001	0.0001	0.0380907	0.276069	0.0330075	0.0428649	0.0001	0.431216	0.215856	0.158441	0.0001	0.0001	0.0001	0.356358	0.0001	0.0001	0.142916	0.0001	0.0001	0.0001	0.295086	0.0001	0.0001	0.0334218	0.441072	0.474704	0.380519	0.0001	0.176023	0.0001	0.0001	0.0001	0.352214	0.0001	0.0001	0.0001	0.197417	0.167159	0.161278	0.0001	0.0001	0.0980798	0.0001	0.556463	0.0001	0.0001	0.0001	0.0001	0.0001	0.575563
23	A	T	ORF	S	NULL	0	0	0	0	0	0	0	0	0	0	0	0	0	0	0	0	0	0	0	0	0	0	0	0	0	0	0	0	0	0	0	0	0	0	0	0	0	0	0	0	0	0	0	0	0	0	0	0	0	0	0	0	0	0
24	A	T	ORF	S	NULL	0	0	0	0	0.20602	0.0002	0.00970704	0.0770449	0.615138	0.000522809	0.631061	0.0002	0.0002	0.0242976	0.0002	0.41704	0.0002	0.0461983	0.212018	0.0002	0.0002	0.0002	0.167016	0.718061	0.0002	0.0002	0.768333	0.108443	0.0002	0.0494067	0.187574	0.0002	0.0002	0.0002	0.0002	0.803334	0.0002	0.0150014	0.0980097	0.0002	0.0002	0.253378	0.129244	0.0002	0.398836	0.00803992	0.0002	0.0199596	0.184017	0.0002	0.947093	0.688255	0.0002	0.0647251
25	A	T	ORF	S	NULL	0	0	0	0	0.329282	0.455959	0.00608856	0.0001	0.15525	0.0001	0.0001	0.0001	0.0001	0.0160975	0.0001	0.0001	0.0001	0.0306984	0.0001	0.0001	0.0001	0.451125	0.0001	0.197927	0.0001	0.999922	0.0001	0.0594592	0.0001	0.0519226	0.13554	0.0001	0.0001	0.0001	0.0001	0.0001	0.0001	0.0001	0.0001	0.0001	0.493972	0.0001	0.208618	0.150124	0.0001	0.0417346	0.252055	0.03482	0.0001	0.0689051	0.0001	0.311078	0.307938	0.0511692
26	A	T	ORF	S	NULL	0	0	0	0	0	0	0	0	0	0	0	0	0	0	0	0	0	0	0	0	0	0	0	0	0	0	0	0	0	0	0	0	0	0	0	0	0	0	0	0	0	0	0	0	0	0	0	0	0	0	0	0	0	0
27	A	T	ORF	S	NULL	0	0	0	0	0	0	0	0	0	0	0	0	0	0	0	0	0	0	0	0	0	0	0	0	0	0	0	0	0	0	0	0	0	0	0	0	0	0	0	0	0	0	0	0	0	0	0	0	0	0	0	0	0	0
28	A	T	ORF	S	NULL	0	0	0	0	0	0	0	0	0	0	0	0	0	0	0	0	0	0	0	0	0	0	0	0	0	0	0	0	0	0	0	0	0	0	0	0	0	0	0	0	0	0	0	0	0	0	0	0	0	0	0	0	0	0
29	A	T	ORF	S	NULL	0	0	0	0	0.0001	0.0001	0.00960704	0.0581429	0.00176841	0.000422809	0.0001	0.0001	0.0001	0.0241976	0.0001	0.41694	0.0001	0.0460983	0.211918	0.0001	0.0001	0.0001	0.0001	0.0001	0.0001	0.0001	0.51008	0.0998073	0.0001	0.0493067	0.0459871	0.0001	0.0001	0.0001	0.0001	0.216053	0.0001	0.0001	0.0001	0.0001	0.0001	0.245201	0.00866236	0.0001	0.293927	0.00793992	0.0001	0.0198596	0.183917	0.0001	0.946993	0.688155	0.0001	0.0646251
30	A	T	ORF	S	NULL	0	0	0	0	0.0001	0.0001	0.0380907	0.276069	0.0330075	0.0428649	0.0001	0.431216	0.215856	0.158441	0.0001	0.0001	0.0001	0.356358	0.0001	0.0001	0.142916	0.0001	0.0001	0.0001	0.295086	0.0001	0.0001	0.0334218	0.441072	0.474704	0.380519	0.0001	0.176023	0.0001	0.0001	0.0001	0.352214	0.0001	0.0001	0.0001	0.197417	0.167159	0.161278	0.0001	0.0001	0.0980798	0.0001	0.556463	0.0001	0.0001	0.0001	0.0001	0.0001	0.575563
31	A	T	ORF	S	NULL	0	0	0	0	0	0	0	0	0	0	0	0	0	0	0	0	0	0	0	0	0	0	0	0	0	0	0	0	0	0	0	0	0	0	0	0	0	0	0	0	0	0	0	0	0	0	0	0	0	0	0	0	0	0
32	A	T	ORF	S	NULL	0	0	0	0	0	0	0	0	0	0	0	0	0	0	0	0	0	0	0	0	0	0	0	0	0	0	0	0	0	0	0	0	0	0	0	0	0	0	0	0	0	0	0	0	0	0	0	0	0	0	0	0	0	0
33	A	T	ORF	S	NULL	0	0	0	0	0.0001	0.448978	0.0001	0.419771	0.132213	0.0001	0.367946	0.0811833	0.0273608	0.0001	0.304938	0.0001	0.0001	0.0001	0.0001	0.55197	0.60428	0.0840415	0.0930544	0.0001	0.0332667	0.0001	0.0001	0.740983	0.028765	0.0001	0.0481585	0.0001	0.608267	0.0001	0.205926	0.0001	0.0570314	0.0001	0.0001	0.0001	0.043865	0.276711	0.0001	0.426274	0.0001	0.0001	0.360106	0.0001	0.0001	0.0001	0.0001	0.0001	0.0001	0.0001
34	A	T	ORF	S	NULL	0	0	0	0	0.329382	0.456059	0.0156956	0.0582429	0.157018	0.000522809	0.0002	0.0002	0.0002	0.0402952	0.0002	0.41704	0.0002	0.0767967	0.212018	0.0002	0.0002	0.451225	0.0002	0.198027	0.0002	1.00002	0.51018	0.159266	0.0002	0.101229	0.181527	0.0002	0.0002	0.0002	0.0002	0.216153	0.0002	0.0002	0.0002	0.0002	0.494072	0.245301	0.21728	0.150224	0.294027	0.0496745	0.252155	0.0546796	0.184017	0.0690051	0.947093	0.999234	0.308038	0.115794
35	A	T	ORF	S	NULL	0	0	0	0	0	0	0	0	0	0	0	0	0	0	0	0	0	0	0	0	0	0	0	0	0	0	0	0	0	0	0	0	0	0	0	0	0	0	0	0	0	0	0	0	0	0	0	0	0	0	0	0	0	0
36	A	T	ORF	S	NULL	0	0	0	0	0	0	0	0	0	0	0	0	0	0	0	0	0	0	0	0	0	0	0	0	0	0	0	0	0	0	0	0	0	0	0	0	0	0	0	0	0	0	0	0	0	0	0	0	0	0	0	0	0	0
37	A	T	ORF	S	NULL	0	0	0	0	0	0	0	0	0	0	0	0	0	0	0	0	0	0	0	0	0	0	0	0	0	0	0	0	0	0	0	0	0	0	0	0	0	0	0	0	0	0	0	0	0	0	0	0	0	0	0	0	0	0
38	A	T	ORF	S	NULL	0	0	0	0	0	0	0	0	0	0	0	0	0	0	0	0	0	0	0	0	0	0	0	0	0	0	0	0	0	0	0	0	0	0	0	0	0	0	0	0	0	0	0	0	0	0	0	0	0	0	0	0	0	0
39	A	T	ORF	S	NULL	0	0	0	0	0	0	0	0	0	0	0	0	0	0	0	0	0	0	0	0	0	0	0	0	0	0	0	0	0	0	0	0	0	0	0	0	0	0	0	0	0	0	0	0	0	0	0	0	0	0	0	0	0	0
40	A	T	ORF	S	NULL	0	0	0	0	0	0	0	0	0	0	0	0	0	0	0	0	0	0	0	0	0	0	0	0	0	0	0	0	0	0	0	0	0	0	0	0	0	0	0	0	0	0	0	0	0	0	0	0	0	0	0	0	0	0
41	A	T	ORF	S	NULL	0	0	0	0	0	0	0	0	0	0	0	0	0	0	0	0	0	0	0	0	0	0	0	0	0	0	0	0	0	0	0	0	0	0	0	0	0	0	0	0	0	0	0	0	0	0	0	0	0	0	0	0	0	0
42	A	T	ORF	S	NULL	0	0	0	0	0	0	0	0	0	0	0	0	0	0	0	0	0	0	0	0	0	0	0	0	0	0	0	0	0	0	0	0	0	0	0	0	0	0	0	0	0	0	0	0	0	0	0	0	0	0	0	0	0	0
43	A	T	ORF	S	NULL	0	0	0	0	0	0	0	0	0	0	0	0	0	0	0	0	0	0	0	0	0	0	0	0	0	0	0	0	0	0	0	0	0	0	0	0	0	0	0	0	0	0	0	0	0	0	0	0	0	0	0	0	0	0
44	A	T	ORF	S	NULL	0	0	0	0	0	0	0	0	0	0	0	0	0	0	0	0	0	0	0	0	0	0	0	0	0	0	0	0	0	0	0	0	0	0	0	0	0	0	0	0	0	0	0	0	0	0	0	0	0	0	0	0	0	0
45	A	T	ORF	S	NULL	0	0	0	0	0	0	0	0	0	0	0	0	0	0	0	0	0	0	0	0	0	0	0	0	0	0	0	0	0	0	0	0	0	0	0	0	0	0	0	0	0	0	0	0	0	0	0	0	0	0	0	0	0	0
46	A	T	ORF	S	NULL	0	0	0	0	0	0	0	0	0	0	0	0	0	0	0	0	0	0	0	0	0	0	0	0	0	0	0	0	0	0	0	0	0	0	0	0	0	0	0	0	0	0	0	0	0	0	0	0	0	0	0	0	0	0
47	A	T	ORF	S	NULL	0	0	0	0	0.0001	0.448978	0.0001	0.419771	0.132213	0.0001	0.367946	0.0811833	0.0273608	0.0001	0.304938	0.0001	0.0001	0.0001	0.0001	0.55197	0.60428	0.0840415	0.0930544	0.0001	0.0332667	0.0001	0.0001	0.740983	0.028765	0.0001	0.0481585	0.0001	0.608267	0.0001	0.205926	0.0001	0.0570314	0.0001	0.0001	0.0001	0.043865	0.276711	0.0001	0.426274	0.0001	0.0001	0.360106	0.0001	0.0001	0.0001	0.0001	0.0001	0.0001	0.0001
48	A	T	ORF	S	NULL	0	0	0	0	0	0	0	0	0	0	0	0	0	0	0	0	0	0	0	0	0	0	0	0	0	0	0	0	0	0	0	0	0	0	0	0	0	0	0	0	0	0	0	0	0	0	0	0	0	0	0	0	0	0
49	A	T	ORF	S	NULL	0	0	0	0	0	0	0	0	0	0	0	0	0	0	0	0	0	0	0	0	0	0	0	0	0	0	0	0	0	0	0	0	0	0	0	0	0	0	0	0	0	0	0	0	0	0	0	0	0	0	0	0	0	0
50	A	T	ORF	S	NULL	0	0	0	0	0	0	0	0	0	0	0	0	0	0	0	0	0	0	0	0	0	0	0	0	0	0	0	0	0	0	0	0	0	0	0	0	0	0	0	0	0	0	0	0	0	0	0	0	0	0	0	0	0	0
51	A	T	ORF	S	NULL	0	0	0	0	0.0002	0.0002	0.0476977	0.334212	0.0347759	0.0432877	0.0002	0.431316	0.215956	0.182639	0.0002	0.41704	0.0002	0.402456	0.212018	0.0002	0.143016	0.0002	0.0002	0.0002	0.295186	0.0002	0.51018	0.133229	0.441172	0.524011	0.426507	0.0002	0.176123	0.0002	0.0002	0.216153	0.352314	0.0002	0.0002	0.0002	0.197517	0.41236	0.169941	0.0002	0.294027	0.10602	0.0002	0.576323	0.184017	0.0002	0.947093	0.688255	0.0002	0.640189
52	A	T	ORF	S	NULL	0	0	0	0	0.0001	0.0309052	0.680014	0.0001	0.0129021	0.130922	0.0001	0.0001	0.590999	0.703018	0.0001	0.35796	0.0001	0.380965	0.604001	0.0001	0.0001	0.462977	0.0001	0.0001	0.0001	0.0001	0.0001	0.0001	0.0001	0.0001	0.0001	0.0001	0.0001	0.0001	0.0001	0.0001	0.0001	0.0001	0.12192	0.0001	0.0001	0.0549087	0.0001	0.0001	0.0001	0.511986	0.385964	0.0001	0.0001	0.930055	0.0001	0.0001	0.0001	0.0001
53	A	T	ORF	S	NULL	0	0	0	0	0.0582576	0.0002	0.124467	0.276169	0.0380216	0.423696	0.0002	0.474343	0.285704	0.158541	0.0002	0.0002	0.549072	0.356458	0.0002	0.0002	0.162775	0.0002	0.0002	0.0002	0.295186	0.0002	0.0002	0.0574365	0.47798	0.474804	0.380619	0.0002	0.20877	0.033004	0.666081	0.112014	0.624012	0.798104	0.0002	0.206026	0.228926	0.188905	0.207704	0.0002	0.554072	0.0981798	0.0002	0.572601	0.48905	0.0002	0.0002	0.0002	0.0002	0.575663
54	A	T	ORF	S	NULL	0	0	0	0	0.0002	0.449078	0.0381907	0.695839	0.16522	0.0429649	0.368046	0.512399	0.243217	0.158541	0.305038	0.0002	0.0002	0.356458	0.0002	0.55207	0.747196	0.0841415	0.0931544	0.0002	0.328352	0.0002	0.0002	0.774405	0.469837	0.474804	0.428678	0.0002	0.78429	0.0002	0.206026	0.0002	0.409246	0.0002	0.0002	0.0002	0.241282	0.44387	0.161378	0.426374	0.0002	0.0981798	0.360206	0.556563	0.0002	0.0002	0.0002	0.0002	0.0002	0.575663
55	A	T	ORF	S	NULL	0	0	0	0	0.405116	0.0619402	0.14764	0.0250451	0.0001	0.402934	0.0001	0.0001	0.0001	0.0001	0.0001	0.109908	0.0001	0.0001	0.0001	0.0001	0.0001	0.0001	0.683196	0.082935	0.441846	0.0001	0.0001	0.00760543	0.0001	0.162934	0.00122903	0.0001	0.0001	0.0001	0.0001	0.0819062	0.0001	0.185914	0.777965	0.0001	0.0001	0.00890029	0.338776	0.422351	0.0001	0.0001	0.0001	0.0001	0.325925	0.0001	0.0001	0.0001	0.482959	0.0001
56	A	T	ORF	S	NULL	0	0	0	0	0	0	0	0	0	0	0	0	0	0	0	0	0	0	0	0	0	0	0	0	0	0	0	0	0	0	0	0	0	0	0	0	0	0	0	0	0	0	0	0	0	0	0	0	0	0	0	0	0	0
57	A	T	ORF	S	NULL	0	0	0	0	0	0	0	0	0	0	0	0	0	0	0	0	0	0	0	0	0	0	0	0	0	0	0	0	0	0	0	0	0	0	0	0	0	0	0	0	0	0	0	0	0	0	0	0	0	0	0	0	0	0
58	A	T	ORF	S	NULL	0	0	0	0	0	0	0	0	0	0	0	0	0	0	0	0	0	0	0	0	0	0	0	0	0	0	0	0	0	0	0	0	0	0	0	0	0	0	0	0	0	0	0	0	0	0	0	0	0	0	0	0	0	0
59	A	T	ORF	S	NULL	0	0	0	0	0	0	0	0	0	0	0	0	0	0	0	0	0	0	0	0	0	0	0	0	0	0	0	0	0	0	0	0	0	0	0	0	0	0	0	0	0	0	0	0	0	0	0	0	0	0	0	0	0	0
60	A	T	ORF	S	NULL	0	0	0	0	0.0001	0.448978	0.0001	0.419771	0.132213	0.0001	0.367946	0.0811833	0.0273608	0.0001	0.304938	0.0001	0.0001	0.0001	0.0001	0.55197	0.60428	0.0840415	0.0930544	0.0001	0.0332667	0.0001	0.0001	0.740983	0.028765	0.0001	0.0481585	0.0001	0.608267	0.0001	0.205926	0.0001	0.0570314	0.0001	0.0001	0.0001	0.043865	0.276711	0.0001	0.426274	0.0001	0.0001	0.360106	0.0001	0.0001	0.0001	0.0001	0.0001	0.0001	0.0001
61	A	T	ORF	S	NULL	0	0	0	0	0	0	0	0	0	0	0	0	0	0	0	0	0	0	0	0	0	0	0	0	0	0	0	0	0	0	0	0	0	0	0	0	0	0	0	0	0	0	0	0	0	0	0	0	0	0	0	0	0	0
62	A	T	ORF	S	NULL	0	0	0	0	0	0	0	0	0	0	0	0	0	0	0	0	0	0	0	0	0	0	0	0	0	0	0	0	0	0	0	0	0	0	0	0	0	0	0	0	0	0	0	0	0	0	0	0	0	0	0	0	0	0
63	A	T	ORF	S	NULL	0	0	0	0	0	0	0	0	0	0	0	0	0	0	0	0	0	0	0	0	0	0	0	0	0	0	0	0	0	0	0	0	0	0	0	0	0	0	0	0	0	0	0	0	0	0	0	0	0	0	0	0	0	0
64	A	T	ORF	S	NULL	0	0	0	0	0	0	0	0	0	0	0	0	0	0	0	0	0	0	0	0	0	0	0	0	0	0	0	0	0	0	0	0	0	0	0	0	0	0	0	0	0	0	0	0	0	0	0	0	0	0	0	0	0	0
65	A	T	ORF	S	NULL	0	0	0	0	0.20592	0.0001	0.0001	0.018902	0.61337	0.0001	0.630961	0.0001	0.0001	0.0001	0.0001	0.0001	0.0001	0.0001	0.0001	0.0001	0.0001	0.0001	0.166916	0.717961	0.0001	0.0001	0.258253	0.00863593	0.0001	0.0001	0.141587	0.0001	0.0001	0.0001	0.0001	0.587282	0.0001	0.0149014	0.0979097	0.0001	0.0001	0.00817693	0.120582	0.0001	0.104909	0.0001	0.0001	0.0001	0.0001	0.0001	0.0001	0.0001	0.0001	0.0001
66	A	T	ORF	S	NULL	0	0	0	0	0.0001	0.0001	0.0380907	0.276069	0.0330075	0.0428649	0.0001	0.431216	0.215856	0.158441	0.0001	0.0001	0.0001	0.356358	0.0001	0.0001	0.142916	0.0001	0.0001	0.0001	0.295086	0.0001	0.0001	0.0334218	0.441072	0.474704	0.380519	0.0001	0.176023	0.0001	0.0001	0.0001	0.352214	0.0001	0.0001	0.0001	0.197417	0.167159	0.161278	0.0001	0.0001	0.0980798	0.0001	0.556463	0.0001	0.0001	0.0001	0.0001	0.0001	0.575563
67	A	T	ORF	S	NULL	0	0	0	0	0	0	0	0	0	0	0	0	0	0	0	0	0	0	0	0	0	0	0	0	0	0	0	0	0	0	0	0	0	0	0	0	0	0	0	0	0	0	0	0	0	0	0	0	0	0	0	0	0	0
68	A	T	ORF	S	NULL	0	0	0	0	0	0	0	0	0	0	0	0	0	0	0	0	0	0	0	0	0	0	0	0	0	0	0	0	0	0	0	0	0	0	0	0	0	0	0	0	0	0	0	0	0	0	0	0	0	0	0	0	0	0
69	A	T	ORF	S	NULL	0	0	0	0	0	0	0	0	0	0	0	0	0	0	0	0	0	0	0	0	0	0	0	0	0	0	0	0	0	0	0	0	0	0	0	0	0	0	0	0	0	0	0	0	0	0	0	0	0	0	0	0	0	0
70	A	T	ORF	S	NULL	0	0	0	0	0	0	0	0	0	0	0	0	0	0	0	0	0	0	0	0	0	0	0	0	0	0	0	0	0	0	0	0	0	0	0	0	0	0	0	0	0	0	0	0	0	0	0	0	0	0	0	0	0	0
71	A	T	ORF	S	NULL	0	0	0	0	0.0001	0.0001	0.00960704	0.0581429	0.00176841	0.000422809	0.0001	0.0001	0.0001	0.0241976	0.0001	0.41694	0.0001	0.0460983	0.211918	0.0001	0.0001	0.0001	0.0001	0.0001	0.0001	0.0001	0.51008	0.0998073	0.0001	0.0493067	0.0459871	0.0001	0.0001	0.0001	0.0001	0.216053	0.0001	0.0001	0.0001	0.0001	0.0001	0.245201	0.00866236	0.0001	0.293927	0.00793992	0.0001	0.0198596	0.183917	0.0001	0.946993	0.688155	0.0001	0.0646251
72	A	T	ORF	S	NULL	0	0	0	0	0.0001	0.0001	0.0001	0.0001	0.0001	0.0001	0.0001	0.278458	0.000100024	0.0001	0.694007	0.113918	0.449969	0.0001	0.0875052	0.446969	0.0879142	0.0001	0.0539083	0.0001	0.000100024	0.0001	0.229935	0.0001	0.000100027	0.0001	0.0001	0.999999	0.000100029	0.966049	0.12692	0.0001	0.000100024	0.0001	0.0001	0.793022	0.000100034	0.0309054	0.0001	0.0001	0.0439068	0.288944	0.0001	0.0001	0.0001	0.0001	0.051908	0.0001	0.0975099	0.0001
73	A	T	ORF	S	NULL	0	0	0	0	0.20592	0.0001	0.0001	0.018902	0.61337	0.0001	0.630961	0.0001	0.0001	0.0001	0.0001	0.0001	0.0001	0.0001	0.0001	0.0001	0.0001	0.0001	0.166916	0.717961	0.0001	0.0001	0.258253	0.00863593	0.0001	0.0001	0.141587	0.0001	0.0001	0.0001	0.0001	0.587282	0.0001	0.0149014	0.0979097	0.0001	0.0001	0.00817693	0.120582	0.0001	0.104909	0.0001	0.0001	0.0001	0.0001	0.0001	0.0001	0.0001	0.0001	0.0001
74	A	T	ORF	S	NULL	0	0	0	0	0	0	0	0	0	0	0	0	0	0	0	0	0	0	0	0	0	0	0	0	0	0	0	0	0	0	0	0	0	0	0	0	0	0	0	0	0	0	0	0	0	0	0	0	0	0	0	0	0	0
75	A	T	ORF	S	NULL	0	0	0	0	0	0	0	0	0	0	0	0	0	0	0	0	0	0	0	0	0	0	0	0	0	0	0	0	0	0	0	0	0	0	0	0	0	0	0	0	0	0	0	0	0	0	0	0	0	0	0	0	0	0
76	A	T	ORF	S	NULL	0	0	0	0	0.0001	0.0001	0.0380907	0.276069	0.0330075	0.0428649	0.0001	0.431216	0.215856	0.158441	0.0001	0.0001	0.0001	0.356358	0.0001	0.0001	0.142916	0.0001	0.0001	0.0001	0.295086	0.0001	0.0001	0.0334218	0.441072	0.474704	0.380519	0.0001	0.176023	0.0001	0.0001	0.0001	0.352214	0.0001	0.0001	0.0001	0.197417	0.167159	0.161278	0.0001	0.0001	0.0980798	0.0001	0.556463	0.0001	0.0001	0.0001	0.0001	0.0001	0.575563
77	A	T	ORF	S	NULL	0	0	0	0	0	0	0	0	0	0	0	0	0	0	0	0	0	0	0	0	0	0	0	0	0	0	0	0	0	0	0	0	0	0	0	0	0	0	0	0	0	0	0	0	0	0	0	0	0	0	0	0	0	0
78	A	T	ORF	S	NULL	0	0	0	0	0.329282	0.455959	0.00608856	0.0001	0.15525	0.0001	0.0001	0.0001	0.0001	0.0160975	0.0001	0.0001	0.0001	0.0306984	0.0001	0.0001	0.0001	0.451125	0.0001	0.197927	0.0001	0.999922	0.0001	0.0594592	0.0001	0.0519226	0.13554	0.0001	0.0001	0.0001	0.0001	0.0001	0.0001	0.0001	0.0001	0.0001	0.493972	0.0001	0.208618	0.150124	0.0001	0.0417346	0.252055	0.03482	0.0001	0.0689051	0.0001	0.311078	0.307938	0.0511692
79	A	T	ORF	S	NULL	0	0	0	0	0.0001	0.0001	0.0380907	0.276069	0.0330075	0.0428649	0.0001	0.431216	0.215856	0.158441	0.0001	0.0001	0.0001	0.356358	0.0001	0.0001	0.142916	0.0001	0.0001	0.0001	0.295086	0.0001	0.0001	0.0334218	0.441072	0.474704	0.380519	0.0001	0.176023	0.0001	0.0001	0.0001	0.352214	0.0001	0.0001	0.0001	0.197417	0.167159	0.161278	0.0001	0.0001	0.0980798	0.0001	0.556463	0.0001	0.0001	0.0001	0.0001	0.0001	0.575563
80	A	T	ORF	S	NULL	0	0	0	0	0	0	0	0	0	0	0	0	0	0	0	0	0	0	0	0	0	0	0	0	0	0	0	0	0	0	0	0	0	0	0	0	0	0	0	0	0	0	0	0	0	0	0	0	0	0	0	0	0	0
81	A	T	ORF	S	NULL	0	0	0	0	0.405216	0.510918	0.14774	0.444816	0.132313	0.403034	0.368046	0.0812833	0.0274608	0.0002	0.305038	0.110008	0.0002	0.0002	0.0002	0.55207	0.60438	0.0841415	0.776251	0.083035	0.475112	0.0002	0.0002	0.748588	0.028865	0.163034	0.0493875	0.0002	0.608367	0.0002	0.206026	0.0820062	0.0571314	0.186014	0.778065	0.0002	0.043965	0.285611	0.338876	0.848625	0.0002	0.0002	0.360206	0.0002	0.326025	0.0002	0.0002	0.0002	0.483059	0.0002
82	A	T	ORF	S	NULL	0	0	0	0	0.0001	0.0309052	0.680014	0.0001	0.0129021	0.130922	0.0001	0.0001	0.590999	0.703018	0.0001	0.35796	0.0001	0.380965	0.604001	0.0001	0.0001	0.462977	0.0001	0.0001	0.0001	0.0001	0.0001	0.0001	0.0001	0.0001	0.0001	0.0001	0.0001	0.0001	0.0001	0.0001	0.0001	0.0001	0.12192	0.0001	0.0001	0.0549087	0.0001	0.0001	0.0001	0.511986	0.385964	0.0001	0.0001	0.930055	0.0001	0.0001	0.0001	0.0001
83	A	T	ORF	S	NULL	0	0	0	0	0	0	0	0	0	0	0	0	0	0	0	0	0	0	0	0	0	0	0	0	0	0	0	0	0	0	0	0	0	0	0	0	0	0	0	0	0	0	0	0	0	0	0	0	0	0	0	0	0	0
84	A	T	ORF	S	NULL	0	0	0	0	0.0001	0.0001	0.0380907	0.276069	0.0330075	0.0428649	0.0001	0.431216	0.215856	0.158441	0.0001	0.0001	0.0001	0.356358	0.0001	0.0001	0.142916	0.0001	0.0001	0.0001	0.295086	0.0001	0.0001	0.0334218	0.441072	0.474704	0.380519	0.0001	0.176023	0.0001	0.0001	0.0001	0.352214	0.0001	0.0001	0.0001	0.197417	0.167159	0.161278	0.0001	0.0001	0.0980798	0.0001	0.556463	0.0001	0.0001	0.0001	0.0001	0.0001	0.575563
85	A	T	ORF	S	NULL	0	0	0	0	0	0	0	0	0	0	0	0	0	0	0	0	0	0	0	0	0	0	0	0	0	0	0	0	0	0	0	0	0	0	0	0	0	0	0	0	0	0	0	0	0	0	0	0	0	0	0	0	0	0
86	A	T	ORF	S	NULL	0	0	0	0	0	0	0	0	0	0	0	0	0	0	0	0	0	0	0	0	0	0	0	0	0	0	0	0	0	0	0	0	0	0	0	0	0	0	0	0	0	0	0	0	0	0	0	0	0	0	0	0	0	0
87	A	T	ORF	S	NULL	0	0	0	0	0	0	0	0	0	0	0	0	0	0	0	0	0	0	0	0	0	0	0	0	0	0	0	0	0	0	0	0	0	0	0	0	0	0	0	0	0	0	0	0	0	0	0	0	0	0	0	0	0	0
88	A	T	ORF	S	NULL	0	0	0	0	0.734399	0.517899	0.153729	0.0251451	0.15535	0.403034	0.0002	0.0002	0.0002	0.0161975	0.0002	0.110008	0.0002	0.0307984	0.0002	0.0002	0.0002	0.451225	0.683296	0.280862	0.441946	1.00002	0.0002	0.0670646	0.0002	0.214857	0.136769	0.0002	0.0002	0.0002	0.0002	0.0820062	0.0002	0.186014	0.778065	0.0002	0.494072	0.00900029	0.547394	0.572475	0.0002	0.0418346	0.252155	0.03492	0.326025	0.0690051	0.0002	0.311178	0.790897	0.0512692
89	A	T	ORF	S	NULL	0	0	0	0	0	0	0	0	0	0	0	0	0	0	0	0	0	0	0	0	0	0	0	0	0	0	0	0	0	0	0	0	0	0	0	0	0	0	0	0	0	0	0	0	0	0	0	0	0	0	0	0	0	0
90	A	T	ORF	S	NULL	0	0	0	0	0	0	0	0	0	0	0	0	0	0	0	0	0	0	0	0	0	0	0	0	0	0	0	0	0	0	0	0	0	0	0	0	0	0	0	0	0	0	0	0	0	0	0	0	0	0	0	0	0	0
91	A	T	ORF	S	NULL	0	0	0	0	0.329282	0.455959	0.00608856	0.0001	0.15525	0.0001	0.0001	0.0001	0.0001	0.0160975	0.0001	0.0001	0.0001	0.0306984	0.0001	0.0001	0.0001	0.451125	0.0001	0.197927	0.0001	0.999922	0.0001	0.0594592	0.0001	0.0519226	0.13554	0.0001	0.0001	0.0001	0.0001	0.0001	0.0001	0.0001	0.0001	0.0001	0.493972	0.0001	0.208618	0.150124	0.0001	0.0417346	0.252055	0.03482	0.0001	0.0689051	0.0001	0.311078	0.307938	0.0511692
92	A	T	ORF	S	NULL	0	0	0	0	0	0	0	0	0	0	0	0	0	0	0	0	0	0	0	0	0	0	0	0	0	0	0	0	0	0	0	0	0	0	0	0	0	0	0	0	0	0	0	0	0	0	0	0	0	0	0	0	0	0
93	A	T	ORF	S	NULL	0	0	0	0	0	0	0	0	0	0	0	0	0	0	0	0	0	0	0	0	0	0	0	0	0	0	0	0	0	0	0	0	0	0	0	0	0	0	0	0	0	0	0	0	0	0	0	0	0	0	0	0	0	0
94	A	T	ORF	S	NULL	0	0	0	0	0	0	0	0	0	0	0	0	0	0	0	0	0	0	0	0	0	0	0	0	0	0	0	0	0	0	0	0	0	0	0	0	0	0	0	0	0	0	0	0	0	0	0	0	0	0	0	0	0	0
95	A	T	ORF	S	NULL	0	0	0	0	0	0	0	0	0	0	0	0	0	0	0	0	0	0	0	0	0	0	0	0	0	0	0	0	0	0	0	0	0	0	0	0	0	0	0	0	0	0	0	0	0	0	0	0	0	0	0	0	0	0
96	A	T	ORF	S	NULL	0	0	0	0	0	0	0	0	0	0	0	0	0	0	0	0	0	0	0	0	0	0	0	0	0	0	0	0	0	0	0	0	0	0	0	0	0	0	0	0	0	0	0	0	0	0	0	0	0	0	0	0	0	0
97	A	T	ORF	S	NULL	0	0	0	0	0	0	0	0	0	0	0	0	0	0	0	0	0	0	0	0	0	0	0	0	0	0	0	0	0	0	0	0	0	0	0	0	0	0	0	0	0	0	0	0	0	0	0	0	0	0	0	0	0	0
98	A	T	ORF	S	NULL	0	0	0	0	0.329382	0.904937	0.00618856	0.419871	0.287462	0.0002	0.368046	0.0812833	0.0274608	0.0161975	0.305038	0.0002	0.0002	0.0307984	0.0002	0.55207	0.60438	0.535167	0.0931544	0.198027	0.0333667	1.00002	0.0002	0.800442	0.028865	0.0520226	0.183698	0.0002	0.608367	0.0002	0.206026	0.0002	0.0571314	0.0002	0.0002	0.0002	0.537837	0.276811	0.208718	0.576398	0.0002	0.0418346	0.612161	0.03492	0.0002	0.0690051	0.0002	0.311178	0.308038	0.0512692
99	A	T	ORF	S	NULL	0	0	0	0	0	0	0	0	0	0	0	0	0	0	0	0	0	0	0	0	0	0	0	0	0	0	0	0	0	0	0	0	0	0	0	0	0	0	0	0	0	0	0	0	0	0	0	0	0	0	0	0	0	0
100	A	T	ORF	S	NULL	0	0	0	0	0	0	0	0	0	0	0	0	0	0	0	0	0	0	0	0	0	0	0	0	0	0	0	0	0	0	0	0	0	0	0	0	0	0	0	0	0	0	0	0	0	0	0	0	0	0	0	0	0	0
