pos	ref	alt	gene	N/S	AA	nSRAsubclonal	nSRAclonal	nSRA	nConsensus	sample0|Earth	sample1|Earth	sample2|Earth	sample3|Earth	sample4|Earth	sample5|Earth	sample6|Earth	sample7|Earth	sample8|Earth	sample9|Earth	sample10|Earth	sample11|Earth	sample12|Earth	sample13|Earth	sample14|Earth	sample15|Earth	sample16|Earth	sample17|Earth	sample18|Earth	sample19|Earth	sample20|Earth	sample21|Earth	sample22|Earth	sample23|Earth	sample24|Earth	sample25|Earth	sample26|Earth	sample27|Earth	sample28|Earth	sample29|Earth	sample30|Earth	sample31|Earth	sample32|Earth	sample33|Earth	sample34|Earth	sample35|Earth	sample36|Earth	sample37|Earth	sample38|Earth	sample39|Earth	sample40|Earth	sample41|Earth	sample42|Earth	sample43|Earth	sample44|Earth	sample45|Earth	sample46|Earth	sample47|Earth	sample48|Earth	sample49|Earth
1	A	T	ORF	S	NULL	0	0	0	0	0	0	0	0	0	0	0	0	0	0	0	0	0	0	0	0	0	0	0	0	0	0	0	0	0	0	0	0	0	0	0	0	0	0	0	0	0	0	0	0	0	0	0	0	0	0	0	0	0	0
2	A	T	ORF	S	NULL	0	0	0	0	0	0	0	0	0	0	0	0	0	0	0	0	0	0	0	0	0	0	0	0	0	0	0	0	0	0	0	0	0	0	0	0	0	0	0	0	0	0	0	0	0	0	0	0	0	0	0	0	0	0
3	A	T	ORF	S	NULL	0	0	0	0	0.000100003	0.0001	0.0001	0.0001	0.000100007	0.0001	0.000100007	0.0001	0.0001	0.0001	0.0001	0.417078	0.0001	0.0001	0.211927	0.0001	0.0001	0.0001	0.000100005	0.000100012	0.0001	0.0001	0.510184	0.0959915	0.0001	0.0001	0.0001	0.0001	0.0001	0.0001	0.000100001	0.216172	0.0001	0.0001	0.000100002	0.0001	0.0001	0.270033	0.000100001	0.0001	0.294174	0.0001	0.0001	0.0001	0.183982	0.0001	0.947083	0.688256	0.000100001	0.00311053
4	A	T	ORF	S	NULL	0	0	0	0	0	0	0	0	0	0	0	0	0	0	0	0	0	0	0	0	0	0	0	0	0	0	0	0	0	0	0	0	0	0	0	0	0	0	0	0	0	0	0	0	0	0	0	0	0	0	0	0	0	0
5	A	T	ORF	S	NULL	0	0	0	0	0	0	0	0	0	0	0	0	0	0	0	0	0	0	0	0	0	0	0	0	0	0	0	0	0	0	0	0	0	0	0	0	0	0	0	0	0	0	0	0	0	0	0	0	0	0	0	0	0	0
6	A	T	ORF	S	NULL	0	0	0	0	0.0001	0.449047	0.0001	0.470021	0.131211	0.0001	0.368003	0.0001	0.0001	0.0001	0.304995	0.0001	0.0001	0.0001	0.0001	0.552042	0.577043	0.0841138	0.0932022	0.0001	0.0001	0.0001	0.0001	0.748284	0.0001	0.0001	0.110988	0.0001	0.575158	0.0001	0.205996	0.0001	0.0310786	0.0001	0.0001	0.0001	0.0001	0.234079	0.0001	0.426357	0.0001	0.0001	0.360229	0.0001	0.0001	0.0001	0.0001	0.0001	0.0001	0.0001
7	A	T	ORF	S	NULL	0	0	0	0	0	0	0	0	0	0	0	0	0	0	0	0	0	0	0	0	0	0	0	0	0	0	0	0	0	0	0	0	0	0	0	0	0	0	0	0	0	0	0	0	0	0	0	0	0	0	0	0	0	0
8	A	T	ORF	S	NULL	0	0	0	0	0	0	0	0	0	0	0	0	0	0	0	0	0	0	0	0	0	0	0	0	0	0	0	0	0	0	0	0	0	0	0	0	0	0	0	0	0	0	0	0	0	0	0	0	0	0	0	0	0	0
9	A	T	ORF	S	NULL	0	0	0	0	0	0	0	0	0	0	0	0	0	0	0	0	0	0	0	0	0	0	0	0	0	0	0	0	0	0	0	0	0	0	0	0	0	0	0	0	0	0	0	0	0	0	0	0	0	0	0	0	0	0
10	A	T	ORF	S	NULL	0	0	0	0	0	0	0	0	0	0	0	0	0	0	0	0	0	0	0	0	0	0	0	0	0	0	0	0	0	0	0	0	0	0	0	0	0	0	0	0	0	0	0	0	0	0	0	0	0	0	0	0	0	0
11	A	T	ORF	S	NULL	0	0	0	0	0	0	0	0	0	0	0	0	0	0	0	0	0	0	0	0	0	0	0	0	0	0	0	0	0	0	0	0	0	0	0	0	0	0	0	0	0	0	0	0	0	0	0	0	0	0	0	0	0	0
12	A	T	ORF	S	NULL	0	0	0	0	0	0	0	0	0	0	0	0	0	0	0	0	0	0	0	0	0	0	0	0	0	0	0	0	0	0	0	0	0	0	0	0	0	0	0	0	0	0	0	0	0	0	0	0	0	0	0	0	0	0
13	A	T	ORF	S	NULL	0	0	0	0	0.0001	0.0001	0.0001	0.0001	0.0771848	0.0360495	0.000101629	0.999966	0.408042	0.0001	0.0001	0.0001	0.0001	0.0001	0.0001	0.0001	0.334037	0.0001	0.0001	0.0001	0.484125	0.0001	0.0001	0.0001	0.638142	0.0001	0.0001	0.0001	0.408434	0.0001	0.0001	0.000100001	0.534442	0.0001	0.0001	0.0001	0.466087	0.381076	0.0572809	0.000110385	0.000108131	0.0001	0.0001	0.23206	0.000100001	0.0001	0.0001	0.0001	0.0001	0.0001
14	A	T	ORF	S	NULL	0	0	0	0	0.387773	0.45633	0.169173	0.509302	0.162411	0.428426	0.000300002	0.0003	0.000300001	0.296269	0.000300001	0.000300023	0.549293	0.618246	0.000300016	0.000300001	0.0003	0.45145	0.000371921	0.198186	0.0613116	1.00016	0.000357573	0.138684	0.356223	0.823282	0.731177	0.000300001	0.0154449	0.0332868	0.666346	0.112416	0.433369	0.798318	0.000378492	0.20631	0.533225	0.0272103	0.475291	0.150391	0.554426	0.196797	0.252355	0.767204	0.489356	0.069164	0.000300052	0.311356	0.308151	0.996426
15	A	T	ORF	S	NULL	0	0	0	0	0	0	0	0	0	0	0	0	0	0	0	0	0	0	0	0	0	0	0	0	0	0	0	0	0	0	0	0	0	0	0	0	0	0	0	0	0	0	0	0	0	0	0	0	0	0	0	0	0	0
16	A	T	ORF	S	NULL	0	0	0	0	0	0	0	0	0	0	0	0	0	0	0	0	0	0	0	0	0	0	0	0	0	0	0	0	0	0	0	0	0	0	0	0	0	0	0	0	0	0	0	0	0	0	0	0	0	0	0	0	0	0
17	A	T	ORF	S	NULL	0	0	0	0	0.0583234	0.00015257	0.0854985	0.000119202	0.0001	0.382236	0.0001	0.0001	0.0001	0.0001	0.000100001	0.0001	0.549093	0.0001	0.0001	0.000100001	0.0001	0.0001	0.00017192	0.0001	0.0001	0.0001	0.000157542	0.0273099	0.0001	0.0001	0.000100001	0.000100001	0.0152449	0.0330868	0.666146	0.112216	0.265259	0.798118	0.000178492	0.20611	0.0001	0.0001	0.0572962	0.0001	0.554226	0.0165127	0.0001	0.0560383	0.489156	0.0001	0.0001	0.0001	0.0001	0.0001
18	A	T	ORF	S	NULL	0	0	0	0	0.405282	0.062099	0.149123	0.000256813	0.00023136	0.403162	0.0001	0.000100001	0.0001	0.0001	0.000100598	0.110081	0.0001	0.0001	0.0001	0.0001	0.0001	0.000148085	0.683477	0.0830734	0.453249	0.0001	0.0001	0.00550197	0.00507389	0.176066	0.0001	0.0001	0.0001	0.0001	0.0001	0.0822322	0.000108597	0.186107	0.778177	0.0001	0.000104389	0.000159367	0.341141	0.42248	0.000202497	0.000150031	0.0001	0.0001	0.326075	0.0001	0.0001	0.0001	0.482969	0.0001
19	A	T	ORF	S	NULL	0	0	0	0	0	0	0	0	0	0	0	0	0	0	0	0	0	0	0	0	0	0	0	0	0	0	0	0	0	0	0	0	0	0	0	0	0	0	0	0	0	0	0	0	0	0	0	0	0	0	0	0	0	0
20	A	T	ORF	S	NULL	0	0	0	0	0	0	0	0	0	0	0	0	0	0	0	0	0	0	0	0	0	0	0	0	0	0	0	0	0	0	0	0	0	0	0	0	0	0	0	0	0	0	0	0	0	0	0	0	0	0	0	0	0	0
21	A	T	ORF	S	NULL	0	0	0	0	0.0583234	0.00015257	0.0854985	0.000119202	0.0001	0.382236	0.0001	0.0001	0.0001	0.0001	0.000100001	0.0001	0.549093	0.0001	0.0001	0.000100001	0.0001	0.0001	0.00017192	0.0001	0.0001	0.0001	0.000157542	0.0273099	0.0001	0.0001	0.000100001	0.000100001	0.0152449	0.0330868	0.666146	0.112216	0.265259	0.798118	0.000178492	0.20611	0.0001	0.0001	0.0572962	0.0001	0.554226	0.0165127	0.0001	0.0560383	0.489156	0.0001	0.0001	0.0001	0.0001	0.0001
22	A	T	ORF	S	NULL	0	0	0	0	0.000108893	0.0001	0.0825008	0.509082	0.000100003	0.0460903	0.000100002	0.0001	0.000100001	0.296069	0.0001	0.000100019	0.0001	0.618046	0.000100013	0.0001	0.0001	0.000100001	0.0001	0.000100001	0.0611116	0.0001	0.000100026	0.0561551	0.356023	0.823082	0.653062	0.0001	0.0001	0.0001	0.0001	0.000100014	0.16801	0.0001	0.0001	0.0001	0.0001	0.000100014	0.218013	0.0001	0.000100015	0.148169	0.000100001	0.711066	0.000100012	0.000100001	0.000100044	0.000100031	0.0001	0.996226
23	A	T	ORF	S	NULL	0	0	0	0	0	0	0	0	0	0	0	0	0	0	0	0	0	0	0	0	0	0	0	0	0	0	0	0	0	0	0	0	0	0	0	0	0	0	0	0	0	0	0	0	0	0	0	0	0	0	0	0	0	0
24	A	T	ORF	S	NULL	0	0	0	0	0.206242	0.000261664	0.00034428	0.0196783	0.614426	0.000308625	0.631243	0.0002	0.0002	0.0002	0.000200004	0.417232	0.000200001	0.0002	0.212027	0.000200229	0.000269541	0.000358122	0.167411	0.718289	0.000307819	0.0002	0.768661	0.106232	0.000258572	0.000200303	0.157212	0.000200007	0.000251543	0.000200005	0.000273626	0.803738	0.000349717	0.0151837	0.0984447	0.000200003	0.0002	0.270196	0.125405	0.000210369	0.399705	0.000379266	0.000303492	0.0002	0.184116	0.000257441	0.947183	0.688356	0.000200001	0.00321053
25	A	T	ORF	S	NULL	0	0	0	0	0.329341	0.456077	0.001174	0.0001	0.162211	0.0001	0.0001	0.0001	0.0001	0.0001	0.0001	0.000100004	0.0001	0.0001	0.000100003	0.0001	0.0001	0.45125	0.0001	0.197986	0.0001	0.999962	0.000100005	0.0552192	0.0001	0.0001	0.0780143	0.0001	0.0001	0.0001	0.0001	0.000100002	0.0001	0.0001	0.0001	0.0001	0.533025	0.0270103	0.199982	0.150191	0.000100003	0.0321161	0.252155	0.0001	0.000100002	0.068964	0.000100008	0.311156	0.307951	0.0001
26	A	T	ORF	S	NULL	0	0	0	0	0	0	0	0	0	0	0	0	0	0	0	0	0	0	0	0	0	0	0	0	0	0	0	0	0	0	0	0	0	0	0	0	0	0	0	0	0	0	0	0	0	0	0	0	0	0	0	0	0	0
27	A	T	ORF	S	NULL	0	0	0	0	0	0	0	0	0	0	0	0	0	0	0	0	0	0	0	0	0	0	0	0	0	0	0	0	0	0	0	0	0	0	0	0	0	0	0	0	0	0	0	0	0	0	0	0	0	0	0	0	0	0
28	A	T	ORF	S	NULL	0	0	0	0	0	0	0	0	0	0	0	0	0	0	0	0	0	0	0	0	0	0	0	0	0	0	0	0	0	0	0	0	0	0	0	0	0	0	0	0	0	0	0	0	0	0	0	0	0	0	0	0	0	0
29	A	T	ORF	S	NULL	0	0	0	0	0.000100003	0.0001	0.0001	0.0001	0.000100007	0.0001	0.000100007	0.0001	0.0001	0.0001	0.0001	0.417078	0.0001	0.0001	0.211927	0.0001	0.0001	0.0001	0.000100005	0.000100012	0.0001	0.0001	0.510184	0.0959915	0.0001	0.0001	0.0001	0.0001	0.0001	0.0001	0.000100001	0.216172	0.0001	0.0001	0.000100002	0.0001	0.0001	0.270033	0.000100001	0.0001	0.294174	0.0001	0.0001	0.0001	0.183982	0.0001	0.947083	0.688256	0.000100001	0.00311053
30	A	T	ORF	S	NULL	0	0	0	0	0.000108893	0.0001	0.0825008	0.509082	0.000100003	0.0460903	0.000100002	0.0001	0.000100001	0.296069	0.0001	0.000100019	0.0001	0.618046	0.000100013	0.0001	0.0001	0.000100001	0.0001	0.000100001	0.0611116	0.0001	0.000100026	0.0561551	0.356023	0.823082	0.653062	0.0001	0.0001	0.0001	0.0001	0.000100014	0.16801	0.0001	0.0001	0.0001	0.0001	0.000100014	0.218013	0.0001	0.000100015	0.148169	0.000100001	0.711066	0.000100012	0.000100001	0.000100044	0.000100031	0.0001	0.996226
31	A	T	ORF	S	NULL	0	0	0	0	0	0	0	0	0	0	0	0	0	0	0	0	0	0	0	0	0	0	0	0	0	0	0	0	0	0	0	0	0	0	0	0	0	0	0	0	0	0	0	0	0	0	0	0	0	0	0	0	0	0
32	A	T	ORF	S	NULL	0	0	0	0	0	0	0	0	0	0	0	0	0	0	0	0	0	0	0	0	0	0	0	0	0	0	0	0	0	0	0	0	0	0	0	0	0	0	0	0	0	0	0	0	0	0	0	0	0	0	0	0	0	0
33	A	T	ORF	S	NULL	0	0	0	0	0.0001	0.449047	0.0001	0.470021	0.131211	0.0001	0.368003	0.0001	0.0001	0.0001	0.304995	0.0001	0.0001	0.0001	0.0001	0.552042	0.577043	0.0841138	0.0932022	0.0001	0.0001	0.0001	0.0001	0.748284	0.0001	0.0001	0.110988	0.0001	0.575158	0.0001	0.205996	0.0001	0.0310786	0.0001	0.0001	0.0001	0.0001	0.234079	0.0001	0.426357	0.0001	0.0001	0.360229	0.0001	0.0001	0.0001	0.0001	0.0001	0.0001	0.0001
34	A	T	ORF	S	NULL	0	0	0	0	0.329441	0.456177	0.001274	0.0002	0.162311	0.0002	0.000200007	0.0002	0.0002	0.0002	0.0002	0.417178	0.0002	0.0002	0.212027	0.0002	0.0002	0.45135	0.000200005	0.198086	0.0002	1.00006	0.510284	0.151211	0.0002	0.0002	0.0781143	0.0002	0.0002	0.0002	0.000200001	0.216272	0.0002	0.0002	0.000200002	0.0002	0.533125	0.297044	0.200082	0.150291	0.294274	0.0322161	0.252255	0.0002	0.184082	0.069064	0.947183	0.999412	0.308051	0.00321053
35	A	T	ORF	S	NULL	0	0	0	0	0	0	0	0	0	0	0	0	0	0	0	0	0	0	0	0	0	0	0	0	0	0	0	0	0	0	0	0	0	0	0	0	0	0	0	0	0	0	0	0	0	0	0	0	0	0	0	0	0	0
36	A	T	ORF	S	NULL	0	0	0	0	0	0	0	0	0	0	0	0	0	0	0	0	0	0	0	0	0	0	0	0	0	0	0	0	0	0	0	0	0	0	0	0	0	0	0	0	0	0	0	0	0	0	0	0	0	0	0	0	0	0
37	A	T	ORF	S	NULL	0	0	0	0	0	0	0	0	0	0	0	0	0	0	0	0	0	0	0	0	0	0	0	0	0	0	0	0	0	0	0	0	0	0	0	0	0	0	0	0	0	0	0	0	0	0	0	0	0	0	0	0	0	0
38	A	T	ORF	S	NULL	0	0	0	0	0	0	0	0	0	0	0	0	0	0	0	0	0	0	0	0	0	0	0	0	0	0	0	0	0	0	0	0	0	0	0	0	0	0	0	0	0	0	0	0	0	0	0	0	0	0	0	0	0	0
39	A	T	ORF	S	NULL	0	0	0	0	0	0	0	0	0	0	0	0	0	0	0	0	0	0	0	0	0	0	0	0	0	0	0	0	0	0	0	0	0	0	0	0	0	0	0	0	0	0	0	0	0	0	0	0	0	0	0	0	0	0
40	A	T	ORF	S	NULL	0	0	0	0	0	0	0	0	0	0	0	0	0	0	0	0	0	0	0	0	0	0	0	0	0	0	0	0	0	0	0	0	0	0	0	0	0	0	0	0	0	0	0	0	0	0	0	0	0	0	0	0	0	0
41	A	T	ORF	S	NULL	0	0	0	0	0	0	0	0	0	0	0	0	0	0	0	0	0	0	0	0	0	0	0	0	0	0	0	0	0	0	0	0	0	0	0	0	0	0	0	0	0	0	0	0	0	0	0	0	0	0	0	0	0	0
42	A	T	ORF	S	NULL	0	0	0	0	0	0	0	0	0	0	0	0	0	0	0	0	0	0	0	0	0	0	0	0	0	0	0	0	0	0	0	0	0	0	0	0	0	0	0	0	0	0	0	0	0	0	0	0	0	0	0	0	0	0
43	A	T	ORF	S	NULL	0	0	0	0	0	0	0	0	0	0	0	0	0	0	0	0	0	0	0	0	0	0	0	0	0	0	0	0	0	0	0	0	0	0	0	0	0	0	0	0	0	0	0	0	0	0	0	0	0	0	0	0	0	0
44	A	T	ORF	S	NULL	0	0	0	0	0	0	0	0	0	0	0	0	0	0	0	0	0	0	0	0	0	0	0	0	0	0	0	0	0	0	0	0	0	0	0	0	0	0	0	0	0	0	0	0	0	0	0	0	0	0	0	0	0	0
45	A	T	ORF	S	NULL	0	0	0	0	0	0	0	0	0	0	0	0	0	0	0	0	0	0	0	0	0	0	0	0	0	0	0	0	0	0	0	0	0	0	0	0	0	0	0	0	0	0	0	0	0	0	0	0	0	0	0	0	0	0
46	A	T	ORF	S	NULL	0	0	0	0	0	0	0	0	0	0	0	0	0	0	0	0	0	0	0	0	0	0	0	0	0	0	0	0	0	0	0	0	0	0	0	0	0	0	0	0	0	0	0	0	0	0	0	0	0	0	0	0	0	0
47	A	T	ORF	S	NULL	0	0	0	0	0.0001	0.449047	0.0001	0.470021	0.131211	0.0001	0.368003	0.0001	0.0001	0.0001	0.304995	0.0001	0.0001	0.0001	0.0001	0.552042	0.577043	0.0841138	0.0932022	0.0001	0.0001	0.0001	0.0001	0.748284	0.0001	0.0001	0.110988	0.0001	0.575158	0.0001	0.205996	0.0001	0.0310786	0.0001	0.0001	0.0001	0.0001	0.234079	0.0001	0.426357	0.0001	0.0001	0.360229	0.0001	0.0001	0.0001	0.0001	0.0001	0.0001	0.0001
48	A	T	ORF	S	NULL	0	0	0	0	0	0	0	0	0	0	0	0	0	0	0	0	0	0	0	0	0	0	0	0	0	0	0	0	0	0	0	0	0	0	0	0	0	0	0	0	0	0	0	0	0	0	0	0	0	0	0	0	0	0
49	A	T	ORF	S	NULL	0	0	0	0	0	0	0	0	0	0	0	0	0	0	0	0	0	0	0	0	0	0	0	0	0	0	0	0	0	0	0	0	0	0	0	0	0	0	0	0	0	0	0	0	0	0	0	0	0	0	0	0	0	0
50	A	T	ORF	S	NULL	0	0	0	0	0	0	0	0	0	0	0	0	0	0	0	0	0	0	0	0	0	0	0	0	0	0	0	0	0	0	0	0	0	0	0	0	0	0	0	0	0	0	0	0	0	0	0	0	0	0	0	0	0	0
51	A	T	ORF	S	NULL	0	0	0	0	0.000208895	0.0002	0.0826008	0.509182	0.00020001	0.0461903	0.000200009	0.0002	0.000200001	0.296169	0.0002	0.417178	0.0002	0.618146	0.212027	0.0002	0.0002	0.000200001	0.000200005	0.000200013	0.0612116	0.0002	0.510284	0.152147	0.356123	0.823182	0.653162	0.0002	0.0002	0.0002	0.000200001	0.216272	0.16811	0.0002	0.000200002	0.0002	0.0002	0.270133	0.218113	0.0002	0.294274	0.148269	0.000200001	0.711166	0.184082	0.000200002	0.947183	0.688356	0.000200001	0.999337
52	A	T	ORF	S	NULL	0	0	0	0	0.000234362	0.0316899	0.680496	0.000238398	0.0134957	0.13138	0.000175033	0.0001	0.591247	0.703267	0.000173112	0.358196	0.000185965	0.381442	0.60397	0.000196993	0.000169555	0.463352	0.000514995	0.0003579	0.000363372	0.0001	0.000286407	0.000397989	0.000160264	0.000197858	0.000199527	0.0001	0.000279535	0.000177382	0.000173656	0.000875228	0.000250244	0.000184632	0.12235	0.000183017	0.000182404	0.0556921	0.000293573	0.000216075	0.000522192	0.512541	0.386401	0.000182642	0.000326097	0.930266	0.000359994	0.000135249	0.0001	0.000304896
53	A	T	ORF	S	NULL	0	0	0	0	0.0584234	0.000252571	0.0855985	0.000219202	0.0772848	0.418285	0.000201629	1.00007	0.408142	0.0002	0.000200001	0.0002	0.549193	0.0002	0.0002	0.000200001	0.334137	0.0002	0.00027192	0.0002	0.484225	0.0002	0.000257542	0.0274099	0.638242	0.0002	0.000200001	0.000200001	0.423679	0.0331868	0.666246	0.112316	0.799701	0.798218	0.000278492	0.20621	0.466187	0.381176	0.114577	0.000210385	0.554334	0.0166127	0.0002	0.288098	0.489256	0.0002	0.0002	0.0002	0.0002	0.0002
54	A	T	ORF	S	NULL	0	0	0	0	0.0002	0.449147	0.0002	0.470121	0.208395	0.0361495	0.368104	1.00007	0.408142	0.0002	0.305095	0.0002	0.0002	0.0002	0.0002	0.552142	0.911079	0.0842138	0.0933022	0.0002	0.484225	0.0002	0.0002	0.748384	0.638242	0.0002	0.111088	0.0002	0.983592	0.0002	0.206096	0.000200001	0.565521	0.0002	0.0002	0.0002	0.466187	0.615155	0.0573809	0.426467	0.000208131	0.0002	0.360329	0.23216	0.000200001	0.0002	0.0002	0.0002	0.0002	0.0002
55	A	T	ORF	S	NULL	0	0	0	0	0.405282	0.062099	0.149123	0.000256813	0.00023136	0.403162	0.0001	0.000100001	0.0001	0.0001	0.000100598	0.110081	0.0001	0.0001	0.0001	0.0001	0.0001	0.000148085	0.683477	0.0830734	0.453249	0.0001	0.0001	0.00550197	0.00507389	0.176066	0.0001	0.0001	0.0001	0.0001	0.0001	0.0822322	0.000108597	0.186107	0.778177	0.0001	0.000104389	0.000159367	0.341141	0.42248	0.000202497	0.000150031	0.0001	0.0001	0.326075	0.0001	0.0001	0.0001	0.482969	0.0001
56	A	T	ORF	S	NULL	0	0	0	0	0	0	0	0	0	0	0	0	0	0	0	0	0	0	0	0	0	0	0	0	0	0	0	0	0	0	0	0	0	0	0	0	0	0	0	0	0	0	0	0	0	0	0	0	0	0	0	0	0	0
57	A	T	ORF	S	NULL	0	0	0	0	0	0	0	0	0	0	0	0	0	0	0	0	0	0	0	0	0	0	0	0	0	0	0	0	0	0	0	0	0	0	0	0	0	0	0	0	0	0	0	0	0	0	0	0	0	0	0	0	0	0
58	A	T	ORF	S	NULL	0	0	0	0	0	0	0	0	0	0	0	0	0	0	0	0	0	0	0	0	0	0	0	0	0	0	0	0	0	0	0	0	0	0	0	0	0	0	0	0	0	0	0	0	0	0	0	0	0	0	0	0	0	0
59	A	T	ORF	S	NULL	0	0	0	0	0	0	0	0	0	0	0	0	0	0	0	0	0	0	0	0	0	0	0	0	0	0	0	0	0	0	0	0	0	0	0	0	0	0	0	0	0	0	0	0	0	0	0	0	0	0	0	0	0	0
60	A	T	ORF	S	NULL	0	0	0	0	0.0001	0.449047	0.0001	0.470021	0.131211	0.0001	0.368003	0.0001	0.0001	0.0001	0.304995	0.0001	0.0001	0.0001	0.0001	0.552042	0.577043	0.0841138	0.0932022	0.0001	0.0001	0.0001	0.0001	0.748284	0.0001	0.0001	0.110988	0.0001	0.575158	0.0001	0.205996	0.0001	0.0310786	0.0001	0.0001	0.0001	0.0001	0.234079	0.0001	0.426357	0.0001	0.0001	0.360229	0.0001	0.0001	0.0001	0.0001	0.0001	0.0001	0.0001
61	A	T	ORF	S	NULL	0	0	0	0	0	0	0	0	0	0	0	0	0	0	0	0	0	0	0	0	0	0	0	0	0	0	0	0	0	0	0	0	0	0	0	0	0	0	0	0	0	0	0	0	0	0	0	0	0	0	0	0	0	0
62	A	T	ORF	S	NULL	0	0	0	0	0	0	0	0	0	0	0	0	0	0	0	0	0	0	0	0	0	0	0	0	0	0	0	0	0	0	0	0	0	0	0	0	0	0	0	0	0	0	0	0	0	0	0	0	0	0	0	0	0	0
63	A	T	ORF	S	NULL	0	0	0	0	0	0	0	0	0	0	0	0	0	0	0	0	0	0	0	0	0	0	0	0	0	0	0	0	0	0	0	0	0	0	0	0	0	0	0	0	0	0	0	0	0	0	0	0	0	0	0	0	0	0
64	A	T	ORF	S	NULL	0	0	0	0	0	0	0	0	0	0	0	0	0	0	0	0	0	0	0	0	0	0	0	0	0	0	0	0	0	0	0	0	0	0	0	0	0	0	0	0	0	0	0	0	0	0	0	0	0	0	0	0	0	0
65	A	T	ORF	S	NULL	0	0	0	0	0.206142	0.000161664	0.00024428	0.0195783	0.614326	0.000208625	0.631143	0.0001	0.0001	0.0001	0.000100003	0.000154259	0.000100001	0.0001	0.0001	0.000100229	0.000169541	0.000258122	0.167311	0.718189	0.000207819	0.0001	0.258477	0.01024	0.000158572	0.000100303	0.157112	0.000100007	0.000151543	0.000100004	0.000173626	0.587566	0.000249717	0.0150837	0.0983447	0.000100003	0.0001	0.000162683	0.125305	0.000110369	0.105531	0.000279266	0.000203492	0.0001	0.000134655	0.00015744	0.000100028	0.000100021	0.0001	0.0001
66	A	T	ORF	S	NULL	0	0	0	0	0.000108893	0.0001	0.0825008	0.509082	0.000100003	0.0460903	0.000100002	0.0001	0.000100001	0.296069	0.0001	0.000100019	0.0001	0.618046	0.000100013	0.0001	0.0001	0.000100001	0.0001	0.000100001	0.0611116	0.0001	0.000100026	0.0561551	0.356023	0.823082	0.653062	0.0001	0.0001	0.0001	0.0001	0.000100014	0.16801	0.0001	0.0001	0.0001	0.0001	0.000100014	0.218013	0.0001	0.000100015	0.148169	0.000100001	0.711066	0.000100012	0.000100001	0.000100044	0.000100031	0.0001	0.996226
67	A	T	ORF	S	NULL	0	0	0	0	0	0	0	0	0	0	0	0	0	0	0	0	0	0	0	0	0	0	0	0	0	0	0	0	0	0	0	0	0	0	0	0	0	0	0	0	0	0	0	0	0	0	0	0	0	0	0	0	0	0
68	A	T	ORF	S	NULL	0	0	0	0	0	0	0	0	0	0	0	0	0	0	0	0	0	0	0	0	0	0	0	0	0	0	0	0	0	0	0	0	0	0	0	0	0	0	0	0	0	0	0	0	0	0	0	0	0	0	0	0	0	0
69	A	T	ORF	S	NULL	0	0	0	0	0	0	0	0	0	0	0	0	0	0	0	0	0	0	0	0	0	0	0	0	0	0	0	0	0	0	0	0	0	0	0	0	0	0	0	0	0	0	0	0	0	0	0	0	0	0	0	0	0	0
70	A	T	ORF	S	NULL	0	0	0	0	0	0	0	0	0	0	0	0	0	0	0	0	0	0	0	0	0	0	0	0	0	0	0	0	0	0	0	0	0	0	0	0	0	0	0	0	0	0	0	0	0	0	0	0	0	0	0	0	0	0
71	A	T	ORF	S	NULL	0	0	0	0	0.000100003	0.0001	0.0001	0.0001	0.000100007	0.0001	0.000100007	0.0001	0.0001	0.0001	0.0001	0.417078	0.0001	0.0001	0.211927	0.0001	0.0001	0.0001	0.000100005	0.000100012	0.0001	0.0001	0.510184	0.0959915	0.0001	0.0001	0.0001	0.0001	0.0001	0.0001	0.000100001	0.216172	0.0001	0.0001	0.000100002	0.0001	0.0001	0.270033	0.000100001	0.0001	0.294174	0.0001	0.0001	0.0001	0.183982	0.0001	0.947083	0.688256	0.000100001	0.00311053
72	A	T	ORF	S	NULL	0	0	0	0	0.000568651	0.000685913	0.000932818	0.000576726	0.00108843	0.000829932	0.000449978	0.0001	0.000457053	0.000469947	0.694523	0.114421	0.450522	0.000392994	0.184103	0.447543	0.0884487	0.000695392	0.0551359	0.000357886	0.000826694	0.0001	0.230698	0.000895932	0.000420428	0.000495639	0.000498973	0.999989	0.000659012	0.966562	0.127461	0.00087524	0.000600422	0.000469181	0.000771327	0.793554	0.000464724	0.0316885	0.000687084	0.000532078	0.0451492	0.290095	0.000811329	0.000465201	0.000326083	0.000414849	0.0523657	0.0003704	0.20908	0.000304901
73	A	T	ORF	S	NULL	0	0	0	0	0.206142	0.000161664	0.00024428	0.0195783	0.614326	0.000208625	0.631143	0.0001	0.0001	0.0001	0.000100003	0.000154259	0.000100001	0.0001	0.0001	0.000100229	0.000169541	0.000258122	0.167311	0.718189	0.000207819	0.0001	0.258477	0.01024	0.000158572	0.000100303	0.157112	0.000100007	0.000151543	0.000100004	0.000173626	0.587566	0.000249717	0.0150837	0.0983447	0.000100003	0.0001	0.000162683	0.125305	0.000110369	0.105531	0.000279266	0.000203492	0.0001	0.000134655	0.00015744	0.000100028	0.000100021	0.0001	0.0001
74	A	T	ORF	S	NULL	0	0	0	0	0	0	0	0	0	0	0	0	0	0	0	0	0	0	0	0	0	0	0	0	0	0	0	0	0	0	0	0	0	0	0	0	0	0	0	0	0	0	0	0	0	0	0	0	0	0	0	0	0	0
75	A	T	ORF	S	NULL	0	0	0	0	0	0	0	0	0	0	0	0	0	0	0	0	0	0	0	0	0	0	0	0	0	0	0	0	0	0	0	0	0	0	0	0	0	0	0	0	0	0	0	0	0	0	0	0	0	0	0	0	0	0
76	A	T	ORF	S	NULL	0	0	0	0	0.0001	0.0001	0.0001	0.0001	0.0771848	0.0360495	0.000101629	0.999966	0.408042	0.0001	0.0001	0.0001	0.0001	0.0001	0.0001	0.0001	0.334037	0.0001	0.0001	0.0001	0.484125	0.0001	0.0001	0.0001	0.638142	0.0001	0.0001	0.0001	0.408434	0.0001	0.0001	0.000100001	0.534442	0.0001	0.0001	0.0001	0.466087	0.381076	0.0572809	0.000110385	0.000108131	0.0001	0.0001	0.23206	0.000100001	0.0001	0.0001	0.0001	0.0001	0.0001
77	A	T	ORF	S	NULL	0	0	0	0	0	0	0	0	0	0	0	0	0	0	0	0	0	0	0	0	0	0	0	0	0	0	0	0	0	0	0	0	0	0	0	0	0	0	0	0	0	0	0	0	0	0	0	0	0	0	0	0	0	0
78	A	T	ORF	S	NULL	0	0	0	0	0.329341	0.456077	0.001174	0.0001	0.162211	0.0001	0.0001	0.0001	0.0001	0.0001	0.0001	0.000100004	0.0001	0.0001	0.000100003	0.0001	0.0001	0.45125	0.0001	0.197986	0.0001	0.999962	0.000100005	0.0552192	0.0001	0.0001	0.0780143	0.0001	0.0001	0.0001	0.0001	0.000100002	0.0001	0.0001	0.0001	0.0001	0.533025	0.0270103	0.199982	0.150191	0.000100003	0.0321161	0.252155	0.0001	0.000100002	0.068964	0.000100008	0.311156	0.307951	0.0001
79	A	T	ORF	S	NULL	0	0	0	0	0.0001	0.0001	0.0001	0.0001	0.0771848	0.0360495	0.000101629	0.999966	0.408042	0.0001	0.0001	0.0001	0.0001	0.0001	0.0001	0.0001	0.334037	0.0001	0.0001	0.0001	0.484125	0.0001	0.0001	0.0001	0.638142	0.0001	0.0001	0.0001	0.408434	0.0001	0.0001	0.000100001	0.534442	0.0001	0.0001	0.0001	0.466087	0.381076	0.0572809	0.000110385	0.000108131	0.0001	0.0001	0.23206	0.000100001	0.0001	0.0001	0.0001	0.0001	0.0001
80	A	T	ORF	S	NULL	0	0	0	0	0	0	0	0	0	0	0	0	0	0	0	0	0	0	0	0	0	0	0	0	0	0	0	0	0	0	0	0	0	0	0	0	0	0	0	0	0	0	0	0	0	0	0	0	0	0	0	0	0	0
81	A	T	ORF	S	NULL	0	0	0	0	0.405382	0.511146	0.149223	0.470278	0.131442	0.403262	0.368103	0.000200001	0.0002	0.0002	0.305095	0.110181	0.0002	0.0002	0.0002	0.552142	0.577143	0.0842619	0.776679	0.0831734	0.453349	0.0002	0.0002	0.753786	0.00517389	0.176166	0.111088	0.0002	0.575258	0.0002	0.206096	0.0823322	0.0311872	0.186207	0.778277	0.0002	0.000204389	0.234239	0.341241	0.848837	0.000302497	0.000250031	0.360329	0.0002	0.326175	0.0002	0.0002	0.0002	0.483069	0.0002
82	A	T	ORF	S	NULL	0	0	0	0	0.000234362	0.0316899	0.680496	0.000238398	0.0134957	0.13138	0.000175033	0.0001	0.591247	0.703267	0.000173112	0.358196	0.000185965	0.381442	0.60397	0.000196993	0.000169555	0.463352	0.000514995	0.0003579	0.000363372	0.0001	0.000286407	0.000397989	0.000160264	0.000197858	0.000199527	0.0001	0.000279535	0.000177382	0.000173656	0.000875228	0.000250244	0.000184632	0.12235	0.000183017	0.000182404	0.0556921	0.000293573	0.000216075	0.000522192	0.512541	0.386401	0.000182642	0.000326097	0.930266	0.000359994	0.000135249	0.0001	0.000304896
83	A	T	ORF	S	NULL	0	0	0	0	0	0	0	0	0	0	0	0	0	0	0	0	0	0	0	0	0	0	0	0	0	0	0	0	0	0	0	0	0	0	0	0	0	0	0	0	0	0	0	0	0	0	0	0	0	0	0	0	0	0
84	A	T	ORF	S	NULL	0	0	0	0	0.000108893	0.0001	0.0825008	0.509082	0.000100003	0.0460903	0.000100002	0.0001	0.000100001	0.296069	0.0001	0.000100019	0.0001	0.618046	0.000100013	0.0001	0.0001	0.000100001	0.0001	0.000100001	0.0611116	0.0001	0.000100026	0.0561551	0.356023	0.823082	0.653062	0.0001	0.0001	0.0001	0.0001	0.000100014	0.16801	0.0001	0.0001	0.0001	0.0001	0.000100014	0.218013	0.0001	0.000100015	0.148169	0.000100001	0.711066	0.000100012	0.000100001	0.000100044	0.000100031	0.0001	0.996226
85	A	T	ORF	S	NULL	0	0	0	0	0	0	0	0	0	0	0	0	0	0	0	0	0	0	0	0	0	0	0	0	0	0	0	0	0	0	0	0	0	0	0	0	0	0	0	0	0	0	0	0	0	0	0	0	0	0	0	0	0	0
86	A	T	ORF	S	NULL	0	0	0	0	0	0	0	0	0	0	0	0	0	0	0	0	0	0	0	0	0	0	0	0	0	0	0	0	0	0	0	0	0	0	0	0	0	0	0	0	0	0	0	0	0	0	0	0	0	0	0	0	0	0
87	A	T	ORF	S	NULL	0	0	0	0	0	0	0	0	0	0	0	0	0	0	0	0	0	0	0	0	0	0	0	0	0	0	0	0	0	0	0	0	0	0	0	0	0	0	0	0	0	0	0	0	0	0	0	0	0	0	0	0	0	0
88	A	T	ORF	S	NULL	0	0	0	0	0.734622	0.518176	0.150297	0.000356813	0.162443	0.403262	0.0002	0.000200001	0.0002	0.0002	0.000200598	0.110181	0.0002	0.0002	0.000200003	0.0002	0.0002	0.451398	0.683577	0.281059	0.453349	1.00006	0.000200005	0.0607211	0.00517389	0.176166	0.0781143	0.0002	0.0002	0.0002	0.0002	0.0823322	0.000208597	0.186207	0.778277	0.0002	0.533129	0.0271697	0.541122	0.572671	0.0003025	0.0322661	0.252255	0.0002	0.326175	0.069064	0.000200008	0.311256	0.79092	0.0002
89	A	T	ORF	S	NULL	0	0	0	0	0	0	0	0	0	0	0	0	0	0	0	0	0	0	0	0	0	0	0	0	0	0	0	0	0	0	0	0	0	0	0	0	0	0	0	0	0	0	0	0	0	0	0	0	0	0	0	0	0	0
90	A	T	ORF	S	NULL	0	0	0	0	0	0	0	0	0	0	0	0	0	0	0	0	0	0	0	0	0	0	0	0	0	0	0	0	0	0	0	0	0	0	0	0	0	0	0	0	0	0	0	0	0	0	0	0	0	0	0	0	0	0
91	A	T	ORF	S	NULL	0	0	0	0	0.329341	0.456077	0.001174	0.0001	0.162211	0.0001	0.0001	0.0001	0.0001	0.0001	0.0001	0.000100004	0.0001	0.0001	0.000100003	0.0001	0.0001	0.45125	0.0001	0.197986	0.0001	0.999962	0.000100005	0.0552192	0.0001	0.0001	0.0780143	0.0001	0.0001	0.0001	0.0001	0.000100002	0.0001	0.0001	0.0001	0.0001	0.533025	0.0270103	0.199982	0.150191	0.000100003	0.0321161	0.252155	0.0001	0.000100002	0.068964	0.000100008	0.311156	0.307951	0.0001
92	A	T	ORF	S	NULL	0	0	0	0	0	0	0	0	0	0	0	0	0	0	0	0	0	0	0	0	0	0	0	0	0	0	0	0	0	0	0	0	0	0	0	0	0	0	0	0	0	0	0	0	0	0	0	0	0	0	0	0	0	0
93	A	T	ORF	S	NULL	0	0	0	0	0	0	0	0	0	0	0	0	0	0	0	0	0	0	0	0	0	0	0	0	0	0	0	0	0	0	0	0	0	0	0	0	0	0	0	0	0	0	0	0	0	0	0	0	0	0	0	0	0	0
94	A	T	ORF	S	NULL	0	0	0	0	0	0	0	0	0	0	0	0	0	0	0	0	0	0	0	0	0	0	0	0	0	0	0	0	0	0	0	0	0	0	0	0	0	0	0	0	0	0	0	0	0	0	0	0	0	0	0	0	0	0
95	A	T	ORF	S	NULL	0	0	0	0	0	0	0	0	0	0	0	0	0	0	0	0	0	0	0	0	0	0	0	0	0	0	0	0	0	0	0	0	0	0	0	0	0	0	0	0	0	0	0	0	0	0	0	0	0	0	0	0	0	0
96	A	T	ORF	S	NULL	0	0	0	0	0	0	0	0	0	0	0	0	0	0	0	0	0	0	0	0	0	0	0	0	0	0	0	0	0	0	0	0	0	0	0	0	0	0	0	0	0	0	0	0	0	0	0	0	0	0	0	0	0	0
97	A	T	ORF	S	NULL	0	0	0	0	0	0	0	0	0	0	0	0	0	0	0	0	0	0	0	0	0	0	0	0	0	0	0	0	0	0	0	0	0	0	0	0	0	0	0	0	0	0	0	0	0	0	0	0	0	0	0	0	0	0
98	A	T	ORF	S	NULL	0	0	0	0	0.329441	0.905125	0.001274	0.470121	0.293422	0.0002	0.368103	0.0002	0.0002	0.0002	0.305095	0.000200004	0.0002	0.0002	0.000200003	0.552142	0.577143	0.535364	0.0933022	0.198086	0.0002	1.00006	0.000200005	0.803503	0.0002	0.0002	0.189003	0.0002	0.575258	0.0002	0.206096	0.000200002	0.0311786	0.0002	0.0002	0.0002	0.533125	0.26109	0.200082	0.576547	0.000200003	0.0322161	0.612384	0.0002	0.000200002	0.069064	0.000200008	0.311256	0.308051	0.0002
99	A	T	ORF	S	NULL	0	0	0	0	0	0	0	0	0	0	0	0	0	0	0	0	0	0	0	0	0	0	0	0	0	0	0	0	0	0	0	0	0	0	0	0	0	0	0	0	0	0	0	0	0	0	0	0	0	0	0	0	0	0
100	A	T	ORF	S	NULL	0	0	0	0	0	0	0	0	0	0	0	0	0	0	0	0	0	0	0	0	0	0	0	0	0	0	0	0	0	0	0	0	0	0	0	0	0	0	0	0	0	0	0	0	0	0	0	0	0	0	0	0	0	0
