pos	ref	alt	gene	N/S	AA	nSRAsubclonal	nSRAclonal	nSRA	nConsensus	sample0|Earth	sample1|Earth	sample2|Earth	sample3|Earth	sample4|Earth	sample5|Earth	sample6|Earth	sample7|Earth	sample8|Earth	sample9|Earth	sample10|Earth	sample11|Earth	sample12|Earth	sample13|Earth	sample14|Earth	sample15|Earth	sample16|Earth	sample17|Earth	sample18|Earth	sample19|Earth	sample20|Earth	sample21|Earth	sample22|Earth	sample23|Earth	sample24|Earth	sample25|Earth	sample26|Earth	sample27|Earth	sample28|Earth	sample29|Earth	sample30|Earth	sample31|Earth	sample32|Earth	sample33|Earth	sample34|Earth	sample35|Earth	sample36|Earth	sample37|Earth	sample38|Earth	sample39|Earth	sample40|Earth	sample41|Earth	sample42|Earth	sample43|Earth	sample44|Earth	sample45|Earth	sample46|Earth	sample47|Earth	sample48|Earth	sample49|Earth
1	A	T	ORF	S	NULL	0	0	0	0	0	0	0	0	0	0	0	0	0	0	0	0	0	0	0	0	0	0	0	0	0	0	0	0	0	0	0	0	0	0	0	0	0	0	0	0	0	0	0	0	0	0	0	0	0	0	0	0	0	0
2	A	T	ORF	S	NULL	0	0	0	0	0	0	0	0	0	0	0	0	0	0	0	0	0	0	0	0	0	0	0	0	0	0	0	0	0	0	0	0	0	0	0	0	0	0	0	0	0	0	0	0	0	0	0	0	0	0	0	0	0	0
3	A	T	ORF	S	NULL	0	0	0	0	0.000100026	0.0001	0.0001	0.000100003	0.000100098	0.0001	0.000100095	0.0001	0.0001	0.0001	0.0001	0.417031	0.0001	0.0001	0.212007	0.0001	0.0001	0.0001	0.000100014	0.000100114	0.0001	0.0001	0.510187	0.0959864	0.0001	0.0001	0.000100026	0.0001	0.0001	0.0001	0.0001	0.21619	0.0001	0.0001	0.000100003	0.0001	0.0001	0.270053	0.000100015	0.0001	0.294198	0.0001	0.0001	0.0001	0.184003	0.0001	0.947093	0.688214	0.0001	0.003129
4	A	T	ORF	S	NULL	0	0	0	0	0	0	0	0	0	0	0	0	0	0	0	0	0	0	0	0	0	0	0	0	0	0	0	0	0	0	0	0	0	0	0	0	0	0	0	0	0	0	0	0	0	0	0	0	0	0	0	0	0	0
5	A	T	ORF	S	NULL	0	0	0	0	0	0	0	0	0	0	0	0	0	0	0	0	0	0	0	0	0	0	0	0	0	0	0	0	0	0	0	0	0	0	0	0	0	0	0	0	0	0	0	0	0	0	0	0	0	0	0	0	0	0
6	A	T	ORF	S	NULL	0	0	0	0	0.0001	0.449059	0.000100002	0.470057	0.131302	0.000100005	0.368012	0.0001	0.0001	0.0001	0.305006	0.000100002	0.0001	0.0001	0.0001	0.552031	0.577035	0.0841538	0.0931557	0.0001	0.000100006	0.0001	0.0001	0.748343	0.0001	0.000100002	0.110991	0.0001	0.575146	0.0001	0.205996	0.0001	0.0310928	0.000100002	0.000100008	0.0001	0.0001	0.234036	0.000100001	0.426234	0.0001	0.0001	0.36018	0.0001	0.000100004	0.0001	0.0001	0.0001	0.000100006	0.0001
7	A	T	ORF	S	NULL	0	0	0	0	0	0	0	0	0	0	0	0	0	0	0	0	0	0	0	0	0	0	0	0	0	0	0	0	0	0	0	0	0	0	0	0	0	0	0	0	0	0	0	0	0	0	0	0	0	0	0	0	0	0
8	A	T	ORF	S	NULL	0	0	0	0	0	0	0	0	0	0	0	0	0	0	0	0	0	0	0	0	0	0	0	0	0	0	0	0	0	0	0	0	0	0	0	0	0	0	0	0	0	0	0	0	0	0	0	0	0	0	0	0	0	0
9	A	T	ORF	S	NULL	0	0	0	0	0	0	0	0	0	0	0	0	0	0	0	0	0	0	0	0	0	0	0	0	0	0	0	0	0	0	0	0	0	0	0	0	0	0	0	0	0	0	0	0	0	0	0	0	0	0	0	0	0	0
10	A	T	ORF	S	NULL	0	0	0	0	0	0	0	0	0	0	0	0	0	0	0	0	0	0	0	0	0	0	0	0	0	0	0	0	0	0	0	0	0	0	0	0	0	0	0	0	0	0	0	0	0	0	0	0	0	0	0	0	0	0
11	A	T	ORF	S	NULL	0	0	0	0	0	0	0	0	0	0	0	0	0	0	0	0	0	0	0	0	0	0	0	0	0	0	0	0	0	0	0	0	0	0	0	0	0	0	0	0	0	0	0	0	0	0	0	0	0	0	0	0	0	0
12	A	T	ORF	S	NULL	0	0	0	0	0	0	0	0	0	0	0	0	0	0	0	0	0	0	0	0	0	0	0	0	0	0	0	0	0	0	0	0	0	0	0	0	0	0	0	0	0	0	0	0	0	0	0	0	0	0	0	0	0	0
13	A	T	ORF	S	NULL	0	0	0	0	0.0001	0.0001	0.0001	0.0001	0.0772767	0.0360727	0.000100002	0.999948	0.408051	0.0001	0.0001	0.0001	0.0001	0.0001	0.0001	0.0001	0.33405	0.0001	0.0001	0.0001	0.484118	0.0001	0.0001	0.0001	0.638074	0.0001	0.0001	0.0001	0.408429	0.0001	0.0001	0.000101869	0.534439	0.0001	0.0001	0.0001	0.466056	0.381109	0.0572118	0.0001	0.000101098	0.0001	0.0001	0.232033	0.0001	0.0001	0.0001	0.0001	0.0001	0.0001
14	A	T	ORF	S	NULL	0	0	0	0	0.38761	0.456268	0.169063	0.509311	0.162358	0.428307	0.0003	0.0003	0.0003	0.296223	0.0003	0.000300008	0.549309	0.618257	0.0003	0.0003	0.0003	0.45139	0.000370106	0.198195	0.0612665	1.00017	0.0003	0.138697	0.356228	0.823279	0.731148	0.0003	0.0154492	0.0332481	0.666324	0.112378	0.433387	0.798339	0.000316665	0.206269	0.533237	0.0272177	0.475326	0.150406	0.55443	0.196688	0.252365	0.767223	0.489303	0.0691786	0.000300001	0.311337	0.308208	0.996436
15	A	T	ORF	S	NULL	0	0	0	0	0	0	0	0	0	0	0	0	0	0	0	0	0	0	0	0	0	0	0	0	0	0	0	0	0	0	0	0	0	0	0	0	0	0	0	0	0	0	0	0	0	0	0	0	0	0	0	0	0	0
16	A	T	ORF	S	NULL	0	0	0	0	0	0	0	0	0	0	0	0	0	0	0	0	0	0	0	0	0	0	0	0	0	0	0	0	0	0	0	0	0	0	0	0	0	0	0	0	0	0	0	0	0	0	0	0	0	0	0	0	0	0
17	A	T	ORF	S	NULL	0	0	0	0	0.0582592	0.000115947	0.0855588	0.000116219	0.000100004	0.382162	0.0001	0.0001	0.0001	0.0001	0.0001	0.0001	0.549109	0.0001	0.0001	0.0001	0.0001	0.0001	0.000170076	0.000100004	0.000120596	0.0001	0.0001	0.0273307	0.0001	0.0001	0.000100002	0.0001	0.0152492	0.0330481	0.666124	0.112178	0.265284	0.798139	0.000116627	0.206069	0.0001	0.000122258	0.0573311	0.0001	0.55423	0.016367	0.0001	0.0560562	0.489103	0.0001	0.0001	0.0001	0.0001	0.0001
18	A	T	ORF	S	NULL	0	0	0	0	0.405331	0.0621491	0.14914	0.000142735	0.000100615	0.403191	0.000100127	0.0001	0.0001	0.0001	0.0001	0.110062	0.0001	0.0001	0.0001	0.0001	0.0001	0.0001	0.683504	0.0830668	0.453196	0.0001	0.000106086	0.00530227	0.00504979	0.17607	0.00010003	0.0001	0.0001	0.0001	0.0001	0.0822037	0.0001	0.18607	0.778236	0.0001	0.0001	0.000143941	0.341165	0.422533	0.000193348	0.000173848	0.0001	0.0001	0.326088	0.0001	0.0001	0.0001	0.483114	0.0001
19	A	T	ORF	S	NULL	0	0	0	0	0	0	0	0	0	0	0	0	0	0	0	0	0	0	0	0	0	0	0	0	0	0	0	0	0	0	0	0	0	0	0	0	0	0	0	0	0	0	0	0	0	0	0	0	0	0	0	0	0	0
20	A	T	ORF	S	NULL	0	0	0	0	0	0	0	0	0	0	0	0	0	0	0	0	0	0	0	0	0	0	0	0	0	0	0	0	0	0	0	0	0	0	0	0	0	0	0	0	0	0	0	0	0	0	0	0	0	0	0	0	0	0
21	A	T	ORF	S	NULL	0	0	0	0	0.0582592	0.000115947	0.0855588	0.000116219	0.000100004	0.382162	0.0001	0.0001	0.0001	0.0001	0.0001	0.0001	0.549109	0.0001	0.0001	0.0001	0.0001	0.0001	0.000170076	0.000100004	0.000120596	0.0001	0.0001	0.0273307	0.0001	0.0001	0.000100002	0.0001	0.0152492	0.0330481	0.666124	0.112178	0.265284	0.798139	0.000116627	0.206069	0.0001	0.000122258	0.0573311	0.0001	0.55423	0.016367	0.0001	0.0560562	0.489103	0.0001	0.0001	0.0001	0.0001	0.0001
22	A	T	ORF	S	NULL	0	0	0	0	0.000111828	0.0001	0.0822999	0.509094	0.0001	0.0460449	0.0001	0.0001	0.0001	0.296023	0.0001	0.0001	0.0001	0.618057	0.0001	0.0001	0.0001	0.0001	0.0001	0.0001	0.0610459	0.0001	0.0001	0.0561677	0.356028	0.823079	0.653065	0.0001	0.0001	0.0001	0.0001	0.0001	0.168002	0.0001	0.0001	0.0001	0.0001	0.0001	0.218014	0.0001	0.0001	0.148207	0.0001	0.711067	0.0001	0.0001	0.0001	0.0001	0.0001	0.996236
23	A	T	ORF	S	NULL	0	0	0	0	0	0	0	0	0	0	0	0	0	0	0	0	0	0	0	0	0	0	0	0	0	0	0	0	0	0	0	0	0	0	0	0	0	0	0	0	0	0	0	0	0	0	0	0	0	0	0	0	0	0
24	A	T	ORF	S	NULL	0	0	0	0	0.206265	0.000319816	0.000366637	0.019322	0.614464	0.000319418	0.631267	0.0002	0.00020195	0.000202456	0.000200647	0.417138	0.000200086	0.000201038	0.212114	0.000200642	0.000201013	0.000310412	0.167414	0.718275	0.000319287	0.0002	0.768683	0.106252	0.000200736	0.000200804	0.157218	0.0002	0.000253711	0.000200452	0.000200592	0.803834	0.000253635	0.015198	0.0983295	0.000200308	0.000200827	0.270274	0.125291	0.000235625	0.39979	0.000408581	0.000310762	0.000200815	0.184108	0.000204356	0.947202	0.688314	0.000200257	0.003229
25	A	T	ORF	S	NULL	0	0	0	0	0.329239	0.456052	0.00120389	0.0001	0.162158	0.000100022	0.0001	0.0001	0.0001	0.0001	0.0001	0.000100007	0.0001	0.0001	0.0001	0.0001	0.0001	0.45119	0.00010003	0.197995	0.000100024	0.999966	0.0001	0.0551991	0.0001	0.000100009	0.0779827	0.0001	0.0001	0.0001	0.0001	0.000100001	0.0001	0.00010001	0.000100038	0.0001	0.533037	0.0269954	0.199981	0.150206	0.0001	0.0321138	0.252165	0.0001	0.000100019	0.0689786	0.0001	0.311137	0.308008	0.0001
26	A	T	ORF	S	NULL	0	0	0	0	0	0	0	0	0	0	0	0	0	0	0	0	0	0	0	0	0	0	0	0	0	0	0	0	0	0	0	0	0	0	0	0	0	0	0	0	0	0	0	0	0	0	0	0	0	0	0	0	0	0
27	A	T	ORF	S	NULL	0	0	0	0	0	0	0	0	0	0	0	0	0	0	0	0	0	0	0	0	0	0	0	0	0	0	0	0	0	0	0	0	0	0	0	0	0	0	0	0	0	0	0	0	0	0	0	0	0	0	0	0	0	0
28	A	T	ORF	S	NULL	0	0	0	0	0	0	0	0	0	0	0	0	0	0	0	0	0	0	0	0	0	0	0	0	0	0	0	0	0	0	0	0	0	0	0	0	0	0	0	0	0	0	0	0	0	0	0	0	0	0	0	0	0	0
29	A	T	ORF	S	NULL	0	0	0	0	0.000100026	0.0001	0.0001	0.000100003	0.000100098	0.0001	0.000100095	0.0001	0.0001	0.0001	0.0001	0.417031	0.0001	0.0001	0.212007	0.0001	0.0001	0.0001	0.000100014	0.000100114	0.0001	0.0001	0.510187	0.0959864	0.0001	0.0001	0.000100026	0.0001	0.0001	0.0001	0.0001	0.21619	0.0001	0.0001	0.000100003	0.0001	0.0001	0.270053	0.000100015	0.0001	0.294198	0.0001	0.0001	0.0001	0.184003	0.0001	0.947093	0.688214	0.0001	0.003129
30	A	T	ORF	S	NULL	0	0	0	0	0.000111828	0.0001	0.0822999	0.509094	0.0001	0.0460449	0.0001	0.0001	0.0001	0.296023	0.0001	0.0001	0.0001	0.618057	0.0001	0.0001	0.0001	0.0001	0.0001	0.0001	0.0610459	0.0001	0.0001	0.0561677	0.356028	0.823079	0.653065	0.0001	0.0001	0.0001	0.0001	0.0001	0.168002	0.0001	0.0001	0.0001	0.0001	0.0001	0.218014	0.0001	0.0001	0.148207	0.0001	0.711067	0.0001	0.0001	0.0001	0.0001	0.0001	0.996236
31	A	T	ORF	S	NULL	0	0	0	0	0	0	0	0	0	0	0	0	0	0	0	0	0	0	0	0	0	0	0	0	0	0	0	0	0	0	0	0	0	0	0	0	0	0	0	0	0	0	0	0	0	0	0	0	0	0	0	0	0	0
32	A	T	ORF	S	NULL	0	0	0	0	0	0	0	0	0	0	0	0	0	0	0	0	0	0	0	0	0	0	0	0	0	0	0	0	0	0	0	0	0	0	0	0	0	0	0	0	0	0	0	0	0	0	0	0	0	0	0	0	0	0
33	A	T	ORF	S	NULL	0	0	0	0	0.0001	0.449059	0.000100002	0.470057	0.131302	0.000100005	0.368012	0.0001	0.0001	0.0001	0.305006	0.000100002	0.0001	0.0001	0.0001	0.552031	0.577035	0.0841538	0.0931557	0.0001	0.000100006	0.0001	0.0001	0.748343	0.0001	0.000100002	0.110991	0.0001	0.575146	0.0001	0.205996	0.0001	0.0310928	0.000100002	0.000100008	0.0001	0.0001	0.234036	0.000100001	0.426234	0.0001	0.0001	0.36018	0.0001	0.000100004	0.0001	0.0001	0.0001	0.000100006	0.0001
34	A	T	ORF	S	NULL	0	0	0	0	0.329339	0.456152	0.00130389	0.000200003	0.162258	0.000200022	0.000200095	0.0002	0.0002	0.0002	0.0002	0.417131	0.0002	0.0002	0.212107	0.0002	0.0002	0.45129	0.000200044	0.198095	0.000200024	1.00007	0.510287	0.151185	0.0002	0.000200009	0.0780828	0.0002	0.0002	0.0002	0.0002	0.21629	0.0002	0.00020001	0.000200041	0.0002	0.533137	0.297049	0.200081	0.150306	0.294298	0.0322138	0.252265	0.0002	0.184103	0.0690786	0.947193	0.999351	0.308108	0.003229
35	A	T	ORF	S	NULL	0	0	0	0	0	0	0	0	0	0	0	0	0	0	0	0	0	0	0	0	0	0	0	0	0	0	0	0	0	0	0	0	0	0	0	0	0	0	0	0	0	0	0	0	0	0	0	0	0	0	0	0	0	0
36	A	T	ORF	S	NULL	0	0	0	0	0	0	0	0	0	0	0	0	0	0	0	0	0	0	0	0	0	0	0	0	0	0	0	0	0	0	0	0	0	0	0	0	0	0	0	0	0	0	0	0	0	0	0	0	0	0	0	0	0	0
37	A	T	ORF	S	NULL	0	0	0	0	0	0	0	0	0	0	0	0	0	0	0	0	0	0	0	0	0	0	0	0	0	0	0	0	0	0	0	0	0	0	0	0	0	0	0	0	0	0	0	0	0	0	0	0	0	0	0	0	0	0
38	A	T	ORF	S	NULL	0	0	0	0	0	0	0	0	0	0	0	0	0	0	0	0	0	0	0	0	0	0	0	0	0	0	0	0	0	0	0	0	0	0	0	0	0	0	0	0	0	0	0	0	0	0	0	0	0	0	0	0	0	0
39	A	T	ORF	S	NULL	0	0	0	0	0	0	0	0	0	0	0	0	0	0	0	0	0	0	0	0	0	0	0	0	0	0	0	0	0	0	0	0	0	0	0	0	0	0	0	0	0	0	0	0	0	0	0	0	0	0	0	0	0	0
40	A	T	ORF	S	NULL	0	0	0	0	0	0	0	0	0	0	0	0	0	0	0	0	0	0	0	0	0	0	0	0	0	0	0	0	0	0	0	0	0	0	0	0	0	0	0	0	0	0	0	0	0	0	0	0	0	0	0	0	0	0
41	A	T	ORF	S	NULL	0	0	0	0	0	0	0	0	0	0	0	0	0	0	0	0	0	0	0	0	0	0	0	0	0	0	0	0	0	0	0	0	0	0	0	0	0	0	0	0	0	0	0	0	0	0	0	0	0	0	0	0	0	0
42	A	T	ORF	S	NULL	0	0	0	0	0	0	0	0	0	0	0	0	0	0	0	0	0	0	0	0	0	0	0	0	0	0	0	0	0	0	0	0	0	0	0	0	0	0	0	0	0	0	0	0	0	0	0	0	0	0	0	0	0	0
43	A	T	ORF	S	NULL	0	0	0	0	0	0	0	0	0	0	0	0	0	0	0	0	0	0	0	0	0	0	0	0	0	0	0	0	0	0	0	0	0	0	0	0	0	0	0	0	0	0	0	0	0	0	0	0	0	0	0	0	0	0
44	A	T	ORF	S	NULL	0	0	0	0	0	0	0	0	0	0	0	0	0	0	0	0	0	0	0	0	0	0	0	0	0	0	0	0	0	0	0	0	0	0	0	0	0	0	0	0	0	0	0	0	0	0	0	0	0	0	0	0	0	0
45	A	T	ORF	S	NULL	0	0	0	0	0	0	0	0	0	0	0	0	0	0	0	0	0	0	0	0	0	0	0	0	0	0	0	0	0	0	0	0	0	0	0	0	0	0	0	0	0	0	0	0	0	0	0	0	0	0	0	0	0	0
46	A	T	ORF	S	NULL	0	0	0	0	0	0	0	0	0	0	0	0	0	0	0	0	0	0	0	0	0	0	0	0	0	0	0	0	0	0	0	0	0	0	0	0	0	0	0	0	0	0	0	0	0	0	0	0	0	0	0	0	0	0
47	A	T	ORF	S	NULL	0	0	0	0	0.0001	0.449059	0.000100002	0.470057	0.131302	0.000100005	0.368012	0.0001	0.0001	0.0001	0.305006	0.000100002	0.0001	0.0001	0.0001	0.552031	0.577035	0.0841538	0.0931557	0.0001	0.000100006	0.0001	0.0001	0.748343	0.0001	0.000100002	0.110991	0.0001	0.575146	0.0001	0.205996	0.0001	0.0310928	0.000100002	0.000100008	0.0001	0.0001	0.234036	0.000100001	0.426234	0.0001	0.0001	0.36018	0.0001	0.000100004	0.0001	0.0001	0.0001	0.000100006	0.0001
48	A	T	ORF	S	NULL	0	0	0	0	0	0	0	0	0	0	0	0	0	0	0	0	0	0	0	0	0	0	0	0	0	0	0	0	0	0	0	0	0	0	0	0	0	0	0	0	0	0	0	0	0	0	0	0	0	0	0	0	0	0
49	A	T	ORF	S	NULL	0	0	0	0	0	0	0	0	0	0	0	0	0	0	0	0	0	0	0	0	0	0	0	0	0	0	0	0	0	0	0	0	0	0	0	0	0	0	0	0	0	0	0	0	0	0	0	0	0	0	0	0	0	0
50	A	T	ORF	S	NULL	0	0	0	0	0	0	0	0	0	0	0	0	0	0	0	0	0	0	0	0	0	0	0	0	0	0	0	0	0	0	0	0	0	0	0	0	0	0	0	0	0	0	0	0	0	0	0	0	0	0	0	0	0	0
51	A	T	ORF	S	NULL	0	0	0	0	0.000211855	0.000200001	0.0823999	0.509194	0.000200098	0.0461449	0.000200095	0.0002	0.0002	0.296123	0.0002	0.417131	0.0002	0.618157	0.212107	0.0002	0.0002	0.000200001	0.000200014	0.000200114	0.0611459	0.000200001	0.510287	0.152154	0.356128	0.823179	0.653165	0.0002	0.0002	0.0002	0.0002	0.21629	0.168102	0.0002	0.000200003	0.0002	0.0002	0.270153	0.218114	0.0002	0.294298	0.148307	0.0002	0.711167	0.184103	0.0002	0.947193	0.688314	0.0002	0.999365
52	A	T	ORF	S	NULL	0	0	0	0	0.000264332	0.0313929	0.680512	0.000390893	0.0135108	0.131401	0.000200199	0.0001	0.591253	0.703265	0.000197855	0.358231	0.000194238	0.381234	0.604255	0.000198863	0.000199859	0.463409	0.000516837	0.000199302	0.000388968	0.0001	0.00031273	0.000434079	0.000198495	0.000198018	0.000203119	0.0001	0.000282716	0.000193526	0.000198369	0.000502533	0.000283847	0.000194706	0.1224	0.000193774	0.000198743	0.0553953	0.000327612	0.000253374	0.000501747	0.512562	0.386402	0.000198525	0.000196799	0.930287	0.000196059	0.00016425	0.000197256	0.000156711
53	A	T	ORF	S	NULL	0	0	0	0	0.0583592	0.000215947	0.0856588	0.000216219	0.0773767	0.418235	0.000200002	1.00005	0.408151	0.0002	0.0002	0.0002	0.549209	0.0002	0.0002	0.0002	0.33415	0.0002	0.000270076	0.000200004	0.484239	0.0002	0.0002	0.0274307	0.638174	0.0002	0.000200002	0.0002	0.423678	0.0331481	0.666224	0.112279	0.799723	0.798239	0.000216628	0.206169	0.466156	0.381231	0.114543	0.0002	0.554331	0.016467	0.0002	0.288089	0.489203	0.0002	0.0002	0.0002	0.000200001	0.0002
54	A	T	ORF	S	NULL	0	0	0	0	0.000200001	0.449159	0.000200002	0.470157	0.208579	0.0361727	0.368112	1.00005	0.408151	0.0002	0.305106	0.000200002	0.0002	0.0002	0.0002	0.552131	0.911085	0.0842538	0.0932557	0.0002	0.484218	0.0002	0.0002	0.748443	0.638174	0.000200002	0.111091	0.0002	0.983575	0.0002	0.206096	0.00020187	0.565531	0.000200002	0.000200008	0.0002	0.466156	0.615144	0.0573118	0.426334	0.000201098	0.0002	0.36028	0.232133	0.000200005	0.0002	0.0002	0.0002	0.000200006	0.0002
55	A	T	ORF	S	NULL	0	0	0	0	0.405331	0.0621491	0.14914	0.000142735	0.000100615	0.403191	0.000100127	0.0001	0.0001	0.0001	0.0001	0.110062	0.0001	0.0001	0.0001	0.0001	0.0001	0.0001	0.683504	0.0830668	0.453196	0.0001	0.000106086	0.00530227	0.00504979	0.17607	0.00010003	0.0001	0.0001	0.0001	0.0001	0.0822037	0.0001	0.18607	0.778236	0.0001	0.0001	0.000143941	0.341165	0.422533	0.000193348	0.000173848	0.0001	0.0001	0.326088	0.0001	0.0001	0.0001	0.483114	0.0001
56	A	T	ORF	S	NULL	0	0	0	0	0	0	0	0	0	0	0	0	0	0	0	0	0	0	0	0	0	0	0	0	0	0	0	0	0	0	0	0	0	0	0	0	0	0	0	0	0	0	0	0	0	0	0	0	0	0	0	0	0	0
57	A	T	ORF	S	NULL	0	0	0	0	0	0	0	0	0	0	0	0	0	0	0	0	0	0	0	0	0	0	0	0	0	0	0	0	0	0	0	0	0	0	0	0	0	0	0	0	0	0	0	0	0	0	0	0	0	0	0	0	0	0
58	A	T	ORF	S	NULL	0	0	0	0	0	0	0	0	0	0	0	0	0	0	0	0	0	0	0	0	0	0	0	0	0	0	0	0	0	0	0	0	0	0	0	0	0	0	0	0	0	0	0	0	0	0	0	0	0	0	0	0	0	0
59	A	T	ORF	S	NULL	0	0	0	0	0	0	0	0	0	0	0	0	0	0	0	0	0	0	0	0	0	0	0	0	0	0	0	0	0	0	0	0	0	0	0	0	0	0	0	0	0	0	0	0	0	0	0	0	0	0	0	0	0	0
60	A	T	ORF	S	NULL	0	0	0	0	0.0001	0.449059	0.000100002	0.470057	0.131302	0.000100005	0.368012	0.0001	0.0001	0.0001	0.305006	0.000100002	0.0001	0.0001	0.0001	0.552031	0.577035	0.0841538	0.0931557	0.0001	0.000100006	0.0001	0.0001	0.748343	0.0001	0.000100002	0.110991	0.0001	0.575146	0.0001	0.205996	0.0001	0.0310928	0.000100002	0.000100008	0.0001	0.0001	0.234036	0.000100001	0.426234	0.0001	0.0001	0.36018	0.0001	0.000100004	0.0001	0.0001	0.0001	0.000100006	0.0001
61	A	T	ORF	S	NULL	0	0	0	0	0	0	0	0	0	0	0	0	0	0	0	0	0	0	0	0	0	0	0	0	0	0	0	0	0	0	0	0	0	0	0	0	0	0	0	0	0	0	0	0	0	0	0	0	0	0	0	0	0	0
62	A	T	ORF	S	NULL	0	0	0	0	0	0	0	0	0	0	0	0	0	0	0	0	0	0	0	0	0	0	0	0	0	0	0	0	0	0	0	0	0	0	0	0	0	0	0	0	0	0	0	0	0	0	0	0	0	0	0	0	0	0
63	A	T	ORF	S	NULL	0	0	0	0	0	0	0	0	0	0	0	0	0	0	0	0	0	0	0	0	0	0	0	0	0	0	0	0	0	0	0	0	0	0	0	0	0	0	0	0	0	0	0	0	0	0	0	0	0	0	0	0	0	0
64	A	T	ORF	S	NULL	0	0	0	0	0	0	0	0	0	0	0	0	0	0	0	0	0	0	0	0	0	0	0	0	0	0	0	0	0	0	0	0	0	0	0	0	0	0	0	0	0	0	0	0	0	0	0	0	0	0	0	0	0	0
65	A	T	ORF	S	NULL	0	0	0	0	0.206165	0.000219815	0.000266637	0.019222	0.614364	0.000219417	0.631167	0.0001	0.00010195	0.000102456	0.000100647	0.000106991	0.000100086	0.000101038	0.000106982	0.000100642	0.000101013	0.000210412	0.167314	0.718175	0.000219287	0.0001	0.258496	0.0102658	0.000100736	0.000100804	0.157118	0.0001	0.000153711	0.000100452	0.000100592	0.587643	0.000153635	0.015098	0.0982295	0.000100308	0.000100826	0.000221022	0.125191	0.000135625	0.105593	0.000308581	0.000210762	0.000100815	0.000105221	0.000104356	0.000109118	0.0001	0.000100257	0.000100001
66	A	T	ORF	S	NULL	0	0	0	0	0.000111828	0.0001	0.0822999	0.509094	0.0001	0.0460449	0.0001	0.0001	0.0001	0.296023	0.0001	0.0001	0.0001	0.618057	0.0001	0.0001	0.0001	0.0001	0.0001	0.0001	0.0610459	0.0001	0.0001	0.0561677	0.356028	0.823079	0.653065	0.0001	0.0001	0.0001	0.0001	0.0001	0.168002	0.0001	0.0001	0.0001	0.0001	0.0001	0.218014	0.0001	0.0001	0.148207	0.0001	0.711067	0.0001	0.0001	0.0001	0.0001	0.0001	0.996236
67	A	T	ORF	S	NULL	0	0	0	0	0	0	0	0	0	0	0	0	0	0	0	0	0	0	0	0	0	0	0	0	0	0	0	0	0	0	0	0	0	0	0	0	0	0	0	0	0	0	0	0	0	0	0	0	0	0	0	0	0	0
68	A	T	ORF	S	NULL	0	0	0	0	0	0	0	0	0	0	0	0	0	0	0	0	0	0	0	0	0	0	0	0	0	0	0	0	0	0	0	0	0	0	0	0	0	0	0	0	0	0	0	0	0	0	0	0	0	0	0	0	0	0
69	A	T	ORF	S	NULL	0	0	0	0	0	0	0	0	0	0	0	0	0	0	0	0	0	0	0	0	0	0	0	0	0	0	0	0	0	0	0	0	0	0	0	0	0	0	0	0	0	0	0	0	0	0	0	0	0	0	0	0	0	0
70	A	T	ORF	S	NULL	0	0	0	0	0	0	0	0	0	0	0	0	0	0	0	0	0	0	0	0	0	0	0	0	0	0	0	0	0	0	0	0	0	0	0	0	0	0	0	0	0	0	0	0	0	0	0	0	0	0	0	0	0	0
71	A	T	ORF	S	NULL	0	0	0	0	0.000100026	0.0001	0.0001	0.000100003	0.000100098	0.0001	0.000100095	0.0001	0.0001	0.0001	0.0001	0.417031	0.0001	0.0001	0.212007	0.0001	0.0001	0.0001	0.000100014	0.000100114	0.0001	0.0001	0.510187	0.0959864	0.0001	0.0001	0.000100026	0.0001	0.0001	0.0001	0.0001	0.21619	0.0001	0.0001	0.000100003	0.0001	0.0001	0.270053	0.000100015	0.0001	0.294198	0.0001	0.0001	0.0001	0.184003	0.0001	0.947093	0.688214	0.0001	0.003129
72	A	T	ORF	S	NULL	0	0	0	0	0.000628652	0.000880198	0.000999874	0.000881808	0.00111931	0.00087823	0.000500362	0.0001	0.000497224	0.000500824	0.694581	0.11451	0.450544	0.000499114	0.183522	0.447552	0.0885104	0.000832538	0.0551403	0.000498568	0.000877959	0.0001	0.230754	0.000968191	0.00049695	0.000495999	0.000506202	0.999994	0.000665426	0.966605	0.127512	0.00110511	0.000667688	0.000489373	0.000877422	0.793585	0.000497449	0.0318844	0.00075523	0.000606733	0.0451089	0.290167	0.000833549	0.000497012	0.000493559	0.000505057	0.0524984	0.000428448	0.20852	0.000413365
73	A	T	ORF	S	NULL	0	0	0	0	0.206165	0.000219815	0.000266637	0.019222	0.614364	0.000219417	0.631167	0.0001	0.00010195	0.000102456	0.000100647	0.000106991	0.000100086	0.000101038	0.000106982	0.000100642	0.000101013	0.000210412	0.167314	0.718175	0.000219287	0.0001	0.258496	0.0102658	0.000100736	0.000100804	0.157118	0.0001	0.000153711	0.000100452	0.000100592	0.587643	0.000153635	0.015098	0.0982295	0.000100308	0.000100826	0.000221022	0.125191	0.000135625	0.105593	0.000308581	0.000210762	0.000100815	0.000105221	0.000104356	0.000109118	0.0001	0.000100257	0.000100001
74	A	T	ORF	S	NULL	0	0	0	0	0	0	0	0	0	0	0	0	0	0	0	0	0	0	0	0	0	0	0	0	0	0	0	0	0	0	0	0	0	0	0	0	0	0	0	0	0	0	0	0	0	0	0	0	0	0	0	0	0	0
75	A	T	ORF	S	NULL	0	0	0	0	0	0	0	0	0	0	0	0	0	0	0	0	0	0	0	0	0	0	0	0	0	0	0	0	0	0	0	0	0	0	0	0	0	0	0	0	0	0	0	0	0	0	0	0	0	0	0	0	0	0
76	A	T	ORF	S	NULL	0	0	0	0	0.0001	0.0001	0.0001	0.0001	0.0772767	0.0360727	0.000100002	0.999948	0.408051	0.0001	0.0001	0.0001	0.0001	0.0001	0.0001	0.0001	0.33405	0.0001	0.0001	0.0001	0.484118	0.0001	0.0001	0.0001	0.638074	0.0001	0.0001	0.0001	0.408429	0.0001	0.0001	0.000101869	0.534439	0.0001	0.0001	0.0001	0.466056	0.381109	0.0572118	0.0001	0.000101098	0.0001	0.0001	0.232033	0.0001	0.0001	0.0001	0.0001	0.0001	0.0001
77	A	T	ORF	S	NULL	0	0	0	0	0	0	0	0	0	0	0	0	0	0	0	0	0	0	0	0	0	0	0	0	0	0	0	0	0	0	0	0	0	0	0	0	0	0	0	0	0	0	0	0	0	0	0	0	0	0	0	0	0	0
78	A	T	ORF	S	NULL	0	0	0	0	0.329239	0.456052	0.00120389	0.0001	0.162158	0.000100022	0.0001	0.0001	0.0001	0.0001	0.0001	0.000100007	0.0001	0.0001	0.0001	0.0001	0.0001	0.45119	0.00010003	0.197995	0.000100024	0.999966	0.0001	0.0551991	0.0001	0.000100009	0.0779827	0.0001	0.0001	0.0001	0.0001	0.000100001	0.0001	0.00010001	0.000100038	0.0001	0.533037	0.0269954	0.199981	0.150206	0.0001	0.0321138	0.252165	0.0001	0.000100019	0.0689786	0.0001	0.311137	0.308008	0.0001
79	A	T	ORF	S	NULL	0	0	0	0	0.0001	0.0001	0.0001	0.0001	0.0772767	0.0360727	0.000100002	0.999948	0.408051	0.0001	0.0001	0.0001	0.0001	0.0001	0.0001	0.0001	0.33405	0.0001	0.0001	0.0001	0.484118	0.0001	0.0001	0.0001	0.638074	0.0001	0.0001	0.0001	0.408429	0.0001	0.0001	0.000101869	0.534439	0.0001	0.0001	0.0001	0.466056	0.381109	0.0572118	0.0001	0.000101098	0.0001	0.0001	0.232033	0.0001	0.0001	0.0001	0.0001	0.0001	0.0001
80	A	T	ORF	S	NULL	0	0	0	0	0	0	0	0	0	0	0	0	0	0	0	0	0	0	0	0	0	0	0	0	0	0	0	0	0	0	0	0	0	0	0	0	0	0	0	0	0	0	0	0	0	0	0	0	0	0	0	0	0	0
81	A	T	ORF	S	NULL	0	0	0	0	0.405431	0.511208	0.14924	0.470199	0.131403	0.403291	0.368112	0.0002	0.0002	0.0002	0.305106	0.110162	0.0002	0.0002	0.0002	0.552131	0.577135	0.0842538	0.77666	0.0831668	0.453296	0.0002	0.000206086	0.753645	0.00514979	0.17617	0.111091	0.0002	0.575246	0.0002	0.206096	0.0823037	0.0311928	0.18617	0.778336	0.0002	0.0002	0.23418	0.341265	0.848767	0.000293348	0.000273849	0.36028	0.0002	0.326188	0.0002	0.0002	0.0002	0.483214	0.0002
82	A	T	ORF	S	NULL	0	0	0	0	0.000264332	0.0313929	0.680512	0.000390893	0.0135108	0.131401	0.000200199	0.0001	0.591253	0.703265	0.000197855	0.358231	0.000194238	0.381234	0.604255	0.000198863	0.000199859	0.463409	0.000516837	0.000199302	0.000388968	0.0001	0.00031273	0.000434079	0.000198495	0.000198018	0.000203119	0.0001	0.000282716	0.000193526	0.000198369	0.000502533	0.000283847	0.000194706	0.1224	0.000193774	0.000198743	0.0553953	0.000327612	0.000253374	0.000501747	0.512562	0.386402	0.000198525	0.000196799	0.930287	0.000196059	0.00016425	0.000197256	0.000156711
83	A	T	ORF	S	NULL	0	0	0	0	0	0	0	0	0	0	0	0	0	0	0	0	0	0	0	0	0	0	0	0	0	0	0	0	0	0	0	0	0	0	0	0	0	0	0	0	0	0	0	0	0	0	0	0	0	0	0	0	0	0
84	A	T	ORF	S	NULL	0	0	0	0	0.000111828	0.0001	0.0822999	0.509094	0.0001	0.0460449	0.0001	0.0001	0.0001	0.296023	0.0001	0.0001	0.0001	0.618057	0.0001	0.0001	0.0001	0.0001	0.0001	0.0001	0.0610459	0.0001	0.0001	0.0561677	0.356028	0.823079	0.653065	0.0001	0.0001	0.0001	0.0001	0.0001	0.168002	0.0001	0.0001	0.0001	0.0001	0.0001	0.218014	0.0001	0.0001	0.148207	0.0001	0.711067	0.0001	0.0001	0.0001	0.0001	0.0001	0.996236
85	A	T	ORF	S	NULL	0	0	0	0	0	0	0	0	0	0	0	0	0	0	0	0	0	0	0	0	0	0	0	0	0	0	0	0	0	0	0	0	0	0	0	0	0	0	0	0	0	0	0	0	0	0	0	0	0	0	0	0	0	0
86	A	T	ORF	S	NULL	0	0	0	0	0	0	0	0	0	0	0	0	0	0	0	0	0	0	0	0	0	0	0	0	0	0	0	0	0	0	0	0	0	0	0	0	0	0	0	0	0	0	0	0	0	0	0	0	0	0	0	0	0	0
87	A	T	ORF	S	NULL	0	0	0	0	0	0	0	0	0	0	0	0	0	0	0	0	0	0	0	0	0	0	0	0	0	0	0	0	0	0	0	0	0	0	0	0	0	0	0	0	0	0	0	0	0	0	0	0	0	0	0	0	0	0
88	A	T	ORF	S	NULL	0	0	0	0	0.73457	0.518201	0.150343	0.000242735	0.162259	0.403291	0.000200127	0.0002	0.0002	0.0002	0.0002	0.110162	0.0002	0.0002	0.0002	0.0002	0.0002	0.45129	0.683604	0.281061	0.453296	1.00007	0.000206086	0.0605013	0.00514979	0.17617	0.0780828	0.0002	0.0002	0.0002	0.0002	0.0823037	0.0002	0.18617	0.778336	0.0002	0.533137	0.0271393	0.541146	0.572738	0.000293348	0.0322877	0.252265	0.0002	0.326188	0.0690786	0.0002	0.311237	0.791122	0.0002
89	A	T	ORF	S	NULL	0	0	0	0	0	0	0	0	0	0	0	0	0	0	0	0	0	0	0	0	0	0	0	0	0	0	0	0	0	0	0	0	0	0	0	0	0	0	0	0	0	0	0	0	0	0	0	0	0	0	0	0	0	0
90	A	T	ORF	S	NULL	0	0	0	0	0	0	0	0	0	0	0	0	0	0	0	0	0	0	0	0	0	0	0	0	0	0	0	0	0	0	0	0	0	0	0	0	0	0	0	0	0	0	0	0	0	0	0	0	0	0	0	0	0	0
91	A	T	ORF	S	NULL	0	0	0	0	0.329239	0.456052	0.00120389	0.0001	0.162158	0.000100022	0.0001	0.0001	0.0001	0.0001	0.0001	0.000100007	0.0001	0.0001	0.0001	0.0001	0.0001	0.45119	0.00010003	0.197995	0.000100024	0.999966	0.0001	0.0551991	0.0001	0.000100009	0.0779827	0.0001	0.0001	0.0001	0.0001	0.000100001	0.0001	0.00010001	0.000100038	0.0001	0.533037	0.0269954	0.199981	0.150206	0.0001	0.0321138	0.252165	0.0001	0.000100019	0.0689786	0.0001	0.311137	0.308008	0.0001
92	A	T	ORF	S	NULL	0	0	0	0	0	0	0	0	0	0	0	0	0	0	0	0	0	0	0	0	0	0	0	0	0	0	0	0	0	0	0	0	0	0	0	0	0	0	0	0	0	0	0	0	0	0	0	0	0	0	0	0	0	0
93	A	T	ORF	S	NULL	0	0	0	0	0	0	0	0	0	0	0	0	0	0	0	0	0	0	0	0	0	0	0	0	0	0	0	0	0	0	0	0	0	0	0	0	0	0	0	0	0	0	0	0	0	0	0	0	0	0	0	0	0	0
94	A	T	ORF	S	NULL	0	0	0	0	0	0	0	0	0	0	0	0	0	0	0	0	0	0	0	0	0	0	0	0	0	0	0	0	0	0	0	0	0	0	0	0	0	0	0	0	0	0	0	0	0	0	0	0	0	0	0	0	0	0
95	A	T	ORF	S	NULL	0	0	0	0	0	0	0	0	0	0	0	0	0	0	0	0	0	0	0	0	0	0	0	0	0	0	0	0	0	0	0	0	0	0	0	0	0	0	0	0	0	0	0	0	0	0	0	0	0	0	0	0	0	0
96	A	T	ORF	S	NULL	0	0	0	0	0	0	0	0	0	0	0	0	0	0	0	0	0	0	0	0	0	0	0	0	0	0	0	0	0	0	0	0	0	0	0	0	0	0	0	0	0	0	0	0	0	0	0	0	0	0	0	0	0	0
97	A	T	ORF	S	NULL	0	0	0	0	0	0	0	0	0	0	0	0	0	0	0	0	0	0	0	0	0	0	0	0	0	0	0	0	0	0	0	0	0	0	0	0	0	0	0	0	0	0	0	0	0	0	0	0	0	0	0	0	0	0
98	A	T	ORF	S	NULL	0	0	0	0	0.329339	0.90511	0.00130389	0.470157	0.293461	0.000200027	0.368112	0.0002	0.0002	0.0002	0.305106	0.000200009	0.0002	0.0002	0.0002	0.552131	0.577135	0.535343	0.0932557	0.198095	0.00020003	1.00007	0.0002	0.803542	0.0002	0.000200011	0.188974	0.0002	0.575246	0.0002	0.206096	0.000200001	0.0311928	0.000200012	0.000200046	0.0002	0.533137	0.261031	0.200081	0.57644	0.0002	0.0322138	0.612345	0.0002	0.000200023	0.0690786	0.0002	0.311237	0.308108	0.0002
99	A	T	ORF	S	NULL	0	0	0	0	0	0	0	0	0	0	0	0	0	0	0	0	0	0	0	0	0	0	0	0	0	0	0	0	0	0	0	0	0	0	0	0	0	0	0	0	0	0	0	0	0	0	0	0	0	0	0	0	0	0
100	A	T	ORF	S	NULL	0	0	0	0	0	0	0	0	0	0	0	0	0	0	0	0	0	0	0	0	0	0	0	0	0	0	0	0	0	0	0	0	0	0	0	0	0	0	0	0	0	0	0	0	0	0	0	0	0	0	0	0	0	0
