pos	ref	alt	gene	N/S	AA	nSRAsubclonal	nSRAclonal	nSRA	nConsensus	sample0|Earth	sample1|Earth	sample2|Earth	sample3|Earth	sample4|Earth	sample5|Earth	sample6|Earth	sample7|Earth	sample8|Earth	sample9|Earth	sample10|Earth	sample11|Earth	sample12|Earth	sample13|Earth	sample14|Earth	sample15|Earth	sample16|Earth	sample17|Earth	sample18|Earth	sample19|Earth	sample20|Earth	sample21|Earth	sample22|Earth	sample23|Earth	sample24|Earth	sample25|Earth	sample26|Earth	sample27|Earth	sample28|Earth	sample29|Earth	sample30|Earth	sample31|Earth	sample32|Earth	sample33|Earth	sample34|Earth	sample35|Earth	sample36|Earth	sample37|Earth	sample38|Earth	sample39|Earth	sample40|Earth	sample41|Earth	sample42|Earth	sample43|Earth	sample44|Earth	sample45|Earth	sample46|Earth	sample47|Earth	sample48|Earth	sample49|Earth
1	A	T	ORF	S	NULL	0	0	0	0	0	0	0	0	0	0	0	0	0	0	0	0	0	0	0	0	0	0	0	0	0	0	0	0	0	0	0	0	0	0	0	0	0	0	0	0	0	0	0	0	0	0	0	0	0	0	0	0	0	0
2	A	T	ORF	S	NULL	0	0	0	0	0	0	0	0	0	0	0	0	0	0	0	0	0	0	0	0	0	0	0	0	0	0	0	0	0	0	0	0	0	0	0	0	0	0	0	0	0	0	0	0	0	0	0	0	0	0	0	0	0	0
3	A	T	ORF	S	NULL	0	0	0	0	0	0	0	0	0	0	0	0	0	0	0	0	0	0	0	0	0	0	0	0	0	0	0	0	0	0	0	0	0	0	0	0	0	0	0	0	0	0	0	0	0	0	0	0	0	0	0	0	0	0
4	A	T	ORF	S	NULL	0	0	0	0	0	0	0	0	0	0	0	0	0	0	0	0	0	0	0	0	0	0	0	0	0	0	0	0	0	0	0	0	0	0	0	0	0	0	0	0	0	0	0	0	0	0	0	0	0	0	0	0	0	0
5	A	T	ORF	S	NULL	0	0	0	0	0	0	0	0	0	0	0	0	0	0	0	0	0	0	0	0	0	0	0	0	0	0	0	0	0	0	0	0	0	0	0	0	0	0	0	0	0	0	0	0	0	0	0	0	0	0	0	0	0	0
6	A	T	ORF	S	NULL	0	0	0	0	0.00336744	0.453249	0.000100001	0.470073	0.133119	0.000100002	0.368025	0.0001	0.0001	0.0001	0.305016	0.0001	0.0001	0.0001	0.0001	0.552049	0.577053	0.0882797	0.0931663	0.002111	0.000100002	0.00902973	0.0001	0.746229	0.0001	0.000100001	0.111857	0.0001	0.575164	0.0001	0.206004	0.0001	0.0310925	0.000100001	0.000100004	0.0001	0.00520456	0.225469	0.00223158	0.427627	0.0001	0.000368294	0.362506	0.0001	0.000100001	0.000616714	0.0001	0.0001	0.00279759	0.0001
7	A	T	ORF	S	NULL	0	0	0	0	0	0	0	0	0	0	0	0	0	0	0	0	0	0	0	0	0	0	0	0	0	0	0	0	0	0	0	0	0	0	0	0	0	0	0	0	0	0	0	0	0	0	0	0	0	0	0	0	0	0
8	A	T	ORF	S	NULL	0	0	0	0	0	0	0	0	0	0	0	0	0	0	0	0	0	0	0	0	0	0	0	0	0	0	0	0	0	0	0	0	0	0	0	0	0	0	0	0	0	0	0	0	0	0	0	0	0	0	0	0	0	0
9	A	T	ORF	S	NULL	0	0	0	0	0	0	0	0	0	0	0	0	0	0	0	0	0	0	0	0	0	0	0	0	0	0	0	0	0	0	0	0	0	0	0	0	0	0	0	0	0	0	0	0	0	0	0	0	0	0	0	0	0	0
10	A	T	ORF	S	NULL	0	0	0	0	0	0	0	0	0	0	0	0	0	0	0	0	0	0	0	0	0	0	0	0	0	0	0	0	0	0	0	0	0	0	0	0	0	0	0	0	0	0	0	0	0	0	0	0	0	0	0	0	0	0
11	A	T	ORF	S	NULL	0	0	0	0	0	0	0	0	0	0	0	0	0	0	0	0	0	0	0	0	0	0	0	0	0	0	0	0	0	0	0	0	0	0	0	0	0	0	0	0	0	0	0	0	0	0	0	0	0	0	0	0	0	0
12	A	T	ORF	S	NULL	0	0	0	0	0	0	0	0	0	0	0	0	0	0	0	0	0	0	0	0	0	0	0	0	0	0	0	0	0	0	0	0	0	0	0	0	0	0	0	0	0	0	0	0	0	0	0	0	0	0	0	0	0	0
13	A	T	ORF	S	NULL	0	0	0	0	0.0002	0.0002	0.0002	0.0002	0.0769842	0.0361092	0.0002	0.999993	0.408091	0.0002	0.0002	0.0113367	0.0002	0.0002	0.00500437	0.0002	0.33409	0.0002	0.0002	0.0002	0.484171	0.0002	0.0119645	0.00541338	0.638124	0.0002	0.0002	0.0002	0.408473	0.0002	0.0002	0.0109086	0.534489	0.0002	0.0002	0.0002	0.464175	0.390031	0.0568631	0.0002	0.0138388	0.0002	0.0002	0.23207	0.00921911	0.0002	0.0219867	0.0194619	0.0002	0.0002
14	A	T	ORF	S	NULL	0	0	0	0	0.373372	0.434934	0.168962	0.509326	0.155124	0.428303	0.000300037	0.0003	0.0003	0.296225	0.0003	0.18705	0.549289	0.618264	0.0929996	0.0003	0.0003	0.430245	0.000373016	0.189202	0.0612686	0.953163	0.223539	0.17248	0.356233	0.82329	0.726212	0.0003	0.0154438	0.0332462	0.666298	0.195029	0.43338	0.798309	0.000318983	0.206261	0.508782	0.145001	0.463037	0.143285	0.664266	0.194629	0.240552	0.767236	0.559825	0.0659014	0.415155	0.588388	0.293724	0.997675
15	A	T	ORF	S	NULL	0	0	0	0	0	0	0	0	0	0	0	0	0	0	0	0	0	0	0	0	0	0	0	0	0	0	0	0	0	0	0	0	0	0	0	0	0	0	0	0	0	0	0	0	0	0	0	0	0	0	0	0	0	0
16	A	T	ORF	S	NULL	0	0	0	0	0	0	0	0	0	0	0	0	0	0	0	0	0	0	0	0	0	0	0	0	0	0	0	0	0	0	0	0	0	0	0	0	0	0	0	0	0	0	0	0	0	0	0	0	0	0	0	0	0	0
17	A	T	ORF	S	NULL	0	0	0	0	0.0664063	0.0100752	0.0856054	0.000121346	0.00434931	0.382147	0.000100037	0.0001	0.0001	0.0001	0.0001	0.0001	0.549089	0.0001	0.0001	0.0001	0.0001	0.0099161	0.000173015	0.00508751	0.000117689	0.0216206	0.0001	0.0202918	0.0001	0.0001	0.00275064	0.0001	0.0152438	0.0330462	0.666098	0.0924198	0.265271	0.798109	0.000118982	0.206061	0.0122891	0.0001	0.0642868	0.00330617	0.526771	0.0174487	0.00560114	0.0560599	0.472161	0.00157097	0.0001	0.0001	0.00675873	0.0001
18	A	T	ORF	S	NULL	0	0	0	0	0.4122	0.0704785	0.149171	0.000141352	0.00360527	0.403184	0.000100092	0.0001	0.0001	0.0001	0.0001	0.0897415	0.0001	0.0001	0.0001	0.0001	0.0001	0.00829945	0.683494	0.0873273	0.453187	0.0181532	0.0001	0.00279892	0.00504686	0.176065	0.00178262	0.0001	0.0001	0.0001	0.0001	0.0723499	0.0001	0.18607	0.778222	0.0001	0.00984437	0.0001	0.34552	0.425274	0.0001	0.000836572	0.00467924	0.0001	0.317561	0.00133282	0.0001	0.0001	0.488734	0.0001
19	A	T	ORF	S	NULL	0	0	0	0	0	0	0	0	0	0	0	0	0	0	0	0	0	0	0	0	0	0	0	0	0	0	0	0	0	0	0	0	0	0	0	0	0	0	0	0	0	0	0	0	0	0	0	0	0	0	0	0	0	0
20	A	T	ORF	S	NULL	0	0	0	0	0	0	0	0	0	0	0	0	0	0	0	0	0	0	0	0	0	0	0	0	0	0	0	0	0	0	0	0	0	0	0	0	0	0	0	0	0	0	0	0	0	0	0	0	0	0	0	0	0	0
21	A	T	ORF	S	NULL	0	0	0	0	0.0664063	0.0100752	0.0856054	0.000121346	0.00434931	0.382147	0.000100037	0.0001	0.0001	0.0001	0.0001	0.0001	0.549089	0.0001	0.0001	0.0001	0.0001	0.0099161	0.000173015	0.00508751	0.000117689	0.0216206	0.0001	0.0202918	0.0001	0.0001	0.00275064	0.0001	0.0152438	0.0330462	0.666098	0.0924198	0.265271	0.798109	0.000118982	0.206061	0.0122891	0.0001	0.0642868	0.00330617	0.526771	0.0174487	0.00560114	0.0560599	0.472161	0.00157097	0.0001	0.0001	0.00675873	0.0001
22	A	T	ORF	S	NULL	0	0	0	0	0.0001	0.0001	0.0822673	0.509104	0.0001	0.0460552	0.0001	0.0001	0.0001	0.296025	0.0001	0.0494597	0.0001	0.618064	0.0248718	0.0001	0.0001	0.0001	0.0001	0.0001	0.0610509	0.0001	0.0599043	0.0672995	0.356033	0.82309	0.650458	0.0001	0.0001	0.0001	0.0001	0.0293112	0.16801	0.0001	0.0001	0.0001	0.0001	0.0311319	0.211269	0.0001	0.039484	0.147105	0.0001	0.711077	0.0248369	0.0001	0.111062	0.0722692	0.0001	0.99664
23	A	T	ORF	S	NULL	0	0	0	0	0	0	0	0	0	0	0	0	0	0	0	0	0	0	0	0	0	0	0	0	0	0	0	0	0	0	0	0	0	0	0	0	0	0	0	0	0	0	0	0	0	0	0	0	0	0	0	0	0	0
24	A	T	ORF	S	NULL	0	0	0	0	0.197647	0.0001	0.000235663	0.0192251	0.610229	0.000226945	0.631142	0.0001	0.000100143	0.000100614	0.000100276	0.155021	0.000100334	0.000100177	0.0775829	0.000100025	0.0001	0.0001	0.167326	0.713071	0.000224148	0.0001	0.444965	0.0454852	0.0001	0.000100165	0.155333	0.0001	0.000149028	0.000100451	0.000101092	0.669424	0.000152929	0.0151004	0.0982333	0.000100415	0.0001	0.0992992	0.120655	0.0001	0.215215	0.0001	0.0001	0.000100033	0.0696898	0.0001	0.346183	0.246422	0.0001	0.00118346
25	A	T	ORF	S	NULL	0	0	0	0	0.306866	0.424759	0.00108978	0.0001	0.150675	0.000100001	0.0001	0.0001	0.0001	0.000100001	0.0001	0.13749	0.0001	0.0001	0.0680278	0.0001	0.0001	0.420229	0.000100001	0.184015	0.000100001	0.931443	0.163535	0.0848884	0.0001	0.0001	0.0730028	0.0001	0.0001	0.0001	0.0001	0.0732976	0.0001	0.0001	0.000100002	0.0001	0.496393	0.113769	0.187481	0.139879	0.0980109	0.0300757	0.234851	0.0001	0.0628264	0.0642305	0.303993	0.516019	0.286866	0.000935306
26	A	T	ORF	S	NULL	0	0	0	0	0	0	0	0	0	0	0	0	0	0	0	0	0	0	0	0	0	0	0	0	0	0	0	0	0	0	0	0	0	0	0	0	0	0	0	0	0	0	0	0	0	0	0	0	0	0	0	0	0	0
27	A	T	ORF	S	NULL	0	0	0	0	0	0	0	0	0	0	0	0	0	0	0	0	0	0	0	0	0	0	0	0	0	0	0	0	0	0	0	0	0	0	0	0	0	0	0	0	0	0	0	0	0	0	0	0	0	0	0	0	0	0
28	A	T	ORF	S	NULL	0	0	0	0	0	0	0	0	0	0	0	0	0	0	0	0	0	0	0	0	0	0	0	0	0	0	0	0	0	0	0	0	0	0	0	0	0	0	0	0	0	0	0	0	0	0	0	0	0	0	0	0	0	0
29	A	T	ORF	S	NULL	0	0	0	0	0	0	0	0	0	0	0	0	0	0	0	0	0	0	0	0	0	0	0	0	0	0	0	0	0	0	0	0	0	0	0	0	0	0	0	0	0	0	0	0	0	0	0	0	0	0	0	0	0	0
30	A	T	ORF	S	NULL	0	0	0	0	0.0001	0.0001	0.0822673	0.509104	0.0001	0.0460552	0.0001	0.0001	0.0001	0.296025	0.0001	0.0494597	0.0001	0.618064	0.0248718	0.0001	0.0001	0.0001	0.0001	0.0001	0.0610509	0.0001	0.0599043	0.0672995	0.356033	0.82309	0.650458	0.0001	0.0001	0.0001	0.0001	0.0293112	0.16801	0.0001	0.0001	0.0001	0.0001	0.0311319	0.211269	0.0001	0.039484	0.147105	0.0001	0.711077	0.0248369	0.0001	0.111062	0.0722692	0.0001	0.99664
31	A	T	ORF	S	NULL	0	0	0	0	0	0	0	0	0	0	0	0	0	0	0	0	0	0	0	0	0	0	0	0	0	0	0	0	0	0	0	0	0	0	0	0	0	0	0	0	0	0	0	0	0	0	0	0	0	0	0	0	0	0
32	A	T	ORF	S	NULL	0	0	0	0	0	0	0	0	0	0	0	0	0	0	0	0	0	0	0	0	0	0	0	0	0	0	0	0	0	0	0	0	0	0	0	0	0	0	0	0	0	0	0	0	0	0	0	0	0	0	0	0	0	0
33	A	T	ORF	S	NULL	0	0	0	0	0.00336744	0.453249	0.000100001	0.470073	0.133119	0.000100002	0.368025	0.0001	0.0001	0.0001	0.305016	0.0001	0.0001	0.0001	0.0001	0.552049	0.577053	0.0882797	0.0931663	0.002111	0.000100002	0.00902973	0.0001	0.746229	0.0001	0.000100001	0.111857	0.0001	0.575164	0.0001	0.206004	0.0001	0.0310925	0.000100001	0.000100004	0.0001	0.00520456	0.225469	0.00223158	0.427627	0.0001	0.000368294	0.362506	0.0001	0.000100001	0.000616714	0.0001	0.0001	0.00279759	0.0001
34	A	T	ORF	S	NULL	0	0	0	0	0.306866	0.424759	0.00108978	0.0001	0.150675	0.000100001	0.0001	0.0001	0.0001	0.000100001	0.0001	0.13749	0.0001	0.0001	0.0680278	0.0001	0.0001	0.420229	0.000100001	0.184015	0.000100001	0.931443	0.163535	0.0848884	0.0001	0.0001	0.0730028	0.0001	0.0001	0.0001	0.0001	0.0732976	0.0001	0.0001	0.000100002	0.0001	0.496393	0.113769	0.187481	0.139879	0.0980109	0.0300757	0.234851	0.0001	0.0628264	0.0642305	0.303993	0.516019	0.286866	0.000935306
35	A	T	ORF	S	NULL	0	0	0	0	0	0	0	0	0	0	0	0	0	0	0	0	0	0	0	0	0	0	0	0	0	0	0	0	0	0	0	0	0	0	0	0	0	0	0	0	0	0	0	0	0	0	0	0	0	0	0	0	0	0
36	A	T	ORF	S	NULL	0	0	0	0	0	0	0	0	0	0	0	0	0	0	0	0	0	0	0	0	0	0	0	0	0	0	0	0	0	0	0	0	0	0	0	0	0	0	0	0	0	0	0	0	0	0	0	0	0	0	0	0	0	0
37	A	T	ORF	S	NULL	0	0	0	0	0	0	0	0	0	0	0	0	0	0	0	0	0	0	0	0	0	0	0	0	0	0	0	0	0	0	0	0	0	0	0	0	0	0	0	0	0	0	0	0	0	0	0	0	0	0	0	0	0	0
38	A	T	ORF	S	NULL	0	0	0	0	0	0	0	0	0	0	0	0	0	0	0	0	0	0	0	0	0	0	0	0	0	0	0	0	0	0	0	0	0	0	0	0	0	0	0	0	0	0	0	0	0	0	0	0	0	0	0	0	0	0
39	A	T	ORF	S	NULL	0	0	0	0	0	0	0	0	0	0	0	0	0	0	0	0	0	0	0	0	0	0	0	0	0	0	0	0	0	0	0	0	0	0	0	0	0	0	0	0	0	0	0	0	0	0	0	0	0	0	0	0	0	0
40	A	T	ORF	S	NULL	0	0	0	0	0	0	0	0	0	0	0	0	0	0	0	0	0	0	0	0	0	0	0	0	0	0	0	0	0	0	0	0	0	0	0	0	0	0	0	0	0	0	0	0	0	0	0	0	0	0	0	0	0	0
41	A	T	ORF	S	NULL	0	0	0	0	0	0	0	0	0	0	0	0	0	0	0	0	0	0	0	0	0	0	0	0	0	0	0	0	0	0	0	0	0	0	0	0	0	0	0	0	0	0	0	0	0	0	0	0	0	0	0	0	0	0
42	A	T	ORF	S	NULL	0	0	0	0	0	0	0	0	0	0	0	0	0	0	0	0	0	0	0	0	0	0	0	0	0	0	0	0	0	0	0	0	0	0	0	0	0	0	0	0	0	0	0	0	0	0	0	0	0	0	0	0	0	0
43	A	T	ORF	S	NULL	0	0	0	0	0	0	0	0	0	0	0	0	0	0	0	0	0	0	0	0	0	0	0	0	0	0	0	0	0	0	0	0	0	0	0	0	0	0	0	0	0	0	0	0	0	0	0	0	0	0	0	0	0	0
44	A	T	ORF	S	NULL	0	0	0	0	0	0	0	0	0	0	0	0	0	0	0	0	0	0	0	0	0	0	0	0	0	0	0	0	0	0	0	0	0	0	0	0	0	0	0	0	0	0	0	0	0	0	0	0	0	0	0	0	0	0
45	A	T	ORF	S	NULL	0	0	0	0	0	0	0	0	0	0	0	0	0	0	0	0	0	0	0	0	0	0	0	0	0	0	0	0	0	0	0	0	0	0	0	0	0	0	0	0	0	0	0	0	0	0	0	0	0	0	0	0	0	0
46	A	T	ORF	S	NULL	0	0	0	0	0	0	0	0	0	0	0	0	0	0	0	0	0	0	0	0	0	0	0	0	0	0	0	0	0	0	0	0	0	0	0	0	0	0	0	0	0	0	0	0	0	0	0	0	0	0	0	0	0	0
47	A	T	ORF	S	NULL	0	0	0	0	0.00336744	0.453249	0.000100001	0.470073	0.133119	0.000100002	0.368025	0.0001	0.0001	0.0001	0.305016	0.0001	0.0001	0.0001	0.0001	0.552049	0.577053	0.0882797	0.0931663	0.002111	0.000100002	0.00902973	0.0001	0.746229	0.0001	0.000100001	0.111857	0.0001	0.575164	0.0001	0.206004	0.0001	0.0310925	0.000100001	0.000100004	0.0001	0.00520456	0.225469	0.00223158	0.427627	0.0001	0.000368294	0.362506	0.0001	0.000100001	0.000616714	0.0001	0.0001	0.00279759	0.0001
48	A	T	ORF	S	NULL	0	0	0	0	0	0	0	0	0	0	0	0	0	0	0	0	0	0	0	0	0	0	0	0	0	0	0	0	0	0	0	0	0	0	0	0	0	0	0	0	0	0	0	0	0	0	0	0	0	0	0	0	0	0
49	A	T	ORF	S	NULL	0	0	0	0	0	0	0	0	0	0	0	0	0	0	0	0	0	0	0	0	0	0	0	0	0	0	0	0	0	0	0	0	0	0	0	0	0	0	0	0	0	0	0	0	0	0	0	0	0	0	0	0	0	0
50	A	T	ORF	S	NULL	0	0	0	0	0	0	0	0	0	0	0	0	0	0	0	0	0	0	0	0	0	0	0	0	0	0	0	0	0	0	0	0	0	0	0	0	0	0	0	0	0	0	0	0	0	0	0	0	0	0	0	0	0	0
51	A	T	ORF	S	NULL	0	0	0	0	0.0001	0.0001	0.0822673	0.509104	0.0001	0.0460552	0.0001	0.0001	0.0001	0.296025	0.0001	0.0494597	0.0001	0.618064	0.0248718	0.0001	0.0001	0.0001	0.0001	0.0001	0.0610509	0.0001	0.0599043	0.0672995	0.356033	0.82309	0.650458	0.0001	0.0001	0.0001	0.0001	0.0293112	0.16801	0.0001	0.0001	0.0001	0.0001	0.0311319	0.211269	0.0001	0.039484	0.147105	0.0001	0.711077	0.0248369	0.0001	0.111062	0.0722692	0.0001	0.99664
52	A	T	ORF	S	NULL	0	0	0	0	0.00447383	0.0344326	0.680556	0.000388436	0.0156669	0.13141	0.000203267	0.0001	0.591267	0.703284	0.000196414	0.386327	0.000198557	0.381242	0.616536	0.000195794	0.000194468	0.466414	0.000525301	0.00276463	0.000389228	0.00655944	0.0298504	0.00918968	0.000192804	0.000194504	0.00157261	0.0001	0.000277539	0.000194226	0.000201965	0.0174193	0.000281993	0.000201289	0.122409	0.000195729	0.00403062	0.0730947	0.0038874	0.00127296	0.0208825	0.513053	0.388111	0.000194093	0.0145583	0.930792	0.0548968	0.0485911	0.00225219	0.00035326
53	A	T	ORF	S	NULL	0	0	0	0	0.0666063	0.0102752	0.0858054	0.000321346	0.0813335	0.418257	0.000300037	1.00009	0.408191	0.0003	0.0003	0.0114367	0.549289	0.0003	0.00510437	0.0003	0.33419	0.0101161	0.000373015	0.00528751	0.484289	0.0218206	0.0120645	0.0257052	0.638224	0.0003	0.00295064	0.0003	0.423717	0.0332462	0.666298	0.103328	0.79976	0.798309	0.000318982	0.206261	0.476464	0.390131	0.12115	0.00350617	0.54061	0.0176487	0.00580114	0.28813	0.481381	0.00177097	0.0220867	0.0195619	0.00695873	0.0003
54	A	T	ORF	S	NULL	0	0	0	0	0.00356744	0.453449	0.000300001	0.470273	0.210103	0.0362092	0.368225	1.00009	0.408191	0.0003	0.305216	0.0114367	0.0003	0.0003	0.00510437	0.552249	0.911143	0.0884797	0.0933663	0.002311	0.484271	0.00922973	0.0120645	0.751642	0.638224	0.000300001	0.112057	0.0003	0.983638	0.0003	0.206204	0.0110086	0.565582	0.000300001	0.000300004	0.0003	0.46938	0.615501	0.0590947	0.427827	0.0139388	0.000568294	0.362706	0.23217	0.00931911	0.000816714	0.0220867	0.0195619	0.00299759	0.0003
55	A	T	ORF	S	NULL	0	0	0	0	0.4122	0.0704785	0.149171	0.000141352	0.00360527	0.403184	0.000100092	0.0001	0.0001	0.0001	0.0001	0.0897415	0.0001	0.0001	0.0001	0.0001	0.0001	0.00829945	0.683494	0.0873273	0.453187	0.0181532	0.0001	0.00279892	0.00504686	0.176065	0.00178262	0.0001	0.0001	0.0001	0.0001	0.0723499	0.0001	0.18607	0.778222	0.0001	0.00984437	0.0001	0.34552	0.425274	0.0001	0.000836572	0.00467924	0.0001	0.317561	0.00133282	0.0001	0.0001	0.488734	0.0001
56	A	T	ORF	S	NULL	0	0	0	0	0	0	0	0	0	0	0	0	0	0	0	0	0	0	0	0	0	0	0	0	0	0	0	0	0	0	0	0	0	0	0	0	0	0	0	0	0	0	0	0	0	0	0	0	0	0	0	0	0	0
57	A	T	ORF	S	NULL	0	0	0	0	0	0	0	0	0	0	0	0	0	0	0	0	0	0	0	0	0	0	0	0	0	0	0	0	0	0	0	0	0	0	0	0	0	0	0	0	0	0	0	0	0	0	0	0	0	0	0	0	0	0
58	A	T	ORF	S	NULL	0	0	0	0	0	0	0	0	0	0	0	0	0	0	0	0	0	0	0	0	0	0	0	0	0	0	0	0	0	0	0	0	0	0	0	0	0	0	0	0	0	0	0	0	0	0	0	0	0	0	0	0	0	0
59	A	T	ORF	S	NULL	0	0	0	0	0	0	0	0	0	0	0	0	0	0	0	0	0	0	0	0	0	0	0	0	0	0	0	0	0	0	0	0	0	0	0	0	0	0	0	0	0	0	0	0	0	0	0	0	0	0	0	0	0	0
60	A	T	ORF	S	NULL	0	0	0	0	0.00336744	0.453249	0.000100001	0.470073	0.133119	0.000100002	0.368025	0.0001	0.0001	0.0001	0.305016	0.0001	0.0001	0.0001	0.0001	0.552049	0.577053	0.0882797	0.0931663	0.002111	0.000100002	0.00902973	0.0001	0.746229	0.0001	0.000100001	0.111857	0.0001	0.575164	0.0001	0.206004	0.0001	0.0310925	0.000100001	0.000100004	0.0001	0.00520456	0.225469	0.00223158	0.427627	0.0001	0.000368294	0.362506	0.0001	0.000100001	0.000616714	0.0001	0.0001	0.00279759	0.0001
61	A	T	ORF	S	NULL	0	0	0	0	0	0	0	0	0	0	0	0	0	0	0	0	0	0	0	0	0	0	0	0	0	0	0	0	0	0	0	0	0	0	0	0	0	0	0	0	0	0	0	0	0	0	0	0	0	0	0	0	0	0
62	A	T	ORF	S	NULL	0	0	0	0	0	0	0	0	0	0	0	0	0	0	0	0	0	0	0	0	0	0	0	0	0	0	0	0	0	0	0	0	0	0	0	0	0	0	0	0	0	0	0	0	0	0	0	0	0	0	0	0	0	0
63	A	T	ORF	S	NULL	0	0	0	0	0	0	0	0	0	0	0	0	0	0	0	0	0	0	0	0	0	0	0	0	0	0	0	0	0	0	0	0	0	0	0	0	0	0	0	0	0	0	0	0	0	0	0	0	0	0	0	0	0	0
64	A	T	ORF	S	NULL	0	0	0	0	0	0	0	0	0	0	0	0	0	0	0	0	0	0	0	0	0	0	0	0	0	0	0	0	0	0	0	0	0	0	0	0	0	0	0	0	0	0	0	0	0	0	0	0	0	0	0	0	0	0
65	A	T	ORF	S	NULL	0	0	0	0	0.197647	0.0001	0.000235663	0.0192251	0.610229	0.000226945	0.631142	0.0001	0.000100143	0.000100614	0.000100276	0.155021	0.000100334	0.000100177	0.0775829	0.000100025	0.0001	0.0001	0.167326	0.713071	0.000224148	0.0001	0.444965	0.0454852	0.0001	0.000100165	0.155333	0.0001	0.000149028	0.000100451	0.000101092	0.669424	0.000152929	0.0151004	0.0982333	0.000100415	0.0001	0.0992992	0.120655	0.0001	0.215215	0.0001	0.0001	0.000100033	0.0696898	0.0001	0.346183	0.246422	0.0001	0.00118346
66	A	T	ORF	S	NULL	0	0	0	0	0.0001	0.0001	0.0822673	0.509104	0.0001	0.0460552	0.0001	0.0001	0.0001	0.296025	0.0001	0.0494597	0.0001	0.618064	0.0248718	0.0001	0.0001	0.0001	0.0001	0.0001	0.0610509	0.0001	0.0599043	0.0672995	0.356033	0.82309	0.650458	0.0001	0.0001	0.0001	0.0001	0.0293112	0.16801	0.0001	0.0001	0.0001	0.0001	0.0311319	0.211269	0.0001	0.039484	0.147105	0.0001	0.711077	0.0248369	0.0001	0.111062	0.0722692	0.0001	0.99664
67	A	T	ORF	S	NULL	0	0	0	0	0	0	0	0	0	0	0	0	0	0	0	0	0	0	0	0	0	0	0	0	0	0	0	0	0	0	0	0	0	0	0	0	0	0	0	0	0	0	0	0	0	0	0	0	0	0	0	0	0	0
68	A	T	ORF	S	NULL	0	0	0	0	0	0	0	0	0	0	0	0	0	0	0	0	0	0	0	0	0	0	0	0	0	0	0	0	0	0	0	0	0	0	0	0	0	0	0	0	0	0	0	0	0	0	0	0	0	0	0	0	0	0
69	A	T	ORF	S	NULL	0	0	0	0	0	0	0	0	0	0	0	0	0	0	0	0	0	0	0	0	0	0	0	0	0	0	0	0	0	0	0	0	0	0	0	0	0	0	0	0	0	0	0	0	0	0	0	0	0	0	0	0	0	0
70	A	T	ORF	S	NULL	0	0	0	0	0	0	0	0	0	0	0	0	0	0	0	0	0	0	0	0	0	0	0	0	0	0	0	0	0	0	0	0	0	0	0	0	0	0	0	0	0	0	0	0	0	0	0	0	0	0	0	0	0	0
71	A	T	ORF	S	NULL	0	0	0	0	0	0	0	0	0	0	0	0	0	0	0	0	0	0	0	0	0	0	0	0	0	0	0	0	0	0	0	0	0	0	0	0	0	0	0	0	0	0	0	0	0	0	0	0	0	0	0	0	0	0
72	A	T	ORF	S	NULL	0	0	0	0	0.00903958	0.00700594	0.00103983	0.000876827	0.00542978	0.000887032	0.000506311	0.0001	0.00048472	0.000489588	0.694579	0.170706	0.450553	0.000488346	0.208056	0.447547	0.0884997	0.0068623	0.0551572	0.0056242	0.00087842	0.0131947	0.289862	0.0184842	0.000485544	0.000488951	0.0032432	0.999992	0.000655033	0.966608	0.12752	0.0349523	0.000663938	0.000502515	0.000887484	0.793589	0.00814816	0.0672961	0.00786992	0.00264195	0.0858894	0.291112	0.00425164	0.000488124	0.0292284	0.00145673	0.161962	0.0973195	0.212592	0.00080669
73	A	T	ORF	S	NULL	0	0	0	0	0.197647	0.0001	0.000235663	0.0192251	0.610229	0.000226945	0.631142	0.0001	0.000100143	0.000100614	0.000100276	0.155021	0.000100334	0.000100177	0.0775829	0.000100025	0.0001	0.0001	0.167326	0.713071	0.000224148	0.0001	0.444965	0.0454852	0.0001	0.000100165	0.155333	0.0001	0.000149028	0.000100451	0.000101092	0.669424	0.000152929	0.0151004	0.0982333	0.000100415	0.0001	0.0992992	0.120655	0.0001	0.215215	0.0001	0.0001	0.000100033	0.0696898	0.0001	0.346183	0.246422	0.0001	0.00118346
74	A	T	ORF	S	NULL	0	0	0	0	0	0	0	0	0	0	0	0	0	0	0	0	0	0	0	0	0	0	0	0	0	0	0	0	0	0	0	0	0	0	0	0	0	0	0	0	0	0	0	0	0	0	0	0	0	0	0	0	0	0
75	A	T	ORF	S	NULL	0	0	0	0	0	0	0	0	0	0	0	0	0	0	0	0	0	0	0	0	0	0	0	0	0	0	0	0	0	0	0	0	0	0	0	0	0	0	0	0	0	0	0	0	0	0	0	0	0	0	0	0	0	0
76	A	T	ORF	S	NULL	0	0	0	0	0.0002	0.0002	0.0002	0.0002	0.0769842	0.0361092	0.0002	0.999993	0.408091	0.0002	0.0002	0.0113367	0.0002	0.0002	0.00500437	0.0002	0.33409	0.0002	0.0002	0.0002	0.484171	0.0002	0.0119645	0.00541338	0.638124	0.0002	0.0002	0.0002	0.408473	0.0002	0.0002	0.0109086	0.534489	0.0002	0.0002	0.0002	0.464175	0.390031	0.0568631	0.0002	0.0138388	0.0002	0.0002	0.23207	0.00921911	0.0002	0.0219867	0.0194619	0.0002	0.0002
77	A	T	ORF	S	NULL	0	0	0	0	0	0	0	0	0	0	0	0	0	0	0	0	0	0	0	0	0	0	0	0	0	0	0	0	0	0	0	0	0	0	0	0	0	0	0	0	0	0	0	0	0	0	0	0	0	0	0	0	0	0
78	A	T	ORF	S	NULL	0	0	0	0	0.306866	0.424759	0.00108978	0.0001	0.150675	0.000100001	0.0001	0.0001	0.0001	0.000100001	0.0001	0.13749	0.0001	0.0001	0.0680278	0.0001	0.0001	0.420229	0.000100001	0.184015	0.000100001	0.931443	0.163535	0.0848884	0.0001	0.0001	0.0730028	0.0001	0.0001	0.0001	0.0001	0.0732976	0.0001	0.0001	0.000100002	0.0001	0.496393	0.113769	0.187481	0.139879	0.0980109	0.0300757	0.234851	0.0001	0.0628264	0.0642305	0.303993	0.516019	0.286866	0.000935306
79	A	T	ORF	S	NULL	0	0	0	0	0.0002	0.0002	0.0002	0.0002	0.0769842	0.0361092	0.0002	0.999993	0.408091	0.0002	0.0002	0.0113367	0.0002	0.0002	0.00500437	0.0002	0.33409	0.0002	0.0002	0.0002	0.484171	0.0002	0.0119645	0.00541338	0.638124	0.0002	0.0002	0.0002	0.408473	0.0002	0.0002	0.0109086	0.534489	0.0002	0.0002	0.0002	0.464175	0.390031	0.0568631	0.0002	0.0138388	0.0002	0.0002	0.23207	0.00921911	0.0002	0.0219867	0.0194619	0.0002	0.0002
80	A	T	ORF	S	NULL	0	0	0	0	0	0	0	0	0	0	0	0	0	0	0	0	0	0	0	0	0	0	0	0	0	0	0	0	0	0	0	0	0	0	0	0	0	0	0	0	0	0	0	0	0	0	0	0	0	0	0	0	0	0
81	A	T	ORF	S	NULL	0	0	0	0	0.415567	0.523728	0.149271	0.470214	0.136724	0.403284	0.368125	0.0002	0.0002	0.0002	0.305116	0.0898415	0.0002	0.0002	0.0002	0.552149	0.577153	0.0965792	0.77666	0.0894383	0.453287	0.0271829	0.0002	0.749028	0.00514686	0.176165	0.113639	0.0002	0.575264	0.0002	0.206104	0.0724499	0.0311925	0.18617	0.778322	0.0002	0.0150489	0.225569	0.347752	0.852901	0.0002	0.00120487	0.367185	0.0002	0.317661	0.00194954	0.0002	0.0002	0.491531	0.0002
82	A	T	ORF	S	NULL	0	0	0	0	0.00447383	0.0344326	0.680556	0.000388436	0.0156669	0.13141	0.000203267	0.0001	0.591267	0.703284	0.000196414	0.386327	0.000198557	0.381242	0.616536	0.000195794	0.000194468	0.466414	0.000525301	0.00276463	0.000389228	0.00655944	0.0298504	0.00918968	0.000192804	0.000194504	0.00157261	0.0001	0.000277539	0.000194226	0.000201965	0.0174193	0.000281993	0.000201289	0.122409	0.000195729	0.00403062	0.0730947	0.0038874	0.00127296	0.0208825	0.513053	0.388111	0.000194093	0.0145583	0.930792	0.0548968	0.0485911	0.00225219	0.00035326
83	A	T	ORF	S	NULL	0	0	0	0	0	0	0	0	0	0	0	0	0	0	0	0	0	0	0	0	0	0	0	0	0	0	0	0	0	0	0	0	0	0	0	0	0	0	0	0	0	0	0	0	0	0	0	0	0	0	0	0	0	0
84	A	T	ORF	S	NULL	0	0	0	0	0.0001	0.0001	0.0822673	0.509104	0.0001	0.0460552	0.0001	0.0001	0.0001	0.296025	0.0001	0.0494597	0.0001	0.618064	0.0248718	0.0001	0.0001	0.0001	0.0001	0.0001	0.0610509	0.0001	0.0599043	0.0672995	0.356033	0.82309	0.650458	0.0001	0.0001	0.0001	0.0001	0.0293112	0.16801	0.0001	0.0001	0.0001	0.0001	0.0311319	0.211269	0.0001	0.039484	0.147105	0.0001	0.711077	0.0248369	0.0001	0.111062	0.0722692	0.0001	0.99664
85	A	T	ORF	S	NULL	0	0	0	0	0	0	0	0	0	0	0	0	0	0	0	0	0	0	0	0	0	0	0	0	0	0	0	0	0	0	0	0	0	0	0	0	0	0	0	0	0	0	0	0	0	0	0	0	0	0	0	0	0	0
86	A	T	ORF	S	NULL	0	0	0	0	0	0	0	0	0	0	0	0	0	0	0	0	0	0	0	0	0	0	0	0	0	0	0	0	0	0	0	0	0	0	0	0	0	0	0	0	0	0	0	0	0	0	0	0	0	0	0	0	0	0
87	A	T	ORF	S	NULL	0	0	0	0	0	0	0	0	0	0	0	0	0	0	0	0	0	0	0	0	0	0	0	0	0	0	0	0	0	0	0	0	0	0	0	0	0	0	0	0	0	0	0	0	0	0	0	0	0	0	0	0	0	0
88	A	T	ORF	S	NULL	0	0	0	0	0.719066	0.495237	0.150261	0.000241352	0.15428	0.403284	0.000200092	0.0002	0.000200001	0.000200001	0.0002	0.227232	0.0002	0.0002	0.0681278	0.0002	0.0002	0.428528	0.683594	0.271342	0.453287	0.949596	0.163635	0.0876873	0.00514686	0.176165	0.0747855	0.0002	0.0002	0.0002	0.0002	0.145647	0.0002	0.18617	0.778322	0.0002	0.506238	0.113869	0.533001	0.565152	0.0981109	0.0309122	0.23953	0.0002	0.380388	0.0655633	0.304093	0.516119	0.775599	0.00103531
89	A	T	ORF	S	NULL	0	0	0	0	0	0	0	0	0	0	0	0	0	0	0	0	0	0	0	0	0	0	0	0	0	0	0	0	0	0	0	0	0	0	0	0	0	0	0	0	0	0	0	0	0	0	0	0	0	0	0	0	0	0
90	A	T	ORF	S	NULL	0	0	0	0	0	0	0	0	0	0	0	0	0	0	0	0	0	0	0	0	0	0	0	0	0	0	0	0	0	0	0	0	0	0	0	0	0	0	0	0	0	0	0	0	0	0	0	0	0	0	0	0	0	0
91	A	T	ORF	S	NULL	0	0	0	0	0.306866	0.424759	0.00108978	0.0001	0.150675	0.000100001	0.0001	0.0001	0.0001	0.000100001	0.0001	0.13749	0.0001	0.0001	0.0680278	0.0001	0.0001	0.420229	0.000100001	0.184015	0.000100001	0.931443	0.163535	0.0848884	0.0001	0.0001	0.0730028	0.0001	0.0001	0.0001	0.0001	0.0732976	0.0001	0.0001	0.000100002	0.0001	0.496393	0.113769	0.187481	0.139879	0.0980109	0.0300757	0.234851	0.0001	0.0628264	0.0642305	0.303993	0.516019	0.286866	0.000935306
92	A	T	ORF	S	NULL	0	0	0	0	0	0	0	0	0	0	0	0	0	0	0	0	0	0	0	0	0	0	0	0	0	0	0	0	0	0	0	0	0	0	0	0	0	0	0	0	0	0	0	0	0	0	0	0	0	0	0	0	0	0
93	A	T	ORF	S	NULL	0	0	0	0	0	0	0	0	0	0	0	0	0	0	0	0	0	0	0	0	0	0	0	0	0	0	0	0	0	0	0	0	0	0	0	0	0	0	0	0	0	0	0	0	0	0	0	0	0	0	0	0	0	0
94	A	T	ORF	S	NULL	0	0	0	0	0	0	0	0	0	0	0	0	0	0	0	0	0	0	0	0	0	0	0	0	0	0	0	0	0	0	0	0	0	0	0	0	0	0	0	0	0	0	0	0	0	0	0	0	0	0	0	0	0	0
95	A	T	ORF	S	NULL	0	0	0	0	0	0	0	0	0	0	0	0	0	0	0	0	0	0	0	0	0	0	0	0	0	0	0	0	0	0	0	0	0	0	0	0	0	0	0	0	0	0	0	0	0	0	0	0	0	0	0	0	0	0
96	A	T	ORF	S	NULL	0	0	0	0	0	0	0	0	0	0	0	0	0	0	0	0	0	0	0	0	0	0	0	0	0	0	0	0	0	0	0	0	0	0	0	0	0	0	0	0	0	0	0	0	0	0	0	0	0	0	0	0	0	0
97	A	T	ORF	S	NULL	0	0	0	0	0	0	0	0	0	0	0	0	0	0	0	0	0	0	0	0	0	0	0	0	0	0	0	0	0	0	0	0	0	0	0	0	0	0	0	0	0	0	0	0	0	0	0	0	0	0	0	0	0	0
98	A	T	ORF	S	NULL	0	0	0	0	0.310233	0.878008	0.00118978	0.470173	0.283793	0.000200003	0.368125	0.0002	0.000200001	0.000200001	0.305116	0.13759	0.0002	0.0002	0.0681278	0.552149	0.577153	0.508509	0.0932663	0.186126	0.000200003	0.940473	0.163635	0.831117	0.0002	0.000200001	0.18486	0.0002	0.575264	0.0002	0.206104	0.0733976	0.0311925	0.000200001	0.000200006	0.0002	0.501598	0.339239	0.189712	0.567506	0.0981109	0.0304439	0.597357	0.0002	0.0629264	0.0648472	0.304093	0.516119	0.289663	0.00103531
99	A	T	ORF	S	NULL	0	0	0	0	0	0	0	0	0	0	0	0	0	0	0	0	0	0	0	0	0	0	0	0	0	0	0	0	0	0	0	0	0	0	0	0	0	0	0	0	0	0	0	0	0	0	0	0	0	0	0	0	0	0
100	A	T	ORF	S	NULL	0	0	0	0	0	0	0	0	0	0	0	0	0	0	0	0	0	0	0	0	0	0	0	0	0	0	0	0	0	0	0	0	0	0	0	0	0	0	0	0	0	0	0	0	0	0	0	0	0	0	0	0	0	0
