pos	ref	alt	gene	N/S	AA	nSRAsubclonal	nSRAclonal	nSRA	nConsensus	sample0|Earth	sample1|Earth	sample2|Earth	sample3|Earth	sample4|Earth	sample5|Earth	sample6|Earth	sample7|Earth	sample8|Earth	sample9|Earth	sample10|Earth	sample11|Earth	sample12|Earth	sample13|Earth	sample14|Earth	sample15|Earth	sample16|Earth	sample17|Earth	sample18|Earth	sample19|Earth	sample20|Earth	sample21|Earth	sample22|Earth	sample23|Earth	sample24|Earth	sample25|Earth	sample26|Earth	sample27|Earth	sample28|Earth	sample29|Earth	sample30|Earth	sample31|Earth	sample32|Earth	sample33|Earth	sample34|Earth	sample35|Earth	sample36|Earth	sample37|Earth	sample38|Earth	sample39|Earth	sample40|Earth	sample41|Earth	sample42|Earth	sample43|Earth	sample44|Earth	sample45|Earth	sample46|Earth	sample47|Earth	sample48|Earth	sample49|Earth
1	A	T	ORF	S	NULL	0	0	0	0	0	0	0	0	0	0	0	0	0	0	0	0	0	0	0	0	0	0	0	0	0	0	0	0	0	0	0	0	0	0	0	0	0	0	0	0	0	0	0	0	0	0	0	0	0	0	0	0	0	0
2	A	T	ORF	S	NULL	0	0	0	0	0	0	0	0	0	0	0	0	0	0	0	0	0	0	0	0	0	0	0	0	0	0	0	0	0	0	0	0	0	0	0	0	0	0	0	0	0	0	0	0	0	0	0	0	0	0	0	0	0	0
3	A	T	ORF	S	NULL	0	0	0	0	0.000100007	0.0001	0.0001	0.0001	0.000100031	0.0001	0.000100019	0.0001	0.0001	0.0001	0.0001	0.417077	0.0001	0.0001	0.211925	0.0001	0.0001	0.0001	0.000100006	0.000100004	0.000100001	0.0001	0.510183	0.0959909	0.000100001	0.0001	0.000100006	0.0001	0.0001	0.0001	0.0001	0.21617	0.0001	0.0001	0.000100004	0.0001	0.0001	0.270034	0.000100004	0.0001	0.294173	0.0001	0.0001	0.0001	0.18398	0.0001	0.947082	0.688252	0.0001	0.0031094
4	A	T	ORF	S	NULL	0	0	0	0	0	0	0	0	0	0	0	0	0	0	0	0	0	0	0	0	0	0	0	0	0	0	0	0	0	0	0	0	0	0	0	0	0	0	0	0	0	0	0	0	0	0	0	0	0	0	0	0	0	0
5	A	T	ORF	S	NULL	0	0	0	0	0	0	0	0	0	0	0	0	0	0	0	0	0	0	0	0	0	0	0	0	0	0	0	0	0	0	0	0	0	0	0	0	0	0	0	0	0	0	0	0	0	0	0	0	0	0	0	0	0	0
6	A	T	ORF	S	NULL	0	0	0	0	0.0001	0.449046	0.0001	0.470021	0.13121	0.0001	0.368	0.000100001	0.0001	0.0001	0.304993	0.0001	0.0001	0.0001	0.0001	0.552038	0.577038	0.0841152	0.0932009	0.0001	0.000100002	0.0001	0.0001	0.748281	0.000100004	0.0001	0.110988	0.0001	0.575153	0.0001	0.205995	0.0001	0.0310775	0.0001	0.0001	0.0001	0.000100002	0.234079	0.0001	0.426355	0.0001	0.0001	0.360228	0.0001	0.0001	0.0001	0.0001	0.0001	0.0001	0.0001
7	A	T	ORF	S	NULL	0	0	0	0	0	0	0	0	0	0	0	0	0	0	0	0	0	0	0	0	0	0	0	0	0	0	0	0	0	0	0	0	0	0	0	0	0	0	0	0	0	0	0	0	0	0	0	0	0	0	0	0	0	0
8	A	T	ORF	S	NULL	0	0	0	0	0	0	0	0	0	0	0	0	0	0	0	0	0	0	0	0	0	0	0	0	0	0	0	0	0	0	0	0	0	0	0	0	0	0	0	0	0	0	0	0	0	0	0	0	0	0	0	0	0	0
9	A	T	ORF	S	NULL	0	0	0	0	0	0	0	0	0	0	0	0	0	0	0	0	0	0	0	0	0	0	0	0	0	0	0	0	0	0	0	0	0	0	0	0	0	0	0	0	0	0	0	0	0	0	0	0	0	0	0	0	0	0
10	A	T	ORF	S	NULL	0	0	0	0	0	0	0	0	0	0	0	0	0	0	0	0	0	0	0	0	0	0	0	0	0	0	0	0	0	0	0	0	0	0	0	0	0	0	0	0	0	0	0	0	0	0	0	0	0	0	0	0	0	0
11	A	T	ORF	S	NULL	0	0	0	0	0	0	0	0	0	0	0	0	0	0	0	0	0	0	0	0	0	0	0	0	0	0	0	0	0	0	0	0	0	0	0	0	0	0	0	0	0	0	0	0	0	0	0	0	0	0	0	0	0	0
12	A	T	ORF	S	NULL	0	0	0	0	0	0	0	0	0	0	0	0	0	0	0	0	0	0	0	0	0	0	0	0	0	0	0	0	0	0	0	0	0	0	0	0	0	0	0	0	0	0	0	0	0	0	0	0	0	0	0	0	0	0
13	A	T	ORF	S	NULL	0	0	0	0	0.000100007	0.0001	0.000100011	0.0001	0.077184	0.0360482	0.000102068	0.999948	0.408038	0.0001	0.0001	0.0001	0.000100073	0.0001	0.0001	0.0001	0.334033	0.0001	0.0001	0.0001	0.484119	0.0001	0.0001	0.000100004	0.638136	0.0001	0.0001	0.0001	0.408429	0.000100004	0.000100082	0.000100012	0.534436	0.000100105	0.0001	0.000100025	0.466081	0.381071	0.0572793	0.000109907	0.000105683	0.000100002	0.0001	0.232058	0.000100064	0.0001	0.0001	0.0001	0.0001	0.0001
14	A	T	ORF	S	NULL	0	0	0	0	0.387774	0.456329	0.169174	0.509302	0.162411	0.428425	0.0003	0.0003	0.000300312	0.296269	0.0003	0.000300001	0.549299	0.618245	0.000300023	0.0003	0.0003	0.451453	0.000370887	0.198185	0.0613117	1.00016	0.000357534	0.138686	0.356223	0.823282	0.731177	0.0003	0.0154452	0.0332873	0.666353	0.112417	0.433373	0.798326	0.000376771	0.20631	0.533226	0.0272094	0.475292	0.150389	0.554431	0.196798	0.252354	0.767204	0.489363	0.0691641	0.000300001	0.311356	0.308151	0.996426
15	A	T	ORF	S	NULL	0	0	0	0	0	0	0	0	0	0	0	0	0	0	0	0	0	0	0	0	0	0	0	0	0	0	0	0	0	0	0	0	0	0	0	0	0	0	0	0	0	0	0	0	0	0	0	0	0	0	0	0	0	0
16	A	T	ORF	S	NULL	0	0	0	0	0	0	0	0	0	0	0	0	0	0	0	0	0	0	0	0	0	0	0	0	0	0	0	0	0	0	0	0	0	0	0	0	0	0	0	0	0	0	0	0	0	0	0	0	0	0	0	0	0	0
17	A	T	ORF	S	NULL	0	0	0	0	0.0583242	0.000153447	0.085499	0.000120163	0.0001	0.382235	0.0001	0.0001	0.000100312	0.0001	0.0001	0.0001	0.549099	0.0001	0.000100023	0.0001	0.0001	0.000100001	0.000170886	0.0001	0.0001	0.0001	0.000157534	0.0273109	0.0001	0.0001	0.0001	0.0001	0.0152452	0.0330873	0.666153	0.112217	0.26526	0.798126	0.000176771	0.20611	0.0001	0.0001	0.0572968	0.0001	0.554231	0.016513	0.000100001	0.0560389	0.489163	0.0001	0.0001	0.0001	0.000100026	0.0001
18	A	T	ORF	S	NULL	0	0	0	0	0.405288	0.0620983	0.149126	0.000254096	0.00023051	0.403171	0.0001	0.0001	0.0001	0.0001	0.000100145	0.110082	0.0001	0.0001	0.0001	0.0001	0.0001	0.00014259	0.683491	0.0830737	0.45326	0.0001	0.0001	0.00550002	0.00507504	0.17607	0.0001	0.0001	0.0001	0.0001	0.0001	0.0822335	0.000109277	0.18611	0.778194	0.0001	0.000103261	0.00016035	0.341147	0.422488	0.000201876	0.000149701	0.0001	0.0001	0.32608	0.0001	0.0001	0.0001	0.482979	0.0001
19	A	T	ORF	S	NULL	0	0	0	0	0	0	0	0	0	0	0	0	0	0	0	0	0	0	0	0	0	0	0	0	0	0	0	0	0	0	0	0	0	0	0	0	0	0	0	0	0	0	0	0	0	0	0	0	0	0	0	0	0	0
20	A	T	ORF	S	NULL	0	0	0	0	0	0	0	0	0	0	0	0	0	0	0	0	0	0	0	0	0	0	0	0	0	0	0	0	0	0	0	0	0	0	0	0	0	0	0	0	0	0	0	0	0	0	0	0	0	0	0	0	0	0
21	A	T	ORF	S	NULL	0	0	0	0	0.0583242	0.000153447	0.085499	0.000120163	0.0001	0.382235	0.0001	0.0001	0.000100312	0.0001	0.0001	0.0001	0.549099	0.0001	0.000100023	0.0001	0.0001	0.000100001	0.000170886	0.0001	0.0001	0.0001	0.000157534	0.0273109	0.0001	0.0001	0.0001	0.0001	0.0152452	0.0330873	0.666153	0.112217	0.26526	0.798126	0.000176771	0.20611	0.0001	0.0001	0.0572968	0.0001	0.554231	0.016513	0.000100001	0.0560389	0.489163	0.0001	0.0001	0.0001	0.000100026	0.0001
22	A	T	ORF	S	NULL	0	0	0	0	0.000109104	0.0001	0.082501	0.509082	0.0001	0.0460898	0.0001	0.0001	0.0001	0.296069	0.0001	0.0001	0.000100024	0.618045	0.0001	0.0001	0.0001	0.0001	0.0001	0.0001	0.0611117	0.0001	0.0001	0.0561555	0.356023	0.823082	0.653062	0.0001	0.0001	0.000100002	0.00010003	0.000100003	0.168013	0.000100043	0.0001	0.0001	0.0001	0.0001	0.218013	0.0001	0.000100028	0.148169	0.0001	0.711066	0.000100032	0.0001	0.0001	0.0001	0.0001	0.996226
23	A	T	ORF	S	NULL	0	0	0	0	0	0	0	0	0	0	0	0	0	0	0	0	0	0	0	0	0	0	0	0	0	0	0	0	0	0	0	0	0	0	0	0	0	0	0	0	0	0	0	0	0	0	0	0	0	0	0	0	0	0
24	A	T	ORF	S	NULL	0	0	0	0	0.206242	0.000262245	0.000343375	0.0196801	0.614431	0.000307876	0.631247	0.0002	0.0002	0.0002	0.0002	0.417231	0.0002	0.0002	0.212025	0.00020036	0.000271545	0.000357981	0.16741	0.718297	0.000307633	0.0002	0.768661	0.106232	0.000260543	0.000200534	0.157214	0.0002	0.000253228	0.0002	0.000273006	0.803741	0.000350582	0.0151824	0.0984425	0.0002	0.0002	0.270197	0.125405	0.000209909	0.399704	0.000379154	0.000303788	0.0002	0.184113	0.000256793	0.947182	0.688352	0.0002	0.0032094
25	A	T	ORF	S	NULL	0	0	0	0	0.329341	0.456075	0.00117419	0.0001	0.162211	0.0001	0.0001	0.0001	0.0001	0.0001	0.0001	0.0001	0.00010003	0.0001	0.0001	0.0001	0.0001	0.451253	0.0001	0.197985	0.0001	0.999962	0.0001	0.0552194	0.0001	0.0001	0.0780151	0.0001	0.0001	0.000100002	0.000100034	0.000100003	0.000100006	0.000100034	0.0001	0.0001	0.533026	0.0270094	0.199982	0.150189	0.000100024	0.0321162	0.252154	0.000100001	0.000100023	0.0689641	0.0001	0.311156	0.307951	0.0001
26	A	T	ORF	S	NULL	0	0	0	0	0	0	0	0	0	0	0	0	0	0	0	0	0	0	0	0	0	0	0	0	0	0	0	0	0	0	0	0	0	0	0	0	0	0	0	0	0	0	0	0	0	0	0	0	0	0	0	0	0	0
27	A	T	ORF	S	NULL	0	0	0	0	0	0	0	0	0	0	0	0	0	0	0	0	0	0	0	0	0	0	0	0	0	0	0	0	0	0	0	0	0	0	0	0	0	0	0	0	0	0	0	0	0	0	0	0	0	0	0	0	0	0
28	A	T	ORF	S	NULL	0	0	0	0	0	0	0	0	0	0	0	0	0	0	0	0	0	0	0	0	0	0	0	0	0	0	0	0	0	0	0	0	0	0	0	0	0	0	0	0	0	0	0	0	0	0	0	0	0	0	0	0	0	0
29	A	T	ORF	S	NULL	0	0	0	0	0.000100007	0.0001	0.0001	0.0001	0.000100031	0.0001	0.000100019	0.0001	0.0001	0.0001	0.0001	0.417077	0.0001	0.0001	0.211925	0.0001	0.0001	0.0001	0.000100006	0.000100004	0.000100001	0.0001	0.510183	0.0959909	0.000100001	0.0001	0.000100006	0.0001	0.0001	0.0001	0.0001	0.21617	0.0001	0.0001	0.000100004	0.0001	0.0001	0.270034	0.000100004	0.0001	0.294173	0.0001	0.0001	0.0001	0.18398	0.0001	0.947082	0.688252	0.0001	0.0031094
30	A	T	ORF	S	NULL	0	0	0	0	0.000109104	0.0001	0.082501	0.509082	0.0001	0.0460898	0.0001	0.0001	0.0001	0.296069	0.0001	0.0001	0.000100024	0.618045	0.0001	0.0001	0.0001	0.0001	0.0001	0.0001	0.0611117	0.0001	0.0001	0.0561555	0.356023	0.823082	0.653062	0.0001	0.0001	0.000100002	0.00010003	0.000100003	0.168013	0.000100043	0.0001	0.0001	0.0001	0.0001	0.218013	0.0001	0.000100028	0.148169	0.0001	0.711066	0.000100032	0.0001	0.0001	0.0001	0.0001	0.996226
31	A	T	ORF	S	NULL	0	0	0	0	0	0	0	0	0	0	0	0	0	0	0	0	0	0	0	0	0	0	0	0	0	0	0	0	0	0	0	0	0	0	0	0	0	0	0	0	0	0	0	0	0	0	0	0	0	0	0	0	0	0
32	A	T	ORF	S	NULL	0	0	0	0	0	0	0	0	0	0	0	0	0	0	0	0	0	0	0	0	0	0	0	0	0	0	0	0	0	0	0	0	0	0	0	0	0	0	0	0	0	0	0	0	0	0	0	0	0	0	0	0	0	0
33	A	T	ORF	S	NULL	0	0	0	0	0.0001	0.449046	0.0001	0.470021	0.13121	0.0001	0.368	0.000100001	0.0001	0.0001	0.304993	0.0001	0.0001	0.0001	0.0001	0.552038	0.577038	0.0841152	0.0932009	0.0001	0.000100002	0.0001	0.0001	0.748281	0.000100004	0.0001	0.110988	0.0001	0.575153	0.0001	0.205995	0.0001	0.0310775	0.0001	0.0001	0.0001	0.000100002	0.234079	0.0001	0.426355	0.0001	0.0001	0.360228	0.0001	0.0001	0.0001	0.0001	0.0001	0.0001	0.0001
34	A	T	ORF	S	NULL	0	0	0	0	0.329441	0.456175	0.00127419	0.0002	0.162312	0.0002	0.000200019	0.0002	0.0002	0.0002	0.0002	0.417177	0.00020003	0.0002	0.212025	0.0002	0.0002	0.451353	0.000200006	0.198085	0.000200001	1.00006	0.510283	0.15121	0.000200001	0.0002	0.0781151	0.0002	0.0002	0.000200002	0.000200034	0.21627	0.000200006	0.000200034	0.000200004	0.0002	0.533126	0.297043	0.200082	0.150289	0.294273	0.0322162	0.252254	0.000200001	0.18408	0.0690641	0.947182	0.999407	0.308051	0.0032094
35	A	T	ORF	S	NULL	0	0	0	0	0	0	0	0	0	0	0	0	0	0	0	0	0	0	0	0	0	0	0	0	0	0	0	0	0	0	0	0	0	0	0	0	0	0	0	0	0	0	0	0	0	0	0	0	0	0	0	0	0	0
36	A	T	ORF	S	NULL	0	0	0	0	0	0	0	0	0	0	0	0	0	0	0	0	0	0	0	0	0	0	0	0	0	0	0	0	0	0	0	0	0	0	0	0	0	0	0	0	0	0	0	0	0	0	0	0	0	0	0	0	0	0
37	A	T	ORF	S	NULL	0	0	0	0	0	0	0	0	0	0	0	0	0	0	0	0	0	0	0	0	0	0	0	0	0	0	0	0	0	0	0	0	0	0	0	0	0	0	0	0	0	0	0	0	0	0	0	0	0	0	0	0	0	0
38	A	T	ORF	S	NULL	0	0	0	0	0	0	0	0	0	0	0	0	0	0	0	0	0	0	0	0	0	0	0	0	0	0	0	0	0	0	0	0	0	0	0	0	0	0	0	0	0	0	0	0	0	0	0	0	0	0	0	0	0	0
39	A	T	ORF	S	NULL	0	0	0	0	0	0	0	0	0	0	0	0	0	0	0	0	0	0	0	0	0	0	0	0	0	0	0	0	0	0	0	0	0	0	0	0	0	0	0	0	0	0	0	0	0	0	0	0	0	0	0	0	0	0
40	A	T	ORF	S	NULL	0	0	0	0	0	0	0	0	0	0	0	0	0	0	0	0	0	0	0	0	0	0	0	0	0	0	0	0	0	0	0	0	0	0	0	0	0	0	0	0	0	0	0	0	0	0	0	0	0	0	0	0	0	0
41	A	T	ORF	S	NULL	0	0	0	0	0	0	0	0	0	0	0	0	0	0	0	0	0	0	0	0	0	0	0	0	0	0	0	0	0	0	0	0	0	0	0	0	0	0	0	0	0	0	0	0	0	0	0	0	0	0	0	0	0	0
42	A	T	ORF	S	NULL	0	0	0	0	0	0	0	0	0	0	0	0	0	0	0	0	0	0	0	0	0	0	0	0	0	0	0	0	0	0	0	0	0	0	0	0	0	0	0	0	0	0	0	0	0	0	0	0	0	0	0	0	0	0
43	A	T	ORF	S	NULL	0	0	0	0	0	0	0	0	0	0	0	0	0	0	0	0	0	0	0	0	0	0	0	0	0	0	0	0	0	0	0	0	0	0	0	0	0	0	0	0	0	0	0	0	0	0	0	0	0	0	0	0	0	0
44	A	T	ORF	S	NULL	0	0	0	0	0	0	0	0	0	0	0	0	0	0	0	0	0	0	0	0	0	0	0	0	0	0	0	0	0	0	0	0	0	0	0	0	0	0	0	0	0	0	0	0	0	0	0	0	0	0	0	0	0	0
45	A	T	ORF	S	NULL	0	0	0	0	0	0	0	0	0	0	0	0	0	0	0	0	0	0	0	0	0	0	0	0	0	0	0	0	0	0	0	0	0	0	0	0	0	0	0	0	0	0	0	0	0	0	0	0	0	0	0	0	0	0
46	A	T	ORF	S	NULL	0	0	0	0	0	0	0	0	0	0	0	0	0	0	0	0	0	0	0	0	0	0	0	0	0	0	0	0	0	0	0	0	0	0	0	0	0	0	0	0	0	0	0	0	0	0	0	0	0	0	0	0	0	0
47	A	T	ORF	S	NULL	0	0	0	0	0.0001	0.449046	0.0001	0.470021	0.13121	0.0001	0.368	0.000100001	0.0001	0.0001	0.304993	0.0001	0.0001	0.0001	0.0001	0.552038	0.577038	0.0841152	0.0932009	0.0001	0.000100002	0.0001	0.0001	0.748281	0.000100004	0.0001	0.110988	0.0001	0.575153	0.0001	0.205995	0.0001	0.0310775	0.0001	0.0001	0.0001	0.000100002	0.234079	0.0001	0.426355	0.0001	0.0001	0.360228	0.0001	0.0001	0.0001	0.0001	0.0001	0.0001	0.0001
48	A	T	ORF	S	NULL	0	0	0	0	0	0	0	0	0	0	0	0	0	0	0	0	0	0	0	0	0	0	0	0	0	0	0	0	0	0	0	0	0	0	0	0	0	0	0	0	0	0	0	0	0	0	0	0	0	0	0	0	0	0
49	A	T	ORF	S	NULL	0	0	0	0	0	0	0	0	0	0	0	0	0	0	0	0	0	0	0	0	0	0	0	0	0	0	0	0	0	0	0	0	0	0	0	0	0	0	0	0	0	0	0	0	0	0	0	0	0	0	0	0	0	0
50	A	T	ORF	S	NULL	0	0	0	0	0	0	0	0	0	0	0	0	0	0	0	0	0	0	0	0	0	0	0	0	0	0	0	0	0	0	0	0	0	0	0	0	0	0	0	0	0	0	0	0	0	0	0	0	0	0	0	0	0	0
51	A	T	ORF	S	NULL	0	0	0	0	0.000209111	0.0002	0.082601	0.509182	0.000200031	0.0461898	0.000200019	0.0002	0.0002	0.296169	0.0002	0.417177	0.000200024	0.618145	0.212025	0.0002	0.0002	0.0002	0.000200006	0.000200004	0.0612117	0.0002	0.510283	0.152146	0.356123	0.823182	0.653162	0.0002	0.0002	0.000200002	0.00020003	0.21627	0.168113	0.000200043	0.000200004	0.0002	0.0002	0.270134	0.218113	0.0002	0.294273	0.148269	0.0002	0.711166	0.18408	0.0002	0.947182	0.688352	0.0002	0.999335
52	A	T	ORF	S	NULL	0	0	0	0	0.0002318	0.0316912	0.680497	0.000239132	0.0134954	0.131379	0.000175009	0.0001	0.59125	0.703269	0.000173777	0.358197	0.000184698	0.381441	0.603973	0.000198287	0.000171556	0.463353	0.00051212	0.000354818	0.000362759	0.0001	0.000286348	0.000399121	0.000161787	0.000197191	0.000199578	0.0001	0.000281963	0.000177376	0.000173036	0.000873683	0.000250974	0.000181937	0.122347	0.000183178	0.000183663	0.0556943	0.000291984	0.000215227	0.000520878	0.512542	0.386402	0.000182977	0.000321829	0.930269	0.000360682	0.000136073	0.0001	0.000305496
53	A	T	ORF	S	NULL	0	0	0	0	0.0584242	0.000253447	0.0855991	0.000220163	0.077284	0.418283	0.000202068	1.00005	0.408139	0.0002	0.0002	0.0002	0.549199	0.0002	0.000200023	0.0002	0.334133	0.000200001	0.000270886	0.0002	0.484219	0.0002	0.000257534	0.027411	0.638236	0.0002	0.0002	0.0002	0.423675	0.0331873	0.666253	0.112317	0.799696	0.798226	0.000276771	0.20621	0.466181	0.381171	0.114576	0.000209907	0.554337	0.016613	0.000200001	0.288096	0.489263	0.0002	0.0002	0.0002	0.000200026	0.0002
54	A	T	ORF	S	NULL	0	0	0	0	0.000200007	0.449146	0.000200011	0.470121	0.208394	0.0361482	0.368102	1.00005	0.408138	0.0002	0.305093	0.0002	0.000200073	0.0002	0.0002	0.552138	0.911071	0.0842152	0.0933009	0.0002	0.484219	0.0002	0.0002	0.748381	0.638236	0.0002	0.111088	0.0002	0.983583	0.000200004	0.206095	0.000200012	0.565513	0.000200105	0.0002	0.000200025	0.466181	0.61515	0.0573793	0.426465	0.000205683	0.000200002	0.360328	0.232158	0.000200064	0.0002	0.0002	0.0002	0.0002	0.0002
55	A	T	ORF	S	NULL	0	0	0	0	0.405288	0.0620983	0.149126	0.000254096	0.00023051	0.403171	0.0001	0.0001	0.0001	0.0001	0.000100145	0.110082	0.0001	0.0001	0.0001	0.0001	0.0001	0.00014259	0.683491	0.0830737	0.45326	0.0001	0.0001	0.00550002	0.00507504	0.17607	0.0001	0.0001	0.0001	0.0001	0.0001	0.0822335	0.000109277	0.18611	0.778194	0.0001	0.000103261	0.00016035	0.341147	0.422488	0.000201876	0.000149701	0.0001	0.0001	0.32608	0.0001	0.0001	0.0001	0.482979	0.0001
56	A	T	ORF	S	NULL	0	0	0	0	0	0	0	0	0	0	0	0	0	0	0	0	0	0	0	0	0	0	0	0	0	0	0	0	0	0	0	0	0	0	0	0	0	0	0	0	0	0	0	0	0	0	0	0	0	0	0	0	0	0
57	A	T	ORF	S	NULL	0	0	0	0	0	0	0	0	0	0	0	0	0	0	0	0	0	0	0	0	0	0	0	0	0	0	0	0	0	0	0	0	0	0	0	0	0	0	0	0	0	0	0	0	0	0	0	0	0	0	0	0	0	0
58	A	T	ORF	S	NULL	0	0	0	0	0	0	0	0	0	0	0	0	0	0	0	0	0	0	0	0	0	0	0	0	0	0	0	0	0	0	0	0	0	0	0	0	0	0	0	0	0	0	0	0	0	0	0	0	0	0	0	0	0	0
59	A	T	ORF	S	NULL	0	0	0	0	0	0	0	0	0	0	0	0	0	0	0	0	0	0	0	0	0	0	0	0	0	0	0	0	0	0	0	0	0	0	0	0	0	0	0	0	0	0	0	0	0	0	0	0	0	0	0	0	0	0
60	A	T	ORF	S	NULL	0	0	0	0	0.0001	0.449046	0.0001	0.470021	0.13121	0.0001	0.368	0.000100001	0.0001	0.0001	0.304993	0.0001	0.0001	0.0001	0.0001	0.552038	0.577038	0.0841152	0.0932009	0.0001	0.000100002	0.0001	0.0001	0.748281	0.000100004	0.0001	0.110988	0.0001	0.575153	0.0001	0.205995	0.0001	0.0310775	0.0001	0.0001	0.0001	0.000100002	0.234079	0.0001	0.426355	0.0001	0.0001	0.360228	0.0001	0.0001	0.0001	0.0001	0.0001	0.0001	0.0001
61	A	T	ORF	S	NULL	0	0	0	0	0	0	0	0	0	0	0	0	0	0	0	0	0	0	0	0	0	0	0	0	0	0	0	0	0	0	0	0	0	0	0	0	0	0	0	0	0	0	0	0	0	0	0	0	0	0	0	0	0	0
62	A	T	ORF	S	NULL	0	0	0	0	0	0	0	0	0	0	0	0	0	0	0	0	0	0	0	0	0	0	0	0	0	0	0	0	0	0	0	0	0	0	0	0	0	0	0	0	0	0	0	0	0	0	0	0	0	0	0	0	0	0
63	A	T	ORF	S	NULL	0	0	0	0	0	0	0	0	0	0	0	0	0	0	0	0	0	0	0	0	0	0	0	0	0	0	0	0	0	0	0	0	0	0	0	0	0	0	0	0	0	0	0	0	0	0	0	0	0	0	0	0	0	0
64	A	T	ORF	S	NULL	0	0	0	0	0	0	0	0	0	0	0	0	0	0	0	0	0	0	0	0	0	0	0	0	0	0	0	0	0	0	0	0	0	0	0	0	0	0	0	0	0	0	0	0	0	0	0	0	0	0	0	0	0	0
65	A	T	ORF	S	NULL	0	0	0	0	0.206142	0.000162245	0.000243375	0.0195801	0.614331	0.000207876	0.631147	0.0001	0.0001	0.0001	0.0001	0.000153719	0.0001	0.0001	0.0001	0.00010036	0.000171545	0.000257981	0.16731	0.718197	0.000207632	0.0001	0.258478	0.0102409	0.000160541	0.000100534	0.157114	0.0001	0.000153228	0.0001	0.000173006	0.58757	0.000250582	0.0150824	0.0983425	0.0001	0.0001	0.000163047	0.125305	0.000109909	0.105531	0.000279154	0.000203788	0.0001	0.000133037	0.000156793	0.0001	0.0001	0.0001	0.0001
66	A	T	ORF	S	NULL	0	0	0	0	0.000109104	0.0001	0.082501	0.509082	0.0001	0.0460898	0.0001	0.0001	0.0001	0.296069	0.0001	0.0001	0.000100024	0.618045	0.0001	0.0001	0.0001	0.0001	0.0001	0.0001	0.0611117	0.0001	0.0001	0.0561555	0.356023	0.823082	0.653062	0.0001	0.0001	0.000100002	0.00010003	0.000100003	0.168013	0.000100043	0.0001	0.0001	0.0001	0.0001	0.218013	0.0001	0.000100028	0.148169	0.0001	0.711066	0.000100032	0.0001	0.0001	0.0001	0.0001	0.996226
67	A	T	ORF	S	NULL	0	0	0	0	0	0	0	0	0	0	0	0	0	0	0	0	0	0	0	0	0	0	0	0	0	0	0	0	0	0	0	0	0	0	0	0	0	0	0	0	0	0	0	0	0	0	0	0	0	0	0	0	0	0
68	A	T	ORF	S	NULL	0	0	0	0	0	0	0	0	0	0	0	0	0	0	0	0	0	0	0	0	0	0	0	0	0	0	0	0	0	0	0	0	0	0	0	0	0	0	0	0	0	0	0	0	0	0	0	0	0	0	0	0	0	0
69	A	T	ORF	S	NULL	0	0	0	0	0	0	0	0	0	0	0	0	0	0	0	0	0	0	0	0	0	0	0	0	0	0	0	0	0	0	0	0	0	0	0	0	0	0	0	0	0	0	0	0	0	0	0	0	0	0	0	0	0	0
70	A	T	ORF	S	NULL	0	0	0	0	0	0	0	0	0	0	0	0	0	0	0	0	0	0	0	0	0	0	0	0	0	0	0	0	0	0	0	0	0	0	0	0	0	0	0	0	0	0	0	0	0	0	0	0	0	0	0	0	0	0
71	A	T	ORF	S	NULL	0	0	0	0	0.000100007	0.0001	0.0001	0.0001	0.000100031	0.0001	0.000100019	0.0001	0.0001	0.0001	0.0001	0.417077	0.0001	0.0001	0.211925	0.0001	0.0001	0.0001	0.000100006	0.000100004	0.000100001	0.0001	0.510183	0.0959909	0.000100001	0.0001	0.000100006	0.0001	0.0001	0.0001	0.0001	0.21617	0.0001	0.0001	0.000100004	0.0001	0.0001	0.270034	0.000100004	0.0001	0.294173	0.0001	0.0001	0.0001	0.18398	0.0001	0.947082	0.688252	0.0001	0.0031094
72	A	T	ORF	S	NULL	0	0	0	0	0.000563522	0.000687415	0.000930086	0.000578187	0.00108766	0.000826995	0.000449921	0.000100001	0.000458447	0.000468878	0.694525	0.11442	0.450519	0.000393954	0.184102	0.447546	0.0884527	0.000695013	0.0551302	0.000354807	0.000825459	0.0001	0.230698	0.000898188	0.00042347	0.000494294	0.000499069	0.999988	0.000663858	0.966562	0.12746	0.000873672	0.000601874	0.000463781	0.000765366	0.793554	0.000467233	0.0316909	0.000683901	0.000530372	0.0451466	0.290094	0.000811995	0.00046586	0.00032182	0.000413551	0.0523664	0.000372027	0.20907	0.000305492
73	A	T	ORF	S	NULL	0	0	0	0	0.206142	0.000162245	0.000243375	0.0195801	0.614331	0.000207876	0.631147	0.0001	0.0001	0.0001	0.0001	0.000153719	0.0001	0.0001	0.0001	0.00010036	0.000171545	0.000257981	0.16731	0.718197	0.000207632	0.0001	0.258478	0.0102409	0.000160541	0.000100534	0.157114	0.0001	0.000153228	0.0001	0.000173006	0.58757	0.000250582	0.0150824	0.0983425	0.0001	0.0001	0.000163047	0.125305	0.000109909	0.105531	0.000279154	0.000203788	0.0001	0.000133037	0.000156793	0.0001	0.0001	0.0001	0.0001
74	A	T	ORF	S	NULL	0	0	0	0	0	0	0	0	0	0	0	0	0	0	0	0	0	0	0	0	0	0	0	0	0	0	0	0	0	0	0	0	0	0	0	0	0	0	0	0	0	0	0	0	0	0	0	0	0	0	0	0	0	0
75	A	T	ORF	S	NULL	0	0	0	0	0	0	0	0	0	0	0	0	0	0	0	0	0	0	0	0	0	0	0	0	0	0	0	0	0	0	0	0	0	0	0	0	0	0	0	0	0	0	0	0	0	0	0	0	0	0	0	0	0	0
76	A	T	ORF	S	NULL	0	0	0	0	0.000100007	0.0001	0.000100011	0.0001	0.077184	0.0360482	0.000102068	0.999948	0.408038	0.0001	0.0001	0.0001	0.000100073	0.0001	0.0001	0.0001	0.334033	0.0001	0.0001	0.0001	0.484119	0.0001	0.0001	0.000100004	0.638136	0.0001	0.0001	0.0001	0.408429	0.000100004	0.000100082	0.000100012	0.534436	0.000100105	0.0001	0.000100025	0.466081	0.381071	0.0572793	0.000109907	0.000105683	0.000100002	0.0001	0.232058	0.000100064	0.0001	0.0001	0.0001	0.0001	0.0001
77	A	T	ORF	S	NULL	0	0	0	0	0	0	0	0	0	0	0	0	0	0	0	0	0	0	0	0	0	0	0	0	0	0	0	0	0	0	0	0	0	0	0	0	0	0	0	0	0	0	0	0	0	0	0	0	0	0	0	0	0	0
78	A	T	ORF	S	NULL	0	0	0	0	0.329341	0.456075	0.00117419	0.0001	0.162211	0.0001	0.0001	0.0001	0.0001	0.0001	0.0001	0.0001	0.00010003	0.0001	0.0001	0.0001	0.0001	0.451253	0.0001	0.197985	0.0001	0.999962	0.0001	0.0552194	0.0001	0.0001	0.0780151	0.0001	0.0001	0.000100002	0.000100034	0.000100003	0.000100006	0.000100034	0.0001	0.0001	0.533026	0.0270094	0.199982	0.150189	0.000100024	0.0321162	0.252154	0.000100001	0.000100023	0.0689641	0.0001	0.311156	0.307951	0.0001
79	A	T	ORF	S	NULL	0	0	0	0	0.000100007	0.0001	0.000100011	0.0001	0.077184	0.0360482	0.000102068	0.999948	0.408038	0.0001	0.0001	0.0001	0.000100073	0.0001	0.0001	0.0001	0.334033	0.0001	0.0001	0.0001	0.484119	0.0001	0.0001	0.000100004	0.638136	0.0001	0.0001	0.0001	0.408429	0.000100004	0.000100082	0.000100012	0.534436	0.000100105	0.0001	0.000100025	0.466081	0.381071	0.0572793	0.000109907	0.000105683	0.000100002	0.0001	0.232058	0.000100064	0.0001	0.0001	0.0001	0.0001	0.0001
80	A	T	ORF	S	NULL	0	0	0	0	0	0	0	0	0	0	0	0	0	0	0	0	0	0	0	0	0	0	0	0	0	0	0	0	0	0	0	0	0	0	0	0	0	0	0	0	0	0	0	0	0	0	0	0	0	0	0	0	0	0
81	A	T	ORF	S	NULL	0	0	0	0	0.405388	0.511145	0.149226	0.470275	0.131441	0.403271	0.3681	0.000200001	0.0002	0.0002	0.305093	0.110182	0.0002	0.0002	0.0002	0.552138	0.577138	0.0842578	0.776692	0.0831737	0.45336	0.0002	0.0002	0.753781	0.00517504	0.17617	0.111088	0.0002	0.575253	0.0002	0.206095	0.0823335	0.0311868	0.18621	0.778294	0.0002	0.000203262	0.234239	0.341247	0.848843	0.000301876	0.000249701	0.360328	0.0002	0.32618	0.0002	0.0002	0.0002	0.483079	0.0002
82	A	T	ORF	S	NULL	0	0	0	0	0.0002318	0.0316912	0.680497	0.000239132	0.0134954	0.131379	0.000175009	0.0001	0.59125	0.703269	0.000173777	0.358197	0.000184698	0.381441	0.603973	0.000198287	0.000171556	0.463353	0.00051212	0.000354818	0.000362759	0.0001	0.000286348	0.000399121	0.000161787	0.000197191	0.000199578	0.0001	0.000281963	0.000177376	0.000173036	0.000873683	0.000250974	0.000181937	0.122347	0.000183178	0.000183663	0.0556943	0.000291984	0.000215227	0.000520878	0.512542	0.386402	0.000182977	0.000321829	0.930269	0.000360682	0.000136073	0.0001	0.000305496
83	A	T	ORF	S	NULL	0	0	0	0	0	0	0	0	0	0	0	0	0	0	0	0	0	0	0	0	0	0	0	0	0	0	0	0	0	0	0	0	0	0	0	0	0	0	0	0	0	0	0	0	0	0	0	0	0	0	0	0	0	0
84	A	T	ORF	S	NULL	0	0	0	0	0.000109104	0.0001	0.082501	0.509082	0.0001	0.0460898	0.0001	0.0001	0.0001	0.296069	0.0001	0.0001	0.000100024	0.618045	0.0001	0.0001	0.0001	0.0001	0.0001	0.0001	0.0611117	0.0001	0.0001	0.0561555	0.356023	0.823082	0.653062	0.0001	0.0001	0.000100002	0.00010003	0.000100003	0.168013	0.000100043	0.0001	0.0001	0.0001	0.0001	0.218013	0.0001	0.000100028	0.148169	0.0001	0.711066	0.000100032	0.0001	0.0001	0.0001	0.0001	0.996226
85	A	T	ORF	S	NULL	0	0	0	0	0	0	0	0	0	0	0	0	0	0	0	0	0	0	0	0	0	0	0	0	0	0	0	0	0	0	0	0	0	0	0	0	0	0	0	0	0	0	0	0	0	0	0	0	0	0	0	0	0	0
86	A	T	ORF	S	NULL	0	0	0	0	0	0	0	0	0	0	0	0	0	0	0	0	0	0	0	0	0	0	0	0	0	0	0	0	0	0	0	0	0	0	0	0	0	0	0	0	0	0	0	0	0	0	0	0	0	0	0	0	0	0
87	A	T	ORF	S	NULL	0	0	0	0	0	0	0	0	0	0	0	0	0	0	0	0	0	0	0	0	0	0	0	0	0	0	0	0	0	0	0	0	0	0	0	0	0	0	0	0	0	0	0	0	0	0	0	0	0	0	0	0	0	0
88	A	T	ORF	S	NULL	0	0	0	0	0.734629	0.518174	0.1503	0.000354096	0.162442	0.403271	0.0002	0.0002	0.0002	0.0002	0.000200145	0.110182	0.000200031	0.0002	0.0002	0.0002	0.0002	0.451395	0.683591	0.281059	0.45336	1.00006	0.0002	0.0607194	0.00517504	0.17617	0.0781151	0.0002	0.0002	0.000200002	0.000200034	0.0823335	0.000209283	0.18621	0.778294	0.0002	0.53313	0.0271698	0.541129	0.572677	0.0003019	0.0322659	0.252254	0.000200001	0.32618	0.0690641	0.0002	0.311256	0.79093	0.0002
89	A	T	ORF	S	NULL	0	0	0	0	0	0	0	0	0	0	0	0	0	0	0	0	0	0	0	0	0	0	0	0	0	0	0	0	0	0	0	0	0	0	0	0	0	0	0	0	0	0	0	0	0	0	0	0	0	0	0	0	0	0
90	A	T	ORF	S	NULL	0	0	0	0	0	0	0	0	0	0	0	0	0	0	0	0	0	0	0	0	0	0	0	0	0	0	0	0	0	0	0	0	0	0	0	0	0	0	0	0	0	0	0	0	0	0	0	0	0	0	0	0	0	0
91	A	T	ORF	S	NULL	0	0	0	0	0.329341	0.456075	0.00117419	0.0001	0.162211	0.0001	0.0001	0.0001	0.0001	0.0001	0.0001	0.0001	0.00010003	0.0001	0.0001	0.0001	0.0001	0.451253	0.0001	0.197985	0.0001	0.999962	0.0001	0.0552194	0.0001	0.0001	0.0780151	0.0001	0.0001	0.000100002	0.000100034	0.000100003	0.000100006	0.000100034	0.0001	0.0001	0.533026	0.0270094	0.199982	0.150189	0.000100024	0.0321162	0.252154	0.000100001	0.000100023	0.0689641	0.0001	0.311156	0.307951	0.0001
92	A	T	ORF	S	NULL	0	0	0	0	0	0	0	0	0	0	0	0	0	0	0	0	0	0	0	0	0	0	0	0	0	0	0	0	0	0	0	0	0	0	0	0	0	0	0	0	0	0	0	0	0	0	0	0	0	0	0	0	0	0
93	A	T	ORF	S	NULL	0	0	0	0	0	0	0	0	0	0	0	0	0	0	0	0	0	0	0	0	0	0	0	0	0	0	0	0	0	0	0	0	0	0	0	0	0	0	0	0	0	0	0	0	0	0	0	0	0	0	0	0	0	0
94	A	T	ORF	S	NULL	0	0	0	0	0	0	0	0	0	0	0	0	0	0	0	0	0	0	0	0	0	0	0	0	0	0	0	0	0	0	0	0	0	0	0	0	0	0	0	0	0	0	0	0	0	0	0	0	0	0	0	0	0	0
95	A	T	ORF	S	NULL	0	0	0	0	0	0	0	0	0	0	0	0	0	0	0	0	0	0	0	0	0	0	0	0	0	0	0	0	0	0	0	0	0	0	0	0	0	0	0	0	0	0	0	0	0	0	0	0	0	0	0	0	0	0
96	A	T	ORF	S	NULL	0	0	0	0	0	0	0	0	0	0	0	0	0	0	0	0	0	0	0	0	0	0	0	0	0	0	0	0	0	0	0	0	0	0	0	0	0	0	0	0	0	0	0	0	0	0	0	0	0	0	0	0	0	0
97	A	T	ORF	S	NULL	0	0	0	0	0	0	0	0	0	0	0	0	0	0	0	0	0	0	0	0	0	0	0	0	0	0	0	0	0	0	0	0	0	0	0	0	0	0	0	0	0	0	0	0	0	0	0	0	0	0	0	0	0	0
98	A	T	ORF	S	NULL	0	0	0	0	0.329441	0.905122	0.00127419	0.470121	0.293422	0.0002	0.3681	0.000200001	0.0002	0.0002	0.305093	0.0002	0.00020003	0.0002	0.0002	0.552138	0.577138	0.535368	0.0933009	0.198085	0.000200002	1.00006	0.0002	0.8035	0.000200004	0.0002	0.189003	0.0002	0.575253	0.000200002	0.206095	0.000200003	0.0311775	0.000200034	0.0002	0.0002	0.533126	0.261088	0.200082	0.576544	0.000200024	0.0322162	0.612382	0.000200001	0.000200023	0.0690641	0.0002	0.311256	0.308051	0.0002
99	A	T	ORF	S	NULL	0	0	0	0	0	0	0	0	0	0	0	0	0	0	0	0	0	0	0	0	0	0	0	0	0	0	0	0	0	0	0	0	0	0	0	0	0	0	0	0	0	0	0	0	0	0	0	0	0	0	0	0	0	0
100	A	T	ORF	S	NULL	0	0	0	0	0	0	0	0	0	0	0	0	0	0	0	0	0	0	0	0	0	0	0	0	0	0	0	0	0	0	0	0	0	0	0	0	0	0	0	0	0	0	0	0	0	0	0	0	0	0	0	0	0	0
