pos	ref	alt	gene	N/S	AA	nSRAsubclonal	nSRAclonal	nSRA	nConsensus	sample0|Earth	sample1|Earth	sample2|Earth	sample3|Earth	sample4|Earth	sample5|Earth	sample6|Earth	sample7|Earth	sample8|Earth	sample9|Earth	sample10|Earth	sample11|Earth	sample12|Earth	sample13|Earth	sample14|Earth	sample15|Earth	sample16|Earth	sample17|Earth	sample18|Earth	sample19|Earth	sample20|Earth	sample21|Earth	sample22|Earth	sample23|Earth	sample24|Earth	sample25|Earth	sample26|Earth	sample27|Earth	sample28|Earth	sample29|Earth	sample30|Earth	sample31|Earth	sample32|Earth	sample33|Earth	sample34|Earth	sample35|Earth	sample36|Earth	sample37|Earth	sample38|Earth	sample39|Earth	sample40|Earth	sample41|Earth	sample42|Earth	sample43|Earth	sample44|Earth	sample45|Earth	sample46|Earth	sample47|Earth	sample48|Earth	sample49|Earth
1	A	T	ORF	S	NULL	0	0	0	0	0	0	0	0	0	0	0	0	0	0	0	0	0	0	0	0	0	0	0	0	0	0	0	0	0	0	0	0	0	0	0	0	0	0	0	0	0	0	0	0	0	0	0	0	0	0	0	0	0	0
2	A	T	ORF	S	NULL	0	0	0	0	0	0	0	0	0	0	0	0	0	0	0	0	0	0	0	0	0	0	0	0	0	0	0	0	0	0	0	0	0	0	0	0	0	0	0	0	0	0	0	0	0	0	0	0	0	0	0	0	0	0
3	A	T	ORF	S	NULL	0	0	0	0	0.999928	0.14404	0.310929	0.325585	0.0001	0.0001	0.0001	0.0001	0.522944	0.0001	0.0001	0.0001	0.283108	0.412935	0.0001	0.364929	0.151017	0.00178237	0.00690555	0.0001	0.628034	0.0683247	0.696954	0.0795382	0.0001	0.0001	0.0001	0.0969645	0.0001	0.999928	0.841155	0.0001	0.0001	0.274931	0.0001	0.11506	0.0001	0.0299023	0.0001	0.0001	0.0769059	0.0629122	0.0319027	0.0226966	0.136084	0.201089	0.200089	0.0520754	0.0100011	0.256072
4	A	T	ORF	S	NULL	0	0	0	0	0	0	0	0	0	0	0	0	0	0	0	0	0	0	0	0	0	0	0	0	0	0	0	0	0	0	0	0	0	0	0	0	0	0	0	0	0	0	0	0	0	0	0	0	0	0	0	0	0	0
5	A	T	ORF	S	NULL	0	0	0	0	0	0	0	0	0	0	0	0	0	0	0	0	0	0	0	0	0	0	0	0	0	0	0	0	0	0	0	0	0	0	0	0	0	0	0	0	0	0	0	0	0	0	0	0	0	0	0	0	0	0
6	A	T	ORF	S	NULL	0	0	0	0	0	0	0	0	0	0	0	0	0	0	0	0	0	0	0	0	0	0	0	0	0	0	0	0	0	0	0	0	0	0	0	0	0	0	0	0	0	0	0	0	0	0	0	0	0	0	0	0	0	0
7	A	T	ORF	S	NULL	0	0	0	0	0	0	0	0	0	0	0	0	0	0	0	0	0	0	0	0	0	0	0	0	0	0	0	0	0	0	0	0	0	0	0	0	0	0	0	0	0	0	0	0	0	0	0	0	0	0	0	0	0	0
8	A	T	ORF	S	NULL	0	0	0	0	0	0	0	0	0	0	0	0	0	0	0	0	0	0	0	0	0	0	0	0	0	0	0	0	0	0	0	0	0	0	0	0	0	0	0	0	0	0	0	0	0	0	0	0	0	0	0	0	0	0
9	A	T	ORF	S	NULL	0	0	0	0	0	0	0	0	0	0	0	0	0	0	0	0	0	0	0	0	0	0	0	0	0	0	0	0	0	0	0	0	0	0	0	0	0	0	0	0	0	0	0	0	0	0	0	0	0	0	0	0	0	0
10	A	T	ORF	S	NULL	0	0	0	0	0	0	0	0	0	0	0	0	0	0	0	0	0	0	0	0	0	0	0	0	0	0	0	0	0	0	0	0	0	0	0	0	0	0	0	0	0	0	0	0	0	0	0	0	0	0	0	0	0	0
11	A	T	ORF	S	NULL	0	0	0	0	0	0	0	0	0	0	0	0	0	0	0	0	0	0	0	0	0	0	0	0	0	0	0	0	0	0	0	0	0	0	0	0	0	0	0	0	0	0	0	0	0	0	0	0	0	0	0	0	0	0
12	A	T	ORF	S	NULL	0	0	0	0	0.999928	0.14404	0.310929	0.325585	0.0001	0.0001	0.0001	0.0001	0.522944	0.0001	0.0001	0.0001	0.283108	0.412935	0.0001	0.364929	0.151017	0.00178237	0.00690555	0.0001	0.628034	0.0683247	0.696954	0.0795382	0.0001	0.0001	0.0001	0.0969645	0.0001	0.999928	0.841155	0.0001	0.0001	0.274931	0.0001	0.11506	0.0001	0.0299023	0.0001	0.0001	0.0769059	0.0629122	0.0319027	0.0226966	0.136084	0.201089	0.200089	0.0520754	0.0100011	0.256072
13	A	T	ORF	S	NULL	0	0	0	0	0	0	0	0	0	0	0	0	0	0	0	0	0	0	0	0	0	0	0	0	0	0	0	0	0	0	0	0	0	0	0	0	0	0	0	0	0	0	0	0	0	0	0	0	0	0	0	0	0	0
14	A	T	ORF	S	NULL	0	0	0	0	0	0	0	0	0	0	0	0	0	0	0	0	0	0	0	0	0	0	0	0	0	0	0	0	0	0	0	0	0	0	0	0	0	0	0	0	0	0	0	0	0	0	0	0	0	0	0	0	0	0
15	A	T	ORF	S	NULL	0	0	0	0	0	0	0	0	0	0	0	0	0	0	0	0	0	0	0	0	0	0	0	0	0	0	0	0	0	0	0	0	0	0	0	0	0	0	0	0	0	0	0	0	0	0	0	0	0	0	0	0	0	0
16	A	T	ORF	S	NULL	0	0	0	0	0	0	0	0	0	0	0	0	0	0	0	0	0	0	0	0	0	0	0	0	0	0	0	0	0	0	0	0	0	0	0	0	0	0	0	0	0	0	0	0	0	0	0	0	0	0	0	0	0	0
17	A	T	ORF	S	NULL	0	0	0	0	0	0	0	0	0	0	0	0	0	0	0	0	0	0	0	0	0	0	0	0	0	0	0	0	0	0	0	0	0	0	0	0	0	0	0	0	0	0	0	0	0	0	0	0	0	0	0	0	0	0
18	A	T	ORF	S	NULL	0	0	0	0	0	0	0	0	0	0	0	0	0	0	0	0	0	0	0	0	0	0	0	0	0	0	0	0	0	0	0	0	0	0	0	0	0	0	0	0	0	0	0	0	0	0	0	0	0	0	0	0	0	0
19	A	T	ORF	S	NULL	0	0	0	0	0	0	0	0	0	0	0	0	0	0	0	0	0	0	0	0	0	0	0	0	0	0	0	0	0	0	0	0	0	0	0	0	0	0	0	0	0	0	0	0	0	0	0	0	0	0	0	0	0	0
20	A	T	ORF	S	NULL	0	0	0	0	0.0001	0.11804	0.688551	0.621664	0.944103	0.0885119	0.00965443	0.92326	0.0001	0.0001	0.276461	0.656817	0.0001	0.0001	0.76323	0.0001	0.297226	0.747469	0.607807	0.444807	0.31197	0.200149	0.270449	0.471336	0.469272	1	0.546059	0.364599	0.317014	0.0001	0.0001	0.462335	0.0802916	0.0905615	0.0946467	0.252414	0.878336	0.222612	0.986751	0.89589	0.766272	0.678466	0.0001	0.46361	0.609022	0.0001	0.413115	0.575329	0.136242	0.0001
21	A	T	ORF	S	NULL	0	0	0	0	0.0001	0.0001	0.0001	0.0527514	0.0001	0.0001	0.0001	0.0708993	0.475925	0.4981	0.723539	0.343183	0.0001	0.585932	0.0001	0.0001	0.249127	0.215007	0.238922	0.0001	0.0001	0.131329	0.0001	0.0748226	0.0001	0.0001	0.0603817	0.452021	0.644939	0.0001	0.0001	0.452925	0.0001	0.602949	0.0001	0.0001	0.0001	0.730944	0.0132489	0.0001	0.0979048	0.0249143	0.966954	0.0719401	0.213871	0.0001	0.155868	0.124859	0.698038	0.0001
22	A	T	ORF	S	NULL	0	0	0	0	0	0	0	0	0	0	0	0	0	0	0	0	0	0	0	0	0	0	0	0	0	0	0	0	0	0	0	0	0	0	0	0	0	0	0	0	0	0	0	0	0	0	0	0	0	0	0	0	0	0
23	A	T	ORF	S	NULL	0	0	0	0	0	0	0	0	0	0	0	0	0	0	0	0	0	0	0	0	0	0	0	0	0	0	0	0	0	0	0	0	0	0	0	0	0	0	0	0	0	0	0	0	0	0	0	0	0	0	0	0	0	0
24	A	T	ORF	S	NULL	0	0	0	0	0.0001	0.11804	0.688551	0.621664	0.944103	0.0885119	0.00965443	0.92326	0.0001	0.0001	0.276461	0.656817	0.0001	0.0001	0.76323	0.0001	0.297226	0.747469	0.607807	0.444807	0.31197	0.200149	0.270449	0.471336	0.469272	1	0.546059	0.364599	0.317014	0.0001	0.0001	0.462335	0.0802916	0.0905615	0.0946467	0.252414	0.878336	0.222612	0.986751	0.89589	0.766272	0.678466	0.0001	0.46361	0.609022	0.0001	0.413115	0.575329	0.136242	0.0001
25	A	T	ORF	S	NULL	0	0	0	0	0	0	0	0	0	0	0	0	0	0	0	0	0	0	0	0	0	0	0	0	0	0	0	0	0	0	0	0	0	0	0	0	0	0	0	0	0	0	0	0	0	0	0	0	0	0	0	0	0	0
26	A	T	ORF	S	NULL	0	0	0	0	0	0	0	0	0	0	0	0	0	0	0	0	0	0	0	0	0	0	0	0	0	0	0	0	0	0	0	0	0	0	0	0	0	0	0	0	0	0	0	0	0	0	0	0	0	0	0	0	0	0
27	A	T	ORF	S	NULL	0	0	0	0	0.0001	0.727266	0.000124847	0.0001	0.0369022	0.899955	0.987958	0.0001	0.0001	0.501157	0.0001	0.0001	0.716127	0.0001	0.17891	0.633938	0.29439	0.0353747	0.121976	0.484929	0.059996	0.600198	0.0001	0.374304	0.530728	0.0001	0.393559	0.0136632	0.0001	0.0001	0.158098	0.0001	0.916953	0.0279546	0.905353	0.619127	0.103906	0.0001	0.0001	0.0001	0.0001	0.226966	0.0001	0.441753	0.0211434	0.798178	0.226156	0.233159	0.150406	0.743135
28	A	T	ORF	S	NULL	0	0	0	0	0	0	0	0	0	0	0	0	0	0	0	0	0	0	0	0	0	0	0	0	0	0	0	0	0	0	0	0	0	0	0	0	0	0	0	0	0	0	0	0	0	0	0	0	0	0	0	0	0	0
29	A	T	ORF	S	NULL	0	0	0	0	0.0001	0.0001	0.0001	0.0527514	0.0001	0.0001	0.0001	0.0708993	0.475925	0.4981	0.723539	0.343183	0.0001	0.585932	0.0001	0.0001	0.249127	0.215007	0.238922	0.0001	0.0001	0.131329	0.0001	0.0748226	0.0001	0.0001	0.0603817	0.452021	0.644939	0.0001	0.0001	0.452925	0.0001	0.602949	0.0001	0.0001	0.0001	0.730944	0.0132489	0.0001	0.0979048	0.0249143	0.966954	0.0719401	0.213871	0.0001	0.155868	0.124859	0.698038	0.0001
30	A	T	ORF	S	NULL	0	0	0	0	0	0	0	0	0	0	0	0	0	0	0	0	0	0	0	0	0	0	0	0	0	0	0	0	0	0	0	0	0	0	0	0	0	0	0	0	0	0	0	0	0	0	0	0	0	0	0	0	0	0
31	A	T	ORF	S	NULL	0	0	0	0	0	0	0	0	0	0	0	0	0	0	0	0	0	0	0	0	0	0	0	0	0	0	0	0	0	0	0	0	0	0	0	0	0	0	0	0	0	0	0	0	0	0	0	0	0	0	0	0	0	0
32	A	T	ORF	S	NULL	0	0	0	0	0.0002	0.727366	0.000224847	0.0528514	0.0370022	0.900055	0.988058	0.0709993	0.476025	0.999257	0.723639	0.343283	0.716227	0.586032	0.17901	0.634038	0.543517	0.250381	0.360898	0.485029	0.060096	0.731527	0.0002	0.449126	0.530828	0.0002	0.453941	0.465685	0.645039	0.0002	0.158198	0.453025	0.917053	0.630904	0.905453	0.619227	0.104006	0.731044	0.0133489	0.0002	0.0980048	0.251881	0.967054	0.513694	0.235015	0.798278	0.382024	0.358018	0.848444	0.743235
33	A	T	ORF	S	NULL	0	0	0	0	0	0	0	0	0	0	0	0	0	0	0	0	0	0	0	0	0	0	0	0	0	0	0	0	0	0	0	0	0	0	0	0	0	0	0	0	0	0	0	0	0	0	0	0	0	0	0	0	0	0
34	A	T	ORF	S	NULL	0	0	0	0	0	0	0	0	0	0	0	0	0	0	0	0	0	0	0	0	0	0	0	0	0	0	0	0	0	0	0	0	0	0	0	0	0	0	0	0	0	0	0	0	0	0	0	0	0	0	0	0	0	0
35	A	T	ORF	S	NULL	0	0	0	0	0.0001	0.11804	0.688551	0.621664	0.944103	0.0885119	0.00965443	0.92326	0.0001	0.0001	0.276461	0.656817	0.0001	0.0001	0.76323	0.0001	0.297226	0.747469	0.607807	0.444807	0.31197	0.200149	0.270449	0.471336	0.469272	1	0.546059	0.364599	0.317014	0.0001	0.0001	0.462335	0.0802916	0.0905615	0.0946467	0.252414	0.878336	0.222612	0.986751	0.89589	0.766272	0.678466	0.0001	0.46361	0.609022	0.0001	0.413115	0.575329	0.136242	0.0001
36	A	T	ORF	S	NULL	0	0	0	0	0	0	0	0	0	0	0	0	0	0	0	0	0	0	0	0	0	0	0	0	0	0	0	0	0	0	0	0	0	0	0	0	0	0	0	0	0	0	0	0	0	0	0	0	0	0	0	0	0	0
37	A	T	ORF	S	NULL	0	0	0	0	0	0	0	0	0	0	0	0	0	0	0	0	0	0	0	0	0	0	0	0	0	0	0	0	0	0	0	0	0	0	0	0	0	0	0	0	0	0	0	0	0	0	0	0	0	0	0	0	0	0
38	A	T	ORF	S	NULL	0	0	0	0	0	0	0	0	0	0	0	0	0	0	0	0	0	0	0	0	0	0	0	0	0	0	0	0	0	0	0	0	0	0	0	0	0	0	0	0	0	0	0	0	0	0	0	0	0	0	0	0	0	0
39	A	T	ORF	S	NULL	0	0	0	0	1.00003	0.871306	0.311054	0.325685	0.0370022	0.900055	0.988058	0.0002	0.523044	0.501257	0.0002	0.0002	0.999235	0.413035	0.17901	0.998867	0.445407	0.0371571	0.128881	0.485029	0.68803	0.668522	0.697054	0.453842	0.530828	0.0002	0.393659	0.110628	0.0002	1.00003	0.999253	0.0002	0.917053	0.302886	0.905453	0.734187	0.104006	0.0300023	0.0002	0.0002	0.0770059	0.289878	0.0320027	0.46445	0.157228	0.999267	0.426245	0.285234	0.160407	0.999207
40	A	T	ORF	S	NULL	0	0	0	0	0	0	0	0	0	0	0	0	0	0	0	0	0	0	0	0	0	0	0	0	0	0	0	0	0	0	0	0	0	0	0	0	0	0	0	0	0	0	0	0	0	0	0	0	0	0	0	0	0	0
41	A	T	ORF	S	NULL	0	0	0	0	0	0	0	0	0	0	0	0	0	0	0	0	0	0	0	0	0	0	0	0	0	0	0	0	0	0	0	0	0	0	0	0	0	0	0	0	0	0	0	0	0	0	0	0	0	0	0	0	0	0
42	A	T	ORF	S	NULL	0	0	0	0	0	0	0	0	0	0	0	0	0	0	0	0	0	0	0	0	0	0	0	0	0	0	0	0	0	0	0	0	0	0	0	0	0	0	0	0	0	0	0	0	0	0	0	0	0	0	0	0	0	0
43	A	T	ORF	S	NULL	0	0	0	0	0	0	0	0	0	0	0	0	0	0	0	0	0	0	0	0	0	0	0	0	0	0	0	0	0	0	0	0	0	0	0	0	0	0	0	0	0	0	0	0	0	0	0	0	0	0	0	0	0	0
44	A	T	ORF	S	NULL	0	0	0	0	0	0	0	0	0	0	0	0	0	0	0	0	0	0	0	0	0	0	0	0	0	0	0	0	0	0	0	0	0	0	0	0	0	0	0	0	0	0	0	0	0	0	0	0	0	0	0	0	0	0
45	A	T	ORF	S	NULL	0	0	0	0	0	0	0	0	0	0	0	0	0	0	0	0	0	0	0	0	0	0	0	0	0	0	0	0	0	0	0	0	0	0	0	0	0	0	0	0	0	0	0	0	0	0	0	0	0	0	0	0	0	0
46	A	T	ORF	S	NULL	0	0	0	0	0	0	0	0	0	0	0	0	0	0	0	0	0	0	0	0	0	0	0	0	0	0	0	0	0	0	0	0	0	0	0	0	0	0	0	0	0	0	0	0	0	0	0	0	0	0	0	0	0	0
47	A	T	ORF	S	NULL	0	0	0	0	0	0	0	0	0	0	0	0	0	0	0	0	0	0	0	0	0	0	0	0	0	0	0	0	0	0	0	0	0	0	0	0	0	0	0	0	0	0	0	0	0	0	0	0	0	0	0	0	0	0
48	A	T	ORF	S	NULL	0	0	0	0	0	0	0	0	0	0	0	0	0	0	0	0	0	0	0	0	0	0	0	0	0	0	0	0	0	0	0	0	0	0	0	0	0	0	0	0	0	0	0	0	0	0	0	0	0	0	0	0	0	0
49	A	T	ORF	S	NULL	0	0	0	0	0.0001	0.11804	0.688551	0.621664	0.944103	0.0885119	0.00965443	0.92326	0.0001	0.0001	0.276461	0.656817	0.0001	0.0001	0.76323	0.0001	0.297226	0.747469	0.607807	0.444807	0.31197	0.200149	0.270449	0.471336	0.469272	1	0.546059	0.364599	0.317014	0.0001	0.0001	0.462335	0.0802916	0.0905615	0.0946467	0.252414	0.878336	0.222612	0.986751	0.89589	0.766272	0.678466	0.0001	0.46361	0.609022	0.0001	0.413115	0.575329	0.136242	0.0001
50	A	T	ORF	S	NULL	0	0	0	0	0	0	0	0	0	0	0	0	0	0	0	0	0	0	0	0	0	0	0	0	0	0	0	0	0	0	0	0	0	0	0	0	0	0	0	0	0	0	0	0	0	0	0	0	0	0	0	0	0	0
51	A	T	ORF	S	NULL	0	0	0	0	0	0	0	0	0	0	0	0	0	0	0	0	0	0	0	0	0	0	0	0	0	0	0	0	0	0	0	0	0	0	0	0	0	0	0	0	0	0	0	0	0	0	0	0	0	0	0	0	0	0
52	A	T	ORF	S	NULL	0	0	0	0	0.0001	0.11804	0.688551	0.621664	0.944103	0.0885119	0.00965443	0.92326	0.0001	0.0001	0.276461	0.656817	0.0001	0.0001	0.76323	0.0001	0.297226	0.747469	0.607807	0.444807	0.31197	0.200149	0.270449	0.471336	0.469272	1	0.546059	0.364599	0.317014	0.0001	0.0001	0.462335	0.0802916	0.0905615	0.0946467	0.252414	0.878336	0.222612	0.986751	0.89589	0.766272	0.678466	0.0001	0.46361	0.609022	0.0001	0.413115	0.575329	0.136242	0.0001
53	A	T	ORF	S	NULL	0	0	0	0	0	0	0	0	0	0	0	0	0	0	0	0	0	0	0	0	0	0	0	0	0	0	0	0	0	0	0	0	0	0	0	0	0	0	0	0	0	0	0	0	0	0	0	0	0	0	0	0	0	0
54	A	T	ORF	S	NULL	0	0	0	0	0.999928	0.14404	0.310929	0.325585	0.0001	0.0001	0.0001	0.0001	0.522944	0.0001	0.0001	0.0001	0.283108	0.412935	0.0001	0.364929	0.151017	0.00178237	0.00690555	0.0001	0.628034	0.0683247	0.696954	0.0795382	0.0001	0.0001	0.0001	0.0969645	0.0001	0.999928	0.841155	0.0001	0.0001	0.274931	0.0001	0.11506	0.0001	0.0299023	0.0001	0.0001	0.0769059	0.0629122	0.0319027	0.0226966	0.136084	0.201089	0.200089	0.0520754	0.0100011	0.256072
55	A	T	ORF	S	NULL	0	0	0	0	0.999928	0.14404	0.310929	0.325585	0.0001	0.0001	0.0001	0.0001	0.522944	0.0001	0.0001	0.0001	0.283108	0.412935	0.0001	0.364929	0.151017	0.00178237	0.00690555	0.0001	0.628034	0.0683247	0.696954	0.0795382	0.0001	0.0001	0.0001	0.0969645	0.0001	0.999928	0.841155	0.0001	0.0001	0.274931	0.0001	0.11506	0.0001	0.0299023	0.0001	0.0001	0.0769059	0.0629122	0.0319027	0.0226966	0.136084	0.201089	0.200089	0.0520754	0.0100011	0.256072
56	A	T	ORF	S	NULL	0	0	0	0	0.0001	0.0001	0.0001	0.0527514	0.0001	0.0001	0.0001	0.0708993	0.475925	0.4981	0.723539	0.343183	0.0001	0.585932	0.0001	0.0001	0.249127	0.215007	0.238922	0.0001	0.0001	0.131329	0.0001	0.0748226	0.0001	0.0001	0.0603817	0.452021	0.644939	0.0001	0.0001	0.452925	0.0001	0.602949	0.0001	0.0001	0.0001	0.730944	0.0132489	0.0001	0.0979048	0.0249143	0.966954	0.0719401	0.213871	0.0001	0.155868	0.124859	0.698038	0.0001
57	A	T	ORF	S	NULL	0	0	0	0	0	0	0	0	0	0	0	0	0	0	0	0	0	0	0	0	0	0	0	0	0	0	0	0	0	0	0	0	0	0	0	0	0	0	0	0	0	0	0	0	0	0	0	0	0	0	0	0	0	0
58	A	T	ORF	S	NULL	0	0	0	0	0	0	0	0	0	0	0	0	0	0	0	0	0	0	0	0	0	0	0	0	0	0	0	0	0	0	0	0	0	0	0	0	0	0	0	0	0	0	0	0	0	0	0	0	0	0	0	0	0	0
59	A	T	ORF	S	NULL	0	0	0	0	0	0	0	0	0	0	0	0	0	0	0	0	0	0	0	0	0	0	0	0	0	0	0	0	0	0	0	0	0	0	0	0	0	0	0	0	0	0	0	0	0	0	0	0	0	0	0	0	0	0
60	A	T	ORF	S	NULL	0	0	0	0	0	0	0	0	0	0	0	0	0	0	0	0	0	0	0	0	0	0	0	0	0	0	0	0	0	0	0	0	0	0	0	0	0	0	0	0	0	0	0	0	0	0	0	0	0	0	0	0	0	0
61	A	T	ORF	S	NULL	0	0	0	0	0	0	0	0	0	0	0	0	0	0	0	0	0	0	0	0	0	0	0	0	0	0	0	0	0	0	0	0	0	0	0	0	0	0	0	0	0	0	0	0	0	0	0	0	0	0	0	0	0	0
62	A	T	ORF	S	NULL	0	0	0	0	0	0	0	0	0	0	0	0	0	0	0	0	0	0	0	0	0	0	0	0	0	0	0	0	0	0	0	0	0	0	0	0	0	0	0	0	0	0	0	0	0	0	0	0	0	0	0	0	0	0
63	A	T	ORF	S	NULL	0	0	0	0	0	0	0	0	0	0	0	0	0	0	0	0	0	0	0	0	0	0	0	0	0	0	0	0	0	0	0	0	0	0	0	0	0	0	0	0	0	0	0	0	0	0	0	0	0	0	0	0	0	0
64	A	T	ORF	S	NULL	0	0	0	0	0.0001	0.0001	0.0001	0.0527514	0.0001	0.0001	0.0001	0.0708993	0.475925	0.4981	0.723539	0.343183	0.0001	0.585932	0.0001	0.0001	0.249127	0.215007	0.238922	0.0001	0.0001	0.131329	0.0001	0.0748226	0.0001	0.0001	0.0603817	0.452021	0.644939	0.0001	0.0001	0.452925	0.0001	0.602949	0.0001	0.0001	0.0001	0.730944	0.0132489	0.0001	0.0979048	0.0249143	0.966954	0.0719401	0.213871	0.0001	0.155868	0.124859	0.698038	0.0001
65	A	T	ORF	S	NULL	0	0	0	0	0	0	0	0	0	0	0	0	0	0	0	0	0	0	0	0	0	0	0	0	0	0	0	0	0	0	0	0	0	0	0	0	0	0	0	0	0	0	0	0	0	0	0	0	0	0	0	0	0	0
66	A	T	ORF	S	NULL	0	0	0	0	0.999928	0.14404	0.310929	0.325585	0.0001	0.0001	0.0001	0.0001	0.522944	0.0001	0.0001	0.0001	0.283108	0.412935	0.0001	0.364929	0.151017	0.00178237	0.00690555	0.0001	0.628034	0.0683247	0.696954	0.0795382	0.0001	0.0001	0.0001	0.0969645	0.0001	0.999928	0.841155	0.0001	0.0001	0.274931	0.0001	0.11506	0.0001	0.0299023	0.0001	0.0001	0.0769059	0.0629122	0.0319027	0.0226966	0.136084	0.201089	0.200089	0.0520754	0.0100011	0.256072
67	A	T	ORF	S	NULL	0	0	0	0	0	0	0	0	0	0	0	0	0	0	0	0	0	0	0	0	0	0	0	0	0	0	0	0	0	0	0	0	0	0	0	0	0	0	0	0	0	0	0	0	0	0	0	0	0	0	0	0	0	0
68	A	T	ORF	S	NULL	0	0	0	0	0	0	0	0	0	0	0	0	0	0	0	0	0	0	0	0	0	0	0	0	0	0	0	0	0	0	0	0	0	0	0	0	0	0	0	0	0	0	0	0	0	0	0	0	0	0	0	0	0	0
69	A	T	ORF	S	NULL	0	0	0	0	0	0	0	0	0	0	0	0	0	0	0	0	0	0	0	0	0	0	0	0	0	0	0	0	0	0	0	0	0	0	0	0	0	0	0	0	0	0	0	0	0	0	0	0	0	0	0	0	0	0
70	A	T	ORF	S	NULL	0	0	0	0	0	0	0	0	0	0	0	0	0	0	0	0	0	0	0	0	0	0	0	0	0	0	0	0	0	0	0	0	0	0	0	0	0	0	0	0	0	0	0	0	0	0	0	0	0	0	0	0	0	0
71	A	T	ORF	S	NULL	0	0	0	0	0	0	0	0	0	0	0	0	0	0	0	0	0	0	0	0	0	0	0	0	0	0	0	0	0	0	0	0	0	0	0	0	0	0	0	0	0	0	0	0	0	0	0	0	0	0	0	0	0	0
72	A	T	ORF	S	NULL	0	0	0	0	0.0002	0.727366	0.000224847	0.0528514	0.0370022	0.900055	0.988058	0.0709993	0.476025	0.999257	0.723639	0.343283	0.716227	0.586032	0.17901	0.634038	0.543517	0.250381	0.360898	0.485029	0.060096	0.731527	0.0002	0.449126	0.530828	0.0002	0.453941	0.465685	0.645039	0.0002	0.158198	0.453025	0.917053	0.630904	0.905453	0.619227	0.104006	0.731044	0.0133489	0.0002	0.0980048	0.251881	0.967054	0.513694	0.235015	0.798278	0.382024	0.358018	0.848444	0.743235
73	A	T	ORF	S	NULL	0	0	0	0	0	0	0	0	0	0	0	0	0	0	0	0	0	0	0	0	0	0	0	0	0	0	0	0	0	0	0	0	0	0	0	0	0	0	0	0	0	0	0	0	0	0	0	0	0	0	0	0	0	0
74	A	T	ORF	S	NULL	0	0	0	0	0	0	0	0	0	0	0	0	0	0	0	0	0	0	0	0	0	0	0	0	0	0	0	0	0	0	0	0	0	0	0	0	0	0	0	0	0	0	0	0	0	0	0	0	0	0	0	0	0	0
75	A	T	ORF	S	NULL	0	0	0	0	0	0	0	0	0	0	0	0	0	0	0	0	0	0	0	0	0	0	0	0	0	0	0	0	0	0	0	0	0	0	0	0	0	0	0	0	0	0	0	0	0	0	0	0	0	0	0	0	0	0
76	A	T	ORF	S	NULL	0	0	0	0	0	0	0	0	0	0	0	0	0	0	0	0	0	0	0	0	0	0	0	0	0	0	0	0	0	0	0	0	0	0	0	0	0	0	0	0	0	0	0	0	0	0	0	0	0	0	0	0	0	0
77	A	T	ORF	S	NULL	0	0	0	0	0	0	0	0	0	0	0	0	0	0	0	0	0	0	0	0	0	0	0	0	0	0	0	0	0	0	0	0	0	0	0	0	0	0	0	0	0	0	0	0	0	0	0	0	0	0	0	0	0	0
78	A	T	ORF	S	NULL	0	0	0	0	0	0	0	0	0	0	0	0	0	0	0	0	0	0	0	0	0	0	0	0	0	0	0	0	0	0	0	0	0	0	0	0	0	0	0	0	0	0	0	0	0	0	0	0	0	0	0	0	0	0
79	A	T	ORF	S	NULL	0	0	0	0	0	0	0	0	0	0	0	0	0	0	0	0	0	0	0	0	0	0	0	0	0	0	0	0	0	0	0	0	0	0	0	0	0	0	0	0	0	0	0	0	0	0	0	0	0	0	0	0	0	0
80	A	T	ORF	S	NULL	0	0	0	0	0	0	0	0	0	0	0	0	0	0	0	0	0	0	0	0	0	0	0	0	0	0	0	0	0	0	0	0	0	0	0	0	0	0	0	0	0	0	0	0	0	0	0	0	0	0	0	0	0	0
81	A	T	ORF	S	NULL	0	0	0	0	0	0	0	0	0	0	0	0	0	0	0	0	0	0	0	0	0	0	0	0	0	0	0	0	0	0	0	0	0	0	0	0	0	0	0	0	0	0	0	0	0	0	0	0	0	0	0	0	0	0
82	A	T	ORF	S	NULL	0	0	0	0	0	0	0	0	0	0	0	0	0	0	0	0	0	0	0	0	0	0	0	0	0	0	0	0	0	0	0	0	0	0	0	0	0	0	0	0	0	0	0	0	0	0	0	0	0	0	0	0	0	0
83	A	T	ORF	S	NULL	0	0	0	0	0.0001	0.11804	0.688551	0.621664	0.944103	0.0885119	0.00965443	0.92326	0.0001	0.0001	0.276461	0.656817	0.0001	0.0001	0.76323	0.0001	0.297226	0.747469	0.607807	0.444807	0.31197	0.200149	0.270449	0.471336	0.469272	1	0.546059	0.364599	0.317014	0.0001	0.0001	0.462335	0.0802916	0.0905615	0.0946467	0.252414	0.878336	0.222612	0.986751	0.89589	0.766272	0.678466	0.0001	0.46361	0.609022	0.0001	0.413115	0.575329	0.136242	0.0001
84	A	T	ORF	S	NULL	0	0	0	0	0	0	0	0	0	0	0	0	0	0	0	0	0	0	0	0	0	0	0	0	0	0	0	0	0	0	0	0	0	0	0	0	0	0	0	0	0	0	0	0	0	0	0	0	0	0	0	0	0	0
85	A	T	ORF	S	NULL	0	0	0	0	0	0	0	0	0	0	0	0	0	0	0	0	0	0	0	0	0	0	0	0	0	0	0	0	0	0	0	0	0	0	0	0	0	0	0	0	0	0	0	0	0	0	0	0	0	0	0	0	0	0
86	A	T	ORF	S	NULL	0	0	0	0	0	0	0	0	0	0	0	0	0	0	0	0	0	0	0	0	0	0	0	0	0	0	0	0	0	0	0	0	0	0	0	0	0	0	0	0	0	0	0	0	0	0	0	0	0	0	0	0	0	0
87	A	T	ORF	S	NULL	0	0	0	0	0.0001	0.727266	0.000124847	0.0001	0.0369022	0.899955	0.987958	0.0001	0.0001	0.501157	0.0001	0.0001	0.716127	0.0001	0.17891	0.633938	0.29439	0.0353747	0.121976	0.484929	0.059996	0.600198	0.0001	0.374304	0.530728	0.0001	0.393559	0.0136632	0.0001	0.0001	0.158098	0.0001	0.916953	0.0279546	0.905353	0.619127	0.103906	0.0001	0.0001	0.0001	0.0001	0.226966	0.0001	0.441753	0.0211434	0.798178	0.226156	0.233159	0.150406	0.743135
88	A	T	ORF	S	NULL	0	0	0	0	0	0	0	0	0	0	0	0	0	0	0	0	0	0	0	0	0	0	0	0	0	0	0	0	0	0	0	0	0	0	0	0	0	0	0	0	0	0	0	0	0	0	0	0	0	0	0	0	0	0
89	A	T	ORF	S	NULL	0	0	0	0	0	0	0	0	0	0	0	0	0	0	0	0	0	0	0	0	0	0	0	0	0	0	0	0	0	0	0	0	0	0	0	0	0	0	0	0	0	0	0	0	0	0	0	0	0	0	0	0	0	0
90	A	T	ORF	S	NULL	0	0	0	0	0	0	0	0	0	0	0	0	0	0	0	0	0	0	0	0	0	0	0	0	0	0	0	0	0	0	0	0	0	0	0	0	0	0	0	0	0	0	0	0	0	0	0	0	0	0	0	0	0	0
91	A	T	ORF	S	NULL	0	0	0	0	0	0	0	0	0	0	0	0	0	0	0	0	0	0	0	0	0	0	0	0	0	0	0	0	0	0	0	0	0	0	0	0	0	0	0	0	0	0	0	0	0	0	0	0	0	0	0	0	0	0
92	A	T	ORF	S	NULL	0	0	0	0	0	0	0	0	0	0	0	0	0	0	0	0	0	0	0	0	0	0	0	0	0	0	0	0	0	0	0	0	0	0	0	0	0	0	0	0	0	0	0	0	0	0	0	0	0	0	0	0	0	0
93	A	T	ORF	S	NULL	0	0	0	0	0	0	0	0	0	0	0	0	0	0	0	0	0	0	0	0	0	0	0	0	0	0	0	0	0	0	0	0	0	0	0	0	0	0	0	0	0	0	0	0	0	0	0	0	0	0	0	0	0	0
94	A	T	ORF	S	NULL	0	0	0	0	0	0	0	0	0	0	0	0	0	0	0	0	0	0	0	0	0	0	0	0	0	0	0	0	0	0	0	0	0	0	0	0	0	0	0	0	0	0	0	0	0	0	0	0	0	0	0	0	0	0
95	A	T	ORF	S	NULL	0	0	0	0	0.0001	0.0001	0.0001	0.0527514	0.0001	0.0001	0.0001	0.0708993	0.475925	0.4981	0.723539	0.343183	0.0001	0.585932	0.0001	0.0001	0.249127	0.215007	0.238922	0.0001	0.0001	0.131329	0.0001	0.0748226	0.0001	0.0001	0.0603817	0.452021	0.644939	0.0001	0.0001	0.452925	0.0001	0.602949	0.0001	0.0001	0.0001	0.730944	0.0132489	0.0001	0.0979048	0.0249143	0.966954	0.0719401	0.213871	0.0001	0.155868	0.124859	0.698038	0.0001
96	A	T	ORF	S	NULL	0	0	0	0	0	0	0	0	0	0	0	0	0	0	0	0	0	0	0	0	0	0	0	0	0	0	0	0	0	0	0	0	0	0	0	0	0	0	0	0	0	0	0	0	0	0	0	0	0	0	0	0	0	0
97	A	T	ORF	S	NULL	0	0	0	0	0	0	0	0	0	0	0	0	0	0	0	0	0	0	0	0	0	0	0	0	0	0	0	0	0	0	0	0	0	0	0	0	0	0	0	0	0	0	0	0	0	0	0	0	0	0	0	0	0	0
98	A	T	ORF	S	NULL	0	0	0	0	0	0	0	0	0	0	0	0	0	0	0	0	0	0	0	0	0	0	0	0	0	0	0	0	0	0	0	0	0	0	0	0	0	0	0	0	0	0	0	0	0	0	0	0	0	0	0	0	0	0
99	A	T	ORF	S	NULL	0	0	0	0	0	0	0	0	0	0	0	0	0	0	0	0	0	0	0	0	0	0	0	0	0	0	0	0	0	0	0	0	0	0	0	0	0	0	0	0	0	0	0	0	0	0	0	0	0	0	0	0	0	0
100	A	T	ORF	S	NULL	0	0	0	0	0	0	0	0	0	0	0	0	0	0	0	0	0	0	0	0	0	0	0	0	0	0	0	0	0	0	0	0	0	0	0	0	0	0	0	0	0	0	0	0	0	0	0	0	0	0	0	0	0	0
