pos	ref	alt	gene	N/S	AA	nSRAsubclonal	nSRAclonal	nSRA	nConsensus	sample0|Earth	sample1|Earth	sample2|Earth	sample3|Earth	sample4|Earth	sample5|Earth	sample6|Earth	sample7|Earth	sample8|Earth	sample9|Earth	sample10|Earth	sample11|Earth	sample12|Earth	sample13|Earth	sample14|Earth	sample15|Earth	sample16|Earth	sample17|Earth	sample18|Earth	sample19|Earth	sample20|Earth	sample21|Earth	sample22|Earth	sample23|Earth	sample24|Earth	sample25|Earth	sample26|Earth	sample27|Earth	sample28|Earth	sample29|Earth	sample30|Earth	sample31|Earth	sample32|Earth	sample33|Earth	sample34|Earth	sample35|Earth	sample36|Earth	sample37|Earth	sample38|Earth	sample39|Earth	sample40|Earth	sample41|Earth	sample42|Earth	sample43|Earth	sample44|Earth	sample45|Earth	sample46|Earth	sample47|Earth	sample48|Earth	sample49|Earth
1	A	T	ORF	S	NULL	0	0	0	0	0.000100001	0.0001	0.0001	0.000100001	0.0001	0.0001523	0.0001	0.0001	0.0001	0.0001	0.0001	0.0001	0.0001	0.0001	0.560055	0.000100001	0.0001	0.0411062	0.211049	0.000100001	0.0001	0.215319	0.0240418	0.000100001	0.0001	0.560076	0.000111657	0.0001	0.0001	0.0001	0.0001	0.136917	0.0001	0.0001	0.0001	0.000100001	0.0001	0.999142	0.000145008	0.0001	0.439109	0.0001	0.0001	0.0001	0.0001	0.0001	0.940131	0.0210987	0.0001	0.999141
2	A	T	ORF	S	NULL	0	0	0	0	0	0	0	0	0	0	0	0	0	0	0	0	0	0	0	0	0	0	0	0	0	0	0	0	0	0	0	0	0	0	0	0	0	0	0	0	0	0	0	0	0	0	0	0	0	0	0	0	0	0
3	A	T	ORF	S	NULL	0	0	0	0	0	0	0	0	0	0	0	0	0	0	0	0	0	0	0	0	0	0	0	0	0	0	0	0	0	0	0	0	0	0	0	0	0	0	0	0	0	0	0	0	0	0	0	0	0	0	0	0	0	0
4	A	T	ORF	S	NULL	0	0	0	0	0	0	0	0	0	0	0	0	0	0	0	0	0	0	0	0	0	0	0	0	0	0	0	0	0	0	0	0	0	0	0	0	0	0	0	0	0	0	0	0	0	0	0	0	0	0	0	0	0	0
5	A	T	ORF	S	NULL	0	0	0	0	0	0	0	0	0	0	0	0	0	0	0	0	0	0	0	0	0	0	0	0	0	0	0	0	0	0	0	0	0	0	0	0	0	0	0	0	0	0	0	0	0	0	0	0	0	0	0	0	0	0
6	A	T	ORF	S	NULL	0	0	0	0	0.000100001	0.000201609	0.000100001	0.000100002	0.000109652	0.000236365	0.000100001	0.172242	0.0001	0.0001	0.000100001	0.000112459	0.000100001	0.000163234	0.000120243	0.000314956	0.266306	0.000211758	0.291174	0.000100002	0.0451227	0.07135	0.492248	0.000214071	0.000100001	0.000100001	0.000323196	0.0001	0.0001	0.0001	0.000170114	0.0001	0.055177	0.000250849	0.000170946	0.425308	0.111443	0.000100001	0.0134032	0.000217778	0.000232428	0.000136238	0.000251325	0.0841279	0.000154327	0.0652848	0.000115217	0.000204553	0.000100001	0.000100001
7	A	T	ORF	S	NULL	0	0	0	0	0	0	0	0	0	0	0	0	0	0	0	0	0	0	0	0	0	0	0	0	0	0	0	0	0	0	0	0	0	0	0	0	0	0	0	0	0	0	0	0	0	0	0	0	0	0	0	0	0	0
8	A	T	ORF	S	NULL	0	0	0	0	0.999977	0.0001	0.0001	0.969106	0.203082	0.00010001	0.0160268	0.000100007	0.0001	0.0001	0.0001	0.000100036	0.0001	0.0001	0.0001	0.449248	0.00203732	0.0001	0.178171	0.372044	0.000100008	0.0001	0.0639188	0.458074	0.000100007	0.0719999	0.334118	0.0001	0.0001	0.0001	0.0001	0.000100003	0.0001	0.0361562	0.279329	0.366276	0.000100007	0.0001	0.0443763	0.000100002	0.212105	0.0001	0.0001	0.0001	0.000100028	0.0001	0.0001	0.0001	0.000100022	0.0001
9	A	T	ORF	S	NULL	0	0	0	0	0	0	0	0	0	0	0	0	0	0	0	0	0	0	0	0	0	0	0	0	0	0	0	0	0	0	0	0	0	0	0	0	0	0	0	0	0	0	0	0	0	0	0	0	0	0	0	0	0	0
10	A	T	ORF	S	NULL	0	0	0	0	0	0	0	0	0	0	0	0	0	0	0	0	0	0	0	0	0	0	0	0	0	0	0	0	0	0	0	0	0	0	0	0	0	0	0	0	0	0	0	0	0	0	0	0	0	0	0	0	0	0
11	A	T	ORF	S	NULL	0	0	0	0	0.999977	0.0001	0.0001	0.969106	0.203082	0.00010001	0.0160268	0.000100007	0.0001	0.0001	0.0001	0.000100036	0.0001	0.0001	0.0001	0.449248	0.00203732	0.0001	0.178171	0.372044	0.000100008	0.0001	0.0639188	0.458074	0.000100007	0.0719999	0.334118	0.0001	0.0001	0.0001	0.0001	0.000100003	0.0001	0.0361562	0.279329	0.366276	0.000100007	0.0001	0.0443763	0.000100002	0.212105	0.0001	0.0001	0.0001	0.000100028	0.0001	0.0001	0.0001	0.000100022	0.0001
12	A	T	ORF	S	NULL	0	0	0	0	0	0	0	0	0	0	0	0	0	0	0	0	0	0	0	0	0	0	0	0	0	0	0	0	0	0	0	0	0	0	0	0	0	0	0	0	0	0	0	0	0	0	0	0	0	0	0	0	0	0
13	A	T	ORF	S	NULL	0	0	0	0	0	0	0	0	0	0	0	0	0	0	0	0	0	0	0	0	0	0	0	0	0	0	0	0	0	0	0	0	0	0	0	0	0	0	0	0	0	0	0	0	0	0	0	0	0	0	0	0	0	0
14	A	T	ORF	S	NULL	0	0	0	0	0	0	0	0	0	0	0	0	0	0	0	0	0	0	0	0	0	0	0	0	0	0	0	0	0	0	0	0	0	0	0	0	0	0	0	0	0	0	0	0	0	0	0	0	0	0	0	0	0	0
15	A	T	ORF	S	NULL	0	0	0	0	0	0	0	0	0	0	0	0	0	0	0	0	0	0	0	0	0	0	0	0	0	0	0	0	0	0	0	0	0	0	0	0	0	0	0	0	0	0	0	0	0	0	0	0	0	0	0	0	0	0
16	A	T	ORF	S	NULL	0	0	0	0	0	0	0	0	0	0	0	0	0	0	0	0	0	0	0	0	0	0	0	0	0	0	0	0	0	0	0	0	0	0	0	0	0	0	0	0	0	0	0	0	0	0	0	0	0	0	0	0	0	0
17	A	T	ORF	S	NULL	0	0	0	0	0.000100002	0.0001	0.0001	0.000100006	0.0001	0.0001	0.0001	0.0441281	0.0001	0.0001	0.870086	0.0001	0.551063	0.0001	0.000118488	0.0862004	0.0360914	0.0001	0.0559466	0.000100001	0.484046	0.102255	0.180973	0.000100002	0.0001	0.0001	0.000100002	0.387013	0.0001	0.999974	0.157986	0.0001	0.0001	0.378024	0.0001	0.0902369	0.000163144	0.0001	0.144374	0.0829924	0.202004	0.0001	0.0001	0.0001	0.0001	0.0001	0.058987	0.0001	0.21598	0.0001
18	A	T	ORF	S	NULL	0	0	0	0	0	0	0	0	0	0	0	0	0	0	0	0	0	0	0	0	0	0	0	0	0	0	0	0	0	0	0	0	0	0	0	0	0	0	0	0	0	0	0	0	0	0	0	0	0	0	0	0	0	0
19	A	T	ORF	S	NULL	0	0	0	0	0.000200002	0.000371716	0.000337568	0.000347022	0.000259366	0.0822761	0.000387116	0.505437	0.0002	0.0002	0.870203	0.000271617	0.669223	0.000223811	0.000358613	0.0864307	0.0363917	0.000387911	0.0563424	0.000242978	0.484229	0.142963	0.181306	0.000298801	0.000248092	0.000340059	0.000389851	0.999458	0.0002	1.00007	0.158159	0.7691	0.0734133	0.840333	0.000211119	0.207744	0.000557862	0.000212726	0.261148	0.083202	0.347432	0.000351657	0.000425925	0.000275856	0.211274	0.000494068	0.0591714	0.000346239	0.216274	0.000373109
20	A	T	ORF	S	NULL	0	0	0	0	0	0	0	0	0	0	0	0	0	0	0	0	0	0	0	0	0	0	0	0	0	0	0	0	0	0	0	0	0	0	0	0	0	0	0	0	0	0	0	0	0	0	0	0	0	0	0	0	0	0
21	A	T	ORF	S	NULL	0	0	0	0	0	0	0	0	0	0	0	0	0	0	0	0	0	0	0	0	0	0	0	0	0	0	0	0	0	0	0	0	0	0	0	0	0	0	0	0	0	0	0	0	0	0	0	0	0	0	0	0	0	0
22	A	T	ORF	S	NULL	0	0	0	0	0	0	0	0	0	0	0	0	0	0	0	0	0	0	0	0	0	0	0	0	0	0	0	0	0	0	0	0	0	0	0	0	0	0	0	0	0	0	0	0	0	0	0	0	0	0	0	0	0	0
23	A	T	ORF	S	NULL	0	0	0	0	0	0	0	0	0	0	0	0	0	0	0	0	0	0	0	0	0	0	0	0	0	0	0	0	0	0	0	0	0	0	0	0	0	0	0	0	0	0	0	0	0	0	0	0	0	0	0	0	0	0
24	A	T	ORF	S	NULL	0	0	0	0	0	0	0	0	0	0	0	0	0	0	0	0	0	0	0	0	0	0	0	0	0	0	0	0	0	0	0	0	0	0	0	0	0	0	0	0	0	0	0	0	0	0	0	0	0	0	0	0	0	0
25	A	T	ORF	S	NULL	0	0	0	0	0	0	0	0	0	0	0	0	0	0	0	0	0	0	0	0	0	0	0	0	0	0	0	0	0	0	0	0	0	0	0	0	0	0	0	0	0	0	0	0	0	0	0	0	0	0	0	0	0	0
26	A	T	ORF	S	NULL	0	0	0	0	0	0	0	0	0	0	0	0	0	0	0	0	0	0	0	0	0	0	0	0	0	0	0	0	0	0	0	0	0	0	0	0	0	0	0	0	0	0	0	0	0	0	0	0	0	0	0	0	0	0
27	A	T	ORF	S	NULL	0	0	0	0	0	0	0	0	0	0	0	0	0	0	0	0	0	0	0	0	0	0	0	0	0	0	0	0	0	0	0	0	0	0	0	0	0	0	0	0	0	0	0	0	0	0	0	0	0	0	0	0	0	0
28	A	T	ORF	S	NULL	0	0	0	0	0	0	0	0	0	0	0	0	0	0	0	0	0	0	0	0	0	0	0	0	0	0	0	0	0	0	0	0	0	0	0	0	0	0	0	0	0	0	0	0	0	0	0	0	0	0	0	0	0	0
29	A	T	ORF	S	NULL	0	0	0	0	0.000100001	0.000201609	0.000100001	0.000100002	0.000109652	0.000236365	0.000100001	0.172242	0.0001	0.0001	0.000100001	0.000112459	0.000100001	0.000163234	0.000120243	0.000314956	0.266306	0.000211758	0.291174	0.000100002	0.0451227	0.07135	0.492248	0.000214071	0.000100001	0.000100001	0.000323196	0.0001	0.0001	0.0001	0.000170114	0.0001	0.055177	0.000250849	0.000170946	0.425308	0.111443	0.000100001	0.0134032	0.000217778	0.000232428	0.000136238	0.000251325	0.0841279	0.000154327	0.0652848	0.000115217	0.000204553	0.000100001	0.000100001
30	A	T	ORF	S	NULL	0	0	0	0	0.000100001	0.0001	0.0001	0.000100001	0.0001	0.0001523	0.0001	0.0001	0.0001	0.0001	0.0001	0.0001	0.0001	0.0001	0.560055	0.000100001	0.0001	0.0411062	0.211049	0.000100001	0.0001	0.215319	0.0240418	0.000100001	0.0001	0.560076	0.000111657	0.0001	0.0001	0.0001	0.0001	0.136917	0.0001	0.0001	0.0001	0.000100001	0.0001	0.999142	0.000145008	0.0001	0.439109	0.0001	0.0001	0.0001	0.0001	0.0001	0.940131	0.0210987	0.0001	0.999141
31	A	T	ORF	S	NULL	0	0	0	0	1.00008	0.00038954	0.000337591	0.969244	0.203243	0.31955	0.0161771	0.17944	0.0002	0.0002	0.000205452	0.999416	0.000254056	0.000263124	0.00032984	0.4495	0.00241519	0.000401007	0.416037	0.447207	0.220315	0.000876326	0.064741	0.516291	0.183274	0.132144	0.334416	0.000459888	0.0002	0.0002	0.000266911	0.0920124	0.000269297	0.158706	0.73305	0.366446	0.194377	0.000232675	0.269624	0.137969	0.212504	0.000230818	0.000450165	0.000285212	0.78836	0.000371755	0.000275011	0.000398112	0.783466	0.000248786
32	A	T	ORF	S	NULL	0	0	0	0	0.0002	0.18046	0.000217459	0.0301542	0.796268	0.542469	0.983236	0.142554	0.0002	1.00008	0.129149	0.0002	0.330201	0.396215	0.0002	0.463302	0.515228	0.85943	0.0251864	0.000200001	0.250216	0.296658	0.237468	0.483035	0.816261	0.307356	0.236377	0.0002	1.00008	0.0002	0.841283	0.0002	0.871033	0.000222645	0.0002	0.000226561	0.000324574	0.000334718	0.254008	0.0613344	0.000214788	0.000226268	0.675397	0.915294	0.00023128	0.000385825	0.0002	0.0353827	0.000200001	0.0002
33	A	T	ORF	S	NULL	0	0	0	0	0.0002	0.18046	0.000217459	0.0301542	0.796268	0.542469	0.983236	0.142554	0.0002	1.00008	0.129149	0.0002	0.330201	0.396215	0.0002	0.463302	0.515228	0.85943	0.0251864	0.000200001	0.250216	0.296658	0.237468	0.483035	0.816261	0.307356	0.236377	0.0002	1.00008	0.0002	0.841283	0.0002	0.871033	0.000222645	0.0002	0.000226561	0.000324574	0.000334718	0.254008	0.0613344	0.000214788	0.000226268	0.675397	0.915294	0.00023128	0.000385825	0.0002	0.0353827	0.000200001	0.0002
34	A	T	ORF	S	NULL	0	0	0	0	0	0	0	0	0	0	0	0	0	0	0	0	0	0	0	0	0	0	0	0	0	0	0	0	0	0	0	0	0	0	0	0	0	0	0	0	0	0	0	0	0	0	0	0	0	0	0	0	0	0
35	A	T	ORF	S	NULL	0	0	0	0	0	0	0	0	0	0	0	0	0	0	0	0	0	0	0	0	0	0	0	0	0	0	0	0	0	0	0	0	0	0	0	0	0	0	0	0	0	0	0	0	0	0	0	0	0	0	0	0	0	0
36	A	T	ORF	S	NULL	0	0	0	0	0.000100001	0.0001	0.0001	0.000100001	0.0001	0.0001523	0.0001	0.0001	0.0001	0.0001	0.0001	0.0001	0.0001	0.0001	0.560055	0.000100001	0.0001	0.0411062	0.211049	0.000100001	0.0001	0.215319	0.0240418	0.000100001	0.0001	0.560076	0.000111657	0.0001	0.0001	0.0001	0.0001	0.136917	0.0001	0.0001	0.0001	0.000100001	0.0001	0.999142	0.000145008	0.0001	0.439109	0.0001	0.0001	0.0001	0.0001	0.0001	0.940131	0.0210987	0.0001	0.999141
37	A	T	ORF	S	NULL	0	0	0	0	0	0	0	0	0	0	0	0	0	0	0	0	0	0	0	0	0	0	0	0	0	0	0	0	0	0	0	0	0	0	0	0	0	0	0	0	0	0	0	0	0	0	0	0	0	0	0	0	0	0
38	A	T	ORF	S	NULL	0	0	0	0	0.000100002	0.0001	0.0001	0.000100006	0.0001	0.0001	0.0001	0.0441281	0.0001	0.0001	0.870086	0.0001	0.551063	0.0001	0.000118488	0.0862004	0.0360914	0.0001	0.0559466	0.000100001	0.484046	0.102255	0.180973	0.000100002	0.0001	0.0001	0.000100002	0.387013	0.0001	0.999974	0.157986	0.0001	0.0001	0.378024	0.0001	0.0902369	0.000163144	0.0001	0.144374	0.0829924	0.202004	0.0001	0.0001	0.0001	0.0001	0.0001	0.058987	0.0001	0.21598	0.0001
39	A	T	ORF	S	NULL	0	0	0	0	0	0	0	0	0	0	0	0	0	0	0	0	0	0	0	0	0	0	0	0	0	0	0	0	0	0	0	0	0	0	0	0	0	0	0	0	0	0	0	0	0	0	0	0	0	0	0	0	0	0
40	A	T	ORF	S	NULL	0	0	0	0	0	0	0	0	0	0	0	0	0	0	0	0	0	0	0	0	0	0	0	0	0	0	0	0	0	0	0	0	0	0	0	0	0	0	0	0	0	0	0	0	0	0	0	0	0	0	0	0	0	0
41	A	T	ORF	S	NULL	0	0	0	0	0	0	0	0	0	0	0	0	0	0	0	0	0	0	0	0	0	0	0	0	0	0	0	0	0	0	0	0	0	0	0	0	0	0	0	0	0	0	0	0	0	0	0	0	0	0	0	0	0	0
42	A	T	ORF	S	NULL	0	0	0	0	0.000100001	0.0001	0.0001	0.000100001	0.0001	0.0001523	0.0001	0.0001	0.0001	0.0001	0.0001	0.0001	0.0001	0.0001	0.560055	0.000100001	0.0001	0.0411062	0.211049	0.000100001	0.0001	0.215319	0.0240418	0.000100001	0.0001	0.560076	0.000111657	0.0001	0.0001	0.0001	0.0001	0.136917	0.0001	0.0001	0.0001	0.000100001	0.0001	0.999142	0.000145008	0.0001	0.439109	0.0001	0.0001	0.0001	0.0001	0.0001	0.940131	0.0210987	0.0001	0.999141
43	A	T	ORF	S	NULL	0	0	0	0	0	0	0	0	0	0	0	0	0	0	0	0	0	0	0	0	0	0	0	0	0	0	0	0	0	0	0	0	0	0	0	0	0	0	0	0	0	0	0	0	0	0	0	0	0	0	0	0	0	0
44	A	T	ORF	S	NULL	0	0	0	0	0.0001	0.180234	0.000117459	0.000100001	0.796168	0.000525548	0.448101	0.0001	0.0001	0.0001	0.129049	0.0001	0.330101	0.0001	0.0001	0.463202	0.170359	0.85915	0.0250744	0.0001	0.0001	0.296448	0.237225	0.271326	0.00013853	0.0001	0.000271143	0.0001	0.999979	0.0001	0.841117	0.0001	0.130665	0.000100002	0.0001	0.000126561	0.0001	0.000167345	0.000290915	0.061163	0.0001	0.000126268	0.675228	0.0001	0.000115466	0.000192402	0.0001	0.0001	0.0001	0.0001
45	A	T	ORF	S	NULL	0	0	0	0	1.00008	0.0002	0.0002	0.969206	0.203182	0.00020001	0.0161268	0.0442281	0.0002	0.0002	0.870186	0.000200036	0.551163	0.0002	0.000218488	0.535449	0.0381288	0.0002	0.234117	0.372144	0.484146	0.102355	0.244892	0.458174	0.000200007	0.0720999	0.334218	0.387113	0.0002	1.00007	0.158086	0.000200003	0.0002	0.41418	0.279429	0.456513	0.000263151	0.0002	0.188751	0.0830924	0.41411	0.0002	0.0002	0.0002	0.000200028	0.0002	0.059087	0.0002	0.21608	0.0002
46	A	T	ORF	S	NULL	0	0	0	0	0.0001	0.714591	0.413181	0.000247058	0.000179476	0.000236361	0.000158525	0.000323194	0.0001	0.0001	0.000525391	0.000183222	0.000288829	0.000163228	0.000120239	0.000314947	0.179415	0.0485293	0.000210332	0.552358	0.000188459	0.272817	0.00017762	0.000214064	0.000283261	0.000132582	0.428382	0.0001	0.0001	0.0001	0.000170108	0.00217066	0.000169492	0.000426217	0.000306357	0.000246018	0.693346	0.00013407	0.201596	0.0322221	0.000398577	0.0301402	0.323412	0.000187993	0.000154321	0.509345	0.000186899	0.942625	0.000146247	0.000148908
47	A	T	ORF	S	NULL	0	0	0	0	0.000100009	0.104093	0.586145	0.000100011	0.000100003	0.0551691	0.0001	0.000101736	0.999982	0.0001	0.0001	0.0001	0.0001	0.603203	0.439042	0.000100004	0.000183372	0.0500896	0.000100001	0.000100004	0.0001	0.000110124	0.0001	0.000100004	0.0001	0.0001	0.000100004	0.0001	0.0001	0.0001	0.0001	0.0001	0.000102233	0.0001	0.266217	0.000100001	0.000100001	0.0001	0.0001	0.68514	0.000129848	0.969142	0.000104973	0.0001	0.0001	0.424198	0.0001	0.000100001	0.0001	0.0001
48	A	T	ORF	S	NULL	0	0	0	0	0.0001	0.714591	0.413181	0.000247058	0.000179476	0.000236361	0.000158525	0.000323194	0.0001	0.0001	0.000525391	0.000183222	0.000288829	0.000163228	0.000120239	0.000314947	0.179415	0.0485293	0.000210332	0.552358	0.000188459	0.272817	0.00017762	0.000214064	0.000283261	0.000132582	0.428382	0.0001	0.0001	0.0001	0.000170108	0.00217066	0.000169492	0.000426217	0.000306357	0.000246018	0.693346	0.00013407	0.201596	0.0322221	0.000398577	0.0301402	0.323412	0.000187993	0.000154321	0.509345	0.000186899	0.942625	0.000146247	0.000148908
49	A	T	ORF	S	NULL	0	0	0	0	0	0	0	0	0	0	0	0	0	0	0	0	0	0	0	0	0	0	0	0	0	0	0	0	0	0	0	0	0	0	0	0	0	0	0	0	0	0	0	0	0	0	0	0	0	0	0	0	0	0
50	A	T	ORF	S	NULL	0	0	0	0	0.999977	0.0001	0.0001	0.969106	0.203082	0.00010001	0.0160268	0.000100007	0.0001	0.0001	0.0001	0.000100036	0.0001	0.0001	0.0001	0.449248	0.00203732	0.0001	0.178171	0.372044	0.000100008	0.0001	0.0639188	0.458074	0.000100007	0.0719999	0.334118	0.0001	0.0001	0.0001	0.0001	0.000100003	0.0001	0.0361562	0.279329	0.366276	0.000100007	0.0001	0.0443763	0.000100002	0.212105	0.0001	0.0001	0.0001	0.000100028	0.0001	0.0001	0.0001	0.000100022	0.0001
51	A	T	ORF	S	NULL	0	0	0	0	0.000100001	0.000201609	0.000100001	0.000100002	0.000109652	0.000236365	0.000100001	0.172242	0.0001	0.0001	0.000100001	0.000112459	0.000100001	0.000163234	0.000120243	0.000314956	0.266306	0.000211758	0.291174	0.000100002	0.0451227	0.07135	0.492248	0.000214071	0.000100001	0.000100001	0.000323196	0.0001	0.0001	0.0001	0.000170114	0.0001	0.055177	0.000250849	0.000170946	0.425308	0.111443	0.000100001	0.0134032	0.000217778	0.000232428	0.000136238	0.000251325	0.0841279	0.000154327	0.0652848	0.000115217	0.000204553	0.000100001	0.000100001
52	A	T	ORF	S	NULL	0	0	0	0	0	0	0	0	0	0	0	0	0	0	0	0	0	0	0	0	0	0	0	0	0	0	0	0	0	0	0	0	0	0	0	0	0	0	0	0	0	0	0	0	0	0	0	0	0	0	0	0	0	0
53	A	T	ORF	S	NULL	0	0	0	0	0	0	0	0	0	0	0	0	0	0	0	0	0	0	0	0	0	0	0	0	0	0	0	0	0	0	0	0	0	0	0	0	0	0	0	0	0	0	0	0	0	0	0	0	0	0	0	0	0	0
54	A	T	ORF	S	NULL	0	0	0	0	0	0	0	0	0	0	0	0	0	0	0	0	0	0	0	0	0	0	0	0	0	0	0	0	0	0	0	0	0	0	0	0	0	0	0	0	0	0	0	0	0	0	0	0	0	0	0	0	0	0
55	A	T	ORF	S	NULL	0	0	0	0	0	0	0	0	0	0	0	0	0	0	0	0	0	0	0	0	0	0	0	0	0	0	0	0	0	0	0	0	0	0	0	0	0	0	0	0	0	0	0	0	0	0	0	0	0	0	0	0	0	0
56	A	T	ORF	S	NULL	0	0	0	0	0.000100001	0.000201609	0.000100001	0.000100002	0.000109652	0.000236365	0.000100001	0.172242	0.0001	0.0001	0.000100001	0.000112459	0.000100001	0.000163234	0.000120243	0.000314956	0.266306	0.000211758	0.291174	0.000100002	0.0451227	0.07135	0.492248	0.000214071	0.000100001	0.000100001	0.000323196	0.0001	0.0001	0.0001	0.000170114	0.0001	0.055177	0.000250849	0.000170946	0.425308	0.111443	0.000100001	0.0134032	0.000217778	0.000232428	0.000136238	0.000251325	0.0841279	0.000154327	0.0652848	0.000115217	0.000204553	0.000100001	0.000100001
57	A	T	ORF	S	NULL	0	0	0	0	0	0	0	0	0	0	0	0	0	0	0	0	0	0	0	0	0	0	0	0	0	0	0	0	0	0	0	0	0	0	0	0	0	0	0	0	0	0	0	0	0	0	0	0	0	0	0	0	0	0
58	A	T	ORF	S	NULL	0	0	0	0	0	0	0	0	0	0	0	0	0	0	0	0	0	0	0	0	0	0	0	0	0	0	0	0	0	0	0	0	0	0	0	0	0	0	0	0	0	0	0	0	0	0	0	0	0	0	0	0	0	0
59	A	T	ORF	S	NULL	0	0	0	0	0	0	0	0	0	0	0	0	0	0	0	0	0	0	0	0	0	0	0	0	0	0	0	0	0	0	0	0	0	0	0	0	0	0	0	0	0	0	0	0	0	0	0	0	0	0	0	0	0	0
60	A	T	ORF	S	NULL	0	0	0	0	0.000100001	0.0001	0.0001	0.000100001	0.0001	0.0001523	0.0001	0.0001	0.0001	0.0001	0.0001	0.0001	0.0001	0.0001	0.560055	0.000100001	0.0001	0.0411062	0.211049	0.000100001	0.0001	0.215319	0.0240418	0.000100001	0.0001	0.560076	0.000111657	0.0001	0.0001	0.0001	0.0001	0.136917	0.0001	0.0001	0.0001	0.000100001	0.0001	0.999142	0.000145008	0.0001	0.439109	0.0001	0.0001	0.0001	0.0001	0.0001	0.940131	0.0210987	0.0001	0.999141
61	A	T	ORF	S	NULL	0	0	0	0	0	0	0	0	0	0	0	0	0	0	0	0	0	0	0	0	0	0	0	0	0	0	0	0	0	0	0	0	0	0	0	0	0	0	0	0	0	0	0	0	0	0	0	0	0	0	0	0	0	0
62	A	T	ORF	S	NULL	0	0	0	0	0	0	0	0	0	0	0	0	0	0	0	0	0	0	0	0	0	0	0	0	0	0	0	0	0	0	0	0	0	0	0	0	0	0	0	0	0	0	0	0	0	0	0	0	0	0	0	0	0	0
63	A	T	ORF	S	NULL	0	0	0	0	0.0001	0.000271716	0.000237568	0.000247016	0.000159366	0.0821761	0.000287116	0.461309	0.0001	0.0001	0.000117319	0.000171617	0.11816	0.000123811	0.000240126	0.000230347	0.000300226	0.000287911	0.00039576	0.000142977	0.000183002	0.0407079	0.000332755	0.000198798	0.000148092	0.000240059	0.000289849	0.612444	0.0001	0.0001	0.00017305	0.769	0.0733133	0.462309	0.000111119	0.117507	0.000394718	0.000112726	0.116773	0.000209606	0.145428	0.000251657	0.000325925	0.000175856	0.211174	0.000394068	0.000184362	0.000246239	0.000293202	0.000273109
64	A	T	ORF	S	NULL	0	0	0	0	0	0	0	0	0	0	0	0	0	0	0	0	0	0	0	0	0	0	0	0	0	0	0	0	0	0	0	0	0	0	0	0	0	0	0	0	0	0	0	0	0	0	0	0	0	0	0	0	0	0
65	A	T	ORF	S	NULL	0	0	0	0	0	0	0	0	0	0	0	0	0	0	0	0	0	0	0	0	0	0	0	0	0	0	0	0	0	0	0	0	0	0	0	0	0	0	0	0	0	0	0	0	0	0	0	0	0	0	0	0	0	0
66	A	T	ORF	S	NULL	0	0	0	0	0	0	0	0	0	0	0	0	0	0	0	0	0	0	0	0	0	0	0	0	0	0	0	0	0	0	0	0	0	0	0	0	0	0	0	0	0	0	0	0	0	0	0	0	0	0	0	0	0	0
67	A	T	ORF	S	NULL	0	0	0	0	0	0	0	0	0	0	0	0	0	0	0	0	0	0	0	0	0	0	0	0	0	0	0	0	0	0	0	0	0	0	0	0	0	0	0	0	0	0	0	0	0	0	0	0	0	0	0	0	0	0
68	A	T	ORF	S	NULL	0	0	0	0	0.000100009	0.104093	0.586145	0.000100011	0.000100003	0.0551691	0.0001	0.000101736	0.999982	0.0001	0.0001	0.0001	0.0001	0.603203	0.439042	0.000100004	0.000183372	0.0500896	0.000100001	0.000100004	0.0001	0.000110124	0.0001	0.000100004	0.0001	0.0001	0.000100004	0.0001	0.0001	0.0001	0.0001	0.0001	0.000102233	0.0001	0.266217	0.000100001	0.000100001	0.0001	0.0001	0.68514	0.000129848	0.969142	0.000104973	0.0001	0.0001	0.424198	0.0001	0.000100001	0.0001	0.0001
69	A	T	ORF	S	NULL	0	0	0	0	0	0	0	0	0	0	0	0	0	0	0	0	0	0	0	0	0	0	0	0	0	0	0	0	0	0	0	0	0	0	0	0	0	0	0	0	0	0	0	0	0	0	0	0	0	0	0	0	0	0
70	A	T	ORF	S	NULL	0	0	0	0	0	0	0	0	0	0	0	0	0	0	0	0	0	0	0	0	0	0	0	0	0	0	0	0	0	0	0	0	0	0	0	0	0	0	0	0	0	0	0	0	0	0	0	0	0	0	0	0	0	0
71	A	T	ORF	S	NULL	0	0	0	0	0	0	0	0	0	0	0	0	0	0	0	0	0	0	0	0	0	0	0	0	0	0	0	0	0	0	0	0	0	0	0	0	0	0	0	0	0	0	0	0	0	0	0	0	0	0	0	0	0	0
72	A	T	ORF	S	NULL	0	0	0	0	0	0	0	0	0	0	0	0	0	0	0	0	0	0	0	0	0	0	0	0	0	0	0	0	0	0	0	0	0	0	0	0	0	0	0	0	0	0	0	0	0	0	0	0	0	0	0	0	0	0
73	A	T	ORF	S	NULL	0	0	0	0	0	0	0	0	0	0	0	0	0	0	0	0	0	0	0	0	0	0	0	0	0	0	0	0	0	0	0	0	0	0	0	0	0	0	0	0	0	0	0	0	0	0	0	0	0	0	0	0	0	0
74	A	T	ORF	S	NULL	0	0	0	0	0	0	0	0	0	0	0	0	0	0	0	0	0	0	0	0	0	0	0	0	0	0	0	0	0	0	0	0	0	0	0	0	0	0	0	0	0	0	0	0	0	0	0	0	0	0	0	0	0	0
75	A	T	ORF	S	NULL	0	0	0	0	0	0	0	0	0	0	0	0	0	0	0	0	0	0	0	0	0	0	0	0	0	0	0	0	0	0	0	0	0	0	0	0	0	0	0	0	0	0	0	0	0	0	0	0	0	0	0	0	0	0
76	A	T	ORF	S	NULL	0	0	0	0	0.0001	0.714591	0.413181	0.000247058	0.000179476	0.000236361	0.000158525	0.000323194	0.0001	0.0001	0.000525391	0.000183222	0.000288829	0.000163228	0.000120239	0.000314947	0.179415	0.0485293	0.000210332	0.552358	0.000188459	0.272817	0.00017762	0.000214064	0.000283261	0.000132582	0.428382	0.0001	0.0001	0.0001	0.000170108	0.00217066	0.000169492	0.000426217	0.000306357	0.000246018	0.693346	0.00013407	0.201596	0.0322221	0.000398577	0.0301402	0.323412	0.000187993	0.000154321	0.509345	0.000186899	0.942625	0.000146247	0.000148908
77	A	T	ORF	S	NULL	0	0	0	0	0	0	0	0	0	0	0	0	0	0	0	0	0	0	0	0	0	0	0	0	0	0	0	0	0	0	0	0	0	0	0	0	0	0	0	0	0	0	0	0	0	0	0	0	0	0	0	0	0	0
78	A	T	ORF	S	NULL	0	0	0	0	0.000100002	0.0001	0.0001	0.000100006	0.0001	0.0001	0.0001	0.0441281	0.0001	0.0001	0.870086	0.0001	0.551063	0.0001	0.000118488	0.0862004	0.0360914	0.0001	0.0559466	0.000100001	0.484046	0.102255	0.180973	0.000100002	0.0001	0.0001	0.000100002	0.387013	0.0001	0.999974	0.157986	0.0001	0.0001	0.378024	0.0001	0.0902369	0.000163144	0.0001	0.144374	0.0829924	0.202004	0.0001	0.0001	0.0001	0.0001	0.0001	0.058987	0.0001	0.21598	0.0001
79	A	T	ORF	S	NULL	0	0	0	0	0	0	0	0	0	0	0	0	0	0	0	0	0	0	0	0	0	0	0	0	0	0	0	0	0	0	0	0	0	0	0	0	0	0	0	0	0	0	0	0	0	0	0	0	0	0	0	0	0	0
80	A	T	ORF	S	NULL	0	0	0	0	0	0	0	0	0	0	0	0	0	0	0	0	0	0	0	0	0	0	0	0	0	0	0	0	0	0	0	0	0	0	0	0	0	0	0	0	0	0	0	0	0	0	0	0	0	0	0	0	0	0
81	A	T	ORF	S	NULL	0	0	0	0	0	0	0	0	0	0	0	0	0	0	0	0	0	0	0	0	0	0	0	0	0	0	0	0	0	0	0	0	0	0	0	0	0	0	0	0	0	0	0	0	0	0	0	0	0	0	0	0	0	0
82	A	T	ORF	S	NULL	0	0	0	0	0.000100001	0.0001	0.0001	0.000100001	0.0001	0.0001523	0.0001	0.0001	0.0001	0.0001	0.0001	0.0001	0.0001	0.0001	0.560055	0.000100001	0.0001	0.0411062	0.211049	0.000100001	0.0001	0.215319	0.0240418	0.000100001	0.0001	0.560076	0.000111657	0.0001	0.0001	0.0001	0.0001	0.136917	0.0001	0.0001	0.0001	0.000100001	0.0001	0.999142	0.000145008	0.0001	0.439109	0.0001	0.0001	0.0001	0.0001	0.0001	0.940131	0.0210987	0.0001	0.999141
83	A	T	ORF	S	NULL	0	0	0	0	0.000100002	0.0001	0.0001	0.000100006	0.0001	0.0001	0.0001	0.0441281	0.0001	0.0001	0.870086	0.0001	0.551063	0.0001	0.000118488	0.0862004	0.0360914	0.0001	0.0559466	0.000100001	0.484046	0.102255	0.180973	0.000100002	0.0001	0.0001	0.000100002	0.387013	0.0001	0.999974	0.157986	0.0001	0.0001	0.378024	0.0001	0.0902369	0.000163144	0.0001	0.144374	0.0829924	0.202004	0.0001	0.0001	0.0001	0.0001	0.0001	0.058987	0.0001	0.21598	0.0001
84	A	T	ORF	S	NULL	0	0	0	0	0	0	0	0	0	0	0	0	0	0	0	0	0	0	0	0	0	0	0	0	0	0	0	0	0	0	0	0	0	0	0	0	0	0	0	0	0	0	0	0	0	0	0	0	0	0	0	0	0	0
85	A	T	ORF	S	NULL	0	0	0	0	0.000100009	0.104093	0.586145	0.000100011	0.000100003	0.0551691	0.0001	0.000101736	0.999982	0.0001	0.0001	0.0001	0.0001	0.603203	0.439042	0.000100004	0.000183372	0.0500896	0.000100001	0.000100004	0.0001	0.000110124	0.0001	0.000100004	0.0001	0.0001	0.000100004	0.0001	0.0001	0.0001	0.0001	0.0001	0.000102233	0.0001	0.266217	0.000100001	0.000100001	0.0001	0.0001	0.68514	0.000129848	0.969142	0.000104973	0.0001	0.0001	0.424198	0.0001	0.000100001	0.0001	0.0001
86	A	T	ORF	S	NULL	0	0	0	0	0	0	0	0	0	0	0	0	0	0	0	0	0	0	0	0	0	0	0	0	0	0	0	0	0	0	0	0	0	0	0	0	0	0	0	0	0	0	0	0	0	0	0	0	0	0	0	0	0	0
87	A	T	ORF	S	NULL	0	0	0	0	0	0	0	0	0	0	0	0	0	0	0	0	0	0	0	0	0	0	0	0	0	0	0	0	0	0	0	0	0	0	0	0	0	0	0	0	0	0	0	0	0	0	0	0	0	0	0	0	0	0
88	A	T	ORF	S	NULL	0	0	0	0	0	0	0	0	0	0	0	0	0	0	0	0	0	0	0	0	0	0	0	0	0	0	0	0	0	0	0	0	0	0	0	0	0	0	0	0	0	0	0	0	0	0	0	0	0	0	0	0	0	0
89	A	T	ORF	S	NULL	0	0	0	0	1.00008	0.104193	0.586245	0.969206	0.203182	0.0552691	0.0161268	0.000201743	1.00008	0.0002	0.0002	0.000200036	0.0002	0.603303	0.439142	0.449348	0.00222069	0.0501896	0.178271	0.372144	0.000200008	0.000210124	0.0640188	0.458174	0.000200007	0.0720999	0.334218	0.0002	0.0002	0.0002	0.0002	0.000200003	0.000202233	0.0362562	0.545546	0.366376	0.000200008	0.0002	0.0444763	0.68524	0.212235	0.969242	0.000204973	0.0002	0.000200029	0.424298	0.0002	0.000200001	0.000200022	0.0002
90	A	T	ORF	S	NULL	0	0	0	0	0.000200001	0.180334	0.000217459	0.000200003	0.796268	0.000677848	0.448201	0.0002	0.0002	0.0002	0.129149	0.0002	0.330201	0.0002	0.560155	0.463302	0.170459	0.900257	0.236124	0.000200001	0.0002	0.511767	0.261266	0.271426	0.00023853	0.560176	0.0003828	0.0002	1.00008	0.0002	0.841217	0.137017	0.130765	0.000200002	0.0002	0.000226561	0.0002	0.999309	0.000435923	0.061263	0.439209	0.000226268	0.675328	0.0002	0.000215466	0.000292402	0.940231	0.0211987	0.0002	0.999241
91	A	T	ORF	S	NULL	0	0	0	0	0.0001	0.00028954	0.000237591	0.000138434	0.00016114	0.31945	0.000150263	0.17934	0.0001	0.0001	0.000105452	0.999316	0.000154056	0.000163124	0.00022984	0.000251795	0.000377874	0.000301007	0.237866	0.0751621	0.220215	0.000776326	0.000822212	0.0582171	0.183174	0.0601438	0.000298538	0.000359888	0.0001	0.0001	0.000166911	0.0919124	0.000169297	0.12255	0.453721	0.000169899	0.194277	0.000132675	0.225248	0.137869	0.000398596	0.000130818	0.000350165	0.000185212	0.78826	0.000271755	0.000175011	0.000298112	0.783366	0.000148786
92	A	T	ORF	S	NULL	0	0	0	0	0.000200002	0.000325955	0.0002	0.0301542	0.000200037	0.542044	0.535235	0.186582	0.0002	1.00008	0.870186	0.0002	0.551163	0.396215	0.000218488	0.0863006	0.38096	0.000379398	0.0560587	0.000200002	0.734162	0.102465	0.181216	0.211809	0.816223	0.307356	0.236206	0.387113	0.0002	1.00007	0.158152	0.0002	0.740469	0.378146	0.0002	0.0903369	0.000387718	0.000267372	0.398092	0.0831639	0.202119	0.0002	0.000269739	0.915294	0.000215814	0.000293423	0.059087	0.0353827	0.21608	0.0002
93	A	T	ORF	S	NULL	0	0	0	0	0	0	0	0	0	0	0	0	0	0	0	0	0	0	0	0	0	0	0	0	0	0	0	0	0	0	0	0	0	0	0	0	0	0	0	0	0	0	0	0	0	0	0	0	0	0	0	0	0	0
94	A	T	ORF	S	NULL	0	0	0	0	0	0	0	0	0	0	0	0	0	0	0	0	0	0	0	0	0	0	0	0	0	0	0	0	0	0	0	0	0	0	0	0	0	0	0	0	0	0	0	0	0	0	0	0	0	0	0	0	0	0
95	A	T	ORF	S	NULL	0	0	0	0	0	0	0	0	0	0	0	0	0	0	0	0	0	0	0	0	0	0	0	0	0	0	0	0	0	0	0	0	0	0	0	0	0	0	0	0	0	0	0	0	0	0	0	0	0	0	0	0	0	0
96	A	T	ORF	S	NULL	0	0	0	0	0	0	0	0	0	0	0	0	0	0	0	0	0	0	0	0	0	0	0	0	0	0	0	0	0	0	0	0	0	0	0	0	0	0	0	0	0	0	0	0	0	0	0	0	0	0	0	0	0	0
97	A	T	ORF	S	NULL	0	0	0	0	0	0	0	0	0	0	0	0	0	0	0	0	0	0	0	0	0	0	0	0	0	0	0	0	0	0	0	0	0	0	0	0	0	0	0	0	0	0	0	0	0	0	0	0	0	0	0	0	0	0
98	A	T	ORF	S	NULL	0	0	0	0	0.0001	0.000225955	0.0001	0.0300542	0.000100037	0.541944	0.535135	0.142454	0.0001	0.999981	0.0001	0.0001	0.0001	0.396115	0.0001	0.00010017	0.344869	0.000279398	0.000112027	0.0001	0.250116	0.000209916	0.000243227	0.211709	0.816123	0.307256	0.236106	0.0001	0.0001	0.0001	0.000165804	0.0001	0.740369	0.000122644	0.0001	0.0001	0.000224574	0.000167372	0.253718	0.000171438	0.000114788	0.0001	0.000169739	0.915194	0.000115814	0.000193423	0.0001	0.0352827	0.000100001	0.0001
99	A	T	ORF	S	NULL	0	0	0	0	0.0001	0.00028954	0.000237591	0.000138434	0.00016114	0.31945	0.000150263	0.17934	0.0001	0.0001	0.000105452	0.999316	0.000154056	0.000163124	0.00022984	0.000251795	0.000377874	0.000301007	0.237866	0.0751621	0.220215	0.000776326	0.000822212	0.0582171	0.183174	0.0601438	0.000298538	0.000359888	0.0001	0.0001	0.000166911	0.0919124	0.000169297	0.12255	0.453721	0.000169899	0.194277	0.000132675	0.225248	0.137869	0.000398596	0.000130818	0.000350165	0.000185212	0.78826	0.000271755	0.000175011	0.000298112	0.783366	0.000148786
100	A	T	ORF	S	NULL	0	0	0	0	0.000200009	0.104365	0.586383	0.000347028	0.000259369	0.137345	0.000387116	0.46141	1.00008	0.0002	0.000217319	0.000271617	0.11826	0.603327	0.439282	0.000330351	0.000483598	0.0503775	0.00049576	0.000242981	0.000283002	0.040818	0.000432756	0.000298802	0.000248092	0.000340059	0.000389854	0.612544	0.0002	0.0002	0.00027305	0.7691	0.0734155	0.462409	0.266328	0.117607	0.000494719	0.000212726	0.116873	0.685349	0.145558	0.969393	0.000430898	0.000275856	0.211274	0.424592	0.000284362	0.00034624	0.000393202	0.000373109
