pos	ref	alt	gene	N/S	AA	nSRAsubclonal	nSRAclonal	nSRA	nConsensus	sample0|Earth	sample1|Earth	sample2|Earth	sample3|Earth	sample4|Earth	sample5|Earth	sample6|Earth	sample7|Earth	sample8|Earth	sample9|Earth	sample10|Earth	sample11|Earth	sample12|Earth	sample13|Earth	sample14|Earth	sample15|Earth	sample16|Earth	sample17|Earth	sample18|Earth	sample19|Earth	sample20|Earth	sample21|Earth	sample22|Earth	sample23|Earth	sample24|Earth	sample25|Earth	sample26|Earth	sample27|Earth	sample28|Earth	sample29|Earth	sample30|Earth	sample31|Earth	sample32|Earth	sample33|Earth	sample34|Earth	sample35|Earth	sample36|Earth	sample37|Earth	sample38|Earth	sample39|Earth	sample40|Earth	sample41|Earth	sample42|Earth	sample43|Earth	sample44|Earth	sample45|Earth	sample46|Earth	sample47|Earth	sample48|Earth	sample49|Earth
1	A	T	ORF	S	NULL	0	0	0	0	0.000100006	0.0001	0.0001	0.000100008	0.000100001	0.000151921	0.0001	0.0001	0.0001	0.0001	0.0001	0.0001	0.0001	0.0001	0.560058	0.000100004	0.0001	0.0411058	0.21105	0.000100003	0.0001	0.215319	0.0240421	0.000100004	0.0001	0.560079	0.000111403	0.0001	0.0001	0.0001	0.0001	0.136918	0.0001	0.0001	0.000100001	0.000100003	0.0001	0.999147	0.000144997	0.0001	0.43911	0.0001	0.0001	0.0001	0.0001	0.0001	0.940135	0.0210975	0.0001	0.999145
2	A	T	ORF	S	NULL	0	0	0	0	0	0	0	0	0	0	0	0	0	0	0	0	0	0	0	0	0	0	0	0	0	0	0	0	0	0	0	0	0	0	0	0	0	0	0	0	0	0	0	0	0	0	0	0	0	0	0	0	0	0
3	A	T	ORF	S	NULL	0	0	0	0	0	0	0	0	0	0	0	0	0	0	0	0	0	0	0	0	0	0	0	0	0	0	0	0	0	0	0	0	0	0	0	0	0	0	0	0	0	0	0	0	0	0	0	0	0	0	0	0	0	0
4	A	T	ORF	S	NULL	0	0	0	0	0	0	0	0	0	0	0	0	0	0	0	0	0	0	0	0	0	0	0	0	0	0	0	0	0	0	0	0	0	0	0	0	0	0	0	0	0	0	0	0	0	0	0	0	0	0	0	0	0	0
5	A	T	ORF	S	NULL	0	0	0	0	0	0	0	0	0	0	0	0	0	0	0	0	0	0	0	0	0	0	0	0	0	0	0	0	0	0	0	0	0	0	0	0	0	0	0	0	0	0	0	0	0	0	0	0	0	0	0	0	0	0
6	A	T	ORF	S	NULL	0	0	0	0	0.000100003	0.000200017	0.000100003	0.000100014	0.000109325	0.000235857	0.000100005	0.172241	0.0001	0.0001	0.000100003	0.000111605	0.000100004	0.000162443	0.000120032	0.000314872	0.266304	0.000211163	0.291173	0.000100019	0.045122	0.0713492	0.492245	0.000213515	0.000100014	0.000100012	0.000322576	0.000100003	0.0001	0.0001	0.000169471	0.000100002	0.0551757	0.000251795	0.00017047	0.425304	0.111441	0.000100003	0.013403	0.000217177	0.000232715	0.00013571	0.000250843	0.084126	0.000153978	0.065284	0.000115004	0.000202583	0.00010006	0.000100004
7	A	T	ORF	S	NULL	0	0	0	0	0	0	0	0	0	0	0	0	0	0	0	0	0	0	0	0	0	0	0	0	0	0	0	0	0	0	0	0	0	0	0	0	0	0	0	0	0	0	0	0	0	0	0	0	0	0	0	0	0	0
8	A	T	ORF	S	NULL	0	0	0	0	0.99998	0.0001	0.0001	0.969107	0.203081	0.000100009	0.0160262	0.000100006	0.0001	0.0001	0.0001	0.000100001	0.0001	0.0001	0.0001	0.449249	0.00203722	0.0001	0.178172	0.372045	0.000100009	0.0001	0.0639179	0.458075	0.000100009	0.072	0.334118	0.0001	0.0001	0.0001	0.0001	0.000100002	0.0001	0.0361564	0.279331	0.366278	0.000100007	0.0001	0.0443771	0.000100007	0.212106	0.0001	0.0001	0.0001	0.000100032	0.0001	0.0001	0.0001	0.000100039	0.0001
9	A	T	ORF	S	NULL	0	0	0	0	0	0	0	0	0	0	0	0	0	0	0	0	0	0	0	0	0	0	0	0	0	0	0	0	0	0	0	0	0	0	0	0	0	0	0	0	0	0	0	0	0	0	0	0	0	0	0	0	0	0
10	A	T	ORF	S	NULL	0	0	0	0	0	0	0	0	0	0	0	0	0	0	0	0	0	0	0	0	0	0	0	0	0	0	0	0	0	0	0	0	0	0	0	0	0	0	0	0	0	0	0	0	0	0	0	0	0	0	0	0	0	0
11	A	T	ORF	S	NULL	0	0	0	0	0.99998	0.0001	0.0001	0.969107	0.203081	0.000100009	0.0160262	0.000100006	0.0001	0.0001	0.0001	0.000100001	0.0001	0.0001	0.0001	0.449249	0.00203722	0.0001	0.178172	0.372045	0.000100009	0.0001	0.0639179	0.458075	0.000100009	0.072	0.334118	0.0001	0.0001	0.0001	0.0001	0.000100002	0.0001	0.0361564	0.279331	0.366278	0.000100007	0.0001	0.0443771	0.000100007	0.212106	0.0001	0.0001	0.0001	0.000100032	0.0001	0.0001	0.0001	0.000100039	0.0001
12	A	T	ORF	S	NULL	0	0	0	0	0	0	0	0	0	0	0	0	0	0	0	0	0	0	0	0	0	0	0	0	0	0	0	0	0	0	0	0	0	0	0	0	0	0	0	0	0	0	0	0	0	0	0	0	0	0	0	0	0	0
13	A	T	ORF	S	NULL	0	0	0	0	0	0	0	0	0	0	0	0	0	0	0	0	0	0	0	0	0	0	0	0	0	0	0	0	0	0	0	0	0	0	0	0	0	0	0	0	0	0	0	0	0	0	0	0	0	0	0	0	0	0
14	A	T	ORF	S	NULL	0	0	0	0	0	0	0	0	0	0	0	0	0	0	0	0	0	0	0	0	0	0	0	0	0	0	0	0	0	0	0	0	0	0	0	0	0	0	0	0	0	0	0	0	0	0	0	0	0	0	0	0	0	0
15	A	T	ORF	S	NULL	0	0	0	0	0	0	0	0	0	0	0	0	0	0	0	0	0	0	0	0	0	0	0	0	0	0	0	0	0	0	0	0	0	0	0	0	0	0	0	0	0	0	0	0	0	0	0	0	0	0	0	0	0	0
16	A	T	ORF	S	NULL	0	0	0	0	0	0	0	0	0	0	0	0	0	0	0	0	0	0	0	0	0	0	0	0	0	0	0	0	0	0	0	0	0	0	0	0	0	0	0	0	0	0	0	0	0	0	0	0	0	0	0	0	0	0
17	A	T	ORF	S	NULL	0	0	0	0	0.000100002	0.0001	0.0001	0.000100006	0.0001	0.000100001	0.0001	0.0441289	0.0001	0.0001	0.870089	0.0001	0.551064	0.0001	0.000117673	0.0862011	0.036091	0.0001	0.055947	0.000100001	0.484048	0.102255	0.180974	0.000100002	0.0001	0.0001	0.000100002	0.387016	0.0001	0.999978	0.157986	0.000100001	0.0001	0.378026	0.000100001	0.0902381	0.00016267	0.0001	0.144375	0.0829926	0.202005	0.0001	0.0001	0.0001	0.0001	0.0001	0.0589869	0.0001	0.215981	0.0001
18	A	T	ORF	S	NULL	0	0	0	0	0	0	0	0	0	0	0	0	0	0	0	0	0	0	0	0	0	0	0	0	0	0	0	0	0	0	0	0	0	0	0	0	0	0	0	0	0	0	0	0	0	0	0	0	0	0	0	0	0	0
19	A	T	ORF	S	NULL	0	0	0	0	0.000200002	0.000369732	0.000336551	0.000347495	0.000258908	0.0822748	0.000384973	0.505432	0.0002	0.0002	0.870202	0.000270638	0.66922	0.000223351	0.000356794	0.086431	0.0363908	0.000387039	0.0563428	0.000244203	0.484228	0.142962	0.181305	0.000298573	0.000246177	0.000339333	0.000389341	0.999451	0.0002	1.00008	0.158158	0.76909	0.0734107	0.840328	0.000210722	0.207744	0.000556951	0.000212085	0.261146	0.0832006	0.347431	0.00034792	0.000425448	0.000274167	0.211271	0.000493917	0.0591706	0.000344299	0.21627	0.000372262
20	A	T	ORF	S	NULL	0	0	0	0	0	0	0	0	0	0	0	0	0	0	0	0	0	0	0	0	0	0	0	0	0	0	0	0	0	0	0	0	0	0	0	0	0	0	0	0	0	0	0	0	0	0	0	0	0	0	0	0	0	0
21	A	T	ORF	S	NULL	0	0	0	0	0	0	0	0	0	0	0	0	0	0	0	0	0	0	0	0	0	0	0	0	0	0	0	0	0	0	0	0	0	0	0	0	0	0	0	0	0	0	0	0	0	0	0	0	0	0	0	0	0	0
22	A	T	ORF	S	NULL	0	0	0	0	0	0	0	0	0	0	0	0	0	0	0	0	0	0	0	0	0	0	0	0	0	0	0	0	0	0	0	0	0	0	0	0	0	0	0	0	0	0	0	0	0	0	0	0	0	0	0	0	0	0
23	A	T	ORF	S	NULL	0	0	0	0	0	0	0	0	0	0	0	0	0	0	0	0	0	0	0	0	0	0	0	0	0	0	0	0	0	0	0	0	0	0	0	0	0	0	0	0	0	0	0	0	0	0	0	0	0	0	0	0	0	0
24	A	T	ORF	S	NULL	0	0	0	0	0	0	0	0	0	0	0	0	0	0	0	0	0	0	0	0	0	0	0	0	0	0	0	0	0	0	0	0	0	0	0	0	0	0	0	0	0	0	0	0	0	0	0	0	0	0	0	0	0	0
25	A	T	ORF	S	NULL	0	0	0	0	0	0	0	0	0	0	0	0	0	0	0	0	0	0	0	0	0	0	0	0	0	0	0	0	0	0	0	0	0	0	0	0	0	0	0	0	0	0	0	0	0	0	0	0	0	0	0	0	0	0
26	A	T	ORF	S	NULL	0	0	0	0	0	0	0	0	0	0	0	0	0	0	0	0	0	0	0	0	0	0	0	0	0	0	0	0	0	0	0	0	0	0	0	0	0	0	0	0	0	0	0	0	0	0	0	0	0	0	0	0	0	0
27	A	T	ORF	S	NULL	0	0	0	0	0	0	0	0	0	0	0	0	0	0	0	0	0	0	0	0	0	0	0	0	0	0	0	0	0	0	0	0	0	0	0	0	0	0	0	0	0	0	0	0	0	0	0	0	0	0	0	0	0	0
28	A	T	ORF	S	NULL	0	0	0	0	0	0	0	0	0	0	0	0	0	0	0	0	0	0	0	0	0	0	0	0	0	0	0	0	0	0	0	0	0	0	0	0	0	0	0	0	0	0	0	0	0	0	0	0	0	0	0	0	0	0
29	A	T	ORF	S	NULL	0	0	0	0	0.000100003	0.000200017	0.000100003	0.000100014	0.000109325	0.000235857	0.000100005	0.172241	0.0001	0.0001	0.000100003	0.000111605	0.000100004	0.000162443	0.000120032	0.000314872	0.266304	0.000211163	0.291173	0.000100019	0.045122	0.0713492	0.492245	0.000213515	0.000100014	0.000100012	0.000322576	0.000100003	0.0001	0.0001	0.000169471	0.000100002	0.0551757	0.000251795	0.00017047	0.425304	0.111441	0.000100003	0.013403	0.000217177	0.000232715	0.00013571	0.000250843	0.084126	0.000153978	0.065284	0.000115004	0.000202583	0.00010006	0.000100004
30	A	T	ORF	S	NULL	0	0	0	0	0.000100006	0.0001	0.0001	0.000100008	0.000100001	0.000151921	0.0001	0.0001	0.0001	0.0001	0.0001	0.0001	0.0001	0.0001	0.560058	0.000100004	0.0001	0.0411058	0.21105	0.000100003	0.0001	0.215319	0.0240421	0.000100004	0.0001	0.560079	0.000111403	0.0001	0.0001	0.0001	0.0001	0.136918	0.0001	0.0001	0.000100001	0.000100003	0.0001	0.999147	0.000144997	0.0001	0.43911	0.0001	0.0001	0.0001	0.0001	0.0001	0.940135	0.0210975	0.0001	0.999145
31	A	T	ORF	S	NULL	0	0	0	0	1.00008	0.000387603	0.000336612	0.969244	0.203242	0.319548	0.0161754	0.179441	0.0002	0.0002	0.000205662	0.999419	0.000254293	0.000262262	0.000329333	0.449499	0.0024146	0.000400269	0.416036	0.447208	0.220315	0.000875339	0.0647422	0.51629	0.183273	0.132143	0.334415	0.000462946	0.0002	0.0002	0.000266144	0.0920128	0.000267938	0.158708	0.733052	0.366447	0.194377	0.00023154	0.269625	0.137971	0.212505	0.000230225	0.000449516	0.000283328	0.788363	0.000371541	0.000274685	0.00039556	0.783473	0.000248242
32	A	T	ORF	S	NULL	0	0	0	0	0.0002	0.180458	0.000216312	0.0301546	0.796267	0.542475	0.983242	0.142556	0.0002	1.00009	0.12915	0.0002	0.330201	0.396218	0.0002	0.463301	0.515231	0.859433	0.0251864	0.0002	0.250216	0.296659	0.237467	0.483038	0.816268	0.307358	0.236379	0.0002	1.00009	0.0002	0.841286	0.000200001	0.871041	0.000221924	0.000200002	0.000227057	0.000324147	0.000332921	0.254009	0.0613337	0.00021522	0.00022541	0.675399	0.9153	0.000230577	0.000385504	0.000200167	0.0353806	0.000200005	0.000200001
33	A	T	ORF	S	NULL	0	0	0	0	0.0002	0.180458	0.000216312	0.0301546	0.796267	0.542475	0.983242	0.142556	0.0002	1.00009	0.12915	0.0002	0.330201	0.396218	0.0002	0.463301	0.515231	0.859433	0.0251864	0.0002	0.250216	0.296659	0.237467	0.483038	0.816268	0.307358	0.236379	0.0002	1.00009	0.0002	0.841286	0.000200001	0.871041	0.000221924	0.000200002	0.000227057	0.000324147	0.000332921	0.254009	0.0613337	0.00021522	0.00022541	0.675399	0.9153	0.000230577	0.000385504	0.000200167	0.0353806	0.000200005	0.000200001
34	A	T	ORF	S	NULL	0	0	0	0	0	0	0	0	0	0	0	0	0	0	0	0	0	0	0	0	0	0	0	0	0	0	0	0	0	0	0	0	0	0	0	0	0	0	0	0	0	0	0	0	0	0	0	0	0	0	0	0	0	0
35	A	T	ORF	S	NULL	0	0	0	0	0	0	0	0	0	0	0	0	0	0	0	0	0	0	0	0	0	0	0	0	0	0	0	0	0	0	0	0	0	0	0	0	0	0	0	0	0	0	0	0	0	0	0	0	0	0	0	0	0	0
36	A	T	ORF	S	NULL	0	0	0	0	0.000100006	0.0001	0.0001	0.000100008	0.000100001	0.000151921	0.0001	0.0001	0.0001	0.0001	0.0001	0.0001	0.0001	0.0001	0.560058	0.000100004	0.0001	0.0411058	0.21105	0.000100003	0.0001	0.215319	0.0240421	0.000100004	0.0001	0.560079	0.000111403	0.0001	0.0001	0.0001	0.0001	0.136918	0.0001	0.0001	0.000100001	0.000100003	0.0001	0.999147	0.000144997	0.0001	0.43911	0.0001	0.0001	0.0001	0.0001	0.0001	0.940135	0.0210975	0.0001	0.999145
37	A	T	ORF	S	NULL	0	0	0	0	0	0	0	0	0	0	0	0	0	0	0	0	0	0	0	0	0	0	0	0	0	0	0	0	0	0	0	0	0	0	0	0	0	0	0	0	0	0	0	0	0	0	0	0	0	0	0	0	0	0
38	A	T	ORF	S	NULL	0	0	0	0	0.000100002	0.0001	0.0001	0.000100006	0.0001	0.000100001	0.0001	0.0441289	0.0001	0.0001	0.870089	0.0001	0.551064	0.0001	0.000117673	0.0862011	0.036091	0.0001	0.055947	0.000100001	0.484048	0.102255	0.180974	0.000100002	0.0001	0.0001	0.000100002	0.387016	0.0001	0.999978	0.157986	0.000100001	0.0001	0.378026	0.000100001	0.0902381	0.00016267	0.0001	0.144375	0.0829926	0.202005	0.0001	0.0001	0.0001	0.0001	0.0001	0.0589869	0.0001	0.215981	0.0001
39	A	T	ORF	S	NULL	0	0	0	0	0	0	0	0	0	0	0	0	0	0	0	0	0	0	0	0	0	0	0	0	0	0	0	0	0	0	0	0	0	0	0	0	0	0	0	0	0	0	0	0	0	0	0	0	0	0	0	0	0	0
40	A	T	ORF	S	NULL	0	0	0	0	0	0	0	0	0	0	0	0	0	0	0	0	0	0	0	0	0	0	0	0	0	0	0	0	0	0	0	0	0	0	0	0	0	0	0	0	0	0	0	0	0	0	0	0	0	0	0	0	0	0
41	A	T	ORF	S	NULL	0	0	0	0	0	0	0	0	0	0	0	0	0	0	0	0	0	0	0	0	0	0	0	0	0	0	0	0	0	0	0	0	0	0	0	0	0	0	0	0	0	0	0	0	0	0	0	0	0	0	0	0	0	0
42	A	T	ORF	S	NULL	0	0	0	0	0.000100006	0.0001	0.0001	0.000100008	0.000100001	0.000151921	0.0001	0.0001	0.0001	0.0001	0.0001	0.0001	0.0001	0.0001	0.560058	0.000100004	0.0001	0.0411058	0.21105	0.000100003	0.0001	0.215319	0.0240421	0.000100004	0.0001	0.560079	0.000111403	0.0001	0.0001	0.0001	0.0001	0.136918	0.0001	0.0001	0.000100001	0.000100003	0.0001	0.999147	0.000144997	0.0001	0.43911	0.0001	0.0001	0.0001	0.0001	0.0001	0.940135	0.0210975	0.0001	0.999145
43	A	T	ORF	S	NULL	0	0	0	0	0	0	0	0	0	0	0	0	0	0	0	0	0	0	0	0	0	0	0	0	0	0	0	0	0	0	0	0	0	0	0	0	0	0	0	0	0	0	0	0	0	0	0	0	0	0	0	0	0	0
44	A	T	ORF	S	NULL	0	0	0	0	0.0001	0.180233	0.000116312	0.000100001	0.796167	0.000528368	0.448102	0.000100001	0.0001	0.0001	0.12905	0.0001	0.330101	0.0001	0.0001	0.463201	0.170359	0.859149	0.0250737	0.0001	0.0001	0.296447	0.237224	0.271326	0.000139906	0.000100002	0.000271605	0.0001	0.999986	0.0001	0.841116	0.000100001	0.130666	0.000100012	0.000100001	0.000127056	0.0001	0.000166442	0.000290654	0.0611625	0.0001	0.00012541	0.675227	0.0001	0.000115019	0.000192239	0.0001	0.0001	0.000100002	0.000100001
45	A	T	ORF	S	NULL	0	0	0	0	1.00008	0.0002	0.0002	0.969207	0.203181	0.00020001	0.0161262	0.0442289	0.0002	0.0002	0.870189	0.000200001	0.551164	0.0002	0.000217673	0.53545	0.0381283	0.0002	0.234119	0.372145	0.484148	0.102355	0.244892	0.458175	0.000200009	0.0721	0.334218	0.387116	0.0002	1.00008	0.158086	0.000200003	0.0002	0.414182	0.279431	0.456516	0.000262677	0.0002	0.188752	0.0830927	0.414111	0.0002	0.0002	0.0002	0.000200032	0.0002	0.0590869	0.0002	0.216081	0.0002
46	A	T	ORF	S	NULL	0	0	0	0	0.0001	0.7146	0.413182	0.000247588	0.000178988	0.000235818	0.000157313	0.000324005	0.0001	0.0001	0.000525503	0.000182047	0.000289153	0.000162434	0.00012003	0.000314866	0.179415	0.0485289	0.000210818	0.552352	0.000187939	0.272819	0.000178181	0.000213501	0.000280339	0.000132225	0.428383	0.0001	0.0001	0.0001	0.000169463	0.00217894	0.000168252	0.000427603	0.000305554	0.000246997	0.693348	0.000133189	0.201597	0.0322216	0.000398995	0.0301398	0.323413	0.000186178	0.000153924	0.509347	0.000186575	0.942638	0.000144556	0.000148444
47	A	T	ORF	S	NULL	0	0	0	0	0.000100007	0.104093	0.586147	0.000100009	0.000100002	0.0551684	0.0001	0.00010144	0.999986	0.0001	0.0001	0.0001	0.0001	0.603202	0.439043	0.000100003	0.000183131	0.0500895	0.0001	0.000100002	0.0001	0.000109909	0.0001	0.000100003	0.0001	0.0001	0.000100003	0.000100001	0.0001	0.0001	0.0001	0.000100001	0.000101466	0.000100001	0.266217	0.0001	0.0001	0.0001	0.0001	0.685141	0.000129542	0.969147	0.000104724	0.0001	0.0001	0.424197	0.0001	0.0001	0.0001	0.0001
48	A	T	ORF	S	NULL	0	0	0	0	0.0001	0.7146	0.413182	0.000247588	0.000178988	0.000235818	0.000157313	0.000324005	0.0001	0.0001	0.000525503	0.000182047	0.000289153	0.000162434	0.00012003	0.000314866	0.179415	0.0485289	0.000210818	0.552352	0.000187939	0.272819	0.000178181	0.000213501	0.000280339	0.000132225	0.428383	0.0001	0.0001	0.0001	0.000169463	0.00217894	0.000168252	0.000427603	0.000305554	0.000246997	0.693348	0.000133189	0.201597	0.0322216	0.000398995	0.0301398	0.323413	0.000186178	0.000153924	0.509347	0.000186575	0.942638	0.000144556	0.000148444
49	A	T	ORF	S	NULL	0	0	0	0	0	0	0	0	0	0	0	0	0	0	0	0	0	0	0	0	0	0	0	0	0	0	0	0	0	0	0	0	0	0	0	0	0	0	0	0	0	0	0	0	0	0	0	0	0	0	0	0	0	0
50	A	T	ORF	S	NULL	0	0	0	0	0.99998	0.0001	0.0001	0.969107	0.203081	0.000100009	0.0160262	0.000100006	0.0001	0.0001	0.0001	0.000100001	0.0001	0.0001	0.0001	0.449249	0.00203722	0.0001	0.178172	0.372045	0.000100009	0.0001	0.0639179	0.458075	0.000100009	0.072	0.334118	0.0001	0.0001	0.0001	0.0001	0.000100002	0.0001	0.0361564	0.279331	0.366278	0.000100007	0.0001	0.0443771	0.000100007	0.212106	0.0001	0.0001	0.0001	0.000100032	0.0001	0.0001	0.0001	0.000100039	0.0001
51	A	T	ORF	S	NULL	0	0	0	0	0.000100003	0.000200017	0.000100003	0.000100014	0.000109325	0.000235857	0.000100005	0.172241	0.0001	0.0001	0.000100003	0.000111605	0.000100004	0.000162443	0.000120032	0.000314872	0.266304	0.000211163	0.291173	0.000100019	0.045122	0.0713492	0.492245	0.000213515	0.000100014	0.000100012	0.000322576	0.000100003	0.0001	0.0001	0.000169471	0.000100002	0.0551757	0.000251795	0.00017047	0.425304	0.111441	0.000100003	0.013403	0.000217177	0.000232715	0.00013571	0.000250843	0.084126	0.000153978	0.065284	0.000115004	0.000202583	0.00010006	0.000100004
52	A	T	ORF	S	NULL	0	0	0	0	0	0	0	0	0	0	0	0	0	0	0	0	0	0	0	0	0	0	0	0	0	0	0	0	0	0	0	0	0	0	0	0	0	0	0	0	0	0	0	0	0	0	0	0	0	0	0	0	0	0
53	A	T	ORF	S	NULL	0	0	0	0	0	0	0	0	0	0	0	0	0	0	0	0	0	0	0	0	0	0	0	0	0	0	0	0	0	0	0	0	0	0	0	0	0	0	0	0	0	0	0	0	0	0	0	0	0	0	0	0	0	0
54	A	T	ORF	S	NULL	0	0	0	0	0	0	0	0	0	0	0	0	0	0	0	0	0	0	0	0	0	0	0	0	0	0	0	0	0	0	0	0	0	0	0	0	0	0	0	0	0	0	0	0	0	0	0	0	0	0	0	0	0	0
55	A	T	ORF	S	NULL	0	0	0	0	0	0	0	0	0	0	0	0	0	0	0	0	0	0	0	0	0	0	0	0	0	0	0	0	0	0	0	0	0	0	0	0	0	0	0	0	0	0	0	0	0	0	0	0	0	0	0	0	0	0
56	A	T	ORF	S	NULL	0	0	0	0	0.000100003	0.000200017	0.000100003	0.000100014	0.000109325	0.000235857	0.000100005	0.172241	0.0001	0.0001	0.000100003	0.000111605	0.000100004	0.000162443	0.000120032	0.000314872	0.266304	0.000211163	0.291173	0.000100019	0.045122	0.0713492	0.492245	0.000213515	0.000100014	0.000100012	0.000322576	0.000100003	0.0001	0.0001	0.000169471	0.000100002	0.0551757	0.000251795	0.00017047	0.425304	0.111441	0.000100003	0.013403	0.000217177	0.000232715	0.00013571	0.000250843	0.084126	0.000153978	0.065284	0.000115004	0.000202583	0.00010006	0.000100004
57	A	T	ORF	S	NULL	0	0	0	0	0	0	0	0	0	0	0	0	0	0	0	0	0	0	0	0	0	0	0	0	0	0	0	0	0	0	0	0	0	0	0	0	0	0	0	0	0	0	0	0	0	0	0	0	0	0	0	0	0	0
58	A	T	ORF	S	NULL	0	0	0	0	0	0	0	0	0	0	0	0	0	0	0	0	0	0	0	0	0	0	0	0	0	0	0	0	0	0	0	0	0	0	0	0	0	0	0	0	0	0	0	0	0	0	0	0	0	0	0	0	0	0
59	A	T	ORF	S	NULL	0	0	0	0	0	0	0	0	0	0	0	0	0	0	0	0	0	0	0	0	0	0	0	0	0	0	0	0	0	0	0	0	0	0	0	0	0	0	0	0	0	0	0	0	0	0	0	0	0	0	0	0	0	0
60	A	T	ORF	S	NULL	0	0	0	0	0.000100006	0.0001	0.0001	0.000100008	0.000100001	0.000151921	0.0001	0.0001	0.0001	0.0001	0.0001	0.0001	0.0001	0.0001	0.560058	0.000100004	0.0001	0.0411058	0.21105	0.000100003	0.0001	0.215319	0.0240421	0.000100004	0.0001	0.560079	0.000111403	0.0001	0.0001	0.0001	0.0001	0.136918	0.0001	0.0001	0.000100001	0.000100003	0.0001	0.999147	0.000144997	0.0001	0.43911	0.0001	0.0001	0.0001	0.0001	0.0001	0.940135	0.0210975	0.0001	0.999145
61	A	T	ORF	S	NULL	0	0	0	0	0	0	0	0	0	0	0	0	0	0	0	0	0	0	0	0	0	0	0	0	0	0	0	0	0	0	0	0	0	0	0	0	0	0	0	0	0	0	0	0	0	0	0	0	0	0	0	0	0	0
62	A	T	ORF	S	NULL	0	0	0	0	0	0	0	0	0	0	0	0	0	0	0	0	0	0	0	0	0	0	0	0	0	0	0	0	0	0	0	0	0	0	0	0	0	0	0	0	0	0	0	0	0	0	0	0	0	0	0	0	0	0
63	A	T	ORF	S	NULL	0	0	0	0	0.0001	0.000269732	0.000236551	0.000247489	0.000158908	0.0821748	0.000284973	0.461303	0.0001	0.0001	0.000112167	0.000170638	0.118156	0.000123351	0.000239121	0.0002299	0.00029975	0.000287039	0.000395812	0.000144201	0.000179853	0.0407065	0.00033131	0.000198571	0.000146177	0.000239332	0.000289339	0.612435	0.0001	0.0001	0.000171874	0.76899	0.0733107	0.462302	0.000110721	0.117506	0.000394282	0.000112085	0.116771	0.000207919	0.145426	0.00024792	0.000325448	0.000174167	0.211171	0.000393917	0.000183787	0.000244299	0.000288818	0.000272262
64	A	T	ORF	S	NULL	0	0	0	0	0	0	0	0	0	0	0	0	0	0	0	0	0	0	0	0	0	0	0	0	0	0	0	0	0	0	0	0	0	0	0	0	0	0	0	0	0	0	0	0	0	0	0	0	0	0	0	0	0	0
65	A	T	ORF	S	NULL	0	0	0	0	0	0	0	0	0	0	0	0	0	0	0	0	0	0	0	0	0	0	0	0	0	0	0	0	0	0	0	0	0	0	0	0	0	0	0	0	0	0	0	0	0	0	0	0	0	0	0	0	0	0
66	A	T	ORF	S	NULL	0	0	0	0	0	0	0	0	0	0	0	0	0	0	0	0	0	0	0	0	0	0	0	0	0	0	0	0	0	0	0	0	0	0	0	0	0	0	0	0	0	0	0	0	0	0	0	0	0	0	0	0	0	0
67	A	T	ORF	S	NULL	0	0	0	0	0	0	0	0	0	0	0	0	0	0	0	0	0	0	0	0	0	0	0	0	0	0	0	0	0	0	0	0	0	0	0	0	0	0	0	0	0	0	0	0	0	0	0	0	0	0	0	0	0	0
68	A	T	ORF	S	NULL	0	0	0	0	0.000100007	0.104093	0.586147	0.000100009	0.000100002	0.0551684	0.0001	0.00010144	0.999986	0.0001	0.0001	0.0001	0.0001	0.603202	0.439043	0.000100003	0.000183131	0.0500895	0.0001	0.000100002	0.0001	0.000109909	0.0001	0.000100003	0.0001	0.0001	0.000100003	0.000100001	0.0001	0.0001	0.0001	0.000100001	0.000101466	0.000100001	0.266217	0.0001	0.0001	0.0001	0.0001	0.685141	0.000129542	0.969147	0.000104724	0.0001	0.0001	0.424197	0.0001	0.0001	0.0001	0.0001
69	A	T	ORF	S	NULL	0	0	0	0	0	0	0	0	0	0	0	0	0	0	0	0	0	0	0	0	0	0	0	0	0	0	0	0	0	0	0	0	0	0	0	0	0	0	0	0	0	0	0	0	0	0	0	0	0	0	0	0	0	0
70	A	T	ORF	S	NULL	0	0	0	0	0	0	0	0	0	0	0	0	0	0	0	0	0	0	0	0	0	0	0	0	0	0	0	0	0	0	0	0	0	0	0	0	0	0	0	0	0	0	0	0	0	0	0	0	0	0	0	0	0	0
71	A	T	ORF	S	NULL	0	0	0	0	0	0	0	0	0	0	0	0	0	0	0	0	0	0	0	0	0	0	0	0	0	0	0	0	0	0	0	0	0	0	0	0	0	0	0	0	0	0	0	0	0	0	0	0	0	0	0	0	0	0
72	A	T	ORF	S	NULL	0	0	0	0	0	0	0	0	0	0	0	0	0	0	0	0	0	0	0	0	0	0	0	0	0	0	0	0	0	0	0	0	0	0	0	0	0	0	0	0	0	0	0	0	0	0	0	0	0	0	0	0	0	0
73	A	T	ORF	S	NULL	0	0	0	0	0	0	0	0	0	0	0	0	0	0	0	0	0	0	0	0	0	0	0	0	0	0	0	0	0	0	0	0	0	0	0	0	0	0	0	0	0	0	0	0	0	0	0	0	0	0	0	0	0	0
74	A	T	ORF	S	NULL	0	0	0	0	0	0	0	0	0	0	0	0	0	0	0	0	0	0	0	0	0	0	0	0	0	0	0	0	0	0	0	0	0	0	0	0	0	0	0	0	0	0	0	0	0	0	0	0	0	0	0	0	0	0
75	A	T	ORF	S	NULL	0	0	0	0	0	0	0	0	0	0	0	0	0	0	0	0	0	0	0	0	0	0	0	0	0	0	0	0	0	0	0	0	0	0	0	0	0	0	0	0	0	0	0	0	0	0	0	0	0	0	0	0	0	0
76	A	T	ORF	S	NULL	0	0	0	0	0.0001	0.7146	0.413182	0.000247588	0.000178988	0.000235818	0.000157313	0.000324005	0.0001	0.0001	0.000525503	0.000182047	0.000289153	0.000162434	0.00012003	0.000314866	0.179415	0.0485289	0.000210818	0.552352	0.000187939	0.272819	0.000178181	0.000213501	0.000280339	0.000132225	0.428383	0.0001	0.0001	0.0001	0.000169463	0.00217894	0.000168252	0.000427603	0.000305554	0.000246997	0.693348	0.000133189	0.201597	0.0322216	0.000398995	0.0301398	0.323413	0.000186178	0.000153924	0.509347	0.000186575	0.942638	0.000144556	0.000148444
77	A	T	ORF	S	NULL	0	0	0	0	0	0	0	0	0	0	0	0	0	0	0	0	0	0	0	0	0	0	0	0	0	0	0	0	0	0	0	0	0	0	0	0	0	0	0	0	0	0	0	0	0	0	0	0	0	0	0	0	0	0
78	A	T	ORF	S	NULL	0	0	0	0	0.000100002	0.0001	0.0001	0.000100006	0.0001	0.000100001	0.0001	0.0441289	0.0001	0.0001	0.870089	0.0001	0.551064	0.0001	0.000117673	0.0862011	0.036091	0.0001	0.055947	0.000100001	0.484048	0.102255	0.180974	0.000100002	0.0001	0.0001	0.000100002	0.387016	0.0001	0.999978	0.157986	0.000100001	0.0001	0.378026	0.000100001	0.0902381	0.00016267	0.0001	0.144375	0.0829926	0.202005	0.0001	0.0001	0.0001	0.0001	0.0001	0.0589869	0.0001	0.215981	0.0001
79	A	T	ORF	S	NULL	0	0	0	0	0	0	0	0	0	0	0	0	0	0	0	0	0	0	0	0	0	0	0	0	0	0	0	0	0	0	0	0	0	0	0	0	0	0	0	0	0	0	0	0	0	0	0	0	0	0	0	0	0	0
80	A	T	ORF	S	NULL	0	0	0	0	0	0	0	0	0	0	0	0	0	0	0	0	0	0	0	0	0	0	0	0	0	0	0	0	0	0	0	0	0	0	0	0	0	0	0	0	0	0	0	0	0	0	0	0	0	0	0	0	0	0
81	A	T	ORF	S	NULL	0	0	0	0	0	0	0	0	0	0	0	0	0	0	0	0	0	0	0	0	0	0	0	0	0	0	0	0	0	0	0	0	0	0	0	0	0	0	0	0	0	0	0	0	0	0	0	0	0	0	0	0	0	0
82	A	T	ORF	S	NULL	0	0	0	0	0.000100006	0.0001	0.0001	0.000100008	0.000100001	0.000151921	0.0001	0.0001	0.0001	0.0001	0.0001	0.0001	0.0001	0.0001	0.560058	0.000100004	0.0001	0.0411058	0.21105	0.000100003	0.0001	0.215319	0.0240421	0.000100004	0.0001	0.560079	0.000111403	0.0001	0.0001	0.0001	0.0001	0.136918	0.0001	0.0001	0.000100001	0.000100003	0.0001	0.999147	0.000144997	0.0001	0.43911	0.0001	0.0001	0.0001	0.0001	0.0001	0.940135	0.0210975	0.0001	0.999145
83	A	T	ORF	S	NULL	0	0	0	0	0.000100002	0.0001	0.0001	0.000100006	0.0001	0.000100001	0.0001	0.0441289	0.0001	0.0001	0.870089	0.0001	0.551064	0.0001	0.000117673	0.0862011	0.036091	0.0001	0.055947	0.000100001	0.484048	0.102255	0.180974	0.000100002	0.0001	0.0001	0.000100002	0.387016	0.0001	0.999978	0.157986	0.000100001	0.0001	0.378026	0.000100001	0.0902381	0.00016267	0.0001	0.144375	0.0829926	0.202005	0.0001	0.0001	0.0001	0.0001	0.0001	0.0589869	0.0001	0.215981	0.0001
84	A	T	ORF	S	NULL	0	0	0	0	0	0	0	0	0	0	0	0	0	0	0	0	0	0	0	0	0	0	0	0	0	0	0	0	0	0	0	0	0	0	0	0	0	0	0	0	0	0	0	0	0	0	0	0	0	0	0	0	0	0
85	A	T	ORF	S	NULL	0	0	0	0	0.000100007	0.104093	0.586147	0.000100009	0.000100002	0.0551684	0.0001	0.00010144	0.999986	0.0001	0.0001	0.0001	0.0001	0.603202	0.439043	0.000100003	0.000183131	0.0500895	0.0001	0.000100002	0.0001	0.000109909	0.0001	0.000100003	0.0001	0.0001	0.000100003	0.000100001	0.0001	0.0001	0.0001	0.000100001	0.000101466	0.000100001	0.266217	0.0001	0.0001	0.0001	0.0001	0.685141	0.000129542	0.969147	0.000104724	0.0001	0.0001	0.424197	0.0001	0.0001	0.0001	0.0001
86	A	T	ORF	S	NULL	0	0	0	0	0	0	0	0	0	0	0	0	0	0	0	0	0	0	0	0	0	0	0	0	0	0	0	0	0	0	0	0	0	0	0	0	0	0	0	0	0	0	0	0	0	0	0	0	0	0	0	0	0	0
87	A	T	ORF	S	NULL	0	0	0	0	0	0	0	0	0	0	0	0	0	0	0	0	0	0	0	0	0	0	0	0	0	0	0	0	0	0	0	0	0	0	0	0	0	0	0	0	0	0	0	0	0	0	0	0	0	0	0	0	0	0
88	A	T	ORF	S	NULL	0	0	0	0	0	0	0	0	0	0	0	0	0	0	0	0	0	0	0	0	0	0	0	0	0	0	0	0	0	0	0	0	0	0	0	0	0	0	0	0	0	0	0	0	0	0	0	0	0	0	0	0	0	0
89	A	T	ORF	S	NULL	0	0	0	0	1.00008	0.104193	0.586247	0.969207	0.203181	0.0552684	0.0161262	0.000201446	1.00009	0.0002	0.0002	0.000200001	0.0002	0.603302	0.439143	0.449349	0.00222035	0.0501895	0.178272	0.372145	0.000200009	0.000209909	0.0640179	0.458175	0.000200009	0.0721	0.334218	0.000200001	0.0002	0.0002	0.0002	0.000200003	0.000201466	0.0362564	0.545548	0.366378	0.000200007	0.0002	0.0444771	0.685241	0.212235	0.969247	0.000204724	0.0002	0.000200032	0.424297	0.0002	0.0002	0.000200039	0.0002
90	A	T	ORF	S	NULL	0	0	0	0	0.000200006	0.180333	0.000216312	0.000200009	0.796267	0.000680288	0.448202	0.000200001	0.0002	0.0002	0.12915	0.0002	0.330201	0.0002	0.560158	0.463301	0.170459	0.900255	0.236124	0.000200003	0.0002	0.511766	0.261267	0.271426	0.000239906	0.560179	0.000383008	0.0002	1.00009	0.0002	0.841216	0.137018	0.130766	0.000200012	0.000200003	0.000227059	0.0002	0.999313	0.000435651	0.0612625	0.43921	0.00022541	0.675327	0.0002	0.000215019	0.000292239	0.940235	0.0211975	0.000200002	0.999245
91	A	T	ORF	S	NULL	0	0	0	0	0.0001	0.000287603	0.000236612	0.000136456	0.000160391	0.319448	0.000149226	0.179341	0.0001	0.0001	0.000105662	0.999319	0.000154293	0.000162262	0.000229333	0.00025072	0.000377376	0.000300269	0.237865	0.0751626	0.220215	0.000775339	0.000824268	0.0582157	0.183173	0.0601435	0.000297178	0.000362946	0.0001	0.0001	0.000166144	0.0919128	0.000167938	0.122551	0.453721	0.000169761	0.194277	0.00013154	0.225248	0.137871	0.000398992	0.000130225	0.000349516	0.000183328	0.788263	0.00027154	0.000174685	0.00029556	0.783373	0.000148242
92	A	T	ORF	S	NULL	0	0	0	0	0.000200002	0.000325293	0.0002	0.0301546	0.000200001	0.542047	0.53524	0.186585	0.0002	1.00009	0.870189	0.0002	0.551164	0.396218	0.000217673	0.0863012	0.380963	0.000384063	0.0560597	0.000200002	0.734164	0.102467	0.181217	0.211812	0.816228	0.307358	0.236208	0.387116	0.0002	1.00008	0.158156	0.000200001	0.740474	0.378148	0.000200002	0.0903381	0.000386816	0.000266479	0.398093	0.0831638	0.20212	0.0002	0.000272318	0.9153	0.000215558	0.000293265	0.059087	0.0353806	0.216081	0.0002
93	A	T	ORF	S	NULL	0	0	0	0	0	0	0	0	0	0	0	0	0	0	0	0	0	0	0	0	0	0	0	0	0	0	0	0	0	0	0	0	0	0	0	0	0	0	0	0	0	0	0	0	0	0	0	0	0	0	0	0	0	0
94	A	T	ORF	S	NULL	0	0	0	0	0	0	0	0	0	0	0	0	0	0	0	0	0	0	0	0	0	0	0	0	0	0	0	0	0	0	0	0	0	0	0	0	0	0	0	0	0	0	0	0	0	0	0	0	0	0	0	0	0	0
95	A	T	ORF	S	NULL	0	0	0	0	0	0	0	0	0	0	0	0	0	0	0	0	0	0	0	0	0	0	0	0	0	0	0	0	0	0	0	0	0	0	0	0	0	0	0	0	0	0	0	0	0	0	0	0	0	0	0	0	0	0
96	A	T	ORF	S	NULL	0	0	0	0	0	0	0	0	0	0	0	0	0	0	0	0	0	0	0	0	0	0	0	0	0	0	0	0	0	0	0	0	0	0	0	0	0	0	0	0	0	0	0	0	0	0	0	0	0	0	0	0	0	0
97	A	T	ORF	S	NULL	0	0	0	0	0	0	0	0	0	0	0	0	0	0	0	0	0	0	0	0	0	0	0	0	0	0	0	0	0	0	0	0	0	0	0	0	0	0	0	0	0	0	0	0	0	0	0	0	0	0	0	0	0	0
98	A	T	ORF	S	NULL	0	0	0	0	0.0001	0.000225293	0.0001	0.0300546	0.000100001	0.541947	0.53514	0.142456	0.0001	0.999991	0.0001	0.0001	0.0001	0.396118	0.0001	0.000100046	0.344872	0.000284063	0.00011268	0.0001	0.250116	0.000211992	0.000242944	0.211712	0.816128	0.307258	0.236108	0.0001	0.0001	0.0001	0.000170551	0.0001	0.740374	0.000121912	0.000100001	0.000100001	0.000224147	0.000166479	0.253718	0.000171154	0.000115219	0.0001	0.000172318	0.9152	0.000115558	0.000193265	0.000100167	0.0352806	0.000100003	0.0001
99	A	T	ORF	S	NULL	0	0	0	0	0.0001	0.000287603	0.000236612	0.000136456	0.000160391	0.319448	0.000149226	0.179341	0.0001	0.0001	0.000105662	0.999319	0.000154293	0.000162262	0.000229333	0.00025072	0.000377376	0.000300269	0.237865	0.0751626	0.220215	0.000775339	0.000824268	0.0582157	0.183173	0.0601435	0.000297178	0.000362946	0.0001	0.0001	0.000166144	0.0919128	0.000167938	0.122551	0.453721	0.000169761	0.194277	0.00013154	0.225248	0.137871	0.000398992	0.000130225	0.000349516	0.000183328	0.788263	0.00027154	0.000174685	0.00029556	0.783373	0.000148242
100	A	T	ORF	S	NULL	0	0	0	0	0.000200007	0.104362	0.586383	0.000347498	0.000258911	0.137343	0.000384973	0.461405	1.00009	0.0002	0.000212167	0.000270638	0.118256	0.603325	0.439282	0.000329903	0.000482881	0.0503765	0.000495812	0.000244203	0.000279853	0.0408164	0.00043131	0.000298574	0.000246177	0.000339333	0.000389342	0.612535	0.0002	0.0002	0.000271874	0.76909	0.0734122	0.462402	0.266327	0.117606	0.000494282	0.000212085	0.116871	0.685349	0.145555	0.969395	0.000430172	0.000274167	0.211271	0.424591	0.000283787	0.000344299	0.000388818	0.000372262
