pos	ref	alt	gene	N/S	AA	nSRAsubclonal	nSRAclonal	nSRA	nConsensus	sample0|Earth	sample1|Earth	sample2|Earth	sample3|Earth	sample4|Earth	sample5|Earth	sample6|Earth	sample7|Earth	sample8|Earth	sample9|Earth	sample10|Earth	sample11|Earth	sample12|Earth	sample13|Earth	sample14|Earth	sample15|Earth	sample16|Earth	sample17|Earth	sample18|Earth	sample19|Earth	sample20|Earth	sample21|Earth	sample22|Earth	sample23|Earth	sample24|Earth	sample25|Earth	sample26|Earth	sample27|Earth	sample28|Earth	sample29|Earth	sample30|Earth	sample31|Earth	sample32|Earth	sample33|Earth	sample34|Earth	sample35|Earth	sample36|Earth	sample37|Earth	sample38|Earth	sample39|Earth	sample40|Earth	sample41|Earth	sample42|Earth	sample43|Earth	sample44|Earth	sample45|Earth	sample46|Earth	sample47|Earth	sample48|Earth	sample49|Earth
1	A	T	ORF	S	NULL	0	0	0	0	0.0001	0.0001	0.0001	0.0001	0.000244963	0.0001	0.0001	0.0001	0.0001	0.0001	0.000525804	0.0001	0.0001	0.0001	0.559967	0.000193494	0.0001	0.0409798	0.202349	0.0001	0.0001	0.208058	0.000106412	0.0001	0.0001	0.55886	0.000335585	0.0001	0.0001	0.0001	0.000354637	0.136906	0.0001	0.0001	0.0001	0.0001	0.0001	0.998992	0.0001	0.000121366	0.42944	0.0001	0.0001	0.0001	0.0001	0.0001	0.939691	0.0209741	0.0001	0.999002
2	A	T	ORF	S	NULL	0	0	0	0	0	0	0	0	0	0	0	0	0	0	0	0	0	0	0	0	0	0	0	0	0	0	0	0	0	0	0	0	0	0	0	0	0	0	0	0	0	0	0	0	0	0	0	0	0	0	0	0	0	0
3	A	T	ORF	S	NULL	0	0	0	0	0	0	0	0	0	0	0	0	0	0	0	0	0	0	0	0	0	0	0	0	0	0	0	0	0	0	0	0	0	0	0	0	0	0	0	0	0	0	0	0	0	0	0	0	0	0	0	0	0	0
4	A	T	ORF	S	NULL	0	0	0	0	0	0	0	0	0	0	0	0	0	0	0	0	0	0	0	0	0	0	0	0	0	0	0	0	0	0	0	0	0	0	0	0	0	0	0	0	0	0	0	0	0	0	0	0	0	0	0	0	0	0
5	A	T	ORF	S	NULL	0	0	0	0	0	0	0	0	0	0	0	0	0	0	0	0	0	0	0	0	0	0	0	0	0	0	0	0	0	0	0	0	0	0	0	0	0	0	0	0	0	0	0	0	0	0	0	0	0	0	0	0	0	0
6	A	T	ORF	S	NULL	0	0	0	0	0	0	0	0	0	0	0	0	0	0	0	0	0	0	0	0	0	0	0	0	0	0	0	0	0	0	0	0	0	0	0	0	0	0	0	0	0	0	0	0	0	0	0	0	0	0	0	0	0	0
7	A	T	ORF	S	NULL	0	0	0	0	0	0	0	0	0	0	0	0	0	0	0	0	0	0	0	0	0	0	0	0	0	0	0	0	0	0	0	0	0	0	0	0	0	0	0	0	0	0	0	0	0	0	0	0	0	0	0	0	0	0
8	A	T	ORF	S	NULL	0	0	0	0	0.393735	0.0001	0.0001	0.441369	0.04733	0.0001	0.00593986	0.0452636	0.0001	0.0001	0.738023	0.0001	0.469033	0.0001	0.0001	0.272975	0.0191359	0.0001	0.0990624	0.152098	0.373834	0.0751007	0.162719	0.225459	0.0001	0.0357384	0.117863	0.333195	0.0001	0.767861	0.119671	0.0001	0.0001	0.322383	0.089535	0.20929	0.0001	0.0001	0.146586	0.0641547	0.267926	0.0001	0.0001	0.0001	0.00605571	0.0001	0.047098	0.0001	0.189278	0.0001
9	A	T	ORF	S	NULL	0	0	0	0	0	0	0	0	0	0	0	0	0	0	0	0	0	0	0	0	0	0	0	0	0	0	0	0	0	0	0	0	0	0	0	0	0	0	0	0	0	0	0	0	0	0	0	0	0	0	0	0	0	0
10	A	T	ORF	S	NULL	0	0	0	0	0	0	0	0	0	0	0	0	0	0	0	0	0	0	0	0	0	0	0	0	0	0	0	0	0	0	0	0	0	0	0	0	0	0	0	0	0	0	0	0	0	0	0	0	0	0	0	0	0	0
11	A	T	ORF	S	NULL	0	0	0	0	0.393735	0.0001	0.0001	0.441369	0.04733	0.0001	0.00593986	0.0452636	0.0001	0.0001	0.738023	0.0001	0.469033	0.0001	0.0001	0.272975	0.0191359	0.0001	0.0990624	0.152098	0.373834	0.0751007	0.162719	0.225459	0.0001	0.0357384	0.117863	0.333195	0.0001	0.767861	0.119671	0.0001	0.0001	0.322383	0.089535	0.20929	0.0001	0.0001	0.146586	0.0641547	0.267926	0.0001	0.0001	0.0001	0.00605571	0.0001	0.047098	0.0001	0.189278	0.0001
12	A	T	ORF	S	NULL	0	0	0	0	0	0	0	0	0	0	0	0	0	0	0	0	0	0	0	0	0	0	0	0	0	0	0	0	0	0	0	0	0	0	0	0	0	0	0	0	0	0	0	0	0	0	0	0	0	0	0	0	0	0
13	A	T	ORF	S	NULL	0	0	0	0	0	0	0	0	0	0	0	0	0	0	0	0	0	0	0	0	0	0	0	0	0	0	0	0	0	0	0	0	0	0	0	0	0	0	0	0	0	0	0	0	0	0	0	0	0	0	0	0	0	0
14	A	T	ORF	S	NULL	0	0	0	0	0	0	0	0	0	0	0	0	0	0	0	0	0	0	0	0	0	0	0	0	0	0	0	0	0	0	0	0	0	0	0	0	0	0	0	0	0	0	0	0	0	0	0	0	0	0	0	0	0	0
15	A	T	ORF	S	NULL	0	0	0	0	0	0	0	0	0	0	0	0	0	0	0	0	0	0	0	0	0	0	0	0	0	0	0	0	0	0	0	0	0	0	0	0	0	0	0	0	0	0	0	0	0	0	0	0	0	0	0	0	0	0
16	A	T	ORF	S	NULL	0	0	0	0	0	0	0	0	0	0	0	0	0	0	0	0	0	0	0	0	0	0	0	0	0	0	0	0	0	0	0	0	0	0	0	0	0	0	0	0	0	0	0	0	0	0	0	0	0	0	0	0	0	0
17	A	T	ORF	S	NULL	0	0	0	0	0.393735	0.0001	0.0001	0.441369	0.04733	0.0001	0.00593986	0.0452636	0.0001	0.0001	0.738023	0.0001	0.469033	0.0001	0.0001	0.272975	0.0191359	0.0001	0.0990624	0.152098	0.373834	0.0751007	0.162719	0.225459	0.0001	0.0357384	0.117863	0.333195	0.0001	0.767861	0.119671	0.0001	0.0001	0.322383	0.089535	0.20929	0.0001	0.0001	0.146586	0.0641547	0.267926	0.0001	0.0001	0.0001	0.00605571	0.0001	0.047098	0.0001	0.189278	0.0001
18	A	T	ORF	S	NULL	0	0	0	0	0	0	0	0	0	0	0	0	0	0	0	0	0	0	0	0	0	0	0	0	0	0	0	0	0	0	0	0	0	0	0	0	0	0	0	0	0	0	0	0	0	0	0	0	0	0	0	0	0	0
19	A	T	ORF	S	NULL	0	0	0	0	0.393835	0.0002	0.0002	0.441469	0.04743	0.0820889	0.00603986	0.376489	0.0002	0.0002	0.783271	0.0002	0.595588	0.0002	0.0002	0.273075	0.0192359	0.0002	0.0991624	0.152198	0.401789	0.11292	0.162819	0.225559	0.0002	0.0358384	0.117963	0.619279	0.0002	0.848879	0.133312	0.769014	0.0674758	0.686283	0.089635	0.234623	0.0002	0.0002	0.233866	0.0726559	0.356364	0.0002	0.0002	0.0002	0.160938	0.0002	0.0504864	0.0002	0.200595	0.0002
20	A	T	ORF	S	NULL	0	0	0	0	0	0	0	0	0	0	0	0	0	0	0	0	0	0	0	0	0	0	0	0	0	0	0	0	0	0	0	0	0	0	0	0	0	0	0	0	0	0	0	0	0	0	0	0	0	0	0	0	0	0
21	A	T	ORF	S	NULL	0	0	0	0	0	0	0	0	0	0	0	0	0	0	0	0	0	0	0	0	0	0	0	0	0	0	0	0	0	0	0	0	0	0	0	0	0	0	0	0	0	0	0	0	0	0	0	0	0	0	0	0	0	0
22	A	T	ORF	S	NULL	0	0	0	0	0	0	0	0	0	0	0	0	0	0	0	0	0	0	0	0	0	0	0	0	0	0	0	0	0	0	0	0	0	0	0	0	0	0	0	0	0	0	0	0	0	0	0	0	0	0	0	0	0	0
23	A	T	ORF	S	NULL	0	0	0	0	0	0	0	0	0	0	0	0	0	0	0	0	0	0	0	0	0	0	0	0	0	0	0	0	0	0	0	0	0	0	0	0	0	0	0	0	0	0	0	0	0	0	0	0	0	0	0	0	0	0
24	A	T	ORF	S	NULL	0	0	0	0	0	0	0	0	0	0	0	0	0	0	0	0	0	0	0	0	0	0	0	0	0	0	0	0	0	0	0	0	0	0	0	0	0	0	0	0	0	0	0	0	0	0	0	0	0	0	0	0	0	0
25	A	T	ORF	S	NULL	0	0	0	0	0	0	0	0	0	0	0	0	0	0	0	0	0	0	0	0	0	0	0	0	0	0	0	0	0	0	0	0	0	0	0	0	0	0	0	0	0	0	0	0	0	0	0	0	0	0	0	0	0	0
26	A	T	ORF	S	NULL	0	0	0	0	0	0	0	0	0	0	0	0	0	0	0	0	0	0	0	0	0	0	0	0	0	0	0	0	0	0	0	0	0	0	0	0	0	0	0	0	0	0	0	0	0	0	0	0	0	0	0	0	0	0
27	A	T	ORF	S	NULL	0	0	0	0	0	0	0	0	0	0	0	0	0	0	0	0	0	0	0	0	0	0	0	0	0	0	0	0	0	0	0	0	0	0	0	0	0	0	0	0	0	0	0	0	0	0	0	0	0	0	0	0	0	0
28	A	T	ORF	S	NULL	0	0	0	0	0	0	0	0	0	0	0	0	0	0	0	0	0	0	0	0	0	0	0	0	0	0	0	0	0	0	0	0	0	0	0	0	0	0	0	0	0	0	0	0	0	0	0	0	0	0	0	0	0	0
29	A	T	ORF	S	NULL	0	0	0	0	0	0	0	0	0	0	0	0	0	0	0	0	0	0	0	0	0	0	0	0	0	0	0	0	0	0	0	0	0	0	0	0	0	0	0	0	0	0	0	0	0	0	0	0	0	0	0	0	0	0
30	A	T	ORF	S	NULL	0	0	0	0	0.0001	0.0001	0.0001	0.0001	0.000244963	0.0001	0.0001	0.0001	0.0001	0.0001	0.000525804	0.0001	0.0001	0.0001	0.559967	0.000193494	0.0001	0.0409798	0.202349	0.0001	0.0001	0.208058	0.000106412	0.0001	0.0001	0.55886	0.000335585	0.0001	0.0001	0.0001	0.000354637	0.136906	0.0001	0.0001	0.0001	0.0001	0.0001	0.998992	0.0001	0.000121366	0.42944	0.0001	0.0001	0.0001	0.0001	0.0001	0.939691	0.0209741	0.0001	0.999002
31	A	T	ORF	S	NULL	0	0	0	0	0.370317	0.000226771	0.000258763	0.378561	0.09595	0.319186	0.00737096	0.160253	0.0002	0.0002	0.0002	0.999135	0.0002	0.0002	0.0002	0.184886	0.0002	0.00022818	0.159844	0.236165	0.183334	0.0002	0.0002	0.255168	0.183057	0.0912479	0.15077	0.322562	0.0002	0.0002	0.0002	0.0919979	0.0002	0.108949	0.613812	0.0861657	0.179758	0.0002	0.232898	0.123629	0.0315059	0.0002	0.000236101	0.0002	0.789308	0.0002	0.0002	0.00023046	0.758456	0.0002
32	A	T	ORF	S	NULL	0	0	0	0	0.0002	0.180151	0.0002	0.0002	0.796748	0.542056	0.982117	0.131311	0.0002	1.00002	0.148272	0.0002	0.328331	0.39606	0.0002	0.463516	0.484274	0.85916	0.00788063	0.0002	0.278449	0.285487	0.149283	0.427983	0.8161	0.293701	0.222218	0.0185641	1.00003	0.0616191	0.849677	0.0002	0.866529	0.0193544	0.0002	0.0002	0.0002	0.0002	0.255325	0.0663836	0.0002	0.0002	0.675164	0.906169	0.0002	0.0002	0.00342129	0.0351547	0.00875539	0.0002
33	A	T	ORF	S	NULL	0	0	0	0	0.0002	0.180151	0.0002	0.0002	0.796748	0.542056	0.982117	0.131311	0.0002	1.00002	0.148272	0.0002	0.328331	0.39606	0.0002	0.463516	0.484274	0.85916	0.00788063	0.0002	0.278449	0.285487	0.149283	0.427983	0.8161	0.293701	0.222218	0.0185641	1.00003	0.0616191	0.849677	0.0002	0.866529	0.0193544	0.0002	0.0002	0.0002	0.0002	0.255325	0.0663836	0.0002	0.0002	0.675164	0.906169	0.0002	0.0002	0.00342129	0.0351547	0.00875539	0.0002
34	A	T	ORF	S	NULL	0	0	0	0	0	0	0	0	0	0	0	0	0	0	0	0	0	0	0	0	0	0	0	0	0	0	0	0	0	0	0	0	0	0	0	0	0	0	0	0	0	0	0	0	0	0	0	0	0	0	0	0	0	0
35	A	T	ORF	S	NULL	0	0	0	0	0	0	0	0	0	0	0	0	0	0	0	0	0	0	0	0	0	0	0	0	0	0	0	0	0	0	0	0	0	0	0	0	0	0	0	0	0	0	0	0	0	0	0	0	0	0	0	0	0	0
36	A	T	ORF	S	NULL	0	0	0	0	0.0001	0.0001	0.0001	0.0001	0.000244963	0.0001	0.0001	0.0001	0.0001	0.0001	0.000525804	0.0001	0.0001	0.0001	0.559967	0.000193494	0.0001	0.0409798	0.202349	0.0001	0.0001	0.208058	0.000106412	0.0001	0.0001	0.55886	0.000335585	0.0001	0.0001	0.0001	0.000354637	0.136906	0.0001	0.0001	0.0001	0.0001	0.0001	0.998992	0.0001	0.000121366	0.42944	0.0001	0.0001	0.0001	0.0001	0.0001	0.939691	0.0209741	0.0001	0.999002
37	A	T	ORF	S	NULL	0	0	0	0	0	0	0	0	0	0	0	0	0	0	0	0	0	0	0	0	0	0	0	0	0	0	0	0	0	0	0	0	0	0	0	0	0	0	0	0	0	0	0	0	0	0	0	0	0	0	0	0	0	0
38	A	T	ORF	S	NULL	0	0	0	0	0.393735	0.0001	0.0001	0.441369	0.04733	0.0001	0.00593986	0.0452636	0.0001	0.0001	0.738023	0.0001	0.469033	0.0001	0.0001	0.272975	0.0191359	0.0001	0.0990624	0.152098	0.373834	0.0751007	0.162719	0.225459	0.0001	0.0357384	0.117863	0.333195	0.0001	0.767861	0.119671	0.0001	0.0001	0.322383	0.089535	0.20929	0.0001	0.0001	0.146586	0.0641547	0.267926	0.0001	0.0001	0.0001	0.00605571	0.0001	0.047098	0.0001	0.189278	0.0001
39	A	T	ORF	S	NULL	0	0	0	0	0	0	0	0	0	0	0	0	0	0	0	0	0	0	0	0	0	0	0	0	0	0	0	0	0	0	0	0	0	0	0	0	0	0	0	0	0	0	0	0	0	0	0	0	0	0	0	0	0	0
40	A	T	ORF	S	NULL	0	0	0	0	0	0	0	0	0	0	0	0	0	0	0	0	0	0	0	0	0	0	0	0	0	0	0	0	0	0	0	0	0	0	0	0	0	0	0	0	0	0	0	0	0	0	0	0	0	0	0	0	0	0
41	A	T	ORF	S	NULL	0	0	0	0	0	0	0	0	0	0	0	0	0	0	0	0	0	0	0	0	0	0	0	0	0	0	0	0	0	0	0	0	0	0	0	0	0	0	0	0	0	0	0	0	0	0	0	0	0	0	0	0	0	0
42	A	T	ORF	S	NULL	0	0	0	0	0.0001	0.0001	0.0001	0.0001	0.000244963	0.0001	0.0001	0.0001	0.0001	0.0001	0.000525804	0.0001	0.0001	0.0001	0.559967	0.000193494	0.0001	0.0409798	0.202349	0.0001	0.0001	0.208058	0.000106412	0.0001	0.0001	0.55886	0.000335585	0.0001	0.0001	0.0001	0.000354637	0.136906	0.0001	0.0001	0.0001	0.0001	0.0001	0.998992	0.0001	0.000121366	0.42944	0.0001	0.0001	0.0001	0.0001	0.0001	0.939691	0.0209741	0.0001	0.999002
43	A	T	ORF	S	NULL	0	0	0	0	0	0	0	0	0	0	0	0	0	0	0	0	0	0	0	0	0	0	0	0	0	0	0	0	0	0	0	0	0	0	0	0	0	0	0	0	0	0	0	0	0	0	0	0	0	0	0	0	0	0
44	A	T	ORF	S	NULL	0	0	0	0	0.0001	0.180051	0.0001	0.0001	0.796648	0.0001275	0.449045	0.0001	0.0001	0.0001	0.0931857	0.0001	0.276404	0.0001	0.0001	0.463416	0.150642	0.85906	0.00778063	0.0001	0.0001	0.282536	0.149182	0.327713	0.0001	0.00778591	0.0299046	0.0001	0.999935	0.0001	0.826255	0.0001	0.127697	0.0001	0.0001	0.0001	0.0001	0.0001	0.0001	0.0567395	0.0001	0.0001	0.675064	0.0001	0.0001	0.0001	0.0001	0.0001	0.0001	0.0001
45	A	T	ORF	S	NULL	0	0	0	0	0.393735	0.0001	0.0001	0.441369	0.04733	0.0001	0.00593986	0.0452636	0.0001	0.0001	0.738023	0.0001	0.469033	0.0001	0.0001	0.272975	0.0191359	0.0001	0.0990624	0.152098	0.373834	0.0751007	0.162719	0.225459	0.0001	0.0357384	0.117863	0.333195	0.0001	0.767861	0.119671	0.0001	0.0001	0.322383	0.089535	0.20929	0.0001	0.0001	0.146586	0.0641547	0.267926	0.0001	0.0001	0.0001	0.00605571	0.0001	0.047098	0.0001	0.189278	0.0001
46	A	T	ORF	S	NULL	0	0	0	0	0.0001	0.714159	0.413006	0.0001	0.000889066	0.0001	0.0001	0.0001	0.0001	0.0001	0.0130792	0.0001	0.00805948	0.0001	0.0001	0.0006106	0.145622	0.0481301	0.0001	0.549818	0.000426819	0.263006	0.0001	0.00113056	0.0001	0.000342711	0.428791	0.0001	0.0001	0.0033098	0.000560433	0.00226784	0.0001	0.00990519	0.0001	0.0001	0.678677	0.0001	0.203478	0.0338236	0.0156436	0.0299507	0.323073	0.0001	0.00139033	0.504471	0.000408764	0.942173	0.00231569	0.0001
47	A	T	ORF	S	NULL	0	0	0	0	0.236048	0.104001	0.586035	0.180169	0.0469074	0.0549915	0.00275126	0.0138627	0.999895	0.0001	0.0001	0.0001	0.0001	0.603017	0.439003	0.0694014	0.0001	0.0499897	0.0125469	0.0619187	0.0001	0.0001	0.0001	0.0751252	0.0001	0.0148419	0.0582835	0.0397769	0.0001	0.0001	0.0001	0.0001	0.0001	0.00623978	0.296653	0.000100686	0.0001	0.0001	0.00485148	0.679568	0.03534	0.969093	0.0001	0.0001	0.0115591	0.419492	0.0001	0.0001	0.0001	0.0001
48	A	T	ORF	S	NULL	0	0	0	0	0.0001	0.714159	0.413006	0.0001	0.000889066	0.0001	0.0001	0.0001	0.0001	0.0001	0.0130792	0.0001	0.00805948	0.0001	0.0001	0.0006106	0.145622	0.0481301	0.0001	0.549818	0.000426819	0.263006	0.0001	0.00113056	0.0001	0.000342711	0.428791	0.0001	0.0001	0.0033098	0.000560433	0.00226784	0.0001	0.00990519	0.0001	0.0001	0.678677	0.0001	0.203478	0.0338236	0.0156436	0.0299507	0.323073	0.0001	0.00139033	0.504471	0.000408764	0.942173	0.00231569	0.0001
49	A	T	ORF	S	NULL	0	0	0	0	0	0	0	0	0	0	0	0	0	0	0	0	0	0	0	0	0	0	0	0	0	0	0	0	0	0	0	0	0	0	0	0	0	0	0	0	0	0	0	0	0	0	0	0	0	0	0	0	0	0
50	A	T	ORF	S	NULL	0	0	0	0	0.393735	0.0001	0.0001	0.441369	0.04733	0.0001	0.00593986	0.0452636	0.0001	0.0001	0.738023	0.0001	0.469033	0.0001	0.0001	0.272975	0.0191359	0.0001	0.0990624	0.152098	0.373834	0.0751007	0.162719	0.225459	0.0001	0.0357384	0.117863	0.333195	0.0001	0.767861	0.119671	0.0001	0.0001	0.322383	0.089535	0.20929	0.0001	0.0001	0.146586	0.0641547	0.267926	0.0001	0.0001	0.0001	0.00605571	0.0001	0.047098	0.0001	0.189278	0.0001
51	A	T	ORF	S	NULL	0	0	0	0	0	0	0	0	0	0	0	0	0	0	0	0	0	0	0	0	0	0	0	0	0	0	0	0	0	0	0	0	0	0	0	0	0	0	0	0	0	0	0	0	0	0	0	0	0	0	0	0	0	0
52	A	T	ORF	S	NULL	0	0	0	0	0	0	0	0	0	0	0	0	0	0	0	0	0	0	0	0	0	0	0	0	0	0	0	0	0	0	0	0	0	0	0	0	0	0	0	0	0	0	0	0	0	0	0	0	0	0	0	0	0	0
53	A	T	ORF	S	NULL	0	0	0	0	0	0	0	0	0	0	0	0	0	0	0	0	0	0	0	0	0	0	0	0	0	0	0	0	0	0	0	0	0	0	0	0	0	0	0	0	0	0	0	0	0	0	0	0	0	0	0	0	0	0
54	A	T	ORF	S	NULL	0	0	0	0	0	0	0	0	0	0	0	0	0	0	0	0	0	0	0	0	0	0	0	0	0	0	0	0	0	0	0	0	0	0	0	0	0	0	0	0	0	0	0	0	0	0	0	0	0	0	0	0	0	0
55	A	T	ORF	S	NULL	0	0	0	0	0	0	0	0	0	0	0	0	0	0	0	0	0	0	0	0	0	0	0	0	0	0	0	0	0	0	0	0	0	0	0	0	0	0	0	0	0	0	0	0	0	0	0	0	0	0	0	0	0	0
56	A	T	ORF	S	NULL	0	0	0	0	0	0	0	0	0	0	0	0	0	0	0	0	0	0	0	0	0	0	0	0	0	0	0	0	0	0	0	0	0	0	0	0	0	0	0	0	0	0	0	0	0	0	0	0	0	0	0	0	0	0
57	A	T	ORF	S	NULL	0	0	0	0	0	0	0	0	0	0	0	0	0	0	0	0	0	0	0	0	0	0	0	0	0	0	0	0	0	0	0	0	0	0	0	0	0	0	0	0	0	0	0	0	0	0	0	0	0	0	0	0	0	0
58	A	T	ORF	S	NULL	0	0	0	0	0	0	0	0	0	0	0	0	0	0	0	0	0	0	0	0	0	0	0	0	0	0	0	0	0	0	0	0	0	0	0	0	0	0	0	0	0	0	0	0	0	0	0	0	0	0	0	0	0	0
59	A	T	ORF	S	NULL	0	0	0	0	0	0	0	0	0	0	0	0	0	0	0	0	0	0	0	0	0	0	0	0	0	0	0	0	0	0	0	0	0	0	0	0	0	0	0	0	0	0	0	0	0	0	0	0	0	0	0	0	0	0
60	A	T	ORF	S	NULL	0	0	0	0	0.0001	0.0001	0.0001	0.0001	0.000244963	0.0001	0.0001	0.0001	0.0001	0.0001	0.000525804	0.0001	0.0001	0.0001	0.559967	0.000193494	0.0001	0.0409798	0.202349	0.0001	0.0001	0.208058	0.000106412	0.0001	0.0001	0.55886	0.000335585	0.0001	0.0001	0.0001	0.000354637	0.136906	0.0001	0.0001	0.0001	0.0001	0.0001	0.998992	0.0001	0.000121366	0.42944	0.0001	0.0001	0.0001	0.0001	0.0001	0.939691	0.0209741	0.0001	0.999002
61	A	T	ORF	S	NULL	0	0	0	0	0	0	0	0	0	0	0	0	0	0	0	0	0	0	0	0	0	0	0	0	0	0	0	0	0	0	0	0	0	0	0	0	0	0	0	0	0	0	0	0	0	0	0	0	0	0	0	0	0	0
62	A	T	ORF	S	NULL	0	0	0	0	0	0	0	0	0	0	0	0	0	0	0	0	0	0	0	0	0	0	0	0	0	0	0	0	0	0	0	0	0	0	0	0	0	0	0	0	0	0	0	0	0	0	0	0	0	0	0	0	0	0
63	A	T	ORF	S	NULL	0	0	0	0	0.0001	0.0001	0.0001	0.0001	0.0001	0.0819889	0.0001	0.331225	0.0001	0.0001	0.0452479	0.0001	0.126555	0.0001	0.0001	0.0001	0.000100001	0.0001	0.0001	0.0001	0.0279548	0.0378192	0.000100003	0.0001	0.0001	0.0001	0.0001	0.286085	0.0001	0.0810187	0.0136411	0.768914	0.0673758	0.3639	0.0001	0.0253332	0.0001	0.0001	0.0872799	0.0085012	0.0884381	0.0001	0.0001	0.0001	0.154882	0.0001	0.00338845	0.0001	0.0113164	0.0001
64	A	T	ORF	S	NULL	0	0	0	0	0	0	0	0	0	0	0	0	0	0	0	0	0	0	0	0	0	0	0	0	0	0	0	0	0	0	0	0	0	0	0	0	0	0	0	0	0	0	0	0	0	0	0	0	0	0	0	0	0	0
65	A	T	ORF	S	NULL	0	0	0	0	0	0	0	0	0	0	0	0	0	0	0	0	0	0	0	0	0	0	0	0	0	0	0	0	0	0	0	0	0	0	0	0	0	0	0	0	0	0	0	0	0	0	0	0	0	0	0	0	0	0
66	A	T	ORF	S	NULL	0	0	0	0	0	0	0	0	0	0	0	0	0	0	0	0	0	0	0	0	0	0	0	0	0	0	0	0	0	0	0	0	0	0	0	0	0	0	0	0	0	0	0	0	0	0	0	0	0	0	0	0	0	0
67	A	T	ORF	S	NULL	0	0	0	0	0	0	0	0	0	0	0	0	0	0	0	0	0	0	0	0	0	0	0	0	0	0	0	0	0	0	0	0	0	0	0	0	0	0	0	0	0	0	0	0	0	0	0	0	0	0	0	0	0	0
68	A	T	ORF	S	NULL	0	0	0	0	0.236048	0.104001	0.586035	0.180169	0.0469074	0.0549915	0.00275126	0.0138627	0.999895	0.0001	0.0001	0.0001	0.0001	0.603017	0.439003	0.0694014	0.0001	0.0499897	0.0125469	0.0619187	0.0001	0.0001	0.0001	0.0751252	0.0001	0.0148419	0.0582835	0.0397769	0.0001	0.0001	0.0001	0.0001	0.0001	0.00623978	0.296653	0.000100686	0.0001	0.0001	0.00485148	0.679568	0.03534	0.969093	0.0001	0.0001	0.0115591	0.419492	0.0001	0.0001	0.0001	0.0001
69	A	T	ORF	S	NULL	0	0	0	0	0	0	0	0	0	0	0	0	0	0	0	0	0	0	0	0	0	0	0	0	0	0	0	0	0	0	0	0	0	0	0	0	0	0	0	0	0	0	0	0	0	0	0	0	0	0	0	0	0	0
70	A	T	ORF	S	NULL	0	0	0	0	0	0	0	0	0	0	0	0	0	0	0	0	0	0	0	0	0	0	0	0	0	0	0	0	0	0	0	0	0	0	0	0	0	0	0	0	0	0	0	0	0	0	0	0	0	0	0	0	0	0
71	A	T	ORF	S	NULL	0	0	0	0	0	0	0	0	0	0	0	0	0	0	0	0	0	0	0	0	0	0	0	0	0	0	0	0	0	0	0	0	0	0	0	0	0	0	0	0	0	0	0	0	0	0	0	0	0	0	0	0	0	0
72	A	T	ORF	S	NULL	0	0	0	0	0	0	0	0	0	0	0	0	0	0	0	0	0	0	0	0	0	0	0	0	0	0	0	0	0	0	0	0	0	0	0	0	0	0	0	0	0	0	0	0	0	0	0	0	0	0	0	0	0	0
73	A	T	ORF	S	NULL	0	0	0	0	0	0	0	0	0	0	0	0	0	0	0	0	0	0	0	0	0	0	0	0	0	0	0	0	0	0	0	0	0	0	0	0	0	0	0	0	0	0	0	0	0	0	0	0	0	0	0	0	0	0
74	A	T	ORF	S	NULL	0	0	0	0	0	0	0	0	0	0	0	0	0	0	0	0	0	0	0	0	0	0	0	0	0	0	0	0	0	0	0	0	0	0	0	0	0	0	0	0	0	0	0	0	0	0	0	0	0	0	0	0	0	0
75	A	T	ORF	S	NULL	0	0	0	0	0	0	0	0	0	0	0	0	0	0	0	0	0	0	0	0	0	0	0	0	0	0	0	0	0	0	0	0	0	0	0	0	0	0	0	0	0	0	0	0	0	0	0	0	0	0	0	0	0	0
76	A	T	ORF	S	NULL	0	0	0	0	0.0001	0.714159	0.413006	0.0001	0.000889066	0.0001	0.0001	0.0001	0.0001	0.0001	0.0130792	0.0001	0.00805948	0.0001	0.0001	0.0006106	0.145622	0.0481301	0.0001	0.549818	0.000426819	0.263006	0.0001	0.00113056	0.0001	0.000342711	0.428791	0.0001	0.0001	0.0033098	0.000560433	0.00226784	0.0001	0.00990519	0.0001	0.0001	0.678677	0.0001	0.203478	0.0338236	0.0156436	0.0299507	0.323073	0.0001	0.00139033	0.504471	0.000408764	0.942173	0.00231569	0.0001
77	A	T	ORF	S	NULL	0	0	0	0	0	0	0	0	0	0	0	0	0	0	0	0	0	0	0	0	0	0	0	0	0	0	0	0	0	0	0	0	0	0	0	0	0	0	0	0	0	0	0	0	0	0	0	0	0	0	0	0	0	0
78	A	T	ORF	S	NULL	0	0	0	0	0.393735	0.0001	0.0001	0.441369	0.04733	0.0001	0.00593986	0.0452636	0.0001	0.0001	0.738023	0.0001	0.469033	0.0001	0.0001	0.272975	0.0191359	0.0001	0.0990624	0.152098	0.373834	0.0751007	0.162719	0.225459	0.0001	0.0357384	0.117863	0.333195	0.0001	0.767861	0.119671	0.0001	0.0001	0.322383	0.089535	0.20929	0.0001	0.0001	0.146586	0.0641547	0.267926	0.0001	0.0001	0.0001	0.00605571	0.0001	0.047098	0.0001	0.189278	0.0001
79	A	T	ORF	S	NULL	0	0	0	0	0	0	0	0	0	0	0	0	0	0	0	0	0	0	0	0	0	0	0	0	0	0	0	0	0	0	0	0	0	0	0	0	0	0	0	0	0	0	0	0	0	0	0	0	0	0	0	0	0	0
80	A	T	ORF	S	NULL	0	0	0	0	0	0	0	0	0	0	0	0	0	0	0	0	0	0	0	0	0	0	0	0	0	0	0	0	0	0	0	0	0	0	0	0	0	0	0	0	0	0	0	0	0	0	0	0	0	0	0	0	0	0
81	A	T	ORF	S	NULL	0	0	0	0	0	0	0	0	0	0	0	0	0	0	0	0	0	0	0	0	0	0	0	0	0	0	0	0	0	0	0	0	0	0	0	0	0	0	0	0	0	0	0	0	0	0	0	0	0	0	0	0	0	0
82	A	T	ORF	S	NULL	0	0	0	0	0.0001	0.0001	0.0001	0.0001	0.000244963	0.0001	0.0001	0.0001	0.0001	0.0001	0.000525804	0.0001	0.0001	0.0001	0.559967	0.000193494	0.0001	0.0409798	0.202349	0.0001	0.0001	0.208058	0.000106412	0.0001	0.0001	0.55886	0.000335585	0.0001	0.0001	0.0001	0.000354637	0.136906	0.0001	0.0001	0.0001	0.0001	0.0001	0.998992	0.0001	0.000121366	0.42944	0.0001	0.0001	0.0001	0.0001	0.0001	0.939691	0.0209741	0.0001	0.999002
83	A	T	ORF	S	NULL	0	0	0	0	0.393735	0.0001	0.0001	0.441369	0.04733	0.0001	0.00593986	0.0452636	0.0001	0.0001	0.738023	0.0001	0.469033	0.0001	0.0001	0.272975	0.0191359	0.0001	0.0990624	0.152098	0.373834	0.0751007	0.162719	0.225459	0.0001	0.0357384	0.117863	0.333195	0.0001	0.767861	0.119671	0.0001	0.0001	0.322383	0.089535	0.20929	0.0001	0.0001	0.146586	0.0641547	0.267926	0.0001	0.0001	0.0001	0.00605571	0.0001	0.047098	0.0001	0.189278	0.0001
84	A	T	ORF	S	NULL	0	0	0	0	0	0	0	0	0	0	0	0	0	0	0	0	0	0	0	0	0	0	0	0	0	0	0	0	0	0	0	0	0	0	0	0	0	0	0	0	0	0	0	0	0	0	0	0	0	0	0	0	0	0
85	A	T	ORF	S	NULL	0	0	0	0	0.236048	0.104001	0.586035	0.180169	0.0469074	0.0549915	0.00275126	0.0138627	0.999895	0.0001	0.0001	0.0001	0.0001	0.603017	0.439003	0.0694014	0.0001	0.0499897	0.0125469	0.0619187	0.0001	0.0001	0.0001	0.0751252	0.0001	0.0148419	0.0582835	0.0397769	0.0001	0.0001	0.0001	0.0001	0.0001	0.00623978	0.296653	0.000100686	0.0001	0.0001	0.00485148	0.679568	0.03534	0.969093	0.0001	0.0001	0.0115591	0.419492	0.0001	0.0001	0.0001	0.0001
86	A	T	ORF	S	NULL	0	0	0	0	0	0	0	0	0	0	0	0	0	0	0	0	0	0	0	0	0	0	0	0	0	0	0	0	0	0	0	0	0	0	0	0	0	0	0	0	0	0	0	0	0	0	0	0	0	0	0	0	0	0
87	A	T	ORF	S	NULL	0	0	0	0	0	0	0	0	0	0	0	0	0	0	0	0	0	0	0	0	0	0	0	0	0	0	0	0	0	0	0	0	0	0	0	0	0	0	0	0	0	0	0	0	0	0	0	0	0	0	0	0	0	0
88	A	T	ORF	S	NULL	0	0	0	0	0	0	0	0	0	0	0	0	0	0	0	0	0	0	0	0	0	0	0	0	0	0	0	0	0	0	0	0	0	0	0	0	0	0	0	0	0	0	0	0	0	0	0	0	0	0	0	0	0	0
89	A	T	ORF	S	NULL	0	0	0	0	0.236048	0.104001	0.586035	0.180169	0.0469074	0.0549915	0.00275126	0.0138627	0.999895	0.0001	0.0001	0.0001	0.0001	0.603017	0.439003	0.0694014	0.0001	0.0499897	0.0125469	0.0619187	0.0001	0.0001	0.0001	0.0751252	0.0001	0.0148419	0.0582835	0.0397769	0.0001	0.0001	0.0001	0.0001	0.0001	0.00623978	0.296653	0.000100686	0.0001	0.0001	0.00485148	0.679568	0.03534	0.969093	0.0001	0.0001	0.0115591	0.419492	0.0001	0.0001	0.0001	0.0001
90	A	T	ORF	S	NULL	0	0	0	0	0.0003	0.180251	0.0003	0.0003	0.796993	0.0822164	0.449245	0.331425	0.0003	0.0003	0.138959	0.0003	0.40306	0.0003	0.560167	0.46371	0.150842	0.90014	0.210229	0.0003	0.0281548	0.528413	0.149389	0.327913	0.0003	0.566746	0.0303402	0.286285	1.00013	0.0812187	0.840251	0.90592	0.195173	0.3641	0.0003	0.0255332	0.0003	0.999192	0.0874799	0.0653621	0.517978	0.0003	0.675264	0.0003	0.155082	0.0003	0.94318	0.0211741	0.0115164	0.999202
91	A	T	ORF	S	NULL	0	0	0	0	0.00217017	0.0001	0.0001	0.0001	0.0001	0.318912	0.0001	0.160153	0.0001	0.0001	0.0001	0.998937	0.0001	0.0001	0.0001	0.0001	0.0001	0.0001	0.159744	0.0748132	0.183234	0.0001	0.0001	0.0577994	0.182907	0.0598863	0.0001	0.000100012	0.0001	0.0001	0.0001	0.0918979	0.0001	0.108849	0.452867	0.0001	0.179658	0.0001	0.223893	0.123528	0.0001	0.0001	0.0001	0.0001	0.78793	0.0001	0.0001	0.0001	0.758356	0.0001
92	A	T	ORF	S	NULL	0	0	0	0	0.393835	0.0002	0.0002	0.441469	0.04743	0.542028	0.539012	0.176475	0.0002	1.00002	0.79311	0.0002	0.52096	0.39606	0.0002	0.273075	0.352768	0.0002	0.0991624	0.152198	0.652183	0.0780513	0.16282	0.325729	0.8161	0.321654	0.310176	0.351659	0.0002	0.82938	0.143092	0.0002	0.738932	0.341637	0.089635	0.20939	0.0002	0.0002	0.401812	0.0737988	0.268026	0.0002	0.0002	0.906169	0.00615571	0.0002	0.0504192	0.0351547	0.197934	0.0002
93	A	T	ORF	S	NULL	0	0	0	0	0	0	0	0	0	0	0	0	0	0	0	0	0	0	0	0	0	0	0	0	0	0	0	0	0	0	0	0	0	0	0	0	0	0	0	0	0	0	0	0	0	0	0	0	0	0	0	0	0	0
94	A	T	ORF	S	NULL	0	0	0	0	0	0	0	0	0	0	0	0	0	0	0	0	0	0	0	0	0	0	0	0	0	0	0	0	0	0	0	0	0	0	0	0	0	0	0	0	0	0	0	0	0	0	0	0	0	0	0	0	0	0
95	A	T	ORF	S	NULL	0	0	0	0	0	0	0	0	0	0	0	0	0	0	0	0	0	0	0	0	0	0	0	0	0	0	0	0	0	0	0	0	0	0	0	0	0	0	0	0	0	0	0	0	0	0	0	0	0	0	0	0	0	0
96	A	T	ORF	S	NULL	0	0	0	0	0	0	0	0	0	0	0	0	0	0	0	0	0	0	0	0	0	0	0	0	0	0	0	0	0	0	0	0	0	0	0	0	0	0	0	0	0	0	0	0	0	0	0	0	0	0	0	0	0	0
97	A	T	ORF	S	NULL	0	0	0	0	0	0	0	0	0	0	0	0	0	0	0	0	0	0	0	0	0	0	0	0	0	0	0	0	0	0	0	0	0	0	0	0	0	0	0	0	0	0	0	0	0	0	0	0	0	0	0	0	0	0
98	A	T	ORF	S	NULL	0	0	0	0	0.0001	0.0001	0.0001	0.0001	0.0001	0.541928	0.533072	0.131211	0.0001	0.999918	0.0550867	0.0001	0.051927	0.39596	0.0001	0.0001	0.333632	0.0001	0.0001	0.0001	0.278349	0.00295064	0.000100513	0.10027	0.816	0.285915	0.192313	0.0184641	0.0001	0.0615191	0.0234215	0.0001	0.738832	0.0192544	0.0001	0.0001	0.0001	0.0001	0.255225	0.00964406	0.0001	0.0001	0.0001	0.906069	0.0001	0.0001	0.00332129	0.0350547	0.00865539	0.0001
99	A	T	ORF	S	NULL	0	0	0	0	0.370317	0.000226771	0.000258763	0.378561	0.09595	0.319186	0.00737096	0.160253	0.0002	0.0002	0.0002	0.999135	0.0002	0.0002	0.0002	0.184886	0.0002	0.00022818	0.159844	0.236165	0.183334	0.0002	0.0002	0.255168	0.183057	0.0912479	0.15077	0.322562	0.0002	0.0002	0.0002	0.0919979	0.0002	0.108949	0.613812	0.0861657	0.179758	0.0002	0.232898	0.123629	0.0315059	0.0002	0.000236101	0.0002	0.789308	0.0002	0.0002	0.00023046	0.758456	0.0002
100	A	T	ORF	S	NULL	0	0	0	0	0.236148	0.104101	0.586135	0.180269	0.0470074	0.13698	0.00285126	0.345088	0.999995	0.0002	0.0453479	0.0002	0.126655	0.603117	0.439103	0.0695014	0.000200001	0.0500897	0.0126469	0.0620187	0.0280548	0.0379192	0.000200003	0.0752252	0.0002	0.0149419	0.0583835	0.325862	0.0002	0.0811187	0.0137411	0.769014	0.0674758	0.37014	0.296753	0.0254339	0.0002	0.0002	0.0921314	0.688069	0.123778	0.969193	0.0002	0.0002	0.166441	0.419592	0.00348845	0.0002	0.0114164	0.0002
