pos	ref	alt	gene	N/S	AA	nSRAsubclonal	nSRAclonal	nSRA	nConsensus	sample0|Earth	sample1|Earth	sample2|Earth	sample3|Earth	sample4|Earth	sample5|Earth	sample6|Earth	sample7|Earth	sample8|Earth	sample9|Earth	sample10|Earth	sample11|Earth	sample12|Earth	sample13|Earth	sample14|Earth	sample15|Earth	sample16|Earth	sample17|Earth	sample18|Earth	sample19|Earth	sample20|Earth	sample21|Earth	sample22|Earth	sample23|Earth	sample24|Earth	sample25|Earth	sample26|Earth	sample27|Earth	sample28|Earth	sample29|Earth	sample30|Earth	sample31|Earth	sample32|Earth	sample33|Earth	sample34|Earth	sample35|Earth	sample36|Earth	sample37|Earth	sample38|Earth	sample39|Earth	sample40|Earth	sample41|Earth	sample42|Earth	sample43|Earth	sample44|Earth	sample45|Earth	sample46|Earth	sample47|Earth	sample48|Earth	sample49|Earth
1	A	T	ORF	S	NULL	0	0	0	0	0	0	0	0	0	0	0	0	0	0	0	0	0	0	0	0	0	0	0	0	0	0	0	0	0	0	0	0	0	0	0	0	0	0	0	0	0	0	0	0	0	0	0	0	0	0	0	0	0	0
2	A	T	ORF	S	NULL	0	0	0	0	0	0	0	0	0	0	0	0	0	0	0	0	0	0	0	0	0	0	0	0	0	0	0	0	0	0	0	0	0	0	0	0	0	0	0	0	0	0	0	0	0	0	0	0	0	0	0	0	0	0
3	A	T	ORF	S	NULL	0	0	0	0	0	0	0	0	0	0	0	0	0	0	0	0	0	0	0	0	0	0	0	0	0	0	0	0	0	0	0	0	0	0	0	0	0	0	0	0	0	0	0	0	0	0	0	0	0	0	0	0	0	0
4	A	T	ORF	S	NULL	0	0	0	0	0	0	0	0	0	0	0	0	0	0	0	0	0	0	0	0	0	0	0	0	0	0	0	0	0	0	0	0	0	0	0	0	0	0	0	0	0	0	0	0	0	0	0	0	0	0	0	0	0	0
5	A	T	ORF	S	NULL	0	0	0	0	0	0	0	0	0	0	0	0	0	0	0	0	0	0	0	0	0	0	0	0	0	0	0	0	0	0	0	0	0	0	0	0	0	0	0	0	0	0	0	0	0	0	0	0	0	0	0	0	0	0
6	A	T	ORF	S	NULL	0	0	0	0	0.0151747	0.356495	0.000251765	0.0001	0.0992869	0.393326	0.563247	0.0276475	0.000242839	0.508234	0.000218237	0.653482	0.0777218	0.000586235	0.476379	0.0001	0.418199	0.121495	0.000172758	0.00638405	0.0773928	0.392411	0.092795	0.722284	0.354569	0.000339308	0.26131	0.000662796	0.760307	0.340322	0.0946012	0.000152353	0.135307	0.172218	0.35634	0.00146194	0.601422	0.362366	0.0268034	0.0001	0.000267743	0.468232	0.000286992	0.257533	0.0001	0.268183	0.0001	0.227392	0.0001	0.935241
7	A	T	ORF	S	NULL	0	0	0	0	0	0	0	0	0	0	0	0	0	0	0	0	0	0	0	0	0	0	0	0	0	0	0	0	0	0	0	0	0	0	0	0	0	0	0	0	0	0	0	0	0	0	0	0	0	0	0	0	0	0
8	A	T	ORF	S	NULL	0	0	0	0	0.43213	0.044198	0.25113	0.0001	0.000118586	0.000119152	0.000122696	0.726563	0.89117	0.0001	0.000108662	0.000246696	0.0635323	0.258258	0.102295	0.999962	0.0851067	0.418418	0.0001	0.372405	0.774534	0.0001804	0.385215	0.277224	0.0485382	0.524299	0.247301	0.012154	0.000102404	0.0267055	0.298264	0.0001	0.45343	0.000100225	0.000100019	0.000258446	0.0001	0.303426	0.000189801	0.0001	0.0191765	0.354123	0.454138	0.000193267	0.0001	0.503151	0.999962	0.000181285	0.0001	0.064057
9	A	T	ORF	S	NULL	0	0	0	0	0	0	0	0	0	0	0	0	0	0	0	0	0	0	0	0	0	0	0	0	0	0	0	0	0	0	0	0	0	0	0	0	0	0	0	0	0	0	0	0	0	0	0	0	0	0	0	0	0	0
10	A	T	ORF	S	NULL	0	0	0	0	0	0	0	0	0	0	0	0	0	0	0	0	0	0	0	0	0	0	0	0	0	0	0	0	0	0	0	0	0	0	0	0	0	0	0	0	0	0	0	0	0	0	0	0	0	0	0	0	0	0
11	A	T	ORF	S	NULL	0	0	0	0	0.43213	0.044198	0.25113	0.0001	0.000118586	0.000119152	0.000122696	0.726563	0.89117	0.0001	0.000108662	0.000246696	0.0635323	0.258258	0.102295	0.999962	0.0851067	0.418418	0.0001	0.372405	0.774534	0.0001804	0.385215	0.277224	0.0485382	0.524299	0.247301	0.012154	0.000102404	0.0267055	0.298264	0.0001	0.45343	0.000100225	0.000100019	0.000258446	0.0001	0.303426	0.000189801	0.0001	0.0191765	0.354123	0.454138	0.000193267	0.0001	0.503151	0.999962	0.000181285	0.0001	0.064057
12	A	T	ORF	S	NULL	0	0	0	0	0	0	0	0	0	0	0	0	0	0	0	0	0	0	0	0	0	0	0	0	0	0	0	0	0	0	0	0	0	0	0	0	0	0	0	0	0	0	0	0	0	0	0	0	0	0	0	0	0	0
13	A	T	ORF	S	NULL	0	0	0	0	0	0	0	0	0	0	0	0	0	0	0	0	0	0	0	0	0	0	0	0	0	0	0	0	0	0	0	0	0	0	0	0	0	0	0	0	0	0	0	0	0	0	0	0	0	0	0	0	0	0
14	A	T	ORF	S	NULL	0	0	0	0	0	0	0	0	0	0	0	0	0	0	0	0	0	0	0	0	0	0	0	0	0	0	0	0	0	0	0	0	0	0	0	0	0	0	0	0	0	0	0	0	0	0	0	0	0	0	0	0	0	0
15	A	T	ORF	S	NULL	0	0	0	0	0	0	0	0	0	0	0	0	0	0	0	0	0	0	0	0	0	0	0	0	0	0	0	0	0	0	0	0	0	0	0	0	0	0	0	0	0	0	0	0	0	0	0	0	0	0	0	0	0	0
16	A	T	ORF	S	NULL	0	0	0	0	0	0	0	0	0	0	0	0	0	0	0	0	0	0	0	0	0	0	0	0	0	0	0	0	0	0	0	0	0	0	0	0	0	0	0	0	0	0	0	0	0	0	0	0	0	0	0	0	0	0
17	A	T	ORF	S	NULL	0	0	0	0	0.0001	0.107204	0.28508	0.0001	0.900135	0.606099	0.436098	0.00048384	0.0001	0.0001	0.342064	0.296161	0.0715052	0.370128	0.0953914	0.0001	0.496061	0.40654	0.795077	0.00207636	0.147206	0.179191	0.136149	0.0001	0.535397	0.0001	0.263304	0.0001	0.115056	0.632186	0.0001	0.762179	0.014162	0.0001	0.0001	0.155115	0.39803	0.203311	0.0001	0.999965	0.0001	0.177016	0.492095	0.588111	0.0001	0.0001	0.0001	0.315208	0.0001	0.0001
18	A	T	ORF	S	NULL	0	0	0	0	0	0	0	0	0	0	0	0	0	0	0	0	0	0	0	0	0	0	0	0	0	0	0	0	0	0	0	0	0	0	0	0	0	0	0	0	0	0	0	0	0	0	0	0	0	0	0	0	0	0
19	A	T	ORF	S	NULL	0	0	0	0	0.552621	0.544988	0.285321	0.0002	0.900414	0.606374	0.43636	0.044878	0.108529	0.491608	0.465402	0.316865	0.83076	0.709739	0.0969732	0.0002	0.496465	0.407601	0.79555	0.279633	0.14769	0.607046	0.521648	0.000390014	0.571366	0.429626	0.490985	0.287798	0.239378	0.632566	0.373712	0.999679	0.410583	0.000390141	0.000388101	0.155735	0.398398	0.333888	0.492646	1.00006	0.32741	0.177471	0.545385	0.681918	1.00008	0.00032689	0.0002	0.531038	1.00008	0.000449681
20	A	T	ORF	S	NULL	0	0	0	0	0	0	0	0	0	0	0	0	0	0	0	0	0	0	0	0	0	0	0	0	0	0	0	0	0	0	0	0	0	0	0	0	0	0	0	0	0	0	0	0	0	0	0	0	0	0	0	0	0	0
21	A	T	ORF	S	NULL	0	0	0	0	0	0	0	0	0	0	0	0	0	0	0	0	0	0	0	0	0	0	0	0	0	0	0	0	0	0	0	0	0	0	0	0	0	0	0	0	0	0	0	0	0	0	0	0	0	0	0	0	0	0
22	A	T	ORF	S	NULL	0	0	0	0	0	0	0	0	0	0	0	0	0	0	0	0	0	0	0	0	0	0	0	0	0	0	0	0	0	0	0	0	0	0	0	0	0	0	0	0	0	0	0	0	0	0	0	0	0	0	0	0	0	0
23	A	T	ORF	S	NULL	0	0	0	0	0	0	0	0	0	0	0	0	0	0	0	0	0	0	0	0	0	0	0	0	0	0	0	0	0	0	0	0	0	0	0	0	0	0	0	0	0	0	0	0	0	0	0	0	0	0	0	0	0	0
24	A	T	ORF	S	NULL	0	0	0	0	0	0	0	0	0	0	0	0	0	0	0	0	0	0	0	0	0	0	0	0	0	0	0	0	0	0	0	0	0	0	0	0	0	0	0	0	0	0	0	0	0	0	0	0	0	0	0	0	0	0
25	A	T	ORF	S	NULL	0	0	0	0	0	0	0	0	0	0	0	0	0	0	0	0	0	0	0	0	0	0	0	0	0	0	0	0	0	0	0	0	0	0	0	0	0	0	0	0	0	0	0	0	0	0	0	0	0	0	0	0	0	0
26	A	T	ORF	S	NULL	0	0	0	0	0	0	0	0	0	0	0	0	0	0	0	0	0	0	0	0	0	0	0	0	0	0	0	0	0	0	0	0	0	0	0	0	0	0	0	0	0	0	0	0	0	0	0	0	0	0	0	0	0	0
27	A	T	ORF	S	NULL	0	0	0	0	0	0	0	0	0	0	0	0	0	0	0	0	0	0	0	0	0	0	0	0	0	0	0	0	0	0	0	0	0	0	0	0	0	0	0	0	0	0	0	0	0	0	0	0	0	0	0	0	0	0
28	A	T	ORF	S	NULL	0	0	0	0	0	0	0	0	0	0	0	0	0	0	0	0	0	0	0	0	0	0	0	0	0	0	0	0	0	0	0	0	0	0	0	0	0	0	0	0	0	0	0	0	0	0	0	0	0	0	0	0	0	0
29	A	T	ORF	S	NULL	0	0	0	0	0.0151747	0.356495	0.000251765	0.0001	0.0992869	0.393326	0.563247	0.0276475	0.000242839	0.508234	0.000218237	0.653482	0.0777218	0.000586235	0.476379	0.0001	0.418199	0.121495	0.000172758	0.00638405	0.0773928	0.392411	0.092795	0.722284	0.354569	0.000339308	0.26131	0.000662796	0.760307	0.340322	0.0946012	0.000152353	0.135307	0.172218	0.35634	0.00146194	0.601422	0.362366	0.0268034	0.0001	0.000267743	0.468232	0.000286992	0.257533	0.0001	0.268183	0.0001	0.227392	0.0001	0.935241
30	A	T	ORF	S	NULL	0	0	0	0	0	0	0	0	0	0	0	0	0	0	0	0	0	0	0	0	0	0	0	0	0	0	0	0	0	0	0	0	0	0	0	0	0	0	0	0	0	0	0	0	0	0	0	0	0	0	0	0	0	0
31	A	T	ORF	S	NULL	0	0	0	0	0.43213	0.044198	0.25113	0.0001	0.000118586	0.000119152	0.000122696	0.726563	0.89117	0.0001	0.000108662	0.000246696	0.0635323	0.258258	0.102295	0.999962	0.0851067	0.418418	0.0001	0.372405	0.774534	0.0001804	0.385215	0.277224	0.0485382	0.524299	0.247301	0.012154	0.000102404	0.0267055	0.298264	0.0001	0.45343	0.000100225	0.000100019	0.000258446	0.0001	0.303426	0.000189801	0.0001	0.0191765	0.354123	0.454138	0.000193267	0.0001	0.503151	0.999962	0.000181285	0.0001	0.064057
32	A	T	ORF	S	NULL	0	0	0	0	0.000173265	0.0543198	0.463298	0.999963	0.000180686	0.000180944	0.000270319	0.200912	0.000157524	0.000171705	0.534271	0.0294072	0.0279855	0.0314177	0.324352	0.0001	0.000229264	0.0524856	0.204193	0.341578	0.000383379	0.000362759	0.000341836	0.000194527	0.0255273	0.0457829	0.000403939	0.699476	0.000213108	0.000406736	0.23344	0.000152342	0.000680393	0.827377	0.643259	0.842545	0.000125561	0.00031893	0.480397	0.0001	0.65324	0.000174436	0.000190511	0.060356	0.0001	0.228422	0.0001	0.241388	0.0001	0.000350529
33	A	T	ORF	S	NULL	0	0	0	0	0.000173265	0.0543198	0.463298	0.999963	0.000180686	0.000180944	0.000270319	0.200912	0.000157524	0.000171705	0.534271	0.0294072	0.0279855	0.0314177	0.324352	0.0001	0.000229264	0.0524856	0.204193	0.341578	0.000383379	0.000362759	0.000341836	0.000194527	0.0255273	0.0457829	0.000403939	0.699476	0.000213108	0.000406736	0.23344	0.000152342	0.000680393	0.827377	0.643259	0.842545	0.000125561	0.00031893	0.480397	0.0001	0.65324	0.000174436	0.000190511	0.060356	0.0001	0.228422	0.0001	0.241388	0.0001	0.000350529
34	A	T	ORF	S	NULL	0	0	0	0	0	0	0	0	0	0	0	0	0	0	0	0	0	0	0	0	0	0	0	0	0	0	0	0	0	0	0	0	0	0	0	0	0	0	0	0	0	0	0	0	0	0	0	0	0	0	0	0	0	0
35	A	T	ORF	S	NULL	0	0	0	0	0	0	0	0	0	0	0	0	0	0	0	0	0	0	0	0	0	0	0	0	0	0	0	0	0	0	0	0	0	0	0	0	0	0	0	0	0	0	0	0	0	0	0	0	0	0	0	0	0	0
36	A	T	ORF	S	NULL	0	0	0	0	0	0	0	0	0	0	0	0	0	0	0	0	0	0	0	0	0	0	0	0	0	0	0	0	0	0	0	0	0	0	0	0	0	0	0	0	0	0	0	0	0	0	0	0	0	0	0	0	0	0
37	A	T	ORF	S	NULL	0	0	0	0	0	0	0	0	0	0	0	0	0	0	0	0	0	0	0	0	0	0	0	0	0	0	0	0	0	0	0	0	0	0	0	0	0	0	0	0	0	0	0	0	0	0	0	0	0	0	0	0	0	0
38	A	T	ORF	S	NULL	0	0	0	0	0.0001	0.107204	0.28508	0.0001	0.900135	0.606099	0.436098	0.00048384	0.0001	0.0001	0.342064	0.296161	0.0715052	0.370128	0.0953914	0.0001	0.496061	0.40654	0.795077	0.00207636	0.147206	0.179191	0.136149	0.0001	0.535397	0.0001	0.263304	0.0001	0.115056	0.632186	0.0001	0.762179	0.014162	0.0001	0.0001	0.155115	0.39803	0.203311	0.0001	0.999965	0.0001	0.177016	0.492095	0.588111	0.0001	0.0001	0.0001	0.315208	0.0001	0.0001
39	A	T	ORF	S	NULL	0	0	0	0	0	0	0	0	0	0	0	0	0	0	0	0	0	0	0	0	0	0	0	0	0	0	0	0	0	0	0	0	0	0	0	0	0	0	0	0	0	0	0	0	0	0	0	0	0	0	0	0	0	0
40	A	T	ORF	S	NULL	0	0	0	0	0	0	0	0	0	0	0	0	0	0	0	0	0	0	0	0	0	0	0	0	0	0	0	0	0	0	0	0	0	0	0	0	0	0	0	0	0	0	0	0	0	0	0	0	0	0	0	0	0	0
41	A	T	ORF	S	NULL	0	0	0	0	0	0	0	0	0	0	0	0	0	0	0	0	0	0	0	0	0	0	0	0	0	0	0	0	0	0	0	0	0	0	0	0	0	0	0	0	0	0	0	0	0	0	0	0	0	0	0	0	0	0
42	A	T	ORF	S	NULL	0	0	0	0	0	0	0	0	0	0	0	0	0	0	0	0	0	0	0	0	0	0	0	0	0	0	0	0	0	0	0	0	0	0	0	0	0	0	0	0	0	0	0	0	0	0	0	0	0	0	0	0	0	0
43	A	T	ORF	S	NULL	0	0	0	0	0	0	0	0	0	0	0	0	0	0	0	0	0	0	0	0	0	0	0	0	0	0	0	0	0	0	0	0	0	0	0	0	0	0	0	0	0	0	0	0	0	0	0	0	0	0	0	0	0	0
44	A	T	ORF	S	NULL	0	0	0	0	0.000173265	0.0543198	0.463298	0.999963	0.000180686	0.000180944	0.000270319	0.200912	0.000157524	0.000171705	0.534271	0.0294072	0.0279855	0.0314177	0.324352	0.0001	0.000229264	0.0524856	0.204193	0.341578	0.000383379	0.000362759	0.000341836	0.000194527	0.0255273	0.0457829	0.000403939	0.699476	0.000213108	0.000406736	0.23344	0.000152342	0.000680393	0.827377	0.643259	0.842545	0.000125561	0.00031893	0.480397	0.0001	0.65324	0.000174436	0.000190511	0.060356	0.0001	0.228422	0.0001	0.241388	0.0001	0.000350529
45	A	T	ORF	S	NULL	0	0	0	0	0.43223	0.151402	0.53621	0.0002	0.900254	0.606218	0.43622	0.727047	0.89127	0.0002	0.342172	0.296408	0.135038	0.628386	0.197686	1.00006	0.581168	0.824958	0.795177	0.374481	0.92174	0.179371	0.521364	0.277324	0.583935	0.524399	0.510604	0.012254	0.115158	0.658891	0.298364	0.762279	0.467592	0.000200225	0.000200019	0.155374	0.39813	0.506737	0.000289801	1.00006	0.0192765	0.531139	0.946233	0.588304	0.0002	0.503251	1.00006	0.315389	0.0002	0.064157
46	A	T	ORF	S	NULL	0	0	0	0	0	0	0	0	0	0	0	0	0	0	0	0	0	0	0	0	0	0	0	0	0	0	0	0	0	0	0	0	0	0	0	0	0	0	0	0	0	0	0	0	0	0	0	0	0	0	0	0	0	0
47	A	T	ORF	S	NULL	0	0	0	0	0	0	0	0	0	0	0	0	0	0	0	0	0	0	0	0	0	0	0	0	0	0	0	0	0	0	0	0	0	0	0	0	0	0	0	0	0	0	0	0	0	0	0	0	0	0	0	0	0	0
48	A	T	ORF	S	NULL	0	0	0	0	0	0	0	0	0	0	0	0	0	0	0	0	0	0	0	0	0	0	0	0	0	0	0	0	0	0	0	0	0	0	0	0	0	0	0	0	0	0	0	0	0	0	0	0	0	0	0	0	0	0
49	A	T	ORF	S	NULL	0	0	0	0	0	0	0	0	0	0	0	0	0	0	0	0	0	0	0	0	0	0	0	0	0	0	0	0	0	0	0	0	0	0	0	0	0	0	0	0	0	0	0	0	0	0	0	0	0	0	0	0	0	0
50	A	T	ORF	S	NULL	0	0	0	0	0.43213	0.044198	0.25113	0.0001	0.000118586	0.000119152	0.000122696	0.726563	0.89117	0.0001	0.000108662	0.000246696	0.0635323	0.258258	0.102295	0.999962	0.0851067	0.418418	0.0001	0.372405	0.774534	0.0001804	0.385215	0.277224	0.0485382	0.524299	0.247301	0.012154	0.000102404	0.0267055	0.298264	0.0001	0.45343	0.000100225	0.000100019	0.000258446	0.0001	0.303426	0.000189801	0.0001	0.0191765	0.354123	0.454138	0.000193267	0.0001	0.503151	0.999962	0.000181285	0.0001	0.064057
51	A	T	ORF	S	NULL	0	0	0	0	0.0151747	0.356495	0.000251765	0.0001	0.0992869	0.393326	0.563247	0.0276475	0.000242839	0.508234	0.000218237	0.653482	0.0777218	0.000586235	0.476379	0.0001	0.418199	0.121495	0.000172758	0.00638405	0.0773928	0.392411	0.092795	0.722284	0.354569	0.000339308	0.26131	0.000662796	0.760307	0.340322	0.0946012	0.000152353	0.135307	0.172218	0.35634	0.00146194	0.601422	0.362366	0.0268034	0.0001	0.000267743	0.468232	0.000286992	0.257533	0.0001	0.268183	0.0001	0.227392	0.0001	0.935241
52	A	T	ORF	S	NULL	0	0	0	0	0	0	0	0	0	0	0	0	0	0	0	0	0	0	0	0	0	0	0	0	0	0	0	0	0	0	0	0	0	0	0	0	0	0	0	0	0	0	0	0	0	0	0	0	0	0	0	0	0	0
53	A	T	ORF	S	NULL	0	0	0	0	0	0	0	0	0	0	0	0	0	0	0	0	0	0	0	0	0	0	0	0	0	0	0	0	0	0	0	0	0	0	0	0	0	0	0	0	0	0	0	0	0	0	0	0	0	0	0	0	0	0
54	A	T	ORF	S	NULL	0	0	0	0	0	0	0	0	0	0	0	0	0	0	0	0	0	0	0	0	0	0	0	0	0	0	0	0	0	0	0	0	0	0	0	0	0	0	0	0	0	0	0	0	0	0	0	0	0	0	0	0	0	0
55	A	T	ORF	S	NULL	0	0	0	0	0	0	0	0	0	0	0	0	0	0	0	0	0	0	0	0	0	0	0	0	0	0	0	0	0	0	0	0	0	0	0	0	0	0	0	0	0	0	0	0	0	0	0	0	0	0	0	0	0	0
56	A	T	ORF	S	NULL	0	0	0	0	0.0151747	0.356495	0.000251765	0.0001	0.0992869	0.393326	0.563247	0.0276475	0.000242839	0.508234	0.000218237	0.653482	0.0777218	0.000586235	0.476379	0.0001	0.418199	0.121495	0.000172758	0.00638405	0.0773928	0.392411	0.092795	0.722284	0.354569	0.000339308	0.26131	0.000662796	0.760307	0.340322	0.0946012	0.000152353	0.135307	0.172218	0.35634	0.00146194	0.601422	0.362366	0.0268034	0.0001	0.000267743	0.468232	0.000286992	0.257533	0.0001	0.268183	0.0001	0.227392	0.0001	0.935241
57	A	T	ORF	S	NULL	0	0	0	0	0	0	0	0	0	0	0	0	0	0	0	0	0	0	0	0	0	0	0	0	0	0	0	0	0	0	0	0	0	0	0	0	0	0	0	0	0	0	0	0	0	0	0	0	0	0	0	0	0	0
58	A	T	ORF	S	NULL	0	0	0	0	0	0	0	0	0	0	0	0	0	0	0	0	0	0	0	0	0	0	0	0	0	0	0	0	0	0	0	0	0	0	0	0	0	0	0	0	0	0	0	0	0	0	0	0	0	0	0	0	0	0
59	A	T	ORF	S	NULL	0	0	0	0	0	0	0	0	0	0	0	0	0	0	0	0	0	0	0	0	0	0	0	0	0	0	0	0	0	0	0	0	0	0	0	0	0	0	0	0	0	0	0	0	0	0	0	0	0	0	0	0	0	0
60	A	T	ORF	S	NULL	0	0	0	0	0	0	0	0	0	0	0	0	0	0	0	0	0	0	0	0	0	0	0	0	0	0	0	0	0	0	0	0	0	0	0	0	0	0	0	0	0	0	0	0	0	0	0	0	0	0	0	0	0	0
61	A	T	ORF	S	NULL	0	0	0	0	0	0	0	0	0	0	0	0	0	0	0	0	0	0	0	0	0	0	0	0	0	0	0	0	0	0	0	0	0	0	0	0	0	0	0	0	0	0	0	0	0	0	0	0	0	0	0	0	0	0
62	A	T	ORF	S	NULL	0	0	0	0	0	0	0	0	0	0	0	0	0	0	0	0	0	0	0	0	0	0	0	0	0	0	0	0	0	0	0	0	0	0	0	0	0	0	0	0	0	0	0	0	0	0	0	0	0	0	0	0	0	0
63	A	T	ORF	S	NULL	0	0	0	0	0.552521	0.437783	0.00024105	0.0001	0.000278787	0.000274778	0.000261986	0.0443941	0.108429	0.491508	0.123339	0.0207032	0.759255	0.33961	0.00158187	0.0001	0.000404454	0.00106096	0.000472596	0.277557	0.000484012	0.427855	0.385499	0.000290014	0.0359687	0.429526	0.227682	0.287698	0.124322	0.000379934	0.373612	0.2375	0.396421	0.000290141	0.000288101	0.000619271	0.000367754	0.130578	0.492546	0.0001	0.32731	0.000454724	0.0532897	0.0938064	0.999981	0.00022689	0.0001	0.21583	0.999981	0.000349681
64	A	T	ORF	S	NULL	0	0	0	0	0	0	0	0	0	0	0	0	0	0	0	0	0	0	0	0	0	0	0	0	0	0	0	0	0	0	0	0	0	0	0	0	0	0	0	0	0	0	0	0	0	0	0	0	0	0	0	0	0	0
65	A	T	ORF	S	NULL	0	0	0	0	0	0	0	0	0	0	0	0	0	0	0	0	0	0	0	0	0	0	0	0	0	0	0	0	0	0	0	0	0	0	0	0	0	0	0	0	0	0	0	0	0	0	0	0	0	0	0	0	0	0
66	A	T	ORF	S	NULL	0	0	0	0	0	0	0	0	0	0	0	0	0	0	0	0	0	0	0	0	0	0	0	0	0	0	0	0	0	0	0	0	0	0	0	0	0	0	0	0	0	0	0	0	0	0	0	0	0	0	0	0	0	0
67	A	T	ORF	S	NULL	0	0	0	0	0	0	0	0	0	0	0	0	0	0	0	0	0	0	0	0	0	0	0	0	0	0	0	0	0	0	0	0	0	0	0	0	0	0	0	0	0	0	0	0	0	0	0	0	0	0	0	0	0	0
68	A	T	ORF	S	NULL	0	0	0	0	0	0	0	0	0	0	0	0	0	0	0	0	0	0	0	0	0	0	0	0	0	0	0	0	0	0	0	0	0	0	0	0	0	0	0	0	0	0	0	0	0	0	0	0	0	0	0	0	0	0
69	A	T	ORF	S	NULL	0	0	0	0	0	0	0	0	0	0	0	0	0	0	0	0	0	0	0	0	0	0	0	0	0	0	0	0	0	0	0	0	0	0	0	0	0	0	0	0	0	0	0	0	0	0	0	0	0	0	0	0	0	0
70	A	T	ORF	S	NULL	0	0	0	0	0	0	0	0	0	0	0	0	0	0	0	0	0	0	0	0	0	0	0	0	0	0	0	0	0	0	0	0	0	0	0	0	0	0	0	0	0	0	0	0	0	0	0	0	0	0	0	0	0	0
71	A	T	ORF	S	NULL	0	0	0	0	0	0	0	0	0	0	0	0	0	0	0	0	0	0	0	0	0	0	0	0	0	0	0	0	0	0	0	0	0	0	0	0	0	0	0	0	0	0	0	0	0	0	0	0	0	0	0	0	0	0
72	A	T	ORF	S	NULL	0	0	0	0	0	0	0	0	0	0	0	0	0	0	0	0	0	0	0	0	0	0	0	0	0	0	0	0	0	0	0	0	0	0	0	0	0	0	0	0	0	0	0	0	0	0	0	0	0	0	0	0	0	0
73	A	T	ORF	S	NULL	0	0	0	0	0	0	0	0	0	0	0	0	0	0	0	0	0	0	0	0	0	0	0	0	0	0	0	0	0	0	0	0	0	0	0	0	0	0	0	0	0	0	0	0	0	0	0	0	0	0	0	0	0	0
74	A	T	ORF	S	NULL	0	0	0	0	0	0	0	0	0	0	0	0	0	0	0	0	0	0	0	0	0	0	0	0	0	0	0	0	0	0	0	0	0	0	0	0	0	0	0	0	0	0	0	0	0	0	0	0	0	0	0	0	0	0
75	A	T	ORF	S	NULL	0	0	0	0	0	0	0	0	0	0	0	0	0	0	0	0	0	0	0	0	0	0	0	0	0	0	0	0	0	0	0	0	0	0	0	0	0	0	0	0	0	0	0	0	0	0	0	0	0	0	0	0	0	0
76	A	T	ORF	S	NULL	0	0	0	0	0	0	0	0	0	0	0	0	0	0	0	0	0	0	0	0	0	0	0	0	0	0	0	0	0	0	0	0	0	0	0	0	0	0	0	0	0	0	0	0	0	0	0	0	0	0	0	0	0	0
77	A	T	ORF	S	NULL	0	0	0	0	0	0	0	0	0	0	0	0	0	0	0	0	0	0	0	0	0	0	0	0	0	0	0	0	0	0	0	0	0	0	0	0	0	0	0	0	0	0	0	0	0	0	0	0	0	0	0	0	0	0
78	A	T	ORF	S	NULL	0	0	0	0	0.0001	0.107204	0.28508	0.0001	0.900135	0.606099	0.436098	0.00048384	0.0001	0.0001	0.342064	0.296161	0.0715052	0.370128	0.0953914	0.0001	0.496061	0.40654	0.795077	0.00207636	0.147206	0.179191	0.136149	0.0001	0.535397	0.0001	0.263304	0.0001	0.115056	0.632186	0.0001	0.762179	0.014162	0.0001	0.0001	0.155115	0.39803	0.203311	0.0001	0.999965	0.0001	0.177016	0.492095	0.588111	0.0001	0.0001	0.0001	0.315208	0.0001	0.0001
79	A	T	ORF	S	NULL	0	0	0	0	0	0	0	0	0	0	0	0	0	0	0	0	0	0	0	0	0	0	0	0	0	0	0	0	0	0	0	0	0	0	0	0	0	0	0	0	0	0	0	0	0	0	0	0	0	0	0	0	0	0
80	A	T	ORF	S	NULL	0	0	0	0	0	0	0	0	0	0	0	0	0	0	0	0	0	0	0	0	0	0	0	0	0	0	0	0	0	0	0	0	0	0	0	0	0	0	0	0	0	0	0	0	0	0	0	0	0	0	0	0	0	0
81	A	T	ORF	S	NULL	0	0	0	0	0	0	0	0	0	0	0	0	0	0	0	0	0	0	0	0	0	0	0	0	0	0	0	0	0	0	0	0	0	0	0	0	0	0	0	0	0	0	0	0	0	0	0	0	0	0	0	0	0	0
82	A	T	ORF	S	NULL	0	0	0	0	0	0	0	0	0	0	0	0	0	0	0	0	0	0	0	0	0	0	0	0	0	0	0	0	0	0	0	0	0	0	0	0	0	0	0	0	0	0	0	0	0	0	0	0	0	0	0	0	0	0
83	A	T	ORF	S	NULL	0	0	0	0	0.0001	0.107204	0.28508	0.0001	0.900135	0.606099	0.436098	0.00048384	0.0001	0.0001	0.342064	0.296161	0.0715052	0.370128	0.0953914	0.0001	0.496061	0.40654	0.795077	0.00207636	0.147206	0.179191	0.136149	0.0001	0.535397	0.0001	0.263304	0.0001	0.115056	0.632186	0.0001	0.762179	0.014162	0.0001	0.0001	0.155115	0.39803	0.203311	0.0001	0.999965	0.0001	0.177016	0.492095	0.588111	0.0001	0.0001	0.0001	0.315208	0.0001	0.0001
84	A	T	ORF	S	NULL	0	0	0	0	0	0	0	0	0	0	0	0	0	0	0	0	0	0	0	0	0	0	0	0	0	0	0	0	0	0	0	0	0	0	0	0	0	0	0	0	0	0	0	0	0	0	0	0	0	0	0	0	0	0
85	A	T	ORF	S	NULL	0	0	0	0	0	0	0	0	0	0	0	0	0	0	0	0	0	0	0	0	0	0	0	0	0	0	0	0	0	0	0	0	0	0	0	0	0	0	0	0	0	0	0	0	0	0	0	0	0	0	0	0	0	0
86	A	T	ORF	S	NULL	0	0	0	0	0	0	0	0	0	0	0	0	0	0	0	0	0	0	0	0	0	0	0	0	0	0	0	0	0	0	0	0	0	0	0	0	0	0	0	0	0	0	0	0	0	0	0	0	0	0	0	0	0	0
87	A	T	ORF	S	NULL	0	0	0	0	0	0	0	0	0	0	0	0	0	0	0	0	0	0	0	0	0	0	0	0	0	0	0	0	0	0	0	0	0	0	0	0	0	0	0	0	0	0	0	0	0	0	0	0	0	0	0	0	0	0
88	A	T	ORF	S	NULL	0	0	0	0	0	0	0	0	0	0	0	0	0	0	0	0	0	0	0	0	0	0	0	0	0	0	0	0	0	0	0	0	0	0	0	0	0	0	0	0	0	0	0	0	0	0	0	0	0	0	0	0	0	0
89	A	T	ORF	S	NULL	0	0	0	0	0.43213	0.044198	0.25113	0.0001	0.000118586	0.000119152	0.000122696	0.726563	0.89117	0.0001	0.000108662	0.000246696	0.0635323	0.258258	0.102295	0.999962	0.0851067	0.418418	0.0001	0.372405	0.774534	0.0001804	0.385215	0.277224	0.0485382	0.524299	0.247301	0.012154	0.000102404	0.0267055	0.298264	0.0001	0.45343	0.000100225	0.000100019	0.000258446	0.0001	0.303426	0.000189801	0.0001	0.0191765	0.354123	0.454138	0.000193267	0.0001	0.503151	0.999962	0.000181285	0.0001	0.064057
90	A	T	ORF	S	NULL	0	0	0	0	0.000173265	0.0543198	0.463298	0.999963	0.000180686	0.000180944	0.000270319	0.200912	0.000157524	0.000171705	0.534271	0.0294072	0.0279855	0.0314177	0.324352	0.0001	0.000229264	0.0524856	0.204193	0.341578	0.000383379	0.000362759	0.000341836	0.000194527	0.0255273	0.0457829	0.000403939	0.699476	0.000213108	0.000406736	0.23344	0.000152342	0.000680393	0.827377	0.643259	0.842545	0.000125561	0.00031893	0.480397	0.0001	0.65324	0.000174436	0.000190511	0.060356	0.0001	0.228422	0.0001	0.241388	0.0001	0.000350529
91	A	T	ORF	S	NULL	0	0	0	0	0	0	0	0	0	0	0	0	0	0	0	0	0	0	0	0	0	0	0	0	0	0	0	0	0	0	0	0	0	0	0	0	0	0	0	0	0	0	0	0	0	0	0	0	0	0	0	0	0	0
92	A	T	ORF	S	NULL	0	0	0	0	0.0001	0.107204	0.28508	0.0001	0.900135	0.606099	0.436098	0.00048384	0.0001	0.0001	0.342064	0.296161	0.0715052	0.370128	0.0953914	0.0001	0.496061	0.40654	0.795077	0.00207636	0.147206	0.179191	0.136149	0.0001	0.535397	0.0001	0.263304	0.0001	0.115056	0.632186	0.0001	0.762179	0.014162	0.0001	0.0001	0.155115	0.39803	0.203311	0.0001	0.999965	0.0001	0.177016	0.492095	0.588111	0.0001	0.0001	0.0001	0.315208	0.0001	0.0001
93	A	T	ORF	S	NULL	0	0	0	0	0	0	0	0	0	0	0	0	0	0	0	0	0	0	0	0	0	0	0	0	0	0	0	0	0	0	0	0	0	0	0	0	0	0	0	0	0	0	0	0	0	0	0	0	0	0	0	0	0	0
94	A	T	ORF	S	NULL	0	0	0	0	0	0	0	0	0	0	0	0	0	0	0	0	0	0	0	0	0	0	0	0	0	0	0	0	0	0	0	0	0	0	0	0	0	0	0	0	0	0	0	0	0	0	0	0	0	0	0	0	0	0
95	A	T	ORF	S	NULL	0	0	0	0	0	0	0	0	0	0	0	0	0	0	0	0	0	0	0	0	0	0	0	0	0	0	0	0	0	0	0	0	0	0	0	0	0	0	0	0	0	0	0	0	0	0	0	0	0	0	0	0	0	0
96	A	T	ORF	S	NULL	0	0	0	0	0	0	0	0	0	0	0	0	0	0	0	0	0	0	0	0	0	0	0	0	0	0	0	0	0	0	0	0	0	0	0	0	0	0	0	0	0	0	0	0	0	0	0	0	0	0	0	0	0	0
97	A	T	ORF	S	NULL	0	0	0	0	0	0	0	0	0	0	0	0	0	0	0	0	0	0	0	0	0	0	0	0	0	0	0	0	0	0	0	0	0	0	0	0	0	0	0	0	0	0	0	0	0	0	0	0	0	0	0	0	0	0
98	A	T	ORF	S	NULL	0	0	0	0	0	0	0	0	0	0	0	0	0	0	0	0	0	0	0	0	0	0	0	0	0	0	0	0	0	0	0	0	0	0	0	0	0	0	0	0	0	0	0	0	0	0	0	0	0	0	0	0	0	0
99	A	T	ORF	S	NULL	0	0	0	0	0	0	0	0	0	0	0	0	0	0	0	0	0	0	0	0	0	0	0	0	0	0	0	0	0	0	0	0	0	0	0	0	0	0	0	0	0	0	0	0	0	0	0	0	0	0	0	0	0	0
100	A	T	ORF	S	NULL	0	0	0	0	0.552521	0.437783	0.00024105	0.0001	0.000278787	0.000274778	0.000261986	0.0443941	0.108429	0.491508	0.123339	0.0207032	0.759255	0.33961	0.00158187	0.0001	0.000404454	0.00106096	0.000472596	0.277557	0.000484012	0.427855	0.385499	0.000290014	0.0359687	0.429526	0.227682	0.287698	0.124322	0.000379934	0.373612	0.2375	0.396421	0.000290141	0.000288101	0.000619271	0.000367754	0.130578	0.492546	0.0001	0.32731	0.000454724	0.0532897	0.0938064	0.999981	0.00022689	0.0001	0.21583	0.999981	0.000349681
