pos	ref	alt	gene	N/S	AA	nSRAsubclonal	nSRAclonal	nSRA	nConsensus	sample0|Earth	sample1|Earth	sample2|Earth	sample3|Earth	sample4|Earth	sample5|Earth	sample6|Earth	sample7|Earth	sample8|Earth	sample9|Earth	sample10|Earth	sample11|Earth	sample12|Earth	sample13|Earth	sample14|Earth	sample15|Earth	sample16|Earth	sample17|Earth	sample18|Earth	sample19|Earth	sample20|Earth	sample21|Earth	sample22|Earth	sample23|Earth	sample24|Earth	sample25|Earth	sample26|Earth	sample27|Earth	sample28|Earth	sample29|Earth	sample30|Earth	sample31|Earth	sample32|Earth	sample33|Earth	sample34|Earth	sample35|Earth	sample36|Earth	sample37|Earth	sample38|Earth	sample39|Earth	sample40|Earth	sample41|Earth	sample42|Earth	sample43|Earth	sample44|Earth	sample45|Earth	sample46|Earth	sample47|Earth	sample48|Earth	sample49|Earth
1	A	T	ORF	S	NULL	0	0	0	0	0	0	0	0	0	0	0	0	0	0	0	0	0	0	0	0	0	0	0	0	0	0	0	0	0	0	0	0	0	0	0	0	0	0	0	0	0	0	0	0	0	0	0	0	0	0	0	0	0	0
2	A	T	ORF	S	NULL	0	0	0	0	0	0	0	0	0	0	0	0	0	0	0	0	0	0	0	0	0	0	0	0	0	0	0	0	0	0	0	0	0	0	0	0	0	0	0	0	0	0	0	0	0	0	0	0	0	0	0	0	0	0
3	A	T	ORF	S	NULL	0	0	0	0	0.0001	0.000100005	0.0001	0.0001	0.0001	0.0001	0.0001	0.0001	0.15318	0.301025	0.0001	0.101307	0.153004	0.0001	0.0001	0.0001	0.0001	0.0001	0.0001	0.0001	0.0001	0.0001	0.537158	0.0001	0.0001	0.0001	0.0001	0.0001	0.0001	0.0001	0.0001	0.511213	0.0001	0.0001	0.0001	0.0001	0.0001	0.999965	0.0001	0.000100003	0.384055	0.000100004	0.000100005	0.0001	0.0001	0.0001	0.516155	0.319219	0.0001	0.119164
4	A	T	ORF	S	NULL	0	0	0	0	0	0	0	0	0	0	0	0	0	0	0	0	0	0	0	0	0	0	0	0	0	0	0	0	0	0	0	0	0	0	0	0	0	0	0	0	0	0	0	0	0	0	0	0	0	0	0	0	0	0
5	A	T	ORF	S	NULL	0	0	0	0	0	0	0	0	0	0	0	0	0	0	0	0	0	0	0	0	0	0	0	0	0	0	0	0	0	0	0	0	0	0	0	0	0	0	0	0	0	0	0	0	0	0	0	0	0	0	0	0	0	0
6	A	T	ORF	S	NULL	0	0	0	0	0.000161864	0.250191	0.000262115	0.00015827	0.168348	0.000235417	0.74025	0.000400267	0.000382547	0.000162024	0.332366	0.000244618	0.448217	0.0001	0.0001	0.57023	0.793257	0.99999	0.000327909	0.000264447	0.000160468	0.000164499	0.000100169	0.000158555	0.00032675	0.000327111	0.000159967	0.000163644	0.407377	0.276361	0.194676	0.00028141	0.000163817	0.000163487	0.000161614	0.000329049	0.000298743	0.0001	0.000159355	0.415538	0.000328465	0.0003286	0.217187	0.000162347	0.000162711	0.0264928	0.000100177	0.0344696	0.000161577	0.000280621
7	A	T	ORF	S	NULL	0	0	0	0	0	0	0	0	0	0	0	0	0	0	0	0	0	0	0	0	0	0	0	0	0	0	0	0	0	0	0	0	0	0	0	0	0	0	0	0	0	0	0	0	0	0	0	0	0	0	0	0	0	0
8	A	T	ORF	S	NULL	0	0	0	0	0	0	0	0	0	0	0	0	0	0	0	0	0	0	0	0	0	0	0	0	0	0	0	0	0	0	0	0	0	0	0	0	0	0	0	0	0	0	0	0	0	0	0	0	0	0	0	0	0	0
9	A	T	ORF	S	NULL	0	0	0	0	0	0	0	0	0	0	0	0	0	0	0	0	0	0	0	0	0	0	0	0	0	0	0	0	0	0	0	0	0	0	0	0	0	0	0	0	0	0	0	0	0	0	0	0	0	0	0	0	0	0
10	A	T	ORF	S	NULL	0	0	0	0	0	0	0	0	0	0	0	0	0	0	0	0	0	0	0	0	0	0	0	0	0	0	0	0	0	0	0	0	0	0	0	0	0	0	0	0	0	0	0	0	0	0	0	0	0	0	0	0	0	0
11	A	T	ORF	S	NULL	0	0	0	0	0.000161864	0.250191	0.000262115	0.00015827	0.168348	0.000235417	0.74025	0.000400267	0.000382547	0.000162024	0.332366	0.000244618	0.448217	0.0001	0.0001	0.57023	0.793257	0.99999	0.000327909	0.000264447	0.000160468	0.000164499	0.000100169	0.000158555	0.00032675	0.000327111	0.000159967	0.000163644	0.407377	0.276361	0.194676	0.00028141	0.000163817	0.000163487	0.000161614	0.000329049	0.000298743	0.0001	0.000159355	0.415538	0.000328465	0.0003286	0.217187	0.000162347	0.000162711	0.0264928	0.000100177	0.0344696	0.000161577	0.000280621
12	A	T	ORF	S	NULL	0	0	0	0	0.159016	0.0001	0.0001	0.0001	0.0001	0.0391381	0.0001	0.158206	0.0001	0.0001	0.0001	0.0001	0.337041	0.0001	0.0001	0.0001	0.0001	0.0001	0.0001	0.0001	0.0001	0.786087	0.0001	0.0001	0.0001	0.0001	0.0001	0.320035	0.553115	0.366093	0.140167	0.0390103	0.62807	0.861097	0.0001	0.232078	0.0001	0.0001	0.124011	0.000101434	0.043058	0.517109	0.0001	0.0001	0.782087	0.000101156	0.0001	0.223308	0.0001	0.0001
13	A	T	ORF	S	NULL	0	0	0	0	0.159016	0.0001	0.0001	0.0001	0.0001	0.0391381	0.0001	0.158206	0.0001	0.0001	0.0001	0.0001	0.337041	0.0001	0.0001	0.0001	0.0001	0.0001	0.0001	0.0001	0.0001	0.786087	0.0001	0.0001	0.0001	0.0001	0.0001	0.320035	0.553115	0.366093	0.140167	0.0390103	0.62807	0.861097	0.0001	0.232078	0.0001	0.0001	0.124011	0.000101434	0.043058	0.517109	0.0001	0.0001	0.782087	0.000101156	0.0001	0.223308	0.0001	0.0001
14	A	T	ORF	S	NULL	0	0	0	0	0	0	0	0	0	0	0	0	0	0	0	0	0	0	0	0	0	0	0	0	0	0	0	0	0	0	0	0	0	0	0	0	0	0	0	0	0	0	0	0	0	0	0	0	0	0	0	0	0	0
15	A	T	ORF	S	NULL	0	0	0	0	0.000100002	0.000100568	0.000100061	0.000100001	0.0001	0.0001	0.0001	0.435121	0.576431	0.000100001	0.0001	0.0001	0.0001	0.0001	0.0001	0.0001	0.118012	0.0001	0.0001	0.00010005	0.251027	0.000100138	0.0001	0.0001	0.439101	0.0001	0.0001	0.0001	0.0380536	0.0001	0.286174	0.0001	0.328038	0.0001	0.0001	0.711135	0.717239	0.0001	0.000100001	0.000100359	0.0001	0.00010034	0.000100535	0.913107	0.0001	0.455148	0.0001	0.000100131	0.0001	0.0001
16	A	T	ORF	S	NULL	0	0	0	0	0	0	0	0	0	0	0	0	0	0	0	0	0	0	0	0	0	0	0	0	0	0	0	0	0	0	0	0	0	0	0	0	0	0	0	0	0	0	0	0	0	0	0	0	0	0	0	0	0	0
17	A	T	ORF	S	NULL	0	0	0	0	0.680387	0.0903023	0.000427452	0.000285598	0.000516131	0.398891	0.000290851	0.121073	0.000605274	0.000290018	0.660605	0.359466	0.000293584	0.000100001	0.000100001	0.00029099	0.000292131	0.0001	0.203544	0.015432	0.202316	0.000295839	0.000187586	0.999423	0.101528	0.193541	0.000288019	0.00029548	0.00051696	0.0735266	0.000953645	0.278507	0.000295216	0.000294424	0.117306	0.000517338	0.0164781	0.0001	0.296331	0.0137356	0.00051601	0.000516145	0.000294223	0.000291456	0.217323	0.000734057	0.000187616	0.000607983	0.158312	0.000466884
18	A	T	ORF	S	NULL	0	0	0	0	0.156115	0.000100034	0.000170362	0.0981052	0.745309	0.000151534	0.259127	0.000274486	0.000221646	0.000100639	0.000217176	0.0001	0.000101839	0.0001	0.0001	0.000100377	0.000100535	0.0001	0.316257	0.868277	0.000100017	0.000100248	0.0001	0.000100073	0.000217299	0.611292	0.54516	0.000100204	0.000219345	0.000219216	0.00045215	0.170419	0.000100394	0.138114	0.267128	0.000219091	0.000196208	0.0001	0.000100002	0.000335212	0.214245	0.00021888	0.000100008	0.000100589	0.000100186	0.000334754	0.0001	0.000279822	0.000100285	0.438451
19	A	T	ORF	S	NULL	0	0	0	0	0.0001	0.000100005	0.0001	0.0001	0.0001	0.0001	0.0001	0.0001	0.15318	0.301025	0.0001	0.101307	0.153004	0.0001	0.0001	0.0001	0.0001	0.0001	0.0001	0.0001	0.0001	0.0001	0.537158	0.0001	0.0001	0.0001	0.0001	0.0001	0.0001	0.0001	0.0001	0.511213	0.0001	0.0001	0.0001	0.0001	0.0001	0.999965	0.0001	0.000100003	0.384055	0.000100004	0.000100005	0.0001	0.0001	0.0001	0.516155	0.319219	0.0001	0.119164
20	A	T	ORF	S	NULL	0	0	0	0	0	0	0	0	0	0	0	0	0	0	0	0	0	0	0	0	0	0	0	0	0	0	0	0	0	0	0	0	0	0	0	0	0	0	0	0	0	0	0	0	0	0	0	0	0	0	0	0	0	0
21	A	T	ORF	S	NULL	0	0	0	0	0	0	0	0	0	0	0	0	0	0	0	0	0	0	0	0	0	0	0	0	0	0	0	0	0	0	0	0	0	0	0	0	0	0	0	0	0	0	0	0	0	0	0	0	0	0	0	0	0	0
22	A	T	ORF	S	NULL	0	0	0	0	0	0	0	0	0	0	0	0	0	0	0	0	0	0	0	0	0	0	0	0	0	0	0	0	0	0	0	0	0	0	0	0	0	0	0	0	0	0	0	0	0	0	0	0	0	0	0	0	0	0
23	A	T	ORF	S	NULL	0	0	0	0	0.00408848	0.547156	0.0782252	0.000200005	0.00020001	0.000200007	0.000200008	0.435221	0.610585	0.000200005	0.00020001	0.000200007	0.000200007	0.0002	0.0002	0.000200007	0.118112	0.000200006	0.00020001	0.0612239	0.251127	0.213114	0.000200003	0.000200004	0.439201	0.00020001	0.000200005	0.000200005	0.0381537	0.000200011	0.286288	0.000200008	0.328138	0.000200005	0.000200005	0.711235	0.982426	0.0002	0.000200005	0.347216	0.00020001	0.392179	0.530154	0.913207	0.000200005	0.46122	0.000200003	0.162185	0.000200005	0.000200008
24	A	T	ORF	S	NULL	0	0	0	0	0	0	0	0	0	0	0	0	0	0	0	0	0	0	0	0	0	0	0	0	0	0	0	0	0	0	0	0	0	0	0	0	0	0	0	0	0	0	0	0	0	0	0	0	0	0	0	0	0	0
25	A	T	ORF	S	NULL	0	0	0	0	0.00398847	0.547055	0.0781251	0.000100004	0.00010001	0.000100007	0.000100008	0.000100013	0.0341535	0.000100005	0.00010001	0.000100007	0.000100007	0.0001	0.0001	0.000100007	0.000100008	0.000100006	0.00010001	0.0611239	0.000100005	0.213014	0.000100003	0.000100004	0.000100009	0.00010001	0.000100005	0.000100005	0.000100011	0.000100011	0.000114274	0.000100008	0.000100005	0.000100005	0.000100005	0.00010001	0.265187	0.0001	0.000100004	0.347116	0.00010001	0.392078	0.530053	0.000100004	0.000100004	0.00607233	0.000100003	0.162085	0.000100005	0.000100008
26	A	T	ORF	S	NULL	0	0	0	0	0.0001	0.112001	0.657108	0.0001	0.0850427	0.415065	0.0001	0.0001	0.234327	0.227019	0.0001	0.107107	0.0001	0.999975	0.999975	0.0001	0.0001	0.0001	0.0001	0.0001	0.0001	0.0001	0.0001	0.0001	0.0001	0.0001	0.0001	0.406044	0.0001	0.0001	0.000113921	0.0001	0.0001	0.0001	0.615072	0.0001	0.0001	0.0001	0.0001	0.0930851	0.0001	0.0890423	0.166009	0.0001	0.0001	0.144092	0.0001	0.0001	0.0001	0.0001
27	A	T	ORF	S	NULL	0	0	0	0	0.156215	0.000200039	0.000270362	0.0982052	0.745409	0.000251534	0.259227	0.000374486	0.153401	0.301126	0.000317176	0.101407	0.153106	0.0002	0.0002	0.000200377	0.000200535	0.0002	0.316357	0.868377	0.000200017	0.000200248	0.537258	0.000200073	0.000317299	0.611392	0.54526	0.000200204	0.000319345	0.000319216	0.00055215	0.681632	0.000200394	0.138214	0.267228	0.000319091	0.000296208	1.00007	0.000200002	0.000435215	0.5983	0.000318884	0.000200013	0.000200589	0.000200186	0.000434754	0.516255	0.319499	0.000200285	0.557615
28	A	T	ORF	S	NULL	0	0	0	0	0	0	0	0	0	0	0	0	0	0	0	0	0	0	0	0	0	0	0	0	0	0	0	0	0	0	0	0	0	0	0	0	0	0	0	0	0	0	0	0	0	0	0	0	0	0	0	0	0	0
29	A	T	ORF	S	NULL	0	0	0	0	0	0	0	0	0	0	0	0	0	0	0	0	0	0	0	0	0	0	0	0	0	0	0	0	0	0	0	0	0	0	0	0	0	0	0	0	0	0	0	0	0	0	0	0	0	0	0	0	0	0
30	A	T	ORF	S	NULL	0	0	0	0	0.0001	0.112001	0.657108	0.0001	0.0850427	0.415065	0.0001	0.0001	0.234327	0.227019	0.0001	0.107107	0.0001	0.999975	0.999975	0.0001	0.0001	0.0001	0.0001	0.0001	0.0001	0.0001	0.0001	0.0001	0.0001	0.0001	0.0001	0.406044	0.0001	0.0001	0.000113921	0.0001	0.0001	0.0001	0.615072	0.0001	0.0001	0.0001	0.0001	0.0930851	0.0001	0.0890423	0.166009	0.0001	0.0001	0.144092	0.0001	0.0001	0.0001	0.0001
31	A	T	ORF	S	NULL	0	0	0	0	0.000100002	0.000100568	0.000100061	0.000100001	0.0001	0.0001	0.0001	0.435121	0.576431	0.000100001	0.0001	0.0001	0.0001	0.0001	0.0001	0.0001	0.118012	0.0001	0.0001	0.00010005	0.251027	0.000100138	0.0001	0.0001	0.439101	0.0001	0.0001	0.0001	0.0380536	0.0001	0.286174	0.0001	0.328038	0.0001	0.0001	0.711135	0.717239	0.0001	0.000100001	0.000100359	0.0001	0.00010034	0.000100535	0.913107	0.0001	0.455148	0.0001	0.000100131	0.0001	0.0001
32	A	T	ORF	S	NULL	0	0	0	0	0.000161577	0.00016379	0.000260385	0.000158001	0.000325013	0.000235272	0.000161665	0.000399253	0.000328698	0.000165666	0.00632345	0.431531	0.0611754	0.0001	0.0001	0.429212	0.0881728	0.0001	0.479382	0.000263091	0.107173	0.00016418	0.462449	0.000158279	0.000322989	0.000323913	0.000159677	0.273195	0.000325718	0.283359	0.20266	0.000230666	0.000163531	0.000163205	0.000161228	0.0553318	0.000294859	0.0001	0.000159061	0.129494	0.357368	0.000325096	0.0861711	0.000162061	0.000162425	0.104492	0.483451	0.000406177	0.841261	0.000230838
33	A	T	ORF	S	NULL	0	0	0	0	0	0	0	0	0	0	0	0	0	0	0	0	0	0	0	0	0	0	0	0	0	0	0	0	0	0	0	0	0	0	0	0	0	0	0	0	0	0	0	0	0	0	0	0	0	0	0	0	0	0
34	A	T	ORF	S	NULL	0	0	0	0	0.0001	0.112001	0.657108	0.0001	0.0850427	0.415065	0.0001	0.0001	0.234327	0.227019	0.0001	0.107107	0.0001	0.999975	0.999975	0.0001	0.0001	0.0001	0.0001	0.0001	0.0001	0.0001	0.0001	0.0001	0.0001	0.0001	0.0001	0.406044	0.0001	0.0001	0.000113921	0.0001	0.0001	0.0001	0.615072	0.0001	0.0001	0.0001	0.0001	0.0930851	0.0001	0.0890423	0.166009	0.0001	0.0001	0.144092	0.0001	0.0001	0.0001	0.0001
35	A	T	ORF	S	NULL	0	0	0	0	0.000165912	0.000177263	0.263595	0.901286	0.00031763	0.146253	0.000161702	0.284424	0.000333247	0.471228	0.000316171	0.000240092	0.000163428	0.0001	0.0001	0.00016181	0.000162599	0.0001	0.000317425	0.0545676	0.439222	0.000170815	0.000100163	0.000158326	0.458382	0.194344	0.454224	0.000163392	0.000318603	0.000318211	0.174639	0.000275018	0.0431695	0.000163228	0.000161377	0.000318863	0.00025029	0.0001	0.579241	0.000471856	0.000317936	0.000323416	0.000176788	0.086174	0.000162456	0.262503	0.000100171	0.259484	0.000161342	0.441337
36	A	T	ORF	S	NULL	0	0	0	0	0	0	0	0	0	0	0	0	0	0	0	0	0	0	0	0	0	0	0	0	0	0	0	0	0	0	0	0	0	0	0	0	0	0	0	0	0	0	0	0	0	0	0	0	0	0	0	0	0	0
37	A	T	ORF	S	NULL	0	0	0	0	0	0	0	0	0	0	0	0	0	0	0	0	0	0	0	0	0	0	0	0	0	0	0	0	0	0	0	0	0	0	0	0	0	0	0	0	0	0	0	0	0	0	0	0	0	0	0	0	0	0
38	A	T	ORF	S	NULL	0	0	0	0	0	0	0	0	0	0	0	0	0	0	0	0	0	0	0	0	0	0	0	0	0	0	0	0	0	0	0	0	0	0	0	0	0	0	0	0	0	0	0	0	0	0	0	0	0	0	0	0	0	0
39	A	T	ORF	S	NULL	0	0	0	0	0.00398847	0.547055	0.0781251	0.000100004	0.00010001	0.000100007	0.000100008	0.000100013	0.0341535	0.000100005	0.00010001	0.000100007	0.000100007	0.0001	0.0001	0.000100007	0.000100008	0.000100006	0.00010001	0.0611239	0.000100005	0.213014	0.000100003	0.000100004	0.000100009	0.00010001	0.000100005	0.000100005	0.000100011	0.000100011	0.000114274	0.000100008	0.000100005	0.000100005	0.000100005	0.00010001	0.265187	0.0001	0.000100004	0.347116	0.00010001	0.392078	0.530053	0.000100004	0.000100004	0.00607233	0.000100003	0.162085	0.000100005	0.000100008
40	A	T	ORF	S	NULL	0	0	0	0	0	0	0	0	0	0	0	0	0	0	0	0	0	0	0	0	0	0	0	0	0	0	0	0	0	0	0	0	0	0	0	0	0	0	0	0	0	0	0	0	0	0	0	0	0	0	0	0	0	0
41	A	T	ORF	S	NULL	0	0	0	0	0.000100002	0.000100568	0.000100061	0.000100001	0.0001	0.0001	0.0001	0.435121	0.576431	0.000100001	0.0001	0.0001	0.0001	0.0001	0.0001	0.0001	0.118012	0.0001	0.0001	0.00010005	0.251027	0.000100138	0.0001	0.0001	0.439101	0.0001	0.0001	0.0001	0.0380536	0.0001	0.286174	0.0001	0.328038	0.0001	0.0001	0.711135	0.717239	0.0001	0.000100001	0.000100359	0.0001	0.00010034	0.000100535	0.913107	0.0001	0.455148	0.0001	0.000100131	0.0001	0.0001
42	A	T	ORF	S	NULL	0	0	0	0	0	0	0	0	0	0	0	0	0	0	0	0	0	0	0	0	0	0	0	0	0	0	0	0	0	0	0	0	0	0	0	0	0	0	0	0	0	0	0	0	0	0	0	0	0	0	0	0	0	0
43	A	T	ORF	S	NULL	0	0	0	0	0	0	0	0	0	0	0	0	0	0	0	0	0	0	0	0	0	0	0	0	0	0	0	0	0	0	0	0	0	0	0	0	0	0	0	0	0	0	0	0	0	0	0	0	0	0	0	0	0	0
44	A	T	ORF	S	NULL	0	0	0	0	0.000100002	0.000100568	0.000100061	0.000100001	0.0001	0.0001	0.0001	0.435121	0.576431	0.000100001	0.0001	0.0001	0.0001	0.0001	0.0001	0.0001	0.118012	0.0001	0.0001	0.00010005	0.251027	0.000100138	0.0001	0.0001	0.439101	0.0001	0.0001	0.0001	0.0380536	0.0001	0.286174	0.0001	0.328038	0.0001	0.0001	0.711135	0.717239	0.0001	0.000100001	0.000100359	0.0001	0.00010034	0.000100535	0.913107	0.0001	0.455148	0.0001	0.000100131	0.0001	0.0001
45	A	T	ORF	S	NULL	0	0	0	0	0	0	0	0	0	0	0	0	0	0	0	0	0	0	0	0	0	0	0	0	0	0	0	0	0	0	0	0	0	0	0	0	0	0	0	0	0	0	0	0	0	0	0	0	0	0	0	0	0	0
46	A	T	ORF	S	NULL	0	0	0	0	0.000165912	0.000177263	0.263595	0.901286	0.00031763	0.146253	0.000161702	0.284424	0.000333247	0.471228	0.000316171	0.000240092	0.000163428	0.0001	0.0001	0.00016181	0.000162599	0.0001	0.000317425	0.0545676	0.439222	0.000170815	0.000100163	0.000158326	0.458382	0.194344	0.454224	0.000163392	0.000318603	0.000318211	0.174639	0.000275018	0.0431695	0.000163228	0.000161377	0.000318863	0.00025029	0.0001	0.579241	0.000471856	0.000317936	0.000323416	0.000176788	0.086174	0.000162456	0.262503	0.000100171	0.259484	0.000161342	0.441337
47	A	T	ORF	S	NULL	0	0	0	0	0	0	0	0	0	0	0	0	0	0	0	0	0	0	0	0	0	0	0	0	0	0	0	0	0	0	0	0	0	0	0	0	0	0	0	0	0	0	0	0	0	0	0	0	0	0	0	0	0	0
48	A	T	ORF	S	NULL	0	0	0	0	0.000161577	0.00016379	0.000260385	0.000158001	0.000325013	0.000235272	0.000161665	0.000399253	0.000328698	0.000165666	0.00632345	0.431531	0.0611754	0.0001	0.0001	0.429212	0.0881728	0.0001	0.479382	0.000263091	0.107173	0.00016418	0.462449	0.000158279	0.000322989	0.000323913	0.000159677	0.273195	0.000325718	0.283359	0.20266	0.000230666	0.000163531	0.000163205	0.000161228	0.0553318	0.000294859	0.0001	0.000159061	0.129494	0.357368	0.000325096	0.0861711	0.000162061	0.000162425	0.104492	0.483451	0.000406177	0.841261	0.000230838
49	A	T	ORF	S	NULL	0	0	0	0	0.00398847	0.547055	0.0781251	0.000100004	0.00010001	0.000100007	0.000100008	0.000100013	0.0341535	0.000100005	0.00010001	0.000100007	0.000100007	0.0001	0.0001	0.000100007	0.000100008	0.000100006	0.00010001	0.0611239	0.000100005	0.213014	0.000100003	0.000100004	0.000100009	0.00010001	0.000100005	0.000100005	0.000100011	0.000100011	0.000114274	0.000100008	0.000100005	0.000100005	0.000100005	0.00010001	0.265187	0.0001	0.000100004	0.347116	0.00010001	0.392078	0.530053	0.000100004	0.000100004	0.00607233	0.000100003	0.162085	0.000100005	0.000100008
50	A	T	ORF	S	NULL	0	0	0	0	0.156115	0.000100034	0.000170362	0.0981052	0.745309	0.000151534	0.259127	0.000274486	0.000221646	0.000100639	0.000217176	0.0001	0.000101839	0.0001	0.0001	0.000100377	0.000100535	0.0001	0.316257	0.868277	0.000100017	0.000100248	0.0001	0.000100073	0.000217299	0.611292	0.54516	0.000100204	0.000219345	0.000219216	0.00045215	0.170419	0.000100394	0.138114	0.267128	0.000219091	0.000196208	0.0001	0.000100002	0.000335212	0.214245	0.00021888	0.000100008	0.000100589	0.000100186	0.000334754	0.0001	0.000279822	0.000100285	0.438451
51	A	T	ORF	S	NULL	0	0	0	0	0.00398847	0.547055	0.0781251	0.000100004	0.00010001	0.000100007	0.000100008	0.000100013	0.0341535	0.000100005	0.00010001	0.000100007	0.000100007	0.0001	0.0001	0.000100007	0.000100008	0.000100006	0.00010001	0.0611239	0.000100005	0.213014	0.000100003	0.000100004	0.000100009	0.00010001	0.000100005	0.000100005	0.000100011	0.000100011	0.000114274	0.000100008	0.000100005	0.000100005	0.000100005	0.00010001	0.265187	0.0001	0.000100004	0.347116	0.00010001	0.392078	0.530053	0.000100004	0.000100004	0.00607233	0.000100003	0.162085	0.000100005	0.000100008
52	A	T	ORF	S	NULL	0	0	0	0	0	0	0	0	0	0	0	0	0	0	0	0	0	0	0	0	0	0	0	0	0	0	0	0	0	0	0	0	0	0	0	0	0	0	0	0	0	0	0	0	0	0	0	0	0	0	0	0	0	0
53	A	T	ORF	S	NULL	0	0	0	0	0	0	0	0	0	0	0	0	0	0	0	0	0	0	0	0	0	0	0	0	0	0	0	0	0	0	0	0	0	0	0	0	0	0	0	0	0	0	0	0	0	0	0	0	0	0	0	0	0	0
54	A	T	ORF	S	NULL	0	0	0	0	0	0	0	0	0	0	0	0	0	0	0	0	0	0	0	0	0	0	0	0	0	0	0	0	0	0	0	0	0	0	0	0	0	0	0	0	0	0	0	0	0	0	0	0	0	0	0	0	0	0
55	A	T	ORF	S	NULL	0	0	0	0	0	0	0	0	0	0	0	0	0	0	0	0	0	0	0	0	0	0	0	0	0	0	0	0	0	0	0	0	0	0	0	0	0	0	0	0	0	0	0	0	0	0	0	0	0	0	0	0	0	0
56	A	T	ORF	S	NULL	0	0	0	0	0	0	0	0	0	0	0	0	0	0	0	0	0	0	0	0	0	0	0	0	0	0	0	0	0	0	0	0	0	0	0	0	0	0	0	0	0	0	0	0	0	0	0	0	0	0	0	0	0	0
57	A	T	ORF	S	NULL	0	0	0	0	0.000100002	0.000100568	0.000100061	0.000100001	0.0001	0.0001	0.0001	0.435121	0.576431	0.000100001	0.0001	0.0001	0.0001	0.0001	0.0001	0.0001	0.118012	0.0001	0.0001	0.00010005	0.251027	0.000100138	0.0001	0.0001	0.439101	0.0001	0.0001	0.0001	0.0380536	0.0001	0.286174	0.0001	0.328038	0.0001	0.0001	0.711135	0.717239	0.0001	0.000100001	0.000100359	0.0001	0.00010034	0.000100535	0.913107	0.0001	0.455148	0.0001	0.000100131	0.0001	0.0001
58	A	T	ORF	S	NULL	0	0	0	0	0.159016	0.0001	0.0001	0.0001	0.0001	0.0391381	0.0001	0.158206	0.0001	0.0001	0.0001	0.0001	0.337041	0.0001	0.0001	0.0001	0.0001	0.0001	0.0001	0.0001	0.0001	0.786087	0.0001	0.0001	0.0001	0.0001	0.0001	0.320035	0.553115	0.366093	0.140167	0.0390103	0.62807	0.861097	0.0001	0.232078	0.0001	0.0001	0.124011	0.000101434	0.043058	0.517109	0.0001	0.0001	0.782087	0.000101156	0.0001	0.223308	0.0001	0.0001
59	A	T	ORF	S	NULL	0	0	0	0	0	0	0	0	0	0	0	0	0	0	0	0	0	0	0	0	0	0	0	0	0	0	0	0	0	0	0	0	0	0	0	0	0	0	0	0	0	0	0	0	0	0	0	0	0	0	0	0	0	0
60	A	T	ORF	S	NULL	0	0	0	0	0	0	0	0	0	0	0	0	0	0	0	0	0	0	0	0	0	0	0	0	0	0	0	0	0	0	0	0	0	0	0	0	0	0	0	0	0	0	0	0	0	0	0	0	0	0	0	0	0	0
61	A	T	ORF	S	NULL	0	0	0	0	0.00398847	0.547055	0.0781251	0.000100004	0.00010001	0.000100007	0.000100008	0.000100013	0.0341535	0.000100005	0.00010001	0.000100007	0.000100007	0.0001	0.0001	0.000100007	0.000100008	0.000100006	0.00010001	0.0611239	0.000100005	0.213014	0.000100003	0.000100004	0.000100009	0.00010001	0.000100005	0.000100005	0.000100011	0.000100011	0.000114274	0.000100008	0.000100005	0.000100005	0.000100005	0.00010001	0.265187	0.0001	0.000100004	0.347116	0.00010001	0.392078	0.530053	0.000100004	0.000100004	0.00607233	0.000100003	0.162085	0.000100005	0.000100008
62	A	T	ORF	S	NULL	0	0	0	0	0.0002	0.112101	0.657208	0.0002	0.0851427	0.415165	0.0002	0.0002	0.387507	0.528044	0.0002	0.208414	0.153104	1.00008	1.00008	0.0002	0.0002	0.0002	0.0002	0.0002	0.0002	0.0002	0.537258	0.0002	0.0002	0.0002	0.0002	0.406144	0.0002	0.0002	0.000213921	0.511313	0.0002	0.0002	0.615172	0.0002	0.0002	1.00007	0.0002	0.0931851	0.384155	0.0891423	0.166109	0.0002	0.0002	0.144192	0.516255	0.319319	0.0002	0.119264
63	A	T	ORF	S	NULL	0	0	0	0	0	0	0	0	0	0	0	0	0	0	0	0	0	0	0	0	0	0	0	0	0	0	0	0	0	0	0	0	0	0	0	0	0	0	0	0	0	0	0	0	0	0	0	0	0	0	0	0	0	0
64	A	T	ORF	S	NULL	0	0	0	0	0	0	0	0	0	0	0	0	0	0	0	0	0	0	0	0	0	0	0	0	0	0	0	0	0	0	0	0	0	0	0	0	0	0	0	0	0	0	0	0	0	0	0	0	0	0	0	0	0	0
65	A	T	ORF	S	NULL	0	0	0	0	0.0001	0.112001	0.657108	0.0001	0.0850427	0.415065	0.0001	0.0001	0.234327	0.227019	0.0001	0.107107	0.0001	0.999975	0.999975	0.0001	0.0001	0.0001	0.0001	0.0001	0.0001	0.0001	0.0001	0.0001	0.0001	0.0001	0.0001	0.406044	0.0001	0.0001	0.000113921	0.0001	0.0001	0.0001	0.615072	0.0001	0.0001	0.0001	0.0001	0.0930851	0.0001	0.0890423	0.166009	0.0001	0.0001	0.144092	0.0001	0.0001	0.0001	0.0001
66	A	T	ORF	S	NULL	0	0	0	0	0	0	0	0	0	0	0	0	0	0	0	0	0	0	0	0	0	0	0	0	0	0	0	0	0	0	0	0	0	0	0	0	0	0	0	0	0	0	0	0	0	0	0	0	0	0	0	0	0	0
67	A	T	ORF	S	NULL	0	0	0	0	0	0	0	0	0	0	0	0	0	0	0	0	0	0	0	0	0	0	0	0	0	0	0	0	0	0	0	0	0	0	0	0	0	0	0	0	0	0	0	0	0	0	0	0	0	0	0	0	0	0
68	A	T	ORF	S	NULL	0	0	0	0	0.000200002	0.112102	0.657208	0.000200001	0.0851427	0.415165	0.0002	0.435221	0.810758	0.227119	0.0002	0.107207	0.0002	1.00008	1.00008	0.0002	0.118112	0.0002	0.0002	0.00020005	0.251127	0.000200138	0.0002	0.0002	0.439201	0.0002	0.0002	0.406144	0.0381536	0.0002	0.286288	0.0002	0.328138	0.0002	0.615172	0.711235	0.717339	0.0002	0.000200001	0.0931855	0.0002	0.0891426	0.16611	0.913207	0.0002	0.59924	0.0002	0.000200131	0.0002	0.0002
69	A	T	ORF	S	NULL	0	0	0	0	0	0	0	0	0	0	0	0	0	0	0	0	0	0	0	0	0	0	0	0	0	0	0	0	0	0	0	0	0	0	0	0	0	0	0	0	0	0	0	0	0	0	0	0	0	0	0	0	0	0
70	A	T	ORF	S	NULL	0	0	0	0	0	0	0	0	0	0	0	0	0	0	0	0	0	0	0	0	0	0	0	0	0	0	0	0	0	0	0	0	0	0	0	0	0	0	0	0	0	0	0	0	0	0	0	0	0	0	0	0	0	0
71	A	T	ORF	S	NULL	0	0	0	0	0	0	0	0	0	0	0	0	0	0	0	0	0	0	0	0	0	0	0	0	0	0	0	0	0	0	0	0	0	0	0	0	0	0	0	0	0	0	0	0	0	0	0	0	0	0	0	0	0	0
72	A	T	ORF	S	NULL	0	0	0	0	0	0	0	0	0	0	0	0	0	0	0	0	0	0	0	0	0	0	0	0	0	0	0	0	0	0	0	0	0	0	0	0	0	0	0	0	0	0	0	0	0	0	0	0	0	0	0	0	0	0
73	A	T	ORF	S	NULL	0	0	0	0	0.839403	0.0904023	0.000527452	0.000385598	0.000616131	0.438029	0.000390851	0.279279	0.000705274	0.000390018	0.660705	0.359566	0.337334	0.000200001	0.000200001	0.00039099	0.000392131	0.0002	0.203644	0.015532	0.202416	0.786383	0.000287586	0.999523	0.101628	0.193641	0.000388019	0.320331	0.553632	0.43962	0.14112	0.317517	0.628365	0.861391	0.117406	0.232595	0.0165781	0.0002	0.420342	0.013837	0.043574	0.517625	0.000394223	0.000391456	0.999411	0.000835213	0.000287616	0.223916	0.158412	0.000566884
74	A	T	ORF	S	NULL	0	0	0	0	0	0	0	0	0	0	0	0	0	0	0	0	0	0	0	0	0	0	0	0	0	0	0	0	0	0	0	0	0	0	0	0	0	0	0	0	0	0	0	0	0	0	0	0	0	0	0	0	0	0
75	A	T	ORF	S	NULL	0	0	0	0	0	0	0	0	0	0	0	0	0	0	0	0	0	0	0	0	0	0	0	0	0	0	0	0	0	0	0	0	0	0	0	0	0	0	0	0	0	0	0	0	0	0	0	0	0	0	0	0	0	0
76	A	T	ORF	S	NULL	0	0	0	0	0	0	0	0	0	0	0	0	0	0	0	0	0	0	0	0	0	0	0	0	0	0	0	0	0	0	0	0	0	0	0	0	0	0	0	0	0	0	0	0	0	0	0	0	0	0	0	0	0	0
77	A	T	ORF	S	NULL	0	0	0	0	0	0	0	0	0	0	0	0	0	0	0	0	0	0	0	0	0	0	0	0	0	0	0	0	0	0	0	0	0	0	0	0	0	0	0	0	0	0	0	0	0	0	0	0	0	0	0	0	0	0
78	A	T	ORF	S	NULL	0	0	0	0	0	0	0	0	0	0	0	0	0	0	0	0	0	0	0	0	0	0	0	0	0	0	0	0	0	0	0	0	0	0	0	0	0	0	0	0	0	0	0	0	0	0	0	0	0	0	0	0	0	0
79	A	T	ORF	S	NULL	0	0	0	0	0	0	0	0	0	0	0	0	0	0	0	0	0	0	0	0	0	0	0	0	0	0	0	0	0	0	0	0	0	0	0	0	0	0	0	0	0	0	0	0	0	0	0	0	0	0	0	0	0	0
80	A	T	ORF	S	NULL	0	0	0	0	0	0	0	0	0	0	0	0	0	0	0	0	0	0	0	0	0	0	0	0	0	0	0	0	0	0	0	0	0	0	0	0	0	0	0	0	0	0	0	0	0	0	0	0	0	0	0	0	0	0
81	A	T	ORF	S	NULL	0	0	0	0	0.000261577	0.000263795	0.000360386	0.000258001	0.000425013	0.000335272	0.000261665	0.000499253	0.153508	0.301191	0.00642345	0.532838	0.21418	0.0002	0.0002	0.429312	0.0882728	0.0002	0.479482	0.000363091	0.107273	0.00026418	0.999606	0.000258279	0.000422989	0.000423913	0.000259677	0.273295	0.000425718	0.283459	0.20276	0.511444	0.000263531	0.000263205	0.000261228	0.0554318	0.000394859	1.00007	0.000259061	0.129594	0.741422	0.000425099	0.0862711	0.000262061	0.000262425	0.104592	0.999606	0.319625	0.841361	0.119394
82	A	T	ORF	S	NULL	0	0	0	0	0.0001	0.112001	0.657108	0.0001	0.0850427	0.415065	0.0001	0.0001	0.234327	0.227019	0.0001	0.107107	0.0001	0.999975	0.999975	0.0001	0.0001	0.0001	0.0001	0.0001	0.0001	0.0001	0.0001	0.0001	0.0001	0.0001	0.0001	0.406044	0.0001	0.0001	0.000113921	0.0001	0.0001	0.0001	0.615072	0.0001	0.0001	0.0001	0.0001	0.0930851	0.0001	0.0890423	0.166009	0.0001	0.0001	0.144092	0.0001	0.0001	0.0001	0.0001
83	A	T	ORF	S	NULL	0	0	0	0	0	0	0	0	0	0	0	0	0	0	0	0	0	0	0	0	0	0	0	0	0	0	0	0	0	0	0	0	0	0	0	0	0	0	0	0	0	0	0	0	0	0	0	0	0	0	0	0	0	0
84	A	T	ORF	S	NULL	0	0	0	0	0	0	0	0	0	0	0	0	0	0	0	0	0	0	0	0	0	0	0	0	0	0	0	0	0	0	0	0	0	0	0	0	0	0	0	0	0	0	0	0	0	0	0	0	0	0	0	0	0	0
85	A	T	ORF	S	NULL	0	0	0	0	0	0	0	0	0	0	0	0	0	0	0	0	0	0	0	0	0	0	0	0	0	0	0	0	0	0	0	0	0	0	0	0	0	0	0	0	0	0	0	0	0	0	0	0	0	0	0	0	0	0
86	A	T	ORF	S	NULL	0	0	0	0	0.0001	0.112001	0.657108	0.0001	0.0850427	0.415065	0.0001	0.0001	0.234327	0.227019	0.0001	0.107107	0.0001	0.999975	0.999975	0.0001	0.0001	0.0001	0.0001	0.0001	0.0001	0.0001	0.0001	0.0001	0.0001	0.0001	0.0001	0.406044	0.0001	0.0001	0.000113921	0.0001	0.0001	0.0001	0.615072	0.0001	0.0001	0.0001	0.0001	0.0930851	0.0001	0.0890423	0.166009	0.0001	0.0001	0.144092	0.0001	0.0001	0.0001	0.0001
87	A	T	ORF	S	NULL	0	0	0	0	0	0	0	0	0	0	0	0	0	0	0	0	0	0	0	0	0	0	0	0	0	0	0	0	0	0	0	0	0	0	0	0	0	0	0	0	0	0	0	0	0	0	0	0	0	0	0	0	0	0
88	A	T	ORF	S	NULL	0	0	0	0	0.00415439	0.547233	0.34172	0.901386	0.000417641	0.146353	0.00026171	0.284524	0.0344868	0.471328	0.000416181	0.000340099	0.000263435	0.0002	0.0002	0.000261816	0.000262608	0.000200006	0.000417435	0.115691	0.439322	0.213185	0.000200166	0.000258331	0.458482	0.194444	0.454324	0.000263397	0.000418614	0.000418221	0.174754	0.000375026	0.0432695	0.000263233	0.000261382	0.000418873	0.265437	0.0002	0.579341	0.347587	0.000417946	0.392402	0.53023	0.086274	0.00026246	0.268575	0.000200173	0.421569	0.000261346	0.441437
89	A	T	ORF	S	NULL	0	0	0	0	0.000200002	0.112102	0.657208	0.000200001	0.0851427	0.415165	0.0002	0.435221	0.810758	0.227119	0.0002	0.107207	0.0002	1.00008	1.00008	0.0002	0.118112	0.0002	0.0002	0.00020005	0.251127	0.000200138	0.0002	0.0002	0.439201	0.0002	0.0002	0.406144	0.0381536	0.0002	0.286288	0.0002	0.328138	0.0002	0.615172	0.711235	0.717339	0.0002	0.000200001	0.0931855	0.0002	0.0891426	0.16611	0.913207	0.0002	0.59924	0.0002	0.000200131	0.0002	0.0002
90	A	T	ORF	S	NULL	0	0	0	0	0.000161864	0.250191	0.000262115	0.00015827	0.168348	0.000235417	0.74025	0.000400267	0.000382547	0.000162024	0.332366	0.000244618	0.448217	0.0001	0.0001	0.57023	0.793257	0.99999	0.000327909	0.000264447	0.000160468	0.000164499	0.000100169	0.000158555	0.00032675	0.000327111	0.000159967	0.000163644	0.407377	0.276361	0.194676	0.00028141	0.000163817	0.000163487	0.000161614	0.000329049	0.000298743	0.0001	0.000159355	0.415538	0.000328465	0.0003286	0.217187	0.000162347	0.000162711	0.0264928	0.000100177	0.0344696	0.000161577	0.000280621
91	A	T	ORF	S	NULL	0	0	0	0	0	0	0	0	0	0	0	0	0	0	0	0	0	0	0	0	0	0	0	0	0	0	0	0	0	0	0	0	0	0	0	0	0	0	0	0	0	0	0	0	0	0	0	0	0	0	0	0	0	0
92	A	T	ORF	S	NULL	0	0	0	0	0	0	0	0	0	0	0	0	0	0	0	0	0	0	0	0	0	0	0	0	0	0	0	0	0	0	0	0	0	0	0	0	0	0	0	0	0	0	0	0	0	0	0	0	0	0	0	0	0	0
93	A	T	ORF	S	NULL	0	0	0	0	0	0	0	0	0	0	0	0	0	0	0	0	0	0	0	0	0	0	0	0	0	0	0	0	0	0	0	0	0	0	0	0	0	0	0	0	0	0	0	0	0	0	0	0	0	0	0	0	0	0
94	A	T	ORF	S	NULL	0	0	0	0	0	0	0	0	0	0	0	0	0	0	0	0	0	0	0	0	0	0	0	0	0	0	0	0	0	0	0	0	0	0	0	0	0	0	0	0	0	0	0	0	0	0	0	0	0	0	0	0	0	0
95	A	T	ORF	S	NULL	0	0	0	0	0	0	0	0	0	0	0	0	0	0	0	0	0	0	0	0	0	0	0	0	0	0	0	0	0	0	0	0	0	0	0	0	0	0	0	0	0	0	0	0	0	0	0	0	0	0	0	0	0	0
96	A	T	ORF	S	NULL	0	0	0	0	0	0	0	0	0	0	0	0	0	0	0	0	0	0	0	0	0	0	0	0	0	0	0	0	0	0	0	0	0	0	0	0	0	0	0	0	0	0	0	0	0	0	0	0	0	0	0	0	0	0
97	A	T	ORF	S	NULL	0	0	0	0	0	0	0	0	0	0	0	0	0	0	0	0	0	0	0	0	0	0	0	0	0	0	0	0	0	0	0	0	0	0	0	0	0	0	0	0	0	0	0	0	0	0	0	0	0	0	0	0	0	0
98	A	T	ORF	S	NULL	0	0	0	0	0	0	0	0	0	0	0	0	0	0	0	0	0	0	0	0	0	0	0	0	0	0	0	0	0	0	0	0	0	0	0	0	0	0	0	0	0	0	0	0	0	0	0	0	0	0	0	0	0	0
99	A	T	ORF	S	NULL	0	0	0	0	0.156115	0.000100034	0.000170362	0.0981052	0.745309	0.000151534	0.259127	0.000274486	0.000221646	0.000100639	0.000217176	0.0001	0.000101839	0.0001	0.0001	0.000100377	0.000100535	0.0001	0.316257	0.868277	0.000100017	0.000100248	0.0001	0.000100073	0.000217299	0.611292	0.54516	0.000100204	0.000219345	0.000219216	0.00045215	0.170419	0.000100394	0.138114	0.267128	0.000219091	0.000196208	0.0001	0.000100002	0.000335212	0.214245	0.00021888	0.000100008	0.000100589	0.000100186	0.000334754	0.0001	0.000279822	0.000100285	0.438451
100	A	T	ORF	S	NULL	0	0	0	0	0.159116	0.000200005	0.0002	0.0002	0.0002	0.0392381	0.0002	0.158306	0.15328	0.301125	0.0002	0.101407	0.490045	0.0002	0.0002	0.0002	0.0002	0.0002	0.0002	0.0002	0.0002	0.786187	0.537258	0.0002	0.0002	0.0002	0.0002	0.320135	0.553215	0.366193	0.140267	0.550224	0.62817	0.861197	0.0002	0.232178	0.0002	1.00007	0.124111	0.000201437	0.427113	0.517209	0.000200005	0.0002	0.782187	0.000201156	0.516255	0.542527	0.0002	0.119264
