pos	ref	alt	gene	N/S	AA	nSRAsubclonal	nSRAclonal	nSRA	nConsensus	sample0|Earth	sample1|Earth	sample2|Earth	sample3|Earth	sample4|Earth	sample5|Earth	sample6|Earth	sample7|Earth	sample8|Earth	sample9|Earth	sample10|Earth	sample11|Earth	sample12|Earth	sample13|Earth	sample14|Earth	sample15|Earth	sample16|Earth	sample17|Earth	sample18|Earth	sample19|Earth	sample20|Earth	sample21|Earth	sample22|Earth	sample23|Earth	sample24|Earth	sample25|Earth	sample26|Earth	sample27|Earth	sample28|Earth	sample29|Earth	sample30|Earth	sample31|Earth	sample32|Earth	sample33|Earth	sample34|Earth	sample35|Earth	sample36|Earth	sample37|Earth	sample38|Earth	sample39|Earth	sample40|Earth	sample41|Earth	sample42|Earth	sample43|Earth	sample44|Earth	sample45|Earth	sample46|Earth	sample47|Earth	sample48|Earth	sample49|Earth
1	A	T	ORF	S	NULL	0	0	0	0	0	0	0	0	0	0	0	0	0	0	0	0	0	0	0	0	0	0	0	0	0	0	0	0	0	0	0	0	0	0	0	0	0	0	0	0	0	0	0	0	0	0	0	0	0	0	0	0	0	0
2	A	T	ORF	S	NULL	0	0	0	0	0	0	0	0	0	0	0	0	0	0	0	0	0	0	0	0	0	0	0	0	0	0	0	0	0	0	0	0	0	0	0	0	0	0	0	0	0	0	0	0	0	0	0	0	0	0	0	0	0	0
3	A	T	ORF	S	NULL	0	0	0	0	0.000100018	0.000100002	0.0001	0.0001	0.0001	0.000100011	0.0001	0.000100002	0.153181	0.301028	0.000100029	0.101311	0.153008	0.0001	0.0001	0.000100947	0.000100192	0.0001	0.000101104	0.0001	0.00010024	0.0001	0.537166	0.000100027	0.000100002	0.000100004	0.0001	0.000100639	0.0001	0.000100647	0.000100459	0.511219	0.0001	0.0001	0.000100003	0.000100124	0.0001	0.999981	0.000100008	0.000100288	0.384062	0.0001	0.000100192	0.0001	0.000100006	0.000100231	0.516163	0.319224	0.000101862	0.119165
4	A	T	ORF	S	NULL	0	0	0	0	0	0	0	0	0	0	0	0	0	0	0	0	0	0	0	0	0	0	0	0	0	0	0	0	0	0	0	0	0	0	0	0	0	0	0	0	0	0	0	0	0	0	0	0	0	0	0	0	0	0
5	A	T	ORF	S	NULL	0	0	0	0	0	0	0	0	0	0	0	0	0	0	0	0	0	0	0	0	0	0	0	0	0	0	0	0	0	0	0	0	0	0	0	0	0	0	0	0	0	0	0	0	0	0	0	0	0	0	0	0	0	0
6	A	T	ORF	S	NULL	0	0	0	0	0.000161271	0.250194	0.000262098	0.000160131	0.168347	0.000235403	0.740251	0.000398918	0.000380286	0.00016223	0.332367	0.000244108	0.448216	0.0001	0.0001	0.570231	0.793259	0.999994	0.000327262	0.000263065	0.000160677	0.000161731	0.000100017	0.000158793	0.000326181	0.000326538	0.000159935	0.000162223	0.407377	0.276361	0.194675	0.000280118	0.000160858	0.000160196	0.000160763	0.000325992	0.000296247	0.000100023	0.000160341	0.41554	0.000327086	0.000326709	0.21719	0.000159667	0.000160029	0.0264918	0.000100018	0.0344697	0.000161121	0.000280348
7	A	T	ORF	S	NULL	0	0	0	0	0	0	0	0	0	0	0	0	0	0	0	0	0	0	0	0	0	0	0	0	0	0	0	0	0	0	0	0	0	0	0	0	0	0	0	0	0	0	0	0	0	0	0	0	0	0	0	0	0	0
8	A	T	ORF	S	NULL	0	0	0	0	0	0	0	0	0	0	0	0	0	0	0	0	0	0	0	0	0	0	0	0	0	0	0	0	0	0	0	0	0	0	0	0	0	0	0	0	0	0	0	0	0	0	0	0	0	0	0	0	0	0
9	A	T	ORF	S	NULL	0	0	0	0	0	0	0	0	0	0	0	0	0	0	0	0	0	0	0	0	0	0	0	0	0	0	0	0	0	0	0	0	0	0	0	0	0	0	0	0	0	0	0	0	0	0	0	0	0	0	0	0	0	0
10	A	T	ORF	S	NULL	0	0	0	0	0	0	0	0	0	0	0	0	0	0	0	0	0	0	0	0	0	0	0	0	0	0	0	0	0	0	0	0	0	0	0	0	0	0	0	0	0	0	0	0	0	0	0	0	0	0	0	0	0	0
11	A	T	ORF	S	NULL	0	0	0	0	0.000161271	0.250194	0.000262098	0.000160131	0.168347	0.000235403	0.740251	0.000398918	0.000380286	0.00016223	0.332367	0.000244108	0.448216	0.0001	0.0001	0.570231	0.793259	0.999994	0.000327262	0.000263065	0.000160677	0.000161731	0.000100017	0.000158793	0.000326181	0.000326538	0.000159935	0.000162223	0.407377	0.276361	0.194675	0.000280118	0.000160858	0.000160196	0.000160763	0.000325992	0.000296247	0.000100023	0.000160341	0.41554	0.000327086	0.000326709	0.21719	0.000159667	0.000160029	0.0264918	0.000100018	0.0344697	0.000161121	0.000280348
12	A	T	ORF	S	NULL	0	0	0	0	0.159017	0.000100001	0.0001	0.0001	0.0001	0.0391382	0.0001	0.158208	0.000100042	0.000100084	0.000100006	0.0001	0.337046	0.0001	0.0001	0.0001	0.0001	0.0001	0.0001	0.0001	0.000100001	0.786101	0.000100001	0.000100009	0.000100001	0.000100001	0.0001	0.32004	0.553123	0.366099	0.140169	0.0390088	0.62808	0.861111	0.000100001	0.232081	0.0001	0.000100278	0.124013	0.000101222	0.0430568	0.517119	0.0001	0.0001	0.7821	0.000100844	0.0001	0.223311	0.0001	0.000100032
13	A	T	ORF	S	NULL	0	0	0	0	0.159017	0.000100001	0.0001	0.0001	0.0001	0.0391382	0.0001	0.158208	0.000100042	0.000100084	0.000100006	0.0001	0.337046	0.0001	0.0001	0.0001	0.0001	0.0001	0.0001	0.0001	0.000100001	0.786101	0.000100001	0.000100009	0.000100001	0.000100001	0.0001	0.32004	0.553123	0.366099	0.140169	0.0390088	0.62808	0.861111	0.000100001	0.232081	0.0001	0.000100278	0.124013	0.000101222	0.0430568	0.517119	0.0001	0.0001	0.7821	0.000100844	0.0001	0.223311	0.0001	0.000100032
14	A	T	ORF	S	NULL	0	0	0	0	0	0	0	0	0	0	0	0	0	0	0	0	0	0	0	0	0	0	0	0	0	0	0	0	0	0	0	0	0	0	0	0	0	0	0	0	0	0	0	0	0	0	0	0	0	0	0	0	0	0
15	A	T	ORF	S	NULL	0	0	0	0	0.0001	0.0001	0.0001	0.0001	0.0001	0.0001	0.0001	0.435127	0.576441	0.000100001	0.0001	0.000100013	0.000100001	0.0001	0.0001	0.0001	0.118014	0.0001	0.0001	0.0001	0.251032	0.0001	0.000100002	0.0001	0.439108	0.0001	0.0001	0.00010001	0.0380537	0.0001	0.286178	0.000100001	0.328042	0.0001	0.0001	0.711145	0.717251	0.000100003	0.0001	0.000100004	0.000100001	0.0001	0.000100003	0.913121	0.0001	0.455156	0.000100002	0.000100001	0.000100001	0.0001
16	A	T	ORF	S	NULL	0	0	0	0	0	0	0	0	0	0	0	0	0	0	0	0	0	0	0	0	0	0	0	0	0	0	0	0	0	0	0	0	0	0	0	0	0	0	0	0	0	0	0	0	0	0	0	0	0	0	0	0	0	0
17	A	T	ORF	S	NULL	0	0	0	0	0.680385	0.0903053	0.000427529	0.000288014	0.000514516	0.39889	0.00028902	0.121071	0.000602383	0.00029019	0.660604	0.359464	0.000291682	0.0001	0.0001	0.000289697	0.000290489	0.0001	0.203543	0.0154308	0.202316	0.00029283	0.000185318	0.999421	0.101528	0.19354	0.000287699	0.000293951	0.000514767	0.0735252	0.000952261	0.278506	0.000291778	0.000290728	0.117305	0.000513559	0.016476	0.000100005	0.296332	0.013736	0.000514963	0.000514312	0.000293205	0.000287334	0.21732	0.000732606	0.000185398	0.000607468	0.158311	0.000466306
18	A	T	ORF	S	NULL	0	0	0	0	0.156116	0.000100211	0.000170137	0.0981075	0.745314	0.000151496	0.259129	0.000273233	0.000219983	0.000100977	0.000217034	0.000100001	0.000101225	0.0001	0.0001	0.000100506	0.00010035	0.0001	0.316258	0.868284	0.000100031	0.000100036	0.000100018	0.000100432	0.00021676	0.611297	0.545165	0.000100094	0.000217093	0.000217379	0.000450861	0.170419	0.000100006	0.138113	0.26713	0.000216477	0.000194343	0.000100401	0.000100022	0.00033474	0.214245	0.000216859	0.000100177	0.000100291	0.000100004	0.000333866	0.000100015	0.00027861	0.000100261	0.438455
19	A	T	ORF	S	NULL	0	0	0	0	0.000100018	0.000100002	0.0001	0.0001	0.0001	0.000100011	0.0001	0.000100002	0.153181	0.301028	0.000100029	0.101311	0.153008	0.0001	0.0001	0.000100947	0.000100192	0.0001	0.000101104	0.0001	0.00010024	0.0001	0.537166	0.000100027	0.000100002	0.000100004	0.0001	0.000100639	0.0001	0.000100647	0.000100459	0.511219	0.0001	0.0001	0.000100003	0.000100124	0.0001	0.999981	0.000100008	0.000100288	0.384062	0.0001	0.000100192	0.0001	0.000100006	0.000100231	0.516163	0.319224	0.000101862	0.119165
20	A	T	ORF	S	NULL	0	0	0	0	0	0	0	0	0	0	0	0	0	0	0	0	0	0	0	0	0	0	0	0	0	0	0	0	0	0	0	0	0	0	0	0	0	0	0	0	0	0	0	0	0	0	0	0	0	0	0	0	0	0
21	A	T	ORF	S	NULL	0	0	0	0	0	0	0	0	0	0	0	0	0	0	0	0	0	0	0	0	0	0	0	0	0	0	0	0	0	0	0	0	0	0	0	0	0	0	0	0	0	0	0	0	0	0	0	0	0	0	0	0	0	0
22	A	T	ORF	S	NULL	0	0	0	0	0	0	0	0	0	0	0	0	0	0	0	0	0	0	0	0	0	0	0	0	0	0	0	0	0	0	0	0	0	0	0	0	0	0	0	0	0	0	0	0	0	0	0	0	0	0	0	0	0	0
23	A	T	ORF	S	NULL	0	0	0	0	0.00408827	0.547159	0.0782268	0.0002	0.0002	0.0002	0.0002	0.435227	0.610596	0.000200003	0.0002	0.000200013	0.000200002	0.0002	0.0002	0.0002	0.118114	0.0002	0.0002	0.0612242	0.251132	0.213115	0.000200002	0.0002	0.439208	0.0002	0.0002	0.00020001	0.0381537	0.0002	0.286294	0.000200005	0.328142	0.0002	0.0002	0.711245	0.982442	0.000200009	0.0002	0.347217	0.000200001	0.392181	0.530156	0.913221	0.0002	0.46123	0.000200002	0.162188	0.000200001	0.000200001
24	A	T	ORF	S	NULL	0	0	0	0	0	0	0	0	0	0	0	0	0	0	0	0	0	0	0	0	0	0	0	0	0	0	0	0	0	0	0	0	0	0	0	0	0	0	0	0	0	0	0	0	0	0	0	0	0	0	0	0	0	0
25	A	T	ORF	S	NULL	0	0	0	0	0.00398827	0.547059	0.0781268	0.0001	0.0001	0.0001	0.0001	0.0001	0.0341549	0.000100002	0.0001	0.0001	0.000100001	0.0001	0.0001	0.0001	0.0001	0.0001	0.0001	0.0611242	0.0001	0.213015	0.0001	0.0001	0.0001	0.0001	0.0001	0.0001	0.0001	0.0001	0.000115804	0.000100003	0.0001	0.0001	0.0001	0.0001	0.265191	0.000100007	0.0001	0.347117	0.0001	0.392081	0.530056	0.0001	0.0001	0.00607489	0.0001	0.162088	0.0001	0.000100001
26	A	T	ORF	S	NULL	0	0	0	0	0.0001	0.112002	0.657108	0.0001	0.0850421	0.415065	0.0001	0.0001	0.234327	0.22702	0.0001	0.107106	0.000100006	0.999986	0.999986	0.0001	0.0001	0.0001	0.0001	0.0001	0.0001	0.0001	0.000100003	0.0001	0.0001	0.0001	0.0001	0.406043	0.0001	0.0001	0.000113812	0.000100081	0.0001	0.0001	0.615072	0.0001	0.0001	0.000100156	0.0001	0.0930851	0.000100002	0.0890422	0.166009	0.0001	0.0001	0.144092	0.000100002	0.00010005	0.0001	0.000100018
27	A	T	ORF	S	NULL	0	0	0	0	0.156216	0.000200214	0.000270137	0.0982075	0.745414	0.000251507	0.259229	0.000373235	0.153401	0.301129	0.000317063	0.101411	0.153109	0.0002	0.0002	0.000201454	0.000200543	0.0002	0.316359	0.868384	0.000200271	0.000200036	0.537266	0.000200459	0.000316762	0.611397	0.545265	0.000200733	0.000317094	0.000318026	0.000551321	0.681638	0.000200006	0.138213	0.26723	0.000316601	0.000294343	1.00008	0.00020003	0.000435028	0.598307	0.000316859	0.000200369	0.000200291	0.00020001	0.000434098	0.516263	0.319503	0.000202124	0.55762
28	A	T	ORF	S	NULL	0	0	0	0	0	0	0	0	0	0	0	0	0	0	0	0	0	0	0	0	0	0	0	0	0	0	0	0	0	0	0	0	0	0	0	0	0	0	0	0	0	0	0	0	0	0	0	0	0	0	0	0	0	0
29	A	T	ORF	S	NULL	0	0	0	0	0	0	0	0	0	0	0	0	0	0	0	0	0	0	0	0	0	0	0	0	0	0	0	0	0	0	0	0	0	0	0	0	0	0	0	0	0	0	0	0	0	0	0	0	0	0	0	0	0	0
30	A	T	ORF	S	NULL	0	0	0	0	0.0001	0.112002	0.657108	0.0001	0.0850421	0.415065	0.0001	0.0001	0.234327	0.22702	0.0001	0.107106	0.000100006	0.999986	0.999986	0.0001	0.0001	0.0001	0.0001	0.0001	0.0001	0.0001	0.000100003	0.0001	0.0001	0.0001	0.0001	0.406043	0.0001	0.0001	0.000113812	0.000100081	0.0001	0.0001	0.615072	0.0001	0.0001	0.000100156	0.0001	0.0930851	0.000100002	0.0890422	0.166009	0.0001	0.0001	0.144092	0.000100002	0.00010005	0.0001	0.000100018
31	A	T	ORF	S	NULL	0	0	0	0	0.0001	0.0001	0.0001	0.0001	0.0001	0.0001	0.0001	0.435127	0.576441	0.000100001	0.0001	0.000100013	0.000100001	0.0001	0.0001	0.0001	0.118014	0.0001	0.0001	0.0001	0.251032	0.0001	0.000100002	0.0001	0.439108	0.0001	0.0001	0.00010001	0.0380537	0.0001	0.286178	0.000100001	0.328042	0.0001	0.0001	0.711145	0.717251	0.000100003	0.0001	0.000100004	0.000100001	0.0001	0.000100003	0.913121	0.0001	0.455156	0.000100002	0.000100001	0.000100001	0.0001
32	A	T	ORF	S	NULL	0	0	0	0	0.000160811	0.000163239	0.000260121	0.000159778	0.000323216	0.000235251	0.000160492	0.000397608	0.000326829	0.00016632	0.00632333	0.43153	0.0611732	0.0001	0.0001	0.429212	0.0881719	0.0001	0.47938	0.00026115	0.107173	0.000161071	0.462447	0.000158437	0.000322298	0.000322908	0.0001595	0.273194	0.000322744	0.283357	0.202658	0.000229863	0.000160274	0.000159499	0.000160219	0.0553284	0.000292405	0.0001004	0.000159907	0.129495	0.357366	0.000322432	0.0861734	0.000159315	0.000159381	0.104491	0.48345	0.000405245	0.84126	0.000230562
33	A	T	ORF	S	NULL	0	0	0	0	0	0	0	0	0	0	0	0	0	0	0	0	0	0	0	0	0	0	0	0	0	0	0	0	0	0	0	0	0	0	0	0	0	0	0	0	0	0	0	0	0	0	0	0	0	0	0	0	0	0
34	A	T	ORF	S	NULL	0	0	0	0	0.0001	0.112002	0.657108	0.0001	0.0850421	0.415065	0.0001	0.0001	0.234327	0.22702	0.0001	0.107106	0.000100006	0.999986	0.999986	0.0001	0.0001	0.0001	0.0001	0.0001	0.0001	0.0001	0.000100003	0.0001	0.0001	0.0001	0.0001	0.406043	0.0001	0.0001	0.000113812	0.000100081	0.0001	0.0001	0.615072	0.0001	0.0001	0.000100156	0.0001	0.0930851	0.000100002	0.0890422	0.166009	0.0001	0.0001	0.144092	0.000100002	0.00010005	0.0001	0.000100018
35	A	T	ORF	S	NULL	0	0	0	0	0.000165309	0.000165873	0.26359	0.901274	0.000316391	0.146251	0.00016057	0.284418	0.000330002	0.471222	0.000316199	0.00023951	0.000161479	0.0001	0.0001	0.00016106	0.000161591	0.0001	0.000316801	0.0545643	0.439216	0.000165036	0.000100017	0.000158507	0.458373	0.194341	0.454217	0.000161931	0.000316599	0.000316879	0.174635	0.000273728	0.0431659	0.000159907	0.000160481	0.000315289	0.000243066	0.000100021	0.579234	0.000464448	0.000316635	0.000315193	0.000165998	0.08617	0.000159739	0.262497	0.000100018	0.259476	0.000160827	0.44133
36	A	T	ORF	S	NULL	0	0	0	0	0	0	0	0	0	0	0	0	0	0	0	0	0	0	0	0	0	0	0	0	0	0	0	0	0	0	0	0	0	0	0	0	0	0	0	0	0	0	0	0	0	0	0	0	0	0	0	0	0	0
37	A	T	ORF	S	NULL	0	0	0	0	0	0	0	0	0	0	0	0	0	0	0	0	0	0	0	0	0	0	0	0	0	0	0	0	0	0	0	0	0	0	0	0	0	0	0	0	0	0	0	0	0	0	0	0	0	0	0	0	0	0
38	A	T	ORF	S	NULL	0	0	0	0	0	0	0	0	0	0	0	0	0	0	0	0	0	0	0	0	0	0	0	0	0	0	0	0	0	0	0	0	0	0	0	0	0	0	0	0	0	0	0	0	0	0	0	0	0	0	0	0	0	0
39	A	T	ORF	S	NULL	0	0	0	0	0.00398827	0.547059	0.0781268	0.0001	0.0001	0.0001	0.0001	0.0001	0.0341549	0.000100002	0.0001	0.0001	0.000100001	0.0001	0.0001	0.0001	0.0001	0.0001	0.0001	0.0611242	0.0001	0.213015	0.0001	0.0001	0.0001	0.0001	0.0001	0.0001	0.0001	0.0001	0.000115804	0.000100003	0.0001	0.0001	0.0001	0.0001	0.265191	0.000100007	0.0001	0.347117	0.0001	0.392081	0.530056	0.0001	0.0001	0.00607489	0.0001	0.162088	0.0001	0.000100001
40	A	T	ORF	S	NULL	0	0	0	0	0	0	0	0	0	0	0	0	0	0	0	0	0	0	0	0	0	0	0	0	0	0	0	0	0	0	0	0	0	0	0	0	0	0	0	0	0	0	0	0	0	0	0	0	0	0	0	0	0	0
41	A	T	ORF	S	NULL	0	0	0	0	0.0001	0.0001	0.0001	0.0001	0.0001	0.0001	0.0001	0.435127	0.576441	0.000100001	0.0001	0.000100013	0.000100001	0.0001	0.0001	0.0001	0.118014	0.0001	0.0001	0.0001	0.251032	0.0001	0.000100002	0.0001	0.439108	0.0001	0.0001	0.00010001	0.0380537	0.0001	0.286178	0.000100001	0.328042	0.0001	0.0001	0.711145	0.717251	0.000100003	0.0001	0.000100004	0.000100001	0.0001	0.000100003	0.913121	0.0001	0.455156	0.000100002	0.000100001	0.000100001	0.0001
42	A	T	ORF	S	NULL	0	0	0	0	0	0	0	0	0	0	0	0	0	0	0	0	0	0	0	0	0	0	0	0	0	0	0	0	0	0	0	0	0	0	0	0	0	0	0	0	0	0	0	0	0	0	0	0	0	0	0	0	0	0
43	A	T	ORF	S	NULL	0	0	0	0	0	0	0	0	0	0	0	0	0	0	0	0	0	0	0	0	0	0	0	0	0	0	0	0	0	0	0	0	0	0	0	0	0	0	0	0	0	0	0	0	0	0	0	0	0	0	0	0	0	0
44	A	T	ORF	S	NULL	0	0	0	0	0.0001	0.0001	0.0001	0.0001	0.0001	0.0001	0.0001	0.435127	0.576441	0.000100001	0.0001	0.000100013	0.000100001	0.0001	0.0001	0.0001	0.118014	0.0001	0.0001	0.0001	0.251032	0.0001	0.000100002	0.0001	0.439108	0.0001	0.0001	0.00010001	0.0380537	0.0001	0.286178	0.000100001	0.328042	0.0001	0.0001	0.711145	0.717251	0.000100003	0.0001	0.000100004	0.000100001	0.0001	0.000100003	0.913121	0.0001	0.455156	0.000100002	0.000100001	0.000100001	0.0001
45	A	T	ORF	S	NULL	0	0	0	0	0	0	0	0	0	0	0	0	0	0	0	0	0	0	0	0	0	0	0	0	0	0	0	0	0	0	0	0	0	0	0	0	0	0	0	0	0	0	0	0	0	0	0	0	0	0	0	0	0	0
46	A	T	ORF	S	NULL	0	0	0	0	0.000165309	0.000165873	0.26359	0.901274	0.000316391	0.146251	0.00016057	0.284418	0.000330002	0.471222	0.000316199	0.00023951	0.000161479	0.0001	0.0001	0.00016106	0.000161591	0.0001	0.000316801	0.0545643	0.439216	0.000165036	0.000100017	0.000158507	0.458373	0.194341	0.454217	0.000161931	0.000316599	0.000316879	0.174635	0.000273728	0.0431659	0.000159907	0.000160481	0.000315289	0.000243066	0.000100021	0.579234	0.000464448	0.000316635	0.000315193	0.000165998	0.08617	0.000159739	0.262497	0.000100018	0.259476	0.000160827	0.44133
47	A	T	ORF	S	NULL	0	0	0	0	0	0	0	0	0	0	0	0	0	0	0	0	0	0	0	0	0	0	0	0	0	0	0	0	0	0	0	0	0	0	0	0	0	0	0	0	0	0	0	0	0	0	0	0	0	0	0	0	0	0
48	A	T	ORF	S	NULL	0	0	0	0	0.000160811	0.000163239	0.000260121	0.000159778	0.000323216	0.000235251	0.000160492	0.000397608	0.000326829	0.00016632	0.00632333	0.43153	0.0611732	0.0001	0.0001	0.429212	0.0881719	0.0001	0.47938	0.00026115	0.107173	0.000161071	0.462447	0.000158437	0.000322298	0.000322908	0.0001595	0.273194	0.000322744	0.283357	0.202658	0.000229863	0.000160274	0.000159499	0.000160219	0.0553284	0.000292405	0.0001004	0.000159907	0.129495	0.357366	0.000322432	0.0861734	0.000159315	0.000159381	0.104491	0.48345	0.000405245	0.84126	0.000230562
49	A	T	ORF	S	NULL	0	0	0	0	0.00398827	0.547059	0.0781268	0.0001	0.0001	0.0001	0.0001	0.0001	0.0341549	0.000100002	0.0001	0.0001	0.000100001	0.0001	0.0001	0.0001	0.0001	0.0001	0.0001	0.0611242	0.0001	0.213015	0.0001	0.0001	0.0001	0.0001	0.0001	0.0001	0.0001	0.0001	0.000115804	0.000100003	0.0001	0.0001	0.0001	0.0001	0.265191	0.000100007	0.0001	0.347117	0.0001	0.392081	0.530056	0.0001	0.0001	0.00607489	0.0001	0.162088	0.0001	0.000100001
50	A	T	ORF	S	NULL	0	0	0	0	0.156116	0.000100211	0.000170137	0.0981075	0.745314	0.000151496	0.259129	0.000273233	0.000219983	0.000100977	0.000217034	0.000100001	0.000101225	0.0001	0.0001	0.000100506	0.00010035	0.0001	0.316258	0.868284	0.000100031	0.000100036	0.000100018	0.000100432	0.00021676	0.611297	0.545165	0.000100094	0.000217093	0.000217379	0.000450861	0.170419	0.000100006	0.138113	0.26713	0.000216477	0.000194343	0.000100401	0.000100022	0.00033474	0.214245	0.000216859	0.000100177	0.000100291	0.000100004	0.000333866	0.000100015	0.00027861	0.000100261	0.438455
51	A	T	ORF	S	NULL	0	0	0	0	0.00398827	0.547059	0.0781268	0.0001	0.0001	0.0001	0.0001	0.0001	0.0341549	0.000100002	0.0001	0.0001	0.000100001	0.0001	0.0001	0.0001	0.0001	0.0001	0.0001	0.0611242	0.0001	0.213015	0.0001	0.0001	0.0001	0.0001	0.0001	0.0001	0.0001	0.0001	0.000115804	0.000100003	0.0001	0.0001	0.0001	0.0001	0.265191	0.000100007	0.0001	0.347117	0.0001	0.392081	0.530056	0.0001	0.0001	0.00607489	0.0001	0.162088	0.0001	0.000100001
52	A	T	ORF	S	NULL	0	0	0	0	0	0	0	0	0	0	0	0	0	0	0	0	0	0	0	0	0	0	0	0	0	0	0	0	0	0	0	0	0	0	0	0	0	0	0	0	0	0	0	0	0	0	0	0	0	0	0	0	0	0
53	A	T	ORF	S	NULL	0	0	0	0	0	0	0	0	0	0	0	0	0	0	0	0	0	0	0	0	0	0	0	0	0	0	0	0	0	0	0	0	0	0	0	0	0	0	0	0	0	0	0	0	0	0	0	0	0	0	0	0	0	0
54	A	T	ORF	S	NULL	0	0	0	0	0	0	0	0	0	0	0	0	0	0	0	0	0	0	0	0	0	0	0	0	0	0	0	0	0	0	0	0	0	0	0	0	0	0	0	0	0	0	0	0	0	0	0	0	0	0	0	0	0	0
55	A	T	ORF	S	NULL	0	0	0	0	0	0	0	0	0	0	0	0	0	0	0	0	0	0	0	0	0	0	0	0	0	0	0	0	0	0	0	0	0	0	0	0	0	0	0	0	0	0	0	0	0	0	0	0	0	0	0	0	0	0
56	A	T	ORF	S	NULL	0	0	0	0	0	0	0	0	0	0	0	0	0	0	0	0	0	0	0	0	0	0	0	0	0	0	0	0	0	0	0	0	0	0	0	0	0	0	0	0	0	0	0	0	0	0	0	0	0	0	0	0	0	0
57	A	T	ORF	S	NULL	0	0	0	0	0.0001	0.0001	0.0001	0.0001	0.0001	0.0001	0.0001	0.435127	0.576441	0.000100001	0.0001	0.000100013	0.000100001	0.0001	0.0001	0.0001	0.118014	0.0001	0.0001	0.0001	0.251032	0.0001	0.000100002	0.0001	0.439108	0.0001	0.0001	0.00010001	0.0380537	0.0001	0.286178	0.000100001	0.328042	0.0001	0.0001	0.711145	0.717251	0.000100003	0.0001	0.000100004	0.000100001	0.0001	0.000100003	0.913121	0.0001	0.455156	0.000100002	0.000100001	0.000100001	0.0001
58	A	T	ORF	S	NULL	0	0	0	0	0.159017	0.000100001	0.0001	0.0001	0.0001	0.0391382	0.0001	0.158208	0.000100042	0.000100084	0.000100006	0.0001	0.337046	0.0001	0.0001	0.0001	0.0001	0.0001	0.0001	0.0001	0.000100001	0.786101	0.000100001	0.000100009	0.000100001	0.000100001	0.0001	0.32004	0.553123	0.366099	0.140169	0.0390088	0.62808	0.861111	0.000100001	0.232081	0.0001	0.000100278	0.124013	0.000101222	0.0430568	0.517119	0.0001	0.0001	0.7821	0.000100844	0.0001	0.223311	0.0001	0.000100032
59	A	T	ORF	S	NULL	0	0	0	0	0	0	0	0	0	0	0	0	0	0	0	0	0	0	0	0	0	0	0	0	0	0	0	0	0	0	0	0	0	0	0	0	0	0	0	0	0	0	0	0	0	0	0	0	0	0	0	0	0	0
60	A	T	ORF	S	NULL	0	0	0	0	0	0	0	0	0	0	0	0	0	0	0	0	0	0	0	0	0	0	0	0	0	0	0	0	0	0	0	0	0	0	0	0	0	0	0	0	0	0	0	0	0	0	0	0	0	0	0	0	0	0
61	A	T	ORF	S	NULL	0	0	0	0	0.00398827	0.547059	0.0781268	0.0001	0.0001	0.0001	0.0001	0.0001	0.0341549	0.000100002	0.0001	0.0001	0.000100001	0.0001	0.0001	0.0001	0.0001	0.0001	0.0001	0.0611242	0.0001	0.213015	0.0001	0.0001	0.0001	0.0001	0.0001	0.0001	0.0001	0.0001	0.000115804	0.000100003	0.0001	0.0001	0.0001	0.0001	0.265191	0.000100007	0.0001	0.347117	0.0001	0.392081	0.530056	0.0001	0.0001	0.00607489	0.0001	0.162088	0.0001	0.000100001
62	A	T	ORF	S	NULL	0	0	0	0	0.000200018	0.112102	0.657208	0.0002	0.0851421	0.415165	0.0002	0.000200002	0.387508	0.528048	0.000200029	0.208417	0.153108	1.00009	1.00009	0.000200947	0.000200192	0.0002	0.000201104	0.0002	0.00020024	0.0002	0.537266	0.000200027	0.000200002	0.000200004	0.0002	0.406143	0.0002	0.000200647	0.000214271	0.511319	0.0002	0.0002	0.615172	0.000200124	0.0002	1.00008	0.000200008	0.0931854	0.384162	0.0891422	0.166109	0.0002	0.000200006	0.144192	0.516263	0.319324	0.000201862	0.119265
63	A	T	ORF	S	NULL	0	0	0	0	0	0	0	0	0	0	0	0	0	0	0	0	0	0	0	0	0	0	0	0	0	0	0	0	0	0	0	0	0	0	0	0	0	0	0	0	0	0	0	0	0	0	0	0	0	0	0	0	0	0
64	A	T	ORF	S	NULL	0	0	0	0	0	0	0	0	0	0	0	0	0	0	0	0	0	0	0	0	0	0	0	0	0	0	0	0	0	0	0	0	0	0	0	0	0	0	0	0	0	0	0	0	0	0	0	0	0	0	0	0	0	0
65	A	T	ORF	S	NULL	0	0	0	0	0.0001	0.112002	0.657108	0.0001	0.0850421	0.415065	0.0001	0.0001	0.234327	0.22702	0.0001	0.107106	0.000100006	0.999986	0.999986	0.0001	0.0001	0.0001	0.0001	0.0001	0.0001	0.0001	0.000100003	0.0001	0.0001	0.0001	0.0001	0.406043	0.0001	0.0001	0.000113812	0.000100081	0.0001	0.0001	0.615072	0.0001	0.0001	0.000100156	0.0001	0.0930851	0.000100002	0.0890422	0.166009	0.0001	0.0001	0.144092	0.000100002	0.00010005	0.0001	0.000100018
66	A	T	ORF	S	NULL	0	0	0	0	0	0	0	0	0	0	0	0	0	0	0	0	0	0	0	0	0	0	0	0	0	0	0	0	0	0	0	0	0	0	0	0	0	0	0	0	0	0	0	0	0	0	0	0	0	0	0	0	0	0
67	A	T	ORF	S	NULL	0	0	0	0	0	0	0	0	0	0	0	0	0	0	0	0	0	0	0	0	0	0	0	0	0	0	0	0	0	0	0	0	0	0	0	0	0	0	0	0	0	0	0	0	0	0	0	0	0	0	0	0	0	0
68	A	T	ORF	S	NULL	0	0	0	0	0.0002	0.112102	0.657208	0.0002	0.0851421	0.415165	0.0002	0.435227	0.810769	0.22712	0.0002	0.107206	0.000200007	1.00009	1.00009	0.0002	0.118114	0.0002	0.0002	0.0002	0.251132	0.0002	0.000200005	0.0002	0.439208	0.0002	0.0002	0.406143	0.0381537	0.0002	0.286292	0.000200082	0.328142	0.0002	0.615172	0.711245	0.717351	0.000200159	0.0002	0.0931851	0.000200003	0.0891422	0.166109	0.913221	0.0002	0.599247	0.000200004	0.000200051	0.000200001	0.000200018
69	A	T	ORF	S	NULL	0	0	0	0	0	0	0	0	0	0	0	0	0	0	0	0	0	0	0	0	0	0	0	0	0	0	0	0	0	0	0	0	0	0	0	0	0	0	0	0	0	0	0	0	0	0	0	0	0	0	0	0	0	0
70	A	T	ORF	S	NULL	0	0	0	0	0	0	0	0	0	0	0	0	0	0	0	0	0	0	0	0	0	0	0	0	0	0	0	0	0	0	0	0	0	0	0	0	0	0	0	0	0	0	0	0	0	0	0	0	0	0	0	0	0	0
71	A	T	ORF	S	NULL	0	0	0	0	0	0	0	0	0	0	0	0	0	0	0	0	0	0	0	0	0	0	0	0	0	0	0	0	0	0	0	0	0	0	0	0	0	0	0	0	0	0	0	0	0	0	0	0	0	0	0	0	0	0
72	A	T	ORF	S	NULL	0	0	0	0	0	0	0	0	0	0	0	0	0	0	0	0	0	0	0	0	0	0	0	0	0	0	0	0	0	0	0	0	0	0	0	0	0	0	0	0	0	0	0	0	0	0	0	0	0	0	0	0	0	0
73	A	T	ORF	S	NULL	0	0	0	0	0.839403	0.0904053	0.000527529	0.000388014	0.000614516	0.438029	0.00038902	0.279279	0.000702424	0.000390274	0.660704	0.359564	0.337337	0.0002	0.0002	0.000389697	0.000390489	0.0002	0.203643	0.0155308	0.202416	0.786394	0.000285319	0.999521	0.101628	0.19364	0.000387699	0.320334	0.553638	0.439624	0.141121	0.317515	0.628372	0.861402	0.117405	0.232594	0.016576	0.000200283	0.420345	0.0138372	0.0435717	0.517633	0.000393205	0.000387334	0.99942	0.000833451	0.000285398	0.223918	0.158411	0.000566339
74	A	T	ORF	S	NULL	0	0	0	0	0	0	0	0	0	0	0	0	0	0	0	0	0	0	0	0	0	0	0	0	0	0	0	0	0	0	0	0	0	0	0	0	0	0	0	0	0	0	0	0	0	0	0	0	0	0	0	0	0	0
75	A	T	ORF	S	NULL	0	0	0	0	0	0	0	0	0	0	0	0	0	0	0	0	0	0	0	0	0	0	0	0	0	0	0	0	0	0	0	0	0	0	0	0	0	0	0	0	0	0	0	0	0	0	0	0	0	0	0	0	0	0
76	A	T	ORF	S	NULL	0	0	0	0	0	0	0	0	0	0	0	0	0	0	0	0	0	0	0	0	0	0	0	0	0	0	0	0	0	0	0	0	0	0	0	0	0	0	0	0	0	0	0	0	0	0	0	0	0	0	0	0	0	0
77	A	T	ORF	S	NULL	0	0	0	0	0	0	0	0	0	0	0	0	0	0	0	0	0	0	0	0	0	0	0	0	0	0	0	0	0	0	0	0	0	0	0	0	0	0	0	0	0	0	0	0	0	0	0	0	0	0	0	0	0	0
78	A	T	ORF	S	NULL	0	0	0	0	0	0	0	0	0	0	0	0	0	0	0	0	0	0	0	0	0	0	0	0	0	0	0	0	0	0	0	0	0	0	0	0	0	0	0	0	0	0	0	0	0	0	0	0	0	0	0	0	0	0
79	A	T	ORF	S	NULL	0	0	0	0	0	0	0	0	0	0	0	0	0	0	0	0	0	0	0	0	0	0	0	0	0	0	0	0	0	0	0	0	0	0	0	0	0	0	0	0	0	0	0	0	0	0	0	0	0	0	0	0	0	0
80	A	T	ORF	S	NULL	0	0	0	0	0	0	0	0	0	0	0	0	0	0	0	0	0	0	0	0	0	0	0	0	0	0	0	0	0	0	0	0	0	0	0	0	0	0	0	0	0	0	0	0	0	0	0	0	0	0	0	0	0	0
81	A	T	ORF	S	NULL	0	0	0	0	0.00026083	0.000263241	0.000360121	0.000259778	0.000423216	0.000335262	0.000260492	0.00049761	0.153508	0.301194	0.00642335	0.532841	0.214181	0.0002	0.0002	0.429313	0.088272	0.0002	0.479481	0.00036115	0.107273	0.000261071	0.999614	0.000258464	0.0004223	0.000422912	0.0002595	0.273294	0.000422745	0.283457	0.202759	0.511449	0.000260275	0.000259499	0.000260221	0.0554285	0.000392405	1.00008	0.000259915	0.129595	0.741428	0.000422432	0.0862736	0.000259315	0.000259387	0.104591	0.999613	0.319629	0.841362	0.119396
82	A	T	ORF	S	NULL	0	0	0	0	0.0001	0.112002	0.657108	0.0001	0.0850421	0.415065	0.0001	0.0001	0.234327	0.22702	0.0001	0.107106	0.000100006	0.999986	0.999986	0.0001	0.0001	0.0001	0.0001	0.0001	0.0001	0.0001	0.000100003	0.0001	0.0001	0.0001	0.0001	0.406043	0.0001	0.0001	0.000113812	0.000100081	0.0001	0.0001	0.615072	0.0001	0.0001	0.000100156	0.0001	0.0930851	0.000100002	0.0890422	0.166009	0.0001	0.0001	0.144092	0.000100002	0.00010005	0.0001	0.000100018
83	A	T	ORF	S	NULL	0	0	0	0	0	0	0	0	0	0	0	0	0	0	0	0	0	0	0	0	0	0	0	0	0	0	0	0	0	0	0	0	0	0	0	0	0	0	0	0	0	0	0	0	0	0	0	0	0	0	0	0	0	0
84	A	T	ORF	S	NULL	0	0	0	0	0	0	0	0	0	0	0	0	0	0	0	0	0	0	0	0	0	0	0	0	0	0	0	0	0	0	0	0	0	0	0	0	0	0	0	0	0	0	0	0	0	0	0	0	0	0	0	0	0	0
85	A	T	ORF	S	NULL	0	0	0	0	0	0	0	0	0	0	0	0	0	0	0	0	0	0	0	0	0	0	0	0	0	0	0	0	0	0	0	0	0	0	0	0	0	0	0	0	0	0	0	0	0	0	0	0	0	0	0	0	0	0
86	A	T	ORF	S	NULL	0	0	0	0	0.0001	0.112002	0.657108	0.0001	0.0850421	0.415065	0.0001	0.0001	0.234327	0.22702	0.0001	0.107106	0.000100006	0.999986	0.999986	0.0001	0.0001	0.0001	0.0001	0.0001	0.0001	0.0001	0.000100003	0.0001	0.0001	0.0001	0.0001	0.406043	0.0001	0.0001	0.000113812	0.000100081	0.0001	0.0001	0.615072	0.0001	0.0001	0.000100156	0.0001	0.0930851	0.000100002	0.0890422	0.166009	0.0001	0.0001	0.144092	0.000100002	0.00010005	0.0001	0.000100018
87	A	T	ORF	S	NULL	0	0	0	0	0	0	0	0	0	0	0	0	0	0	0	0	0	0	0	0	0	0	0	0	0	0	0	0	0	0	0	0	0	0	0	0	0	0	0	0	0	0	0	0	0	0	0	0	0	0	0	0	0	0
88	A	T	ORF	S	NULL	0	0	0	0	0.00415358	0.547224	0.341717	0.901374	0.000416391	0.146351	0.00026057	0.284518	0.0344849	0.471322	0.000416199	0.00033951	0.00026148	0.0002	0.0002	0.00026106	0.000261591	0.0002	0.000416801	0.115688	0.439316	0.21318	0.000200017	0.000258507	0.458473	0.194441	0.454317	0.000261931	0.000416599	0.000416879	0.174751	0.000373731	0.0432659	0.000259907	0.000260481	0.000415289	0.265434	0.000200027	0.579334	0.347582	0.000416635	0.392396	0.530222	0.08627	0.000259739	0.268572	0.000200018	0.421563	0.000260827	0.44143
89	A	T	ORF	S	NULL	0	0	0	0	0.0002	0.112102	0.657208	0.0002	0.0851421	0.415165	0.0002	0.435227	0.810769	0.22712	0.0002	0.107206	0.000200007	1.00009	1.00009	0.0002	0.118114	0.0002	0.0002	0.0002	0.251132	0.0002	0.000200005	0.0002	0.439208	0.0002	0.0002	0.406143	0.0381537	0.0002	0.286292	0.000200082	0.328142	0.0002	0.615172	0.711245	0.717351	0.000200159	0.0002	0.0931851	0.000200003	0.0891422	0.166109	0.913221	0.0002	0.599247	0.000200004	0.000200051	0.000200001	0.000200018
90	A	T	ORF	S	NULL	0	0	0	0	0.000161271	0.250194	0.000262098	0.000160131	0.168347	0.000235403	0.740251	0.000398918	0.000380286	0.00016223	0.332367	0.000244108	0.448216	0.0001	0.0001	0.570231	0.793259	0.999994	0.000327262	0.000263065	0.000160677	0.000161731	0.000100017	0.000158793	0.000326181	0.000326538	0.000159935	0.000162223	0.407377	0.276361	0.194675	0.000280118	0.000160858	0.000160196	0.000160763	0.000325992	0.000296247	0.000100023	0.000160341	0.41554	0.000327086	0.000326709	0.21719	0.000159667	0.000160029	0.0264918	0.000100018	0.0344697	0.000161121	0.000280348
91	A	T	ORF	S	NULL	0	0	0	0	0	0	0	0	0	0	0	0	0	0	0	0	0	0	0	0	0	0	0	0	0	0	0	0	0	0	0	0	0	0	0	0	0	0	0	0	0	0	0	0	0	0	0	0	0	0	0	0	0	0
92	A	T	ORF	S	NULL	0	0	0	0	0	0	0	0	0	0	0	0	0	0	0	0	0	0	0	0	0	0	0	0	0	0	0	0	0	0	0	0	0	0	0	0	0	0	0	0	0	0	0	0	0	0	0	0	0	0	0	0	0	0
93	A	T	ORF	S	NULL	0	0	0	0	0	0	0	0	0	0	0	0	0	0	0	0	0	0	0	0	0	0	0	0	0	0	0	0	0	0	0	0	0	0	0	0	0	0	0	0	0	0	0	0	0	0	0	0	0	0	0	0	0	0
94	A	T	ORF	S	NULL	0	0	0	0	0	0	0	0	0	0	0	0	0	0	0	0	0	0	0	0	0	0	0	0	0	0	0	0	0	0	0	0	0	0	0	0	0	0	0	0	0	0	0	0	0	0	0	0	0	0	0	0	0	0
95	A	T	ORF	S	NULL	0	0	0	0	0	0	0	0	0	0	0	0	0	0	0	0	0	0	0	0	0	0	0	0	0	0	0	0	0	0	0	0	0	0	0	0	0	0	0	0	0	0	0	0	0	0	0	0	0	0	0	0	0	0
96	A	T	ORF	S	NULL	0	0	0	0	0	0	0	0	0	0	0	0	0	0	0	0	0	0	0	0	0	0	0	0	0	0	0	0	0	0	0	0	0	0	0	0	0	0	0	0	0	0	0	0	0	0	0	0	0	0	0	0	0	0
97	A	T	ORF	S	NULL	0	0	0	0	0	0	0	0	0	0	0	0	0	0	0	0	0	0	0	0	0	0	0	0	0	0	0	0	0	0	0	0	0	0	0	0	0	0	0	0	0	0	0	0	0	0	0	0	0	0	0	0	0	0
98	A	T	ORF	S	NULL	0	0	0	0	0	0	0	0	0	0	0	0	0	0	0	0	0	0	0	0	0	0	0	0	0	0	0	0	0	0	0	0	0	0	0	0	0	0	0	0	0	0	0	0	0	0	0	0	0	0	0	0	0	0
99	A	T	ORF	S	NULL	0	0	0	0	0.156116	0.000100211	0.000170137	0.0981075	0.745314	0.000151496	0.259129	0.000273233	0.000219983	0.000100977	0.000217034	0.000100001	0.000101225	0.0001	0.0001	0.000100506	0.00010035	0.0001	0.316258	0.868284	0.000100031	0.000100036	0.000100018	0.000100432	0.00021676	0.611297	0.545165	0.000100094	0.000217093	0.000217379	0.000450861	0.170419	0.000100006	0.138113	0.26713	0.000216477	0.000194343	0.000100401	0.000100022	0.00033474	0.214245	0.000216859	0.000100177	0.000100291	0.000100004	0.000333866	0.000100015	0.00027861	0.000100261	0.438455
100	A	T	ORF	S	NULL	0	0	0	0	0.159117	0.000200003	0.0002	0.0002	0.0002	0.0392382	0.0002	0.158308	0.153281	0.301128	0.000200035	0.101411	0.490053	0.0002	0.0002	0.000200947	0.000200192	0.0002	0.000201104	0.0002	0.00020024	0.786201	0.537266	0.000200036	0.000200003	0.000200005	0.0002	0.320141	0.553223	0.366199	0.140269	0.550228	0.62818	0.861211	0.000200004	0.232181	0.0002	1.00008	0.124113	0.00020151	0.427119	0.517219	0.000200192	0.0002	0.7822	0.000201076	0.516263	0.542535	0.000201862	0.119265
