pos	ref	alt	gene	N/S	AA	nSRAsubclonal	nSRAclonal	nSRA	nConsensus	sample0|Earth	sample1|Earth	sample2|Earth	sample3|Earth	sample4|Earth	sample5|Earth	sample6|Earth	sample7|Earth	sample8|Earth	sample9|Earth	sample10|Earth	sample11|Earth	sample12|Earth	sample13|Earth	sample14|Earth	sample15|Earth	sample16|Earth	sample17|Earth	sample18|Earth	sample19|Earth	sample20|Earth	sample21|Earth	sample22|Earth	sample23|Earth	sample24|Earth	sample25|Earth	sample26|Earth	sample27|Earth	sample28|Earth	sample29|Earth	sample30|Earth	sample31|Earth	sample32|Earth	sample33|Earth	sample34|Earth	sample35|Earth	sample36|Earth	sample37|Earth	sample38|Earth	sample39|Earth	sample40|Earth	sample41|Earth	sample42|Earth	sample43|Earth	sample44|Earth	sample45|Earth	sample46|Earth	sample47|Earth	sample48|Earth	sample49|Earth
1	A	T	ORF	S	NULL	0	0	0	0	0	0	0	0	0	0	0	0	0	0	0	0	0	0	0	0	0	0	0	0	0	0	0	0	0	0	0	0	0	0	0	0	0	0	0	0	0	0	0	0	0	0	0	0	0	0	0	0	0	0
2	A	T	ORF	S	NULL	0	0	0	0	0	0	0	0	0	0	0	0	0	0	0	0	0	0	0	0	0	0	0	0	0	0	0	0	0	0	0	0	0	0	0	0	0	0	0	0	0	0	0	0	0	0	0	0	0	0	0	0	0	0
3	A	T	ORF	S	NULL	0	0	0	0	0	0	0	0	0	0	0	0	0	0	0	0	0	0	0	0	0	0	0	0	0	0	0	0	0	0	0	0	0	0	0	0	0	0	0	0	0	0	0	0	0	0	0	0	0	0	0	0	0	0
4	A	T	ORF	S	NULL	0	0	0	0	0	0	0	0	0	0	0	0	0	0	0	0	0	0	0	0	0	0	0	0	0	0	0	0	0	0	0	0	0	0	0	0	0	0	0	0	0	0	0	0	0	0	0	0	0	0	0	0	0	0
5	A	T	ORF	S	NULL	0	0	0	0	0	0	0	0	0	0	0	0	0	0	0	0	0	0	0	0	0	0	0	0	0	0	0	0	0	0	0	0	0	0	0	0	0	0	0	0	0	0	0	0	0	0	0	0	0	0	0	0	0	0
6	A	T	ORF	S	NULL	0	0	0	0	0	0	0	0	0	0	0	0	0	0	0	0	0	0	0	0	0	0	0	0	0	0	0	0	0	0	0	0	0	0	0	0	0	0	0	0	0	0	0	0	0	0	0	0	0	0	0	0	0	0
7	A	T	ORF	S	NULL	0	0	0	0	0	0	0	0	0	0	0	0	0	0	0	0	0	0	0	0	0	0	0	0	0	0	0	0	0	0	0	0	0	0	0	0	0	0	0	0	0	0	0	0	0	0	0	0	0	0	0	0	0	0
8	A	T	ORF	S	NULL	0	0	0	0	0	0	0	0	0	0	0	0	0	0	0	0	0	0	0	0	0	0	0	0	0	0	0	0	0	0	0	0	0	0	0	0	0	0	0	0	0	0	0	0	0	0	0	0	0	0	0	0	0	0
9	A	T	ORF	S	NULL	0	0	0	0	0	0	0	0	0	0	0	0	0	0	0	0	0	0	0	0	0	0	0	0	0	0	0	0	0	0	0	0	0	0	0	0	0	0	0	0	0	0	0	0	0	0	0	0	0	0	0	0	0	0
10	A	T	ORF	S	NULL	0	0	0	0	0	0	0	0	0	0	0	0	0	0	0	0	0	0	0	0	0	0	0	0	0	0	0	0	0	0	0	0	0	0	0	0	0	0	0	0	0	0	0	0	0	0	0	0	0	0	0	0	0	0
11	A	T	ORF	S	NULL	0	0	0	0	0.179629	0.00908617	0.21092	0.268581	0.0002	0.0002	0.00063458	0.00384908	0.518223	0.00776465	0.00261937	0.116572	0.0002	0.448923	0.12757	0.0110933	0.0002	0.015835	0.0177194	0.697361	0.00387382	0.446855	0.00253745	0.0002	0.0860893	0.123371	0.0135834	0.190699	1.00008	0.0002	0.0230196	0.343073	0.0002	0.227304	0.00597949	0.019829	0.0002	0.415439	0.457936	0.0002	0.471924	0.23133	0.295983	0.289851	0.883914	0.000200048	0.24041	0.656802	0.553708	0.0110995
12	A	T	ORF	S	NULL	0	0	0	0	0	0	0	0	0	0	0	0	0	0	0	0	0	0	0	0	0	0	0	0	0	0	0	0	0	0	0	0	0	0	0	0	0	0	0	0	0	0	0	0	0	0	0	0	0	0	0	0	0	0
13	A	T	ORF	S	NULL	0	0	0	0	0	0	0	0	0	0	0	0	0	0	0	0	0	0	0	0	0	0	0	0	0	0	0	0	0	0	0	0	0	0	0	0	0	0	0	0	0	0	0	0	0	0	0	0	0	0	0	0	0	0
14	A	T	ORF	S	NULL	0	0	0	0	0	0	0	0	0	0	0	0	0	0	0	0	0	0	0	0	0	0	0	0	0	0	0	0	0	0	0	0	0	0	0	0	0	0	0	0	0	0	0	0	0	0	0	0	0	0	0	0	0	0
15	A	T	ORF	S	NULL	0	0	0	0	0.179629	0.00908617	0.21092	0.268581	0.0002	0.0002	0.00063458	0.00384908	0.518223	0.00776465	0.00261937	0.116572	0.0002	0.448923	0.12757	0.0110933	0.0002	0.015835	0.0177194	0.697361	0.00387382	0.446855	0.00253745	0.0002	0.0860893	0.123371	0.0135834	0.190699	1.00008	0.0002	0.0230196	0.343073	0.0002	0.227304	0.00597949	0.019829	0.0002	0.415439	0.457936	0.0002	0.471924	0.23133	0.295983	0.289851	0.883914	0.000200048	0.24041	0.656802	0.553708	0.0110995
16	A	T	ORF	S	NULL	0	0	0	0	0.300775	0.0156193	0.489687	0.0554409	0.0001	0.273727	0.330025	0.984195	0.00129854	0.141171	0.922441	0.298249	0.0509045	0.541628	0.0650612	0.0150968	0.0001	0.13955	0.787865	0.150829	0.068635	0.0001	0.261699	0.0001	0.0698621	0.337044	0.00801731	0.0616892	0.0001	0.2664	0.0780145	0.130623	0.00528803	0.319308	0.617201	0.472213	0.999994	0.584356	0.072418	0.999994	0.0828135	0.140164	0.117853	0.0837126	0.000746761	0.000100057	0.00278716	0.00715045	0.116375	0.0087466
17	A	T	ORF	S	NULL	0	0	0	0	0	0	0	0	0	0	0	0	0	0	0	0	0	0	0	0	0	0	0	0	0	0	0	0	0	0	0	0	0	0	0	0	0	0	0	0	0	0	0	0	0	0	0	0	0	0	0	0	0	0
18	A	T	ORF	S	NULL	0	0	0	0	0	0	0	0	0	0	0	0	0	0	0	0	0	0	0	0	0	0	0	0	0	0	0	0	0	0	0	0	0	0	0	0	0	0	0	0	0	0	0	0	0	0	0	0	0	0	0	0	0	0
19	A	T	ORF	S	NULL	0	0	0	0	0.300775	0.0156193	0.489687	0.0554409	0.0001	0.273727	0.330025	0.984195	0.00129854	0.141171	0.922441	0.298249	0.0509045	0.541628	0.0650612	0.0150968	0.0001	0.13955	0.787865	0.150829	0.068635	0.0001	0.261699	0.0001	0.0698621	0.337044	0.00801731	0.0616892	0.0001	0.2664	0.0780145	0.130623	0.00528803	0.319308	0.617201	0.472213	0.999994	0.584356	0.072418	0.999994	0.0828135	0.140164	0.117853	0.0837126	0.000746761	0.000100057	0.00278716	0.00715045	0.116375	0.0087466
20	A	T	ORF	S	NULL	0	0	0	0	0	0	0	0	0	0	0	0	0	0	0	0	0	0	0	0	0	0	0	0	0	0	0	0	0	0	0	0	0	0	0	0	0	0	0	0	0	0	0	0	0	0	0	0	0	0	0	0	0	0
21	A	T	ORF	S	NULL	0	0	0	0	0.295274	0.0442128	0.366774	0.485548	1.0002	0.726473	0.111259	0.0122341	0.548197	0.20282	0.0464008	0.690659	0.949296	0.449023	0.64636	0.0445799	0.39895	0.400662	0.151273	0.849171	0.727147	1.0001	0.00652853	1.0002	0.639517	0.14644	0.0521396	0.696572	1.00018	0.692262	0.458787	0.47065	0.994912	0.266	0.15505	0.419994	0.0003	0.415539	0.698176	0.000300002	0.72506	0.633642	0.785299	0.642457	0.884015	0.313531	0.245215	0.976747	0.703321	0.051594
22	A	T	ORF	S	NULL	0	0	0	0	0	0	0	0	0	0	0	0	0	0	0	0	0	0	0	0	0	0	0	0	0	0	0	0	0	0	0	0	0	0	0	0	0	0	0	0	0	0	0	0	0	0	0	0	0	0	0	0	0	0
23	A	T	ORF	S	NULL	0	0	0	0	0	0	0	0	0	0	0	0	0	0	0	0	0	0	0	0	0	0	0	0	0	0	0	0	0	0	0	0	0	0	0	0	0	0	0	0	0	0	0	0	0	0	0	0	0	0	0	0	0	0
24	A	T	ORF	S	NULL	0	0	0	0	0	0	0	0	0	0	0	0	0	0	0	0	0	0	0	0	0	0	0	0	0	0	0	0	0	0	0	0	0	0	0	0	0	0	0	0	0	0	0	0	0	0	0	0	0	0	0	0	0	0
25	A	T	ORF	S	NULL	0	0	0	0	0	0	0	0	0	0	0	0	0	0	0	0	0	0	0	0	0	0	0	0	0	0	0	0	0	0	0	0	0	0	0	0	0	0	0	0	0	0	0	0	0	0	0	0	0	0	0	0	0	0
26	A	T	ORF	S	NULL	0	0	0	0	0	0	0	0	0	0	0	0	0	0	0	0	0	0	0	0	0	0	0	0	0	0	0	0	0	0	0	0	0	0	0	0	0	0	0	0	0	0	0	0	0	0	0	0	0	0	0	0	0	0
27	A	T	ORF	S	NULL	0	0	0	0	0.300775	0.0156193	0.489687	0.0554409	0.0001	0.273727	0.330025	0.984195	0.00129854	0.141171	0.922441	0.298249	0.0509045	0.541628	0.0650612	0.0150968	0.0001	0.13955	0.787865	0.150829	0.068635	0.0001	0.261699	0.0001	0.0698621	0.337044	0.00801731	0.0616892	0.0001	0.2664	0.0780145	0.130623	0.00528803	0.319308	0.617201	0.472213	0.999994	0.584356	0.072418	0.999994	0.0828135	0.140164	0.117853	0.0837126	0.000746761	0.000100057	0.00278716	0.00715045	0.116375	0.0087466
28	A	T	ORF	S	NULL	0	0	0	0	0	0	0	0	0	0	0	0	0	0	0	0	0	0	0	0	0	0	0	0	0	0	0	0	0	0	0	0	0	0	0	0	0	0	0	0	0	0	0	0	0	0	0	0	0	0	0	0	0	0
29	A	T	ORF	S	NULL	0	0	0	0	0	0	0	0	0	0	0	0	0	0	0	0	0	0	0	0	0	0	0	0	0	0	0	0	0	0	0	0	0	0	0	0	0	0	0	0	0	0	0	0	0	0	0	0	0	0	0	0	0	0
30	A	T	ORF	S	NULL	0	0	0	0	0	0	0	0	0	0	0	0	0	0	0	0	0	0	0	0	0	0	0	0	0	0	0	0	0	0	0	0	0	0	0	0	0	0	0	0	0	0	0	0	0	0	0	0	0	0	0	0	0	0
31	A	T	ORF	S	NULL	0	0	0	0	0	0	0	0	0	0	0	0	0	0	0	0	0	0	0	0	0	0	0	0	0	0	0	0	0	0	0	0	0	0	0	0	0	0	0	0	0	0	0	0	0	0	0	0	0	0	0	0	0	0
32	A	T	ORF	S	NULL	0	0	0	0	0	0	0	0	0	0	0	0	0	0	0	0	0	0	0	0	0	0	0	0	0	0	0	0	0	0	0	0	0	0	0	0	0	0	0	0	0	0	0	0	0	0	0	0	0	0	0	0	0	0
33	A	T	ORF	S	NULL	0	0	0	0	0	0	0	0	0	0	0	0	0	0	0	0	0	0	0	0	0	0	0	0	0	0	0	0	0	0	0	0	0	0	0	0	0	0	0	0	0	0	0	0	0	0	0	0	0	0	0	0	0	0
34	A	T	ORF	S	NULL	0	0	0	0	0	0	0	0	0	0	0	0	0	0	0	0	0	0	0	0	0	0	0	0	0	0	0	0	0	0	0	0	0	0	0	0	0	0	0	0	0	0	0	0	0	0	0	0	0	0	0	0	0	0
35	A	T	ORF	S	NULL	0	0	0	0	0	0	0	0	0	0	0	0	0	0	0	0	0	0	0	0	0	0	0	0	0	0	0	0	0	0	0	0	0	0	0	0	0	0	0	0	0	0	0	0	0	0	0	0	0	0	0	0	0	0
36	A	T	ORF	S	NULL	0	0	0	0	0.177354	0.0001	0.199961	0.268481	0.0001	0.0001	0.0001	0.00374907	0.513995	0.00640023	0.00251937	0.116472	0.0001	0.444237	0.12747	0.0001	0.0001	0.015735	0.00843992	0.693004	0.00377382	0.446755	0.0001	0.0001	0.060921	0.120567	0.0001	0.128929	0.0001	0.0001	0.000101307	0.329951	0.0001	0.225026	0.00565934	0.0171982	0.0001	0.411457	0.457836	0.0001	0.457951	0.228438	0.295883	0.289751	0.876215	0.0001	0.23725	0.653613	0.553608	0.0001
37	A	T	ORF	S	NULL	0	0	0	0	0	0	0	0	0	0	0	0	0	0	0	0	0	0	0	0	0	0	0	0	0	0	0	0	0	0	0	0	0	0	0	0	0	0	0	0	0	0	0	0	0	0	0	0	0	0	0	0	0	0
38	A	T	ORF	S	NULL	0	0	0	0	0.177354	0.0001	0.199961	0.268481	0.0001	0.0001	0.0001	0.00374907	0.513995	0.00640023	0.00251937	0.116472	0.0001	0.444237	0.12747	0.0001	0.0001	0.015735	0.00843992	0.693004	0.00377382	0.446755	0.0001	0.0001	0.060921	0.120567	0.0001	0.128929	0.0001	0.0001	0.000101307	0.329951	0.0001	0.225026	0.00565934	0.0171982	0.0001	0.411457	0.457836	0.0001	0.457951	0.228438	0.295883	0.289751	0.876215	0.0001	0.23725	0.653613	0.553608	0.0001
39	A	T	ORF	S	NULL	0	0	0	0	0	0	0	0	0	0	0	0	0	0	0	0	0	0	0	0	0	0	0	0	0	0	0	0	0	0	0	0	0	0	0	0	0	0	0	0	0	0	0	0	0	0	0	0	0	0	0	0	0	0
40	A	T	ORF	S	NULL	0	0	0	0	0	0	0	0	0	0	0	0	0	0	0	0	0	0	0	0	0	0	0	0	0	0	0	0	0	0	0	0	0	0	0	0	0	0	0	0	0	0	0	0	0	0	0	0	0	0	0	0	0	0
41	A	T	ORF	S	NULL	0	0	0	0	0.403951	0.940268	0.143539	0.459111	0.000100001	0.0001	0.558816	0.00367094	0.450505	0.65601	0.0312578	0.0111913	0.000100003	0.00944934	0.288679	0.940423	0.60125	0.459888	0.0608621	0.0001	0.204318	0.0001	0.731872	0.000100001	0.290621	0.516516	0.939943	0.241739	0.0001	0.0415372	0.463298	0.398727	0.000100001	0.414692	0.22775	0.107793	0.000100001	0.00020493	0.229506	0.0001	0.192126	0.226194	0.0969487	0.27393	0.115338	0.686669	0.751998	0.016103	0.180404	0.939759
42	A	T	ORF	S	NULL	0	0	0	0	0	0	0	0	0	0	0	0	0	0	0	0	0	0	0	0	0	0	0	0	0	0	0	0	0	0	0	0	0	0	0	0	0	0	0	0	0	0	0	0	0	0	0	0	0	0	0	0	0	0
43	A	T	ORF	S	NULL	0	0	0	0	0	0	0	0	0	0	0	0	0	0	0	0	0	0	0	0	0	0	0	0	0	0	0	0	0	0	0	0	0	0	0	0	0	0	0	0	0	0	0	0	0	0	0	0	0	0	0	0	0	0
44	A	T	ORF	S	NULL	0	0	0	0	0.300775	0.0156193	0.489687	0.0554409	0.0001	0.273727	0.330025	0.984195	0.00129854	0.141171	0.922441	0.298249	0.0509045	0.541628	0.0650612	0.0150968	0.0001	0.13955	0.787865	0.150829	0.068635	0.0001	0.261699	0.0001	0.0698621	0.337044	0.00801731	0.0616892	0.0001	0.2664	0.0780145	0.130623	0.00528803	0.319308	0.617201	0.472213	0.999994	0.584356	0.072418	0.999994	0.0828135	0.140164	0.117853	0.0837126	0.000746761	0.000100057	0.00278716	0.00715045	0.116375	0.0087466
45	A	T	ORF	S	NULL	0	0	0	0	0	0	0	0	0	0	0	0	0	0	0	0	0	0	0	0	0	0	0	0	0	0	0	0	0	0	0	0	0	0	0	0	0	0	0	0	0	0	0	0	0	0	0	0	0	0	0	0	0	0
46	A	T	ORF	S	NULL	0	0	0	0	0	0	0	0	0	0	0	0	0	0	0	0	0	0	0	0	0	0	0	0	0	0	0	0	0	0	0	0	0	0	0	0	0	0	0	0	0	0	0	0	0	0	0	0	0	0	0	0	0	0
47	A	T	ORF	S	NULL	0	0	0	0	0	0	0	0	0	0	0	0	0	0	0	0	0	0	0	0	0	0	0	0	0	0	0	0	0	0	0	0	0	0	0	0	0	0	0	0	0	0	0	0	0	0	0	0	0	0	0	0	0	0
48	A	T	ORF	S	NULL	0	0	0	0	0	0	0	0	0	0	0	0	0	0	0	0	0	0	0	0	0	0	0	0	0	0	0	0	0	0	0	0	0	0	0	0	0	0	0	0	0	0	0	0	0	0	0	0	0	0	0	0	0	0
49	A	T	ORF	S	NULL	0	0	0	0	0	0	0	0	0	0	0	0	0	0	0	0	0	0	0	0	0	0	0	0	0	0	0	0	0	0	0	0	0	0	0	0	0	0	0	0	0	0	0	0	0	0	0	0	0	0	0	0	0	0
50	A	T	ORF	S	NULL	0	0	0	0	0.403951	0.940268	0.143539	0.459111	0.000100001	0.0001	0.558816	0.00367094	0.450505	0.65601	0.0312578	0.0111913	0.000100003	0.00944934	0.288679	0.940423	0.60125	0.459888	0.0608621	0.0001	0.204318	0.0001	0.731872	0.000100001	0.290621	0.516516	0.939943	0.241739	0.0001	0.0415372	0.463298	0.398727	0.000100001	0.414692	0.22775	0.107793	0.000100001	0.00020493	0.229506	0.0001	0.192126	0.226194	0.0969487	0.27393	0.115338	0.686669	0.751998	0.016103	0.180404	0.939759
51	A	T	ORF	S	NULL	0	0	0	0	0	0	0	0	0	0	0	0	0	0	0	0	0	0	0	0	0	0	0	0	0	0	0	0	0	0	0	0	0	0	0	0	0	0	0	0	0	0	0	0	0	0	0	0	0	0	0	0	0	0
52	A	T	ORF	S	NULL	0	0	0	0	0	0	0	0	0	0	0	0	0	0	0	0	0	0	0	0	0	0	0	0	0	0	0	0	0	0	0	0	0	0	0	0	0	0	0	0	0	0	0	0	0	0	0	0	0	0	0	0	0	0
53	A	T	ORF	S	NULL	0	0	0	0	0	0	0	0	0	0	0	0	0	0	0	0	0	0	0	0	0	0	0	0	0	0	0	0	0	0	0	0	0	0	0	0	0	0	0	0	0	0	0	0	0	0	0	0	0	0	0	0	0	0
54	A	T	ORF	S	NULL	0	0	0	0	0	0	0	0	0	0	0	0	0	0	0	0	0	0	0	0	0	0	0	0	0	0	0	0	0	0	0	0	0	0	0	0	0	0	0	0	0	0	0	0	0	0	0	0	0	0	0	0	0	0
55	A	T	ORF	S	NULL	0	0	0	0	0	0	0	0	0	0	0	0	0	0	0	0	0	0	0	0	0	0	0	0	0	0	0	0	0	0	0	0	0	0	0	0	0	0	0	0	0	0	0	0	0	0	0	0	0	0	0	0	0	0
56	A	T	ORF	S	NULL	0	0	0	0	0	0	0	0	0	0	0	0	0	0	0	0	0	0	0	0	0	0	0	0	0	0	0	0	0	0	0	0	0	0	0	0	0	0	0	0	0	0	0	0	0	0	0	0	0	0	0	0	0	0
57	A	T	ORF	S	NULL	0	0	0	0	0	0	0	0	0	0	0	0	0	0	0	0	0	0	0	0	0	0	0	0	0	0	0	0	0	0	0	0	0	0	0	0	0	0	0	0	0	0	0	0	0	0	0	0	0	0	0	0	0	0
58	A	T	ORF	S	NULL	0	0	0	0	0	0	0	0	0	0	0	0	0	0	0	0	0	0	0	0	0	0	0	0	0	0	0	0	0	0	0	0	0	0	0	0	0	0	0	0	0	0	0	0	0	0	0	0	0	0	0	0	0	0
59	A	T	ORF	S	NULL	0	0	0	0	0	0	0	0	0	0	0	0	0	0	0	0	0	0	0	0	0	0	0	0	0	0	0	0	0	0	0	0	0	0	0	0	0	0	0	0	0	0	0	0	0	0	0	0	0	0	0	0	0	0
60	A	T	ORF	S	NULL	0	0	0	0	0	0	0	0	0	0	0	0	0	0	0	0	0	0	0	0	0	0	0	0	0	0	0	0	0	0	0	0	0	0	0	0	0	0	0	0	0	0	0	0	0	0	0	0	0	0	0	0	0	0
61	A	T	ORF	S	NULL	0	0	0	0	0	0	0	0	0	0	0	0	0	0	0	0	0	0	0	0	0	0	0	0	0	0	0	0	0	0	0	0	0	0	0	0	0	0	0	0	0	0	0	0	0	0	0	0	0	0	0	0	0	0
62	A	T	ORF	S	NULL	0	0	0	0	0	0	0	0	0	0	0	0	0	0	0	0	0	0	0	0	0	0	0	0	0	0	0	0	0	0	0	0	0	0	0	0	0	0	0	0	0	0	0	0	0	0	0	0	0	0	0	0	0	0
63	A	T	ORF	S	NULL	0	0	0	0	0.179629	0.00908617	0.21092	0.268581	0.0002	0.0002	0.00063458	0.00384908	0.518223	0.00776465	0.00261937	0.116572	0.0002	0.448923	0.12757	0.0110933	0.0002	0.015835	0.0177194	0.697361	0.00387382	0.446855	0.00253745	0.0002	0.0860893	0.123371	0.0135834	0.190699	1.00008	0.0002	0.0230196	0.343073	0.0002	0.227304	0.00597949	0.019829	0.0002	0.415439	0.457936	0.0002	0.471924	0.23133	0.295983	0.289851	0.883914	0.000200048	0.24041	0.656802	0.553708	0.0110995
64	A	T	ORF	S	NULL	0	0	0	0	0	0	0	0	0	0	0	0	0	0	0	0	0	0	0	0	0	0	0	0	0	0	0	0	0	0	0	0	0	0	0	0	0	0	0	0	0	0	0	0	0	0	0	0	0	0	0	0	0	0
65	A	T	ORF	S	NULL	0	0	0	0	0	0	0	0	0	0	0	0	0	0	0	0	0	0	0	0	0	0	0	0	0	0	0	0	0	0	0	0	0	0	0	0	0	0	0	0	0	0	0	0	0	0	0	0	0	0	0	0	0	0
66	A	T	ORF	S	NULL	0	0	0	0	0.115645	0.0351267	0.155854	0.216967	1	0.726273	0.110624	0.00838499	0.0299735	0.195055	0.0437814	0.574087	0.949096	0.000100196	0.51879	0.0334866	0.39875	0.384827	0.133554	0.15181	0.723274	0.553245	0.00399108	1	0.553427	0.0230688	0.0385562	0.505873	0.0001	0.692062	0.435768	0.127577	0.994712	0.0386967	0.14907	0.400165	0.0001	0.0001	0.240241	0.000100002	0.253136	0.402312	0.489316	0.352605	0.000100524	0.313331	0.00480484	0.319945	0.149613	0.0404946
67	A	T	ORF	S	NULL	0	0	0	0	0.403951	0.940268	0.143539	0.459111	0.000100001	0.0001	0.558816	0.00367094	0.450505	0.65601	0.0312578	0.0111913	0.000100003	0.00944934	0.288679	0.940423	0.60125	0.459888	0.0608621	0.0001	0.204318	0.0001	0.731872	0.000100001	0.290621	0.516516	0.939943	0.241739	0.0001	0.0415372	0.463298	0.398727	0.000100001	0.414692	0.22775	0.107793	0.000100001	0.00020493	0.229506	0.0001	0.192126	0.226194	0.0969487	0.27393	0.115338	0.686669	0.751998	0.016103	0.180404	0.939759
68	A	T	ORF	S	NULL	0	0	0	0	0.300775	0.0156193	0.489687	0.0554409	0.0001	0.273727	0.330025	0.984195	0.00129854	0.141171	0.922441	0.298249	0.0509045	0.541628	0.0650612	0.0150968	0.0001	0.13955	0.787865	0.150829	0.068635	0.0001	0.261699	0.0001	0.0698621	0.337044	0.00801731	0.0616892	0.0001	0.2664	0.0780145	0.130623	0.00528803	0.319308	0.617201	0.472213	0.999994	0.584356	0.072418	0.999994	0.0828135	0.140164	0.117853	0.0837126	0.000746761	0.000100057	0.00278716	0.00715045	0.116375	0.0087466
69	A	T	ORF	S	NULL	0	0	0	0	0.403951	0.940268	0.143539	0.459111	0.000100001	0.0001	0.558816	0.00367094	0.450505	0.65601	0.0312578	0.0111913	0.000100003	0.00944934	0.288679	0.940423	0.60125	0.459888	0.0608621	0.0001	0.204318	0.0001	0.731872	0.000100001	0.290621	0.516516	0.939943	0.241739	0.0001	0.0415372	0.463298	0.398727	0.000100001	0.414692	0.22775	0.107793	0.000100001	0.00020493	0.229506	0.0001	0.192126	0.226194	0.0969487	0.27393	0.115338	0.686669	0.751998	0.016103	0.180404	0.939759
70	A	T	ORF	S	NULL	0	0	0	0	0	0	0	0	0	0	0	0	0	0	0	0	0	0	0	0	0	0	0	0	0	0	0	0	0	0	0	0	0	0	0	0	0	0	0	0	0	0	0	0	0	0	0	0	0	0	0	0	0	0
71	A	T	ORF	S	NULL	0	0	0	0	0.403951	0.940268	0.143539	0.459111	0.000100001	0.0001	0.558816	0.00367094	0.450505	0.65601	0.0312578	0.0111913	0.000100003	0.00944934	0.288679	0.940423	0.60125	0.459888	0.0608621	0.0001	0.204318	0.0001	0.731872	0.000100001	0.290621	0.516516	0.939943	0.241739	0.0001	0.0415372	0.463298	0.398727	0.000100001	0.414692	0.22775	0.107793	0.000100001	0.00020493	0.229506	0.0001	0.192126	0.226194	0.0969487	0.27393	0.115338	0.686669	0.751998	0.016103	0.180404	0.939759
72	A	T	ORF	S	NULL	0	0	0	0	0	0	0	0	0	0	0	0	0	0	0	0	0	0	0	0	0	0	0	0	0	0	0	0	0	0	0	0	0	0	0	0	0	0	0	0	0	0	0	0	0	0	0	0	0	0	0	0	0	0
73	A	T	ORF	S	NULL	0	0	0	0	0	0	0	0	0	0	0	0	0	0	0	0	0	0	0	0	0	0	0	0	0	0	0	0	0	0	0	0	0	0	0	0	0	0	0	0	0	0	0	0	0	0	0	0	0	0	0	0	0	0
74	A	T	ORF	S	NULL	0	0	0	0	0	0	0	0	0	0	0	0	0	0	0	0	0	0	0	0	0	0	0	0	0	0	0	0	0	0	0	0	0	0	0	0	0	0	0	0	0	0	0	0	0	0	0	0	0	0	0	0	0	0
75	A	T	ORF	S	NULL	0	0	0	0	0.179629	0.00908617	0.21092	0.268581	0.0002	0.0002	0.00063458	0.00384908	0.518223	0.00776465	0.00261937	0.116572	0.0002	0.448923	0.12757	0.0110933	0.0002	0.015835	0.0177194	0.697361	0.00387382	0.446855	0.00253745	0.0002	0.0860893	0.123371	0.0135834	0.190699	1.00008	0.0002	0.0230196	0.343073	0.0002	0.227304	0.00597949	0.019829	0.0002	0.415439	0.457936	0.0002	0.471924	0.23133	0.295983	0.289851	0.883914	0.000200048	0.24041	0.656802	0.553708	0.0110995
76	A	T	ORF	S	NULL	0	0	0	0	0	0	0	0	0	0	0	0	0	0	0	0	0	0	0	0	0	0	0	0	0	0	0	0	0	0	0	0	0	0	0	0	0	0	0	0	0	0	0	0	0	0	0	0	0	0	0	0	0	0
77	A	T	ORF	S	NULL	0	0	0	0	0	0	0	0	0	0	0	0	0	0	0	0	0	0	0	0	0	0	0	0	0	0	0	0	0	0	0	0	0	0	0	0	0	0	0	0	0	0	0	0	0	0	0	0	0	0	0	0	0	0
78	A	T	ORF	S	NULL	0	0	0	0	0	0	0	0	0	0	0	0	0	0	0	0	0	0	0	0	0	0	0	0	0	0	0	0	0	0	0	0	0	0	0	0	0	0	0	0	0	0	0	0	0	0	0	0	0	0	0	0	0	0
79	A	T	ORF	S	NULL	0	0	0	0	0	0	0	0	0	0	0	0	0	0	0	0	0	0	0	0	0	0	0	0	0	0	0	0	0	0	0	0	0	0	0	0	0	0	0	0	0	0	0	0	0	0	0	0	0	0	0	0	0	0
80	A	T	ORF	S	NULL	0	0	0	0	0	0	0	0	0	0	0	0	0	0	0	0	0	0	0	0	0	0	0	0	0	0	0	0	0	0	0	0	0	0	0	0	0	0	0	0	0	0	0	0	0	0	0	0	0	0	0	0	0	0
81	A	T	ORF	S	NULL	0	0	0	0	0	0	0	0	0	0	0	0	0	0	0	0	0	0	0	0	0	0	0	0	0	0	0	0	0	0	0	0	0	0	0	0	0	0	0	0	0	0	0	0	0	0	0	0	0	0	0	0	0	0
82	A	T	ORF	S	NULL	0	0	0	0	0	0	0	0	0	0	0	0	0	0	0	0	0	0	0	0	0	0	0	0	0	0	0	0	0	0	0	0	0	0	0	0	0	0	0	0	0	0	0	0	0	0	0	0	0	0	0	0	0	0
83	A	T	ORF	S	NULL	0	0	0	0	0	0	0	0	0	0	0	0	0	0	0	0	0	0	0	0	0	0	0	0	0	0	0	0	0	0	0	0	0	0	0	0	0	0	0	0	0	0	0	0	0	0	0	0	0	0	0	0	0	0
84	A	T	ORF	S	NULL	0	0	0	0	0	0	0	0	0	0	0	0	0	0	0	0	0	0	0	0	0	0	0	0	0	0	0	0	0	0	0	0	0	0	0	0	0	0	0	0	0	0	0	0	0	0	0	0	0	0	0	0	0	0
85	A	T	ORF	S	NULL	0	0	0	0	0	0	0	0	0	0	0	0	0	0	0	0	0	0	0	0	0	0	0	0	0	0	0	0	0	0	0	0	0	0	0	0	0	0	0	0	0	0	0	0	0	0	0	0	0	0	0	0	0	0
86	A	T	ORF	S	NULL	0	0	0	0	0	0	0	0	0	0	0	0	0	0	0	0	0	0	0	0	0	0	0	0	0	0	0	0	0	0	0	0	0	0	0	0	0	0	0	0	0	0	0	0	0	0	0	0	0	0	0	0	0	0
87	A	T	ORF	S	NULL	0	0	0	0	0	0	0	0	0	0	0	0	0	0	0	0	0	0	0	0	0	0	0	0	0	0	0	0	0	0	0	0	0	0	0	0	0	0	0	0	0	0	0	0	0	0	0	0	0	0	0	0	0	0
88	A	T	ORF	S	NULL	0	0	0	0	0	0	0	0	0	0	0	0	0	0	0	0	0	0	0	0	0	0	0	0	0	0	0	0	0	0	0	0	0	0	0	0	0	0	0	0	0	0	0	0	0	0	0	0	0	0	0	0	0	0
89	A	T	ORF	S	NULL	0	0	0	0	0.177354	0.0001	0.199961	0.268481	0.0001	0.0001	0.0001	0.00374907	0.513995	0.00640023	0.00251937	0.116472	0.0001	0.444237	0.12747	0.0001	0.0001	0.015735	0.00843992	0.693004	0.00377382	0.446755	0.0001	0.0001	0.060921	0.120567	0.0001	0.128929	0.0001	0.0001	0.000101307	0.329951	0.0001	0.225026	0.00565934	0.0171982	0.0001	0.411457	0.457836	0.0001	0.457951	0.228438	0.295883	0.289751	0.876215	0.0001	0.23725	0.653613	0.553608	0.0001
90	A	T	ORF	S	NULL	0	0	0	0	0	0	0	0	0	0	0	0	0	0	0	0	0	0	0	0	0	0	0	0	0	0	0	0	0	0	0	0	0	0	0	0	0	0	0	0	0	0	0	0	0	0	0	0	0	0	0	0	0	0
91	A	T	ORF	S	NULL	0	0	0	0	0	0	0	0	0	0	0	0	0	0	0	0	0	0	0	0	0	0	0	0	0	0	0	0	0	0	0	0	0	0	0	0	0	0	0	0	0	0	0	0	0	0	0	0	0	0	0	0	0	0
92	A	T	ORF	S	NULL	0	0	0	0	0	0	0	0	0	0	0	0	0	0	0	0	0	0	0	0	0	0	0	0	0	0	0	0	0	0	0	0	0	0	0	0	0	0	0	0	0	0	0	0	0	0	0	0	0	0	0	0	0	0
93	A	T	ORF	S	NULL	0	0	0	0	0	0	0	0	0	0	0	0	0	0	0	0	0	0	0	0	0	0	0	0	0	0	0	0	0	0	0	0	0	0	0	0	0	0	0	0	0	0	0	0	0	0	0	0	0	0	0	0	0	0
94	A	T	ORF	S	NULL	0	0	0	0	0	0	0	0	0	0	0	0	0	0	0	0	0	0	0	0	0	0	0	0	0	0	0	0	0	0	0	0	0	0	0	0	0	0	0	0	0	0	0	0	0	0	0	0	0	0	0	0	0	0
95	A	T	ORF	S	NULL	0	0	0	0	0	0	0	0	0	0	0	0	0	0	0	0	0	0	0	0	0	0	0	0	0	0	0	0	0	0	0	0	0	0	0	0	0	0	0	0	0	0	0	0	0	0	0	0	0	0	0	0	0	0
96	A	T	ORF	S	NULL	0	0	0	0	0	0	0	0	0	0	0	0	0	0	0	0	0	0	0	0	0	0	0	0	0	0	0	0	0	0	0	0	0	0	0	0	0	0	0	0	0	0	0	0	0	0	0	0	0	0	0	0	0	0
97	A	T	ORF	S	NULL	0	0	0	0	0	0	0	0	0	0	0	0	0	0	0	0	0	0	0	0	0	0	0	0	0	0	0	0	0	0	0	0	0	0	0	0	0	0	0	0	0	0	0	0	0	0	0	0	0	0	0	0	0	0
98	A	T	ORF	S	NULL	0	0	0	0	0	0	0	0	0	0	0	0	0	0	0	0	0	0	0	0	0	0	0	0	0	0	0	0	0	0	0	0	0	0	0	0	0	0	0	0	0	0	0	0	0	0	0	0	0	0	0	0	0	0
99	A	T	ORF	S	NULL	0	0	0	0	0	0	0	0	0	0	0	0	0	0	0	0	0	0	0	0	0	0	0	0	0	0	0	0	0	0	0	0	0	0	0	0	0	0	0	0	0	0	0	0	0	0	0	0	0	0	0	0	0	0
100	A	T	ORF	S	NULL	0	0	0	0	0.480404	0.0247055	0.700608	0.324022	0.0003	0.273927	0.33066	0.988044	0.519522	0.148935	0.925061	0.414822	0.0511045	0.99055	0.192631	0.0261901	0.0003	0.155385	0.805584	0.84819	0.0725088	0.446955	0.264236	0.0003	0.155951	0.460415	0.0216007	0.252388	1.00018	0.2666	0.101034	0.473696	0.00548803	0.546612	0.62318	0.492042	1.00019	0.999795	0.530354	1.00019	0.554737	0.371494	0.413835	0.373564	0.884661	0.000300105	0.243197	0.663952	0.670083	0.0198461
