pos	ref	alt	gene	N/S	AA	nSRAsubclonal	nSRAclonal	nSRA	nConsensus	sample0|Earth	sample1|Earth	sample2|Earth	sample3|Earth	sample4|Earth	sample5|Earth	sample6|Earth	sample7|Earth	sample8|Earth	sample9|Earth	sample10|Earth	sample11|Earth	sample12|Earth	sample13|Earth	sample14|Earth	sample15|Earth	sample16|Earth	sample17|Earth	sample18|Earth	sample19|Earth	sample20|Earth	sample21|Earth	sample22|Earth	sample23|Earth	sample24|Earth	sample25|Earth	sample26|Earth	sample27|Earth	sample28|Earth	sample29|Earth	sample30|Earth	sample31|Earth	sample32|Earth	sample33|Earth	sample34|Earth	sample35|Earth	sample36|Earth	sample37|Earth	sample38|Earth	sample39|Earth	sample40|Earth	sample41|Earth	sample42|Earth	sample43|Earth	sample44|Earth	sample45|Earth	sample46|Earth	sample47|Earth	sample48|Earth	sample49|Earth
1	A	T	ORF	S	NULL	0	0	0	0	0	0	0	0	0	0	0	0	0	0	0	0	0	0	0	0	0	0	0	0	0	0	0	0	0	0	0	0	0	0	0	0	0	0	0	0	0	0	0	0	0	0	0	0	0	0	0	0	0	0
2	A	T	ORF	S	NULL	0	0	0	0	0	0	0	0	0	0	0	0	0	0	0	0	0	0	0	0	0	0	0	0	0	0	0	0	0	0	0	0	0	0	0	0	0	0	0	0	0	0	0	0	0	0	0	0	0	0	0	0	0	0
3	A	T	ORF	S	NULL	0	0	0	0	0	0	0	0	0	0	0	0	0	0	0	0	0	0	0	0	0	0	0	0	0	0	0	0	0	0	0	0	0	0	0	0	0	0	0	0	0	0	0	0	0	0	0	0	0	0	0	0	0	0
4	A	T	ORF	S	NULL	0	0	0	0	0	0	0	0	0	0	0	0	0	0	0	0	0	0	0	0	0	0	0	0	0	0	0	0	0	0	0	0	0	0	0	0	0	0	0	0	0	0	0	0	0	0	0	0	0	0	0	0	0	0
5	A	T	ORF	S	NULL	0	0	0	0	0	0	0	0	0	0	0	0	0	0	0	0	0	0	0	0	0	0	0	0	0	0	0	0	0	0	0	0	0	0	0	0	0	0	0	0	0	0	0	0	0	0	0	0	0	0	0	0	0	0
6	A	T	ORF	S	NULL	0	0	0	0	0	0	0	0	0	0	0	0	0	0	0	0	0	0	0	0	0	0	0	0	0	0	0	0	0	0	0	0	0	0	0	0	0	0	0	0	0	0	0	0	0	0	0	0	0	0	0	0	0	0
7	A	T	ORF	S	NULL	0	0	0	0	0	0	0	0	0	0	0	0	0	0	0	0	0	0	0	0	0	0	0	0	0	0	0	0	0	0	0	0	0	0	0	0	0	0	0	0	0	0	0	0	0	0	0	0	0	0	0	0	0	0
8	A	T	ORF	S	NULL	0	0	0	0	0	0	0	0	0	0	0	0	0	0	0	0	0	0	0	0	0	0	0	0	0	0	0	0	0	0	0	0	0	0	0	0	0	0	0	0	0	0	0	0	0	0	0	0	0	0	0	0	0	0
9	A	T	ORF	S	NULL	0	0	0	0	0	0	0	0	0	0	0	0	0	0	0	0	0	0	0	0	0	0	0	0	0	0	0	0	0	0	0	0	0	0	0	0	0	0	0	0	0	0	0	0	0	0	0	0	0	0	0	0	0	0
10	A	T	ORF	S	NULL	0	0	0	0	0	0	0	0	0	0	0	0	0	0	0	0	0	0	0	0	0	0	0	0	0	0	0	0	0	0	0	0	0	0	0	0	0	0	0	0	0	0	0	0	0	0	0	0	0	0	0	0	0	0
11	A	T	ORF	S	NULL	0	0	0	0	0.178977	0.000101776	0.193194	0.251984	0.0001	0.0001	0.000101063	0.00395841	0.517013	0.00703447	0.0001	0.115969	0.000100027	0.448131	0.124046	0.000101776	0.000101127	0.000100408	0.000100001	0.6972	0.000100268	0.451004	0.000101327	0.0001	0.0610379	0.120097	0.000101776	0.128969	0.99996	0.000100096	0.000100373	0.329993	0.0001	0.224165	0.000100296	0.000100022	0.0001	0.415095	0.441079	0.0001	0.438003	0.231029	0.297115	0.284189	0.883051	0.0001013	0.238984	0.655102	0.546231	0.000101776
12	A	T	ORF	S	NULL	0	0	0	0	0	0	0	0	0	0	0	0	0	0	0	0	0	0	0	0	0	0	0	0	0	0	0	0	0	0	0	0	0	0	0	0	0	0	0	0	0	0	0	0	0	0	0	0	0	0	0	0	0	0
13	A	T	ORF	S	NULL	0	0	0	0	0	0	0	0	0	0	0	0	0	0	0	0	0	0	0	0	0	0	0	0	0	0	0	0	0	0	0	0	0	0	0	0	0	0	0	0	0	0	0	0	0	0	0	0	0	0	0	0	0	0
14	A	T	ORF	S	NULL	0	0	0	0	0	0	0	0	0	0	0	0	0	0	0	0	0	0	0	0	0	0	0	0	0	0	0	0	0	0	0	0	0	0	0	0	0	0	0	0	0	0	0	0	0	0	0	0	0	0	0	0	0	0
15	A	T	ORF	S	NULL	0	0	0	0	0.178977	0.000101776	0.193194	0.251984	0.0001	0.0001	0.000101063	0.00395841	0.517013	0.00703447	0.0001	0.115969	0.000100027	0.448131	0.124046	0.000101776	0.000101127	0.000100408	0.000100001	0.6972	0.000100268	0.451004	0.000101327	0.0001	0.0610379	0.120097	0.000101776	0.128969	0.99996	0.000100096	0.000100373	0.329993	0.0001	0.224165	0.000100296	0.000100022	0.0001	0.415095	0.441079	0.0001	0.438003	0.231029	0.297115	0.284189	0.883051	0.0001013	0.238984	0.655102	0.546231	0.000101776
16	A	T	ORF	S	NULL	0	0	0	0	0.300117	0.000100452	0.475503	0.000100081	0.0001	0.287105	0.329112	0.982209	0.000100108	0.139148	0.90919	0.292114	0.0620744	0.541401	0.0491339	0.000100452	0.000100143	0.0380703	0.774171	0.15227	0.0502085	0.000100009	0.259103	0.0001	0.000126541	0.329375	0.000100452	0.000100083	0.00010002	0.274104	0.000100077	0.0960874	0.0190681	0.308351	0.597342	0.40412	0.999995	0.584277	0.000125379	0.999995	0.000100108	0.140281	0.121345	0.0393852	0.000100041	0.000100165	0.000100171	0.000125816	0.0774469	0.000100452
17	A	T	ORF	S	NULL	0	0	0	0	0	0	0	0	0	0	0	0	0	0	0	0	0	0	0	0	0	0	0	0	0	0	0	0	0	0	0	0	0	0	0	0	0	0	0	0	0	0	0	0	0	0	0	0	0	0	0	0	0	0
18	A	T	ORF	S	NULL	0	0	0	0	0	0	0	0	0	0	0	0	0	0	0	0	0	0	0	0	0	0	0	0	0	0	0	0	0	0	0	0	0	0	0	0	0	0	0	0	0	0	0	0	0	0	0	0	0	0	0	0	0	0
19	A	T	ORF	S	NULL	0	0	0	0	0.300117	0.000100452	0.475503	0.000100081	0.0001	0.287105	0.329112	0.982209	0.000100108	0.139148	0.90919	0.292114	0.0620744	0.541401	0.0491339	0.000100452	0.000100143	0.0380703	0.774171	0.15227	0.0502085	0.000100009	0.259103	0.0001	0.000126541	0.329375	0.000100452	0.000100083	0.00010002	0.274104	0.000100077	0.0960874	0.0190681	0.308351	0.597342	0.40412	0.999995	0.584277	0.000125379	0.999995	0.000100108	0.140281	0.121345	0.0393852	0.000100041	0.000100165	0.000100171	0.000125816	0.0774469	0.000100452
20	A	T	ORF	S	NULL	0	0	0	0	0	0	0	0	0	0	0	0	0	0	0	0	0	0	0	0	0	0	0	0	0	0	0	0	0	0	0	0	0	0	0	0	0	0	0	0	0	0	0	0	0	0	0	0	0	0	0	0	0	0
21	A	T	ORF	S	NULL	0	0	0	0	0.287421	0.000203165	0.234714	0.252412	1.00009	0.712586	0.103515	0.00437752	0.544454	0.185143	0.000491883	0.63146	0.922616	0.448822	0.552185	0.000203165	0.390553	0.108509	0.00049146	0.847183	0.609983	0.999505	0.000503797	1.00009	0.337152	0.120787	0.000203165	0.12939	1.00006	0.672583	0.138512	0.330424	0.980622	0.229298	0.0670877	0.142509	0.0002	0.415395	0.442164	0.0002	0.438431	0.605068	0.765866	0.505564	0.883491	0.297542	0.239419	0.931229	0.567756	0.000203165
22	A	T	ORF	S	NULL	0	0	0	0	0	0	0	0	0	0	0	0	0	0	0	0	0	0	0	0	0	0	0	0	0	0	0	0	0	0	0	0	0	0	0	0	0	0	0	0	0	0	0	0	0	0	0	0	0	0	0	0	0	0
23	A	T	ORF	S	NULL	0	0	0	0	0	0	0	0	0	0	0	0	0	0	0	0	0	0	0	0	0	0	0	0	0	0	0	0	0	0	0	0	0	0	0	0	0	0	0	0	0	0	0	0	0	0	0	0	0	0	0	0	0	0
24	A	T	ORF	S	NULL	0	0	0	0	0	0	0	0	0	0	0	0	0	0	0	0	0	0	0	0	0	0	0	0	0	0	0	0	0	0	0	0	0	0	0	0	0	0	0	0	0	0	0	0	0	0	0	0	0	0	0	0	0	0
25	A	T	ORF	S	NULL	0	0	0	0	0	0	0	0	0	0	0	0	0	0	0	0	0	0	0	0	0	0	0	0	0	0	0	0	0	0	0	0	0	0	0	0	0	0	0	0	0	0	0	0	0	0	0	0	0	0	0	0	0	0
26	A	T	ORF	S	NULL	0	0	0	0	0	0	0	0	0	0	0	0	0	0	0	0	0	0	0	0	0	0	0	0	0	0	0	0	0	0	0	0	0	0	0	0	0	0	0	0	0	0	0	0	0	0	0	0	0	0	0	0	0	0
27	A	T	ORF	S	NULL	0	0	0	0	0.300117	0.000100452	0.475503	0.000100081	0.0001	0.287105	0.329112	0.982209	0.000100108	0.139148	0.90919	0.292114	0.0620744	0.541401	0.0491339	0.000100452	0.000100143	0.0380703	0.774171	0.15227	0.0502085	0.000100009	0.259103	0.0001	0.000126541	0.329375	0.000100452	0.000100083	0.00010002	0.274104	0.000100077	0.0960874	0.0190681	0.308351	0.597342	0.40412	0.999995	0.584277	0.000125379	0.999995	0.000100108	0.140281	0.121345	0.0393852	0.000100041	0.000100165	0.000100171	0.000125816	0.0774469	0.000100452
28	A	T	ORF	S	NULL	0	0	0	0	0	0	0	0	0	0	0	0	0	0	0	0	0	0	0	0	0	0	0	0	0	0	0	0	0	0	0	0	0	0	0	0	0	0	0	0	0	0	0	0	0	0	0	0	0	0	0	0	0	0
29	A	T	ORF	S	NULL	0	0	0	0	0	0	0	0	0	0	0	0	0	0	0	0	0	0	0	0	0	0	0	0	0	0	0	0	0	0	0	0	0	0	0	0	0	0	0	0	0	0	0	0	0	0	0	0	0	0	0	0	0	0
30	A	T	ORF	S	NULL	0	0	0	0	0	0	0	0	0	0	0	0	0	0	0	0	0	0	0	0	0	0	0	0	0	0	0	0	0	0	0	0	0	0	0	0	0	0	0	0	0	0	0	0	0	0	0	0	0	0	0	0	0	0
31	A	T	ORF	S	NULL	0	0	0	0	0	0	0	0	0	0	0	0	0	0	0	0	0	0	0	0	0	0	0	0	0	0	0	0	0	0	0	0	0	0	0	0	0	0	0	0	0	0	0	0	0	0	0	0	0	0	0	0	0	0
32	A	T	ORF	S	NULL	0	0	0	0	0	0	0	0	0	0	0	0	0	0	0	0	0	0	0	0	0	0	0	0	0	0	0	0	0	0	0	0	0	0	0	0	0	0	0	0	0	0	0	0	0	0	0	0	0	0	0	0	0	0
33	A	T	ORF	S	NULL	0	0	0	0	0	0	0	0	0	0	0	0	0	0	0	0	0	0	0	0	0	0	0	0	0	0	0	0	0	0	0	0	0	0	0	0	0	0	0	0	0	0	0	0	0	0	0	0	0	0	0	0	0	0
34	A	T	ORF	S	NULL	0	0	0	0	0	0	0	0	0	0	0	0	0	0	0	0	0	0	0	0	0	0	0	0	0	0	0	0	0	0	0	0	0	0	0	0	0	0	0	0	0	0	0	0	0	0	0	0	0	0	0	0	0	0
35	A	T	ORF	S	NULL	0	0	0	0	0	0	0	0	0	0	0	0	0	0	0	0	0	0	0	0	0	0	0	0	0	0	0	0	0	0	0	0	0	0	0	0	0	0	0	0	0	0	0	0	0	0	0	0	0	0	0	0	0	0
36	A	T	ORF	S	NULL	0	0	0	0	0.178977	0.000101776	0.193194	0.251984	0.0001	0.0001	0.000101063	0.00395841	0.517013	0.00703447	0.0001	0.115969	0.000100027	0.448131	0.124046	0.000101776	0.000101127	0.000100408	0.000100001	0.6972	0.000100268	0.451004	0.000101327	0.0001	0.0610379	0.120097	0.000101776	0.128969	0.99996	0.000100096	0.000100373	0.329993	0.0001	0.224165	0.000100296	0.000100022	0.0001	0.415095	0.441079	0.0001	0.438003	0.231029	0.297115	0.284189	0.883051	0.0001013	0.238984	0.655102	0.546231	0.000101776
37	A	T	ORF	S	NULL	0	0	0	0	0	0	0	0	0	0	0	0	0	0	0	0	0	0	0	0	0	0	0	0	0	0	0	0	0	0	0	0	0	0	0	0	0	0	0	0	0	0	0	0	0	0	0	0	0	0	0	0	0	0
38	A	T	ORF	S	NULL	0	0	0	0	0.178977	0.000101776	0.193194	0.251984	0.0001	0.0001	0.000101063	0.00395841	0.517013	0.00703447	0.0001	0.115969	0.000100027	0.448131	0.124046	0.000101776	0.000101127	0.000100408	0.000100001	0.6972	0.000100268	0.451004	0.000101327	0.0001	0.0610379	0.120097	0.000101776	0.128969	0.99996	0.000100096	0.000100373	0.329993	0.0001	0.224165	0.000100296	0.000100022	0.0001	0.415095	0.441079	0.0001	0.438003	0.231029	0.297115	0.284189	0.883051	0.0001013	0.238984	0.655102	0.546231	0.000101776
39	A	T	ORF	S	NULL	0	0	0	0	0	0	0	0	0	0	0	0	0	0	0	0	0	0	0	0	0	0	0	0	0	0	0	0	0	0	0	0	0	0	0	0	0	0	0	0	0	0	0	0	0	0	0	0	0	0	0	0	0	0
40	A	T	ORF	S	NULL	0	0	0	0	0	0	0	0	0	0	0	0	0	0	0	0	0	0	0	0	0	0	0	0	0	0	0	0	0	0	0	0	0	0	0	0	0	0	0	0	0	0	0	0	0	0	0	0	0	0	0	0	0	0
41	A	T	ORF	S	NULL	0	0	0	0	0.412075	0.999967	0.0762994	0.308064	0.0001	0.0001	0.567093	0.000100055	0.45508	0.66315	0.000100457	0.000100138	0.0150235	0.00909621	0.241097	0.999967	0.609098	0.267059	0.000101147	0.0001	0.162134	0.0001	0.740115	0.0001	0.0370743	0.506159	0.999967	0.000104208	0.0001	0.0530281	0.254057	0.307063	0.0001	0.395249	0.175286	0.000102324	0.0001	0.0001	0.000101819	0.0001	0.000101846	0.235294	0.112109	0.167161	0.116038	0.70211	0.760119	0.000100004	0.0602981	0.999967
42	A	T	ORF	S	NULL	0	0	0	0	0	0	0	0	0	0	0	0	0	0	0	0	0	0	0	0	0	0	0	0	0	0	0	0	0	0	0	0	0	0	0	0	0	0	0	0	0	0	0	0	0	0	0	0	0	0	0	0	0	0
43	A	T	ORF	S	NULL	0	0	0	0	0	0	0	0	0	0	0	0	0	0	0	0	0	0	0	0	0	0	0	0	0	0	0	0	0	0	0	0	0	0	0	0	0	0	0	0	0	0	0	0	0	0	0	0	0	0	0	0	0	0
44	A	T	ORF	S	NULL	0	0	0	0	0.300117	0.000100452	0.475503	0.000100081	0.0001	0.287105	0.329112	0.982209	0.000100108	0.139148	0.90919	0.292114	0.0620744	0.541401	0.0491339	0.000100452	0.000100143	0.0380703	0.774171	0.15227	0.0502085	0.000100009	0.259103	0.0001	0.000126541	0.329375	0.000100452	0.000100083	0.00010002	0.274104	0.000100077	0.0960874	0.0190681	0.308351	0.597342	0.40412	0.999995	0.584277	0.000125379	0.999995	0.000100108	0.140281	0.121345	0.0393852	0.000100041	0.000100165	0.000100171	0.000125816	0.0774469	0.000100452
45	A	T	ORF	S	NULL	0	0	0	0	0	0	0	0	0	0	0	0	0	0	0	0	0	0	0	0	0	0	0	0	0	0	0	0	0	0	0	0	0	0	0	0	0	0	0	0	0	0	0	0	0	0	0	0	0	0	0	0	0	0
46	A	T	ORF	S	NULL	0	0	0	0	0	0	0	0	0	0	0	0	0	0	0	0	0	0	0	0	0	0	0	0	0	0	0	0	0	0	0	0	0	0	0	0	0	0	0	0	0	0	0	0	0	0	0	0	0	0	0	0	0	0
47	A	T	ORF	S	NULL	0	0	0	0	0	0	0	0	0	0	0	0	0	0	0	0	0	0	0	0	0	0	0	0	0	0	0	0	0	0	0	0	0	0	0	0	0	0	0	0	0	0	0	0	0	0	0	0	0	0	0	0	0	0
48	A	T	ORF	S	NULL	0	0	0	0	0	0	0	0	0	0	0	0	0	0	0	0	0	0	0	0	0	0	0	0	0	0	0	0	0	0	0	0	0	0	0	0	0	0	0	0	0	0	0	0	0	0	0	0	0	0	0	0	0	0
49	A	T	ORF	S	NULL	0	0	0	0	0	0	0	0	0	0	0	0	0	0	0	0	0	0	0	0	0	0	0	0	0	0	0	0	0	0	0	0	0	0	0	0	0	0	0	0	0	0	0	0	0	0	0	0	0	0	0	0	0	0
50	A	T	ORF	S	NULL	0	0	0	0	0.412462	1.00007	0.289783	0.747512	0.0002	0.000482218	0.567473	0.0134865	0.45547	0.675709	0.090492	0.0764984	0.0154099	0.00977694	0.398681	1.00007	0.609478	0.85352	0.225511	0.000595187	0.339906	0.000491535	0.740493	0.0002	0.662722	0.549838	1.00007	0.870608	0.0002	0.0534133	0.861521	0.573489	0.00048342	0.462351	0.335658	0.453544	0.000200001	0.000414375	0.557742	0.000200001	0.561567	0.254651	0.112789	0.455051	0.116435	0.702489	0.760504	0.0686763	0.354797	1.00007
51	A	T	ORF	S	NULL	0	0	0	0	0	0	0	0	0	0	0	0	0	0	0	0	0	0	0	0	0	0	0	0	0	0	0	0	0	0	0	0	0	0	0	0	0	0	0	0	0	0	0	0	0	0	0	0	0	0	0	0	0	0
52	A	T	ORF	S	NULL	0	0	0	0	0.000387866	0.000101922	0.213484	0.439448	0.0001	0.000382218	0.000379719	0.0133865	0.000390394	0.012559	0.0903915	0.0763983	0.000386435	0.000680733	0.157584	0.000101922	0.000379816	0.586462	0.22541	0.000495187	0.177772	0.000391535	0.000377872	0.0001	0.625647	0.0436797	0.000101922	0.870504	0.0001	0.000385235	0.607464	0.266426	0.00038342	0.0671021	0.160372	0.453441	0.000100001	0.000314375	0.55764	0.000100001	0.561465	0.0193572	0.000680228	0.287891	0.000396447	0.000378842	0.000385116	0.0685763	0.294499	0.000101922
53	A	T	ORF	S	NULL	0	0	0	0	0	0	0	0	0	0	0	0	0	0	0	0	0	0	0	0	0	0	0	0	0	0	0	0	0	0	0	0	0	0	0	0	0	0	0	0	0	0	0	0	0	0	0	0	0	0	0	0	0	0
54	A	T	ORF	S	NULL	0	0	0	0	0	0	0	0	0	0	0	0	0	0	0	0	0	0	0	0	0	0	0	0	0	0	0	0	0	0	0	0	0	0	0	0	0	0	0	0	0	0	0	0	0	0	0	0	0	0	0	0	0	0
55	A	T	ORF	S	NULL	0	0	0	0	0	0	0	0	0	0	0	0	0	0	0	0	0	0	0	0	0	0	0	0	0	0	0	0	0	0	0	0	0	0	0	0	0	0	0	0	0	0	0	0	0	0	0	0	0	0	0	0	0	0
56	A	T	ORF	S	NULL	0	0	0	0	0	0	0	0	0	0	0	0	0	0	0	0	0	0	0	0	0	0	0	0	0	0	0	0	0	0	0	0	0	0	0	0	0	0	0	0	0	0	0	0	0	0	0	0	0	0	0	0	0	0
57	A	T	ORF	S	NULL	0	0	0	0	0	0	0	0	0	0	0	0	0	0	0	0	0	0	0	0	0	0	0	0	0	0	0	0	0	0	0	0	0	0	0	0	0	0	0	0	0	0	0	0	0	0	0	0	0	0	0	0	0	0
58	A	T	ORF	S	NULL	0	0	0	0	0	0	0	0	0	0	0	0	0	0	0	0	0	0	0	0	0	0	0	0	0	0	0	0	0	0	0	0	0	0	0	0	0	0	0	0	0	0	0	0	0	0	0	0	0	0	0	0	0	0
59	A	T	ORF	S	NULL	0	0	0	0	0	0	0	0	0	0	0	0	0	0	0	0	0	0	0	0	0	0	0	0	0	0	0	0	0	0	0	0	0	0	0	0	0	0	0	0	0	0	0	0	0	0	0	0	0	0	0	0	0	0
60	A	T	ORF	S	NULL	0	0	0	0	0	0	0	0	0	0	0	0	0	0	0	0	0	0	0	0	0	0	0	0	0	0	0	0	0	0	0	0	0	0	0	0	0	0	0	0	0	0	0	0	0	0	0	0	0	0	0	0	0	0
61	A	T	ORF	S	NULL	0	0	0	0	0	0	0	0	0	0	0	0	0	0	0	0	0	0	0	0	0	0	0	0	0	0	0	0	0	0	0	0	0	0	0	0	0	0	0	0	0	0	0	0	0	0	0	0	0	0	0	0	0	0
62	A	T	ORF	S	NULL	0	0	0	0	0	0	0	0	0	0	0	0	0	0	0	0	0	0	0	0	0	0	0	0	0	0	0	0	0	0	0	0	0	0	0	0	0	0	0	0	0	0	0	0	0	0	0	0	0	0	0	0	0	0
63	A	T	ORF	S	NULL	0	0	0	0	0.178977	0.000101776	0.193194	0.251984	0.0001	0.0001	0.000101063	0.00395841	0.517013	0.00703447	0.0001	0.115969	0.000100027	0.448131	0.124046	0.000101776	0.000101127	0.000100408	0.000100001	0.6972	0.000100268	0.451004	0.000101327	0.0001	0.0610379	0.120097	0.000101776	0.128969	0.99996	0.000100096	0.000100373	0.329993	0.0001	0.224165	0.000100296	0.000100022	0.0001	0.415095	0.441079	0.0001	0.438003	0.231029	0.297115	0.284189	0.883051	0.0001013	0.238984	0.655102	0.546231	0.000101776
64	A	T	ORF	S	NULL	0	0	0	0	0	0	0	0	0	0	0	0	0	0	0	0	0	0	0	0	0	0	0	0	0	0	0	0	0	0	0	0	0	0	0	0	0	0	0	0	0	0	0	0	0	0	0	0	0	0	0	0	0	0
65	A	T	ORF	S	NULL	0	0	0	0	0	0	0	0	0	0	0	0	0	0	0	0	0	0	0	0	0	0	0	0	0	0	0	0	0	0	0	0	0	0	0	0	0	0	0	0	0	0	0	0	0	0	0	0	0	0	0	0	0	0
66	A	T	ORF	S	NULL	0	0	0	0	0.108444	0.000101389	0.0415204	0.000428602	0.99999	0.712486	0.103414	0.000419109	0.0274406	0.178109	0.000391882	0.51549	0.922515	0.000690785	0.428139	0.000101389	0.390451	0.108409	0.000391458	0.149983	0.609883	0.548501	0.000402469	0.99999	0.276114	0.000690108	0.000101389	0.000420432	0.000100066	0.672483	0.138412	0.000431019	0.980522	0.00513209	0.0669875	0.142409	0.0001	0.000299583	0.00108511	0.0001	0.000427746	0.374039	0.468751	0.221375	0.000440515	0.29744	0.000434928	0.276127	0.0215253	0.000101389
67	A	T	ORF	S	NULL	0	0	0	0	0.412075	0.999967	0.0762994	0.308064	0.0001	0.0001	0.567093	0.000100055	0.45508	0.66315	0.000100457	0.000100138	0.0150235	0.00909621	0.241097	0.999967	0.609098	0.267059	0.000101147	0.0001	0.162134	0.0001	0.740115	0.0001	0.0370743	0.506159	0.999967	0.000104208	0.0001	0.0530281	0.254057	0.307063	0.0001	0.395249	0.175286	0.000102324	0.0001	0.0001	0.000101819	0.0001	0.000101846	0.235294	0.112109	0.167161	0.116038	0.70211	0.760119	0.000100004	0.0602981	0.999967
68	A	T	ORF	S	NULL	0	0	0	0	0.300117	0.000100452	0.475503	0.000100081	0.0001	0.287105	0.329112	0.982209	0.000100108	0.139148	0.90919	0.292114	0.0620744	0.541401	0.0491339	0.000100452	0.000100143	0.0380703	0.774171	0.15227	0.0502085	0.000100009	0.259103	0.0001	0.000126541	0.329375	0.000100452	0.000100083	0.00010002	0.274104	0.000100077	0.0960874	0.0190681	0.308351	0.597342	0.40412	0.999995	0.584277	0.000125379	0.999995	0.000100108	0.140281	0.121345	0.0393852	0.000100041	0.000100165	0.000100171	0.000125816	0.0774469	0.000100452
69	A	T	ORF	S	NULL	0	0	0	0	0.412075	0.999967	0.0762994	0.308064	0.0001	0.0001	0.567093	0.000100055	0.45508	0.66315	0.000100457	0.000100138	0.0150235	0.00909621	0.241097	0.999967	0.609098	0.267059	0.000101147	0.0001	0.162134	0.0001	0.740115	0.0001	0.0370743	0.506159	0.999967	0.000104208	0.0001	0.0530281	0.254057	0.307063	0.0001	0.395249	0.175286	0.000102324	0.0001	0.0001	0.000101819	0.0001	0.000101846	0.235294	0.112109	0.167161	0.116038	0.70211	0.760119	0.000100004	0.0602981	0.999967
70	A	T	ORF	S	NULL	0	0	0	0	0	0	0	0	0	0	0	0	0	0	0	0	0	0	0	0	0	0	0	0	0	0	0	0	0	0	0	0	0	0	0	0	0	0	0	0	0	0	0	0	0	0	0	0	0	0	0	0	0	0
71	A	T	ORF	S	NULL	0	0	0	0	0.412075	0.999967	0.0762994	0.308064	0.0001	0.0001	0.567093	0.000100055	0.45508	0.66315	0.000100457	0.000100138	0.0150235	0.00909621	0.241097	0.999967	0.609098	0.267059	0.000101147	0.0001	0.162134	0.0001	0.740115	0.0001	0.0370743	0.506159	0.999967	0.000104208	0.0001	0.0530281	0.254057	0.307063	0.0001	0.395249	0.175286	0.000102324	0.0001	0.0001	0.000101819	0.0001	0.000101846	0.235294	0.112109	0.167161	0.116038	0.70211	0.760119	0.000100004	0.0602981	0.999967
72	A	T	ORF	S	NULL	0	0	0	0	0	0	0	0	0	0	0	0	0	0	0	0	0	0	0	0	0	0	0	0	0	0	0	0	0	0	0	0	0	0	0	0	0	0	0	0	0	0	0	0	0	0	0	0	0	0	0	0	0	0
73	A	T	ORF	S	NULL	0	0	0	0	0	0	0	0	0	0	0	0	0	0	0	0	0	0	0	0	0	0	0	0	0	0	0	0	0	0	0	0	0	0	0	0	0	0	0	0	0	0	0	0	0	0	0	0	0	0	0	0	0	0
74	A	T	ORF	S	NULL	0	0	0	0	0	0	0	0	0	0	0	0	0	0	0	0	0	0	0	0	0	0	0	0	0	0	0	0	0	0	0	0	0	0	0	0	0	0	0	0	0	0	0	0	0	0	0	0	0	0	0	0	0	0
75	A	T	ORF	S	NULL	0	0	0	0	0.178977	0.000101776	0.193194	0.251984	0.0001	0.0001	0.000101063	0.00395841	0.517013	0.00703447	0.0001	0.115969	0.000100027	0.448131	0.124046	0.000101776	0.000101127	0.000100408	0.000100001	0.6972	0.000100268	0.451004	0.000101327	0.0001	0.0610379	0.120097	0.000101776	0.128969	0.99996	0.000100096	0.000100373	0.329993	0.0001	0.224165	0.000100296	0.000100022	0.0001	0.415095	0.441079	0.0001	0.438003	0.231029	0.297115	0.284189	0.883051	0.0001013	0.238984	0.655102	0.546231	0.000101776
76	A	T	ORF	S	NULL	0	0	0	0	0	0	0	0	0	0	0	0	0	0	0	0	0	0	0	0	0	0	0	0	0	0	0	0	0	0	0	0	0	0	0	0	0	0	0	0	0	0	0	0	0	0	0	0	0	0	0	0	0	0
77	A	T	ORF	S	NULL	0	0	0	0	0	0	0	0	0	0	0	0	0	0	0	0	0	0	0	0	0	0	0	0	0	0	0	0	0	0	0	0	0	0	0	0	0	0	0	0	0	0	0	0	0	0	0	0	0	0	0	0	0	0
78	A	T	ORF	S	NULL	0	0	0	0	0	0	0	0	0	0	0	0	0	0	0	0	0	0	0	0	0	0	0	0	0	0	0	0	0	0	0	0	0	0	0	0	0	0	0	0	0	0	0	0	0	0	0	0	0	0	0	0	0	0
79	A	T	ORF	S	NULL	0	0	0	0	0	0	0	0	0	0	0	0	0	0	0	0	0	0	0	0	0	0	0	0	0	0	0	0	0	0	0	0	0	0	0	0	0	0	0	0	0	0	0	0	0	0	0	0	0	0	0	0	0	0
80	A	T	ORF	S	NULL	0	0	0	0	0	0	0	0	0	0	0	0	0	0	0	0	0	0	0	0	0	0	0	0	0	0	0	0	0	0	0	0	0	0	0	0	0	0	0	0	0	0	0	0	0	0	0	0	0	0	0	0	0	0
81	A	T	ORF	S	NULL	0	0	0	0	0	0	0	0	0	0	0	0	0	0	0	0	0	0	0	0	0	0	0	0	0	0	0	0	0	0	0	0	0	0	0	0	0	0	0	0	0	0	0	0	0	0	0	0	0	0	0	0	0	0
82	A	T	ORF	S	NULL	0	0	0	0	0	0	0	0	0	0	0	0	0	0	0	0	0	0	0	0	0	0	0	0	0	0	0	0	0	0	0	0	0	0	0	0	0	0	0	0	0	0	0	0	0	0	0	0	0	0	0	0	0	0
83	A	T	ORF	S	NULL	0	0	0	0	0	0	0	0	0	0	0	0	0	0	0	0	0	0	0	0	0	0	0	0	0	0	0	0	0	0	0	0	0	0	0	0	0	0	0	0	0	0	0	0	0	0	0	0	0	0	0	0	0	0
84	A	T	ORF	S	NULL	0	0	0	0	0	0	0	0	0	0	0	0	0	0	0	0	0	0	0	0	0	0	0	0	0	0	0	0	0	0	0	0	0	0	0	0	0	0	0	0	0	0	0	0	0	0	0	0	0	0	0	0	0	0
85	A	T	ORF	S	NULL	0	0	0	0	0	0	0	0	0	0	0	0	0	0	0	0	0	0	0	0	0	0	0	0	0	0	0	0	0	0	0	0	0	0	0	0	0	0	0	0	0	0	0	0	0	0	0	0	0	0	0	0	0	0
86	A	T	ORF	S	NULL	0	0	0	0	0	0	0	0	0	0	0	0	0	0	0	0	0	0	0	0	0	0	0	0	0	0	0	0	0	0	0	0	0	0	0	0	0	0	0	0	0	0	0	0	0	0	0	0	0	0	0	0	0	0
87	A	T	ORF	S	NULL	0	0	0	0	0	0	0	0	0	0	0	0	0	0	0	0	0	0	0	0	0	0	0	0	0	0	0	0	0	0	0	0	0	0	0	0	0	0	0	0	0	0	0	0	0	0	0	0	0	0	0	0	0	0
88	A	T	ORF	S	NULL	0	0	0	0	0	0	0	0	0	0	0	0	0	0	0	0	0	0	0	0	0	0	0	0	0	0	0	0	0	0	0	0	0	0	0	0	0	0	0	0	0	0	0	0	0	0	0	0	0	0	0	0	0	0
89	A	T	ORF	S	NULL	0	0	0	0	0.178977	0.000101776	0.193194	0.251984	0.0001	0.0001	0.000101063	0.00395841	0.517013	0.00703447	0.0001	0.115969	0.000100027	0.448131	0.124046	0.000101776	0.000101127	0.000100408	0.000100001	0.6972	0.000100268	0.451004	0.000101327	0.0001	0.0610379	0.120097	0.000101776	0.128969	0.99996	0.000100096	0.000100373	0.329993	0.0001	0.224165	0.000100296	0.000100022	0.0001	0.415095	0.441079	0.0001	0.438003	0.231029	0.297115	0.284189	0.883051	0.0001013	0.238984	0.655102	0.546231	0.000101776
90	A	T	ORF	S	NULL	0	0	0	0	0	0	0	0	0	0	0	0	0	0	0	0	0	0	0	0	0	0	0	0	0	0	0	0	0	0	0	0	0	0	0	0	0	0	0	0	0	0	0	0	0	0	0	0	0	0	0	0	0	0
91	A	T	ORF	S	NULL	0	0	0	0	0	0	0	0	0	0	0	0	0	0	0	0	0	0	0	0	0	0	0	0	0	0	0	0	0	0	0	0	0	0	0	0	0	0	0	0	0	0	0	0	0	0	0	0	0	0	0	0	0	0
92	A	T	ORF	S	NULL	0	0	0	0	0	0	0	0	0	0	0	0	0	0	0	0	0	0	0	0	0	0	0	0	0	0	0	0	0	0	0	0	0	0	0	0	0	0	0	0	0	0	0	0	0	0	0	0	0	0	0	0	0	0
93	A	T	ORF	S	NULL	0	0	0	0	0	0	0	0	0	0	0	0	0	0	0	0	0	0	0	0	0	0	0	0	0	0	0	0	0	0	0	0	0	0	0	0	0	0	0	0	0	0	0	0	0	0	0	0	0	0	0	0	0	0
94	A	T	ORF	S	NULL	0	0	0	0	0	0	0	0	0	0	0	0	0	0	0	0	0	0	0	0	0	0	0	0	0	0	0	0	0	0	0	0	0	0	0	0	0	0	0	0	0	0	0	0	0	0	0	0	0	0	0	0	0	0
95	A	T	ORF	S	NULL	0	0	0	0	0	0	0	0	0	0	0	0	0	0	0	0	0	0	0	0	0	0	0	0	0	0	0	0	0	0	0	0	0	0	0	0	0	0	0	0	0	0	0	0	0	0	0	0	0	0	0	0	0	0
96	A	T	ORF	S	NULL	0	0	0	0	0	0	0	0	0	0	0	0	0	0	0	0	0	0	0	0	0	0	0	0	0	0	0	0	0	0	0	0	0	0	0	0	0	0	0	0	0	0	0	0	0	0	0	0	0	0	0	0	0	0
97	A	T	ORF	S	NULL	0	0	0	0	0	0	0	0	0	0	0	0	0	0	0	0	0	0	0	0	0	0	0	0	0	0	0	0	0	0	0	0	0	0	0	0	0	0	0	0	0	0	0	0	0	0	0	0	0	0	0	0	0	0
98	A	T	ORF	S	NULL	0	0	0	0	0	0	0	0	0	0	0	0	0	0	0	0	0	0	0	0	0	0	0	0	0	0	0	0	0	0	0	0	0	0	0	0	0	0	0	0	0	0	0	0	0	0	0	0	0	0	0	0	0	0
99	A	T	ORF	S	NULL	0	0	0	0	0	0	0	0	0	0	0	0	0	0	0	0	0	0	0	0	0	0	0	0	0	0	0	0	0	0	0	0	0	0	0	0	0	0	0	0	0	0	0	0	0	0	0	0	0	0	0	0	0	0
100	A	T	ORF	S	NULL	0	0	0	0	0.479094	0.000202229	0.668696	0.252084	0.0002	0.287205	0.329213	0.986168	0.517113	0.146182	0.90929	0.408083	0.0621744	0.989532	0.17318	0.000202229	0.00020127	0.0381707	0.774271	0.84947	0.0503088	0.451104	0.259205	0.0002	0.0611644	0.449472	0.000202229	0.129069	1.00006	0.274204	0.000200451	0.42608	0.0191681	0.532517	0.597443	0.40422	1.00009	0.999372	0.441204	1.00009	0.438103	0.37131	0.418459	0.323574	0.883151	0.000201465	0.239084	0.655228	0.623678	0.000202229
