pos	ref	alt	gene	N/S	AA	nSRAsubclonal	nSRAclonal	nSRA	nConsensus	sample0|Earth	sample1|Earth	sample2|Earth	sample3|Earth	sample4|Earth	sample5|Earth	sample6|Earth	sample7|Earth	sample8|Earth	sample9|Earth	sample10|Earth	sample11|Earth	sample12|Earth	sample13|Earth	sample14|Earth	sample15|Earth	sample16|Earth	sample17|Earth	sample18|Earth	sample19|Earth	sample20|Earth	sample21|Earth	sample22|Earth	sample23|Earth	sample24|Earth	sample25|Earth	sample26|Earth	sample27|Earth	sample28|Earth	sample29|Earth	sample30|Earth	sample31|Earth	sample32|Earth	sample33|Earth	sample34|Earth	sample35|Earth	sample36|Earth	sample37|Earth	sample38|Earth	sample39|Earth	sample40|Earth	sample41|Earth	sample42|Earth	sample43|Earth	sample44|Earth	sample45|Earth	sample46|Earth	sample47|Earth	sample48|Earth	sample49|Earth
1	A	T	ORF	S	NULL	0	0	0	0	0	0	0	0	0	0	0	0	0	0	0	0	0	0	0	0	0	0	0	0	0	0	0	0	0	0	0	0	0	0	0	0	0	0	0	0	0	0	0	0	0	0	0	0	0	0	0	0	0	0
2	A	T	ORF	S	NULL	0	0	0	0	0	0	0	0	0	0	0	0	0	0	0	0	0	0	0	0	0	0	0	0	0	0	0	0	0	0	0	0	0	0	0	0	0	0	0	0	0	0	0	0	0	0	0	0	0	0	0	0	0	0
3	A	T	ORF	S	NULL	0	0	0	0	0	0	0	0	0	0	0	0	0	0	0	0	0	0	0	0	0	0	0	0	0	0	0	0	0	0	0	0	0	0	0	0	0	0	0	0	0	0	0	0	0	0	0	0	0	0	0	0	0	0
4	A	T	ORF	S	NULL	0	0	0	0	0	0	0	0	0	0	0	0	0	0	0	0	0	0	0	0	0	0	0	0	0	0	0	0	0	0	0	0	0	0	0	0	0	0	0	0	0	0	0	0	0	0	0	0	0	0	0	0	0	0
5	A	T	ORF	S	NULL	0	0	0	0	0	0	0	0	0	0	0	0	0	0	0	0	0	0	0	0	0	0	0	0	0	0	0	0	0	0	0	0	0	0	0	0	0	0	0	0	0	0	0	0	0	0	0	0	0	0	0	0	0	0
6	A	T	ORF	S	NULL	0	0	0	0	0	0	0	0	0	0	0	0	0	0	0	0	0	0	0	0	0	0	0	0	0	0	0	0	0	0	0	0	0	0	0	0	0	0	0	0	0	0	0	0	0	0	0	0	0	0	0	0	0	0
7	A	T	ORF	S	NULL	0	0	0	0	0	0	0	0	0	0	0	0	0	0	0	0	0	0	0	0	0	0	0	0	0	0	0	0	0	0	0	0	0	0	0	0	0	0	0	0	0	0	0	0	0	0	0	0	0	0	0	0	0	0
8	A	T	ORF	S	NULL	0	0	0	0	0	0	0	0	0	0	0	0	0	0	0	0	0	0	0	0	0	0	0	0	0	0	0	0	0	0	0	0	0	0	0	0	0	0	0	0	0	0	0	0	0	0	0	0	0	0	0	0	0	0
9	A	T	ORF	S	NULL	0	0	0	0	0	0	0	0	0	0	0	0	0	0	0	0	0	0	0	0	0	0	0	0	0	0	0	0	0	0	0	0	0	0	0	0	0	0	0	0	0	0	0	0	0	0	0	0	0	0	0	0	0	0
10	A	T	ORF	S	NULL	0	0	0	0	0	0	0	0	0	0	0	0	0	0	0	0	0	0	0	0	0	0	0	0	0	0	0	0	0	0	0	0	0	0	0	0	0	0	0	0	0	0	0	0	0	0	0	0	0	0	0	0	0	0
11	A	T	ORF	S	NULL	0	0	0	0	0.178987	0.0001	0.193207	0.251997	0.0001	0.0001	0.0001	0.00390056	0.517025	0.00703288	0.0001	0.115972	0.0001	0.448198	0.124048	0.0001	0.0001	0.0001	0.0001	0.697248	0.0001	0.45101	0.0001	0.0001	0.0610397	0.120139	0.0001	0.128983	0.999937	0.0001	0.0001	0.329994	0.0001	0.224189	0.0001	0.0001	0.0001	0.415125	0.4411	0.0001	0.438034	0.231123	0.297093	0.284161	0.883008	0.0001	0.238982	0.655119	0.546228	0.0001
12	A	T	ORF	S	NULL	0	0	0	0	0	0	0	0	0	0	0	0	0	0	0	0	0	0	0	0	0	0	0	0	0	0	0	0	0	0	0	0	0	0	0	0	0	0	0	0	0	0	0	0	0	0	0	0	0	0	0	0	0	0
13	A	T	ORF	S	NULL	0	0	0	0	0	0	0	0	0	0	0	0	0	0	0	0	0	0	0	0	0	0	0	0	0	0	0	0	0	0	0	0	0	0	0	0	0	0	0	0	0	0	0	0	0	0	0	0	0	0	0	0	0	0
14	A	T	ORF	S	NULL	0	0	0	0	0	0	0	0	0	0	0	0	0	0	0	0	0	0	0	0	0	0	0	0	0	0	0	0	0	0	0	0	0	0	0	0	0	0	0	0	0	0	0	0	0	0	0	0	0	0	0	0	0	0
15	A	T	ORF	S	NULL	0	0	0	0	0.178987	0.0001	0.193207	0.251997	0.0001	0.0001	0.0001	0.00390056	0.517025	0.00703288	0.0001	0.115972	0.0001	0.448198	0.124048	0.0001	0.0001	0.0001	0.0001	0.697248	0.0001	0.45101	0.0001	0.0001	0.0610397	0.120139	0.0001	0.128983	0.999937	0.0001	0.0001	0.329994	0.0001	0.224189	0.0001	0.0001	0.0001	0.415125	0.4411	0.0001	0.438034	0.231123	0.297093	0.284161	0.883008	0.0001	0.238982	0.655119	0.546228	0.0001
16	A	T	ORF	S	NULL	0	0	0	0	0.300109	0.0001	0.475354	0.0001	0.0001	0.28717	0.329139	0.982236	0.0001	0.139146	0.909218	0.292113	0.0621015	0.541384	0.0491289	0.0001	0.0001	0.0381371	0.774146	0.152254	0.0502083	0.0001	0.259125	0.0001	0.0001	0.329433	0.0001	0.0001	0.0001	0.274048	0.0001	0.0960357	0.0190677	0.30841	0.59734	0.404065	0.999976	0.584267	0.000152589	0.999976	0.000100314	0.140146	0.121331	0.0395794	0.0001	0.0001	0.000100594	0.00011866	0.0775264	0.0001
17	A	T	ORF	S	NULL	0	0	0	0	0	0	0	0	0	0	0	0	0	0	0	0	0	0	0	0	0	0	0	0	0	0	0	0	0	0	0	0	0	0	0	0	0	0	0	0	0	0	0	0	0	0	0	0	0	0	0	0	0	0
18	A	T	ORF	S	NULL	0	0	0	0	0	0	0	0	0	0	0	0	0	0	0	0	0	0	0	0	0	0	0	0	0	0	0	0	0	0	0	0	0	0	0	0	0	0	0	0	0	0	0	0	0	0	0	0	0	0	0	0	0	0
19	A	T	ORF	S	NULL	0	0	0	0	0.300109	0.0001	0.475354	0.0001	0.0001	0.28717	0.329139	0.982236	0.0001	0.139146	0.909218	0.292113	0.0621015	0.541384	0.0491289	0.0001	0.0001	0.0381371	0.774146	0.152254	0.0502083	0.0001	0.259125	0.0001	0.0001	0.329433	0.0001	0.0001	0.0001	0.274048	0.0001	0.0960357	0.0190677	0.30841	0.59734	0.404065	0.999976	0.584267	0.000152589	0.999976	0.000100314	0.140146	0.121331	0.0395794	0.0001	0.0001	0.000100594	0.00011866	0.0775264	0.0001
20	A	T	ORF	S	NULL	0	0	0	0	0	0	0	0	0	0	0	0	0	0	0	0	0	0	0	0	0	0	0	0	0	0	0	0	0	0	0	0	0	0	0	0	0	0	0	0	0	0	0	0	0	0	0	0	0	0	0	0	0	0
21	A	T	ORF	S	NULL	0	0	0	0	0.287414	0.0002	0.235064	0.252417	1.00009	0.712558	0.103495	0.00454179	0.544455	0.185136	0.000480282	0.631464	0.922605	0.448848	0.552176	0.0002	0.390381	0.108478	0.000680837	0.847196	0.609985	0.999364	0.000475417	1.00009	0.336959	0.120764	0.0002	0.129429	1.00004	0.67242	0.13837	0.330276	0.980626	0.229271	0.0670824	0.142348	0.0002	0.415403	0.442149	0.0002	0.438433	0.605548	0.765604	0.50545	0.883703	0.297535	0.23939	0.931239	0.567694	0.0002
22	A	T	ORF	S	NULL	0	0	0	0	0	0	0	0	0	0	0	0	0	0	0	0	0	0	0	0	0	0	0	0	0	0	0	0	0	0	0	0	0	0	0	0	0	0	0	0	0	0	0	0	0	0	0	0	0	0	0	0	0	0
23	A	T	ORF	S	NULL	0	0	0	0	0	0	0	0	0	0	0	0	0	0	0	0	0	0	0	0	0	0	0	0	0	0	0	0	0	0	0	0	0	0	0	0	0	0	0	0	0	0	0	0	0	0	0	0	0	0	0	0	0	0
24	A	T	ORF	S	NULL	0	0	0	0	0	0	0	0	0	0	0	0	0	0	0	0	0	0	0	0	0	0	0	0	0	0	0	0	0	0	0	0	0	0	0	0	0	0	0	0	0	0	0	0	0	0	0	0	0	0	0	0	0	0
25	A	T	ORF	S	NULL	0	0	0	0	0	0	0	0	0	0	0	0	0	0	0	0	0	0	0	0	0	0	0	0	0	0	0	0	0	0	0	0	0	0	0	0	0	0	0	0	0	0	0	0	0	0	0	0	0	0	0	0	0	0
26	A	T	ORF	S	NULL	0	0	0	0	0	0	0	0	0	0	0	0	0	0	0	0	0	0	0	0	0	0	0	0	0	0	0	0	0	0	0	0	0	0	0	0	0	0	0	0	0	0	0	0	0	0	0	0	0	0	0	0	0	0
27	A	T	ORF	S	NULL	0	0	0	0	0.300109	0.0001	0.475354	0.0001	0.0001	0.28717	0.329139	0.982236	0.0001	0.139146	0.909218	0.292113	0.0621015	0.541384	0.0491289	0.0001	0.0001	0.0381371	0.774146	0.152254	0.0502083	0.0001	0.259125	0.0001	0.0001	0.329433	0.0001	0.0001	0.0001	0.274048	0.0001	0.0960357	0.0190677	0.30841	0.59734	0.404065	0.999976	0.584267	0.000152589	0.999976	0.000100314	0.140146	0.121331	0.0395794	0.0001	0.0001	0.000100594	0.00011866	0.0775264	0.0001
28	A	T	ORF	S	NULL	0	0	0	0	0	0	0	0	0	0	0	0	0	0	0	0	0	0	0	0	0	0	0	0	0	0	0	0	0	0	0	0	0	0	0	0	0	0	0	0	0	0	0	0	0	0	0	0	0	0	0	0	0	0
29	A	T	ORF	S	NULL	0	0	0	0	0	0	0	0	0	0	0	0	0	0	0	0	0	0	0	0	0	0	0	0	0	0	0	0	0	0	0	0	0	0	0	0	0	0	0	0	0	0	0	0	0	0	0	0	0	0	0	0	0	0
30	A	T	ORF	S	NULL	0	0	0	0	0	0	0	0	0	0	0	0	0	0	0	0	0	0	0	0	0	0	0	0	0	0	0	0	0	0	0	0	0	0	0	0	0	0	0	0	0	0	0	0	0	0	0	0	0	0	0	0	0	0
31	A	T	ORF	S	NULL	0	0	0	0	0	0	0	0	0	0	0	0	0	0	0	0	0	0	0	0	0	0	0	0	0	0	0	0	0	0	0	0	0	0	0	0	0	0	0	0	0	0	0	0	0	0	0	0	0	0	0	0	0	0
32	A	T	ORF	S	NULL	0	0	0	0	0	0	0	0	0	0	0	0	0	0	0	0	0	0	0	0	0	0	0	0	0	0	0	0	0	0	0	0	0	0	0	0	0	0	0	0	0	0	0	0	0	0	0	0	0	0	0	0	0	0
33	A	T	ORF	S	NULL	0	0	0	0	0	0	0	0	0	0	0	0	0	0	0	0	0	0	0	0	0	0	0	0	0	0	0	0	0	0	0	0	0	0	0	0	0	0	0	0	0	0	0	0	0	0	0	0	0	0	0	0	0	0
34	A	T	ORF	S	NULL	0	0	0	0	0	0	0	0	0	0	0	0	0	0	0	0	0	0	0	0	0	0	0	0	0	0	0	0	0	0	0	0	0	0	0	0	0	0	0	0	0	0	0	0	0	0	0	0	0	0	0	0	0	0
35	A	T	ORF	S	NULL	0	0	0	0	0	0	0	0	0	0	0	0	0	0	0	0	0	0	0	0	0	0	0	0	0	0	0	0	0	0	0	0	0	0	0	0	0	0	0	0	0	0	0	0	0	0	0	0	0	0	0	0	0	0
36	A	T	ORF	S	NULL	0	0	0	0	0.178987	0.0001	0.193207	0.251997	0.0001	0.0001	0.0001	0.00390056	0.517025	0.00703288	0.0001	0.115972	0.0001	0.448198	0.124048	0.0001	0.0001	0.0001	0.0001	0.697248	0.0001	0.45101	0.0001	0.0001	0.0610397	0.120139	0.0001	0.128983	0.999937	0.0001	0.0001	0.329994	0.0001	0.224189	0.0001	0.0001	0.0001	0.415125	0.4411	0.0001	0.438034	0.231123	0.297093	0.284161	0.883008	0.0001	0.238982	0.655119	0.546228	0.0001
37	A	T	ORF	S	NULL	0	0	0	0	0	0	0	0	0	0	0	0	0	0	0	0	0	0	0	0	0	0	0	0	0	0	0	0	0	0	0	0	0	0	0	0	0	0	0	0	0	0	0	0	0	0	0	0	0	0	0	0	0	0
38	A	T	ORF	S	NULL	0	0	0	0	0.178987	0.0001	0.193207	0.251997	0.0001	0.0001	0.0001	0.00390056	0.517025	0.00703288	0.0001	0.115972	0.0001	0.448198	0.124048	0.0001	0.0001	0.0001	0.0001	0.697248	0.0001	0.45101	0.0001	0.0001	0.0610397	0.120139	0.0001	0.128983	0.999937	0.0001	0.0001	0.329994	0.0001	0.224189	0.0001	0.0001	0.0001	0.415125	0.4411	0.0001	0.438034	0.231123	0.297093	0.284161	0.883008	0.0001	0.238982	0.655119	0.546228	0.0001
39	A	T	ORF	S	NULL	0	0	0	0	0	0	0	0	0	0	0	0	0	0	0	0	0	0	0	0	0	0	0	0	0	0	0	0	0	0	0	0	0	0	0	0	0	0	0	0	0	0	0	0	0	0	0	0	0	0	0	0	0	0
40	A	T	ORF	S	NULL	0	0	0	0	0	0	0	0	0	0	0	0	0	0	0	0	0	0	0	0	0	0	0	0	0	0	0	0	0	0	0	0	0	0	0	0	0	0	0	0	0	0	0	0	0	0	0	0	0	0	0	0	0	0
41	A	T	ORF	S	NULL	0	0	0	0	0.412109	0.999983	0.0763461	0.308064	0.0001	0.0001	0.567095	0.0001	0.455085	0.663155	0.0001	0.0001	0.0150203	0.00909448	0.241142	0.999983	0.609148	0.267049	0.0001	0.0001	0.162134	0.0001	0.740153	0.0001	0.0369048	0.506154	0.999983	0.0001	0.0001	0.0530723	0.253935	0.306942	0.0001	0.395245	0.175286	0.0001	0.0001	0.0001	0.000104907	0.0001	0.0001	0.235299	0.111915	0.1672	0.116003	0.702116	0.760158	0.0001	0.0603909	0.999983
42	A	T	ORF	S	NULL	0	0	0	0	0	0	0	0	0	0	0	0	0	0	0	0	0	0	0	0	0	0	0	0	0	0	0	0	0	0	0	0	0	0	0	0	0	0	0	0	0	0	0	0	0	0	0	0	0	0	0	0	0	0
43	A	T	ORF	S	NULL	0	0	0	0	0	0	0	0	0	0	0	0	0	0	0	0	0	0	0	0	0	0	0	0	0	0	0	0	0	0	0	0	0	0	0	0	0	0	0	0	0	0	0	0	0	0	0	0	0	0	0	0	0	0
44	A	T	ORF	S	NULL	0	0	0	0	0.300109	0.0001	0.475354	0.0001	0.0001	0.28717	0.329139	0.982236	0.0001	0.139146	0.909218	0.292113	0.0621015	0.541384	0.0491289	0.0001	0.0001	0.0381371	0.774146	0.152254	0.0502083	0.0001	0.259125	0.0001	0.0001	0.329433	0.0001	0.0001	0.0001	0.274048	0.0001	0.0960357	0.0190677	0.30841	0.59734	0.404065	0.999976	0.584267	0.000152589	0.999976	0.000100314	0.140146	0.121331	0.0395794	0.0001	0.0001	0.000100594	0.00011866	0.0775264	0.0001
45	A	T	ORF	S	NULL	0	0	0	0	0	0	0	0	0	0	0	0	0	0	0	0	0	0	0	0	0	0	0	0	0	0	0	0	0	0	0	0	0	0	0	0	0	0	0	0	0	0	0	0	0	0	0	0	0	0	0	0	0	0
46	A	T	ORF	S	NULL	0	0	0	0	0	0	0	0	0	0	0	0	0	0	0	0	0	0	0	0	0	0	0	0	0	0	0	0	0	0	0	0	0	0	0	0	0	0	0	0	0	0	0	0	0	0	0	0	0	0	0	0	0	0
47	A	T	ORF	S	NULL	0	0	0	0	0	0	0	0	0	0	0	0	0	0	0	0	0	0	0	0	0	0	0	0	0	0	0	0	0	0	0	0	0	0	0	0	0	0	0	0	0	0	0	0	0	0	0	0	0	0	0	0	0	0
48	A	T	ORF	S	NULL	0	0	0	0	0	0	0	0	0	0	0	0	0	0	0	0	0	0	0	0	0	0	0	0	0	0	0	0	0	0	0	0	0	0	0	0	0	0	0	0	0	0	0	0	0	0	0	0	0	0	0	0	0	0
49	A	T	ORF	S	NULL	0	0	0	0	0	0	0	0	0	0	0	0	0	0	0	0	0	0	0	0	0	0	0	0	0	0	0	0	0	0	0	0	0	0	0	0	0	0	0	0	0	0	0	0	0	0	0	0	0	0	0	0	0	0
50	A	T	ORF	S	NULL	0	0	0	0	0.412476	1.00008	0.289583	0.747513	0.0002	0.000455511	0.567466	0.0133222	0.455477	0.675718	0.0904829	0.0765001	0.0153936	0.00976758	0.398695	1.00008	0.609707	0.853485	0.22537	0.000562687	0.339906	0.000714035	0.7405	0.0002	0.662981	0.549803	1.00008	0.870656	0.0002	0.0536329	0.861712	0.573688	0.00048435	0.462318	0.335659	0.453722	0.0002	0.000396984	0.557698	0.0002	0.561553	0.254305	0.113065	0.454971	0.116253	0.702499	0.760511	0.0686758	0.35478	1.00008
51	A	T	ORF	S	NULL	0	0	0	0	0	0	0	0	0	0	0	0	0	0	0	0	0	0	0	0	0	0	0	0	0	0	0	0	0	0	0	0	0	0	0	0	0	0	0	0	0	0	0	0	0	0	0	0	0	0	0	0	0	0
52	A	T	ORF	S	NULL	0	0	0	0	0.000366989	0.0001	0.213236	0.439449	0.0001	0.000355511	0.000370856	0.0132222	0.000392079	0.0125628	0.0903829	0.0764001	0.000373236	0.000673107	0.157553	0.0001	0.000559184	0.586435	0.22527	0.000462687	0.177772	0.000614035	0.00034717	0.0001	0.626076	0.0436482	0.0001	0.870556	0.0001	0.000560561	0.607778	0.266746	0.00038435	0.0670737	0.160373	0.453622	0.0001	0.000296984	0.557593	0.0001	0.561453	0.0190061	0.00114984	0.287771	0.00024974	0.000383232	0.000353228	0.0685758	0.294389	0.0001
53	A	T	ORF	S	NULL	0	0	0	0	0	0	0	0	0	0	0	0	0	0	0	0	0	0	0	0	0	0	0	0	0	0	0	0	0	0	0	0	0	0	0	0	0	0	0	0	0	0	0	0	0	0	0	0	0	0	0	0	0	0
54	A	T	ORF	S	NULL	0	0	0	0	0	0	0	0	0	0	0	0	0	0	0	0	0	0	0	0	0	0	0	0	0	0	0	0	0	0	0	0	0	0	0	0	0	0	0	0	0	0	0	0	0	0	0	0	0	0	0	0	0	0
55	A	T	ORF	S	NULL	0	0	0	0	0	0	0	0	0	0	0	0	0	0	0	0	0	0	0	0	0	0	0	0	0	0	0	0	0	0	0	0	0	0	0	0	0	0	0	0	0	0	0	0	0	0	0	0	0	0	0	0	0	0
56	A	T	ORF	S	NULL	0	0	0	0	0	0	0	0	0	0	0	0	0	0	0	0	0	0	0	0	0	0	0	0	0	0	0	0	0	0	0	0	0	0	0	0	0	0	0	0	0	0	0	0	0	0	0	0	0	0	0	0	0	0
57	A	T	ORF	S	NULL	0	0	0	0	0	0	0	0	0	0	0	0	0	0	0	0	0	0	0	0	0	0	0	0	0	0	0	0	0	0	0	0	0	0	0	0	0	0	0	0	0	0	0	0	0	0	0	0	0	0	0	0	0	0
58	A	T	ORF	S	NULL	0	0	0	0	0	0	0	0	0	0	0	0	0	0	0	0	0	0	0	0	0	0	0	0	0	0	0	0	0	0	0	0	0	0	0	0	0	0	0	0	0	0	0	0	0	0	0	0	0	0	0	0	0	0
59	A	T	ORF	S	NULL	0	0	0	0	0	0	0	0	0	0	0	0	0	0	0	0	0	0	0	0	0	0	0	0	0	0	0	0	0	0	0	0	0	0	0	0	0	0	0	0	0	0	0	0	0	0	0	0	0	0	0	0	0	0
60	A	T	ORF	S	NULL	0	0	0	0	0	0	0	0	0	0	0	0	0	0	0	0	0	0	0	0	0	0	0	0	0	0	0	0	0	0	0	0	0	0	0	0	0	0	0	0	0	0	0	0	0	0	0	0	0	0	0	0	0	0
61	A	T	ORF	S	NULL	0	0	0	0	0	0	0	0	0	0	0	0	0	0	0	0	0	0	0	0	0	0	0	0	0	0	0	0	0	0	0	0	0	0	0	0	0	0	0	0	0	0	0	0	0	0	0	0	0	0	0	0	0	0
62	A	T	ORF	S	NULL	0	0	0	0	0	0	0	0	0	0	0	0	0	0	0	0	0	0	0	0	0	0	0	0	0	0	0	0	0	0	0	0	0	0	0	0	0	0	0	0	0	0	0	0	0	0	0	0	0	0	0	0	0	0
63	A	T	ORF	S	NULL	0	0	0	0	0.178987	0.0001	0.193207	0.251997	0.0001	0.0001	0.0001	0.00390056	0.517025	0.00703288	0.0001	0.115972	0.0001	0.448198	0.124048	0.0001	0.0001	0.0001	0.0001	0.697248	0.0001	0.45101	0.0001	0.0001	0.0610397	0.120139	0.0001	0.128983	0.999937	0.0001	0.0001	0.329994	0.0001	0.224189	0.0001	0.0001	0.0001	0.415125	0.4411	0.0001	0.438034	0.231123	0.297093	0.284161	0.883008	0.0001	0.238982	0.655119	0.546228	0.0001
64	A	T	ORF	S	NULL	0	0	0	0	0	0	0	0	0	0	0	0	0	0	0	0	0	0	0	0	0	0	0	0	0	0	0	0	0	0	0	0	0	0	0	0	0	0	0	0	0	0	0	0	0	0	0	0	0	0	0	0	0	0
65	A	T	ORF	S	NULL	0	0	0	0	0	0	0	0	0	0	0	0	0	0	0	0	0	0	0	0	0	0	0	0	0	0	0	0	0	0	0	0	0	0	0	0	0	0	0	0	0	0	0	0	0	0	0	0	0	0	0	0	0	0
66	A	T	ORF	S	NULL	0	0	0	0	0.108427	0.0001	0.0418573	0.000420308	0.999987	0.712458	0.103395	0.000641232	0.0274296	0.178103	0.000380282	0.515492	0.922505	0.000650005	0.428129	0.0001	0.390281	0.108378	0.000580837	0.149948	0.609885	0.548354	0.000375417	0.999987	0.275919	0.000624982	0.0001	0.000445656	0.0001	0.67232	0.13827	0.000281718	0.980526	0.00508213	0.0669824	0.142248	0.0001	0.000277801	0.0010498	0.0001	0.000398623	0.374426	0.46851	0.221289	0.000694681	0.297435	0.000407283	0.27612	0.0214656	0.0001
67	A	T	ORF	S	NULL	0	0	0	0	0.412109	0.999983	0.0763461	0.308064	0.0001	0.0001	0.567095	0.0001	0.455085	0.663155	0.0001	0.0001	0.0150203	0.00909448	0.241142	0.999983	0.609148	0.267049	0.0001	0.0001	0.162134	0.0001	0.740153	0.0001	0.0369048	0.506154	0.999983	0.0001	0.0001	0.0530723	0.253935	0.306942	0.0001	0.395245	0.175286	0.0001	0.0001	0.0001	0.000104907	0.0001	0.0001	0.235299	0.111915	0.1672	0.116003	0.702116	0.760158	0.0001	0.0603909	0.999983
68	A	T	ORF	S	NULL	0	0	0	0	0.300109	0.0001	0.475354	0.0001	0.0001	0.28717	0.329139	0.982236	0.0001	0.139146	0.909218	0.292113	0.0621015	0.541384	0.0491289	0.0001	0.0001	0.0381371	0.774146	0.152254	0.0502083	0.0001	0.259125	0.0001	0.0001	0.329433	0.0001	0.0001	0.0001	0.274048	0.0001	0.0960357	0.0190677	0.30841	0.59734	0.404065	0.999976	0.584267	0.000152589	0.999976	0.000100314	0.140146	0.121331	0.0395794	0.0001	0.0001	0.000100594	0.00011866	0.0775264	0.0001
69	A	T	ORF	S	NULL	0	0	0	0	0.412109	0.999983	0.0763461	0.308064	0.0001	0.0001	0.567095	0.0001	0.455085	0.663155	0.0001	0.0001	0.0150203	0.00909448	0.241142	0.999983	0.609148	0.267049	0.0001	0.0001	0.162134	0.0001	0.740153	0.0001	0.0369048	0.506154	0.999983	0.0001	0.0001	0.0530723	0.253935	0.306942	0.0001	0.395245	0.175286	0.0001	0.0001	0.0001	0.000104907	0.0001	0.0001	0.235299	0.111915	0.1672	0.116003	0.702116	0.760158	0.0001	0.0603909	0.999983
70	A	T	ORF	S	NULL	0	0	0	0	0	0	0	0	0	0	0	0	0	0	0	0	0	0	0	0	0	0	0	0	0	0	0	0	0	0	0	0	0	0	0	0	0	0	0	0	0	0	0	0	0	0	0	0	0	0	0	0	0	0
71	A	T	ORF	S	NULL	0	0	0	0	0.412109	0.999983	0.0763461	0.308064	0.0001	0.0001	0.567095	0.0001	0.455085	0.663155	0.0001	0.0001	0.0150203	0.00909448	0.241142	0.999983	0.609148	0.267049	0.0001	0.0001	0.162134	0.0001	0.740153	0.0001	0.0369048	0.506154	0.999983	0.0001	0.0001	0.0530723	0.253935	0.306942	0.0001	0.395245	0.175286	0.0001	0.0001	0.0001	0.000104907	0.0001	0.0001	0.235299	0.111915	0.1672	0.116003	0.702116	0.760158	0.0001	0.0603909	0.999983
72	A	T	ORF	S	NULL	0	0	0	0	0	0	0	0	0	0	0	0	0	0	0	0	0	0	0	0	0	0	0	0	0	0	0	0	0	0	0	0	0	0	0	0	0	0	0	0	0	0	0	0	0	0	0	0	0	0	0	0	0	0
73	A	T	ORF	S	NULL	0	0	0	0	0	0	0	0	0	0	0	0	0	0	0	0	0	0	0	0	0	0	0	0	0	0	0	0	0	0	0	0	0	0	0	0	0	0	0	0	0	0	0	0	0	0	0	0	0	0	0	0	0	0
74	A	T	ORF	S	NULL	0	0	0	0	0	0	0	0	0	0	0	0	0	0	0	0	0	0	0	0	0	0	0	0	0	0	0	0	0	0	0	0	0	0	0	0	0	0	0	0	0	0	0	0	0	0	0	0	0	0	0	0	0	0
75	A	T	ORF	S	NULL	0	0	0	0	0.178987	0.0001	0.193207	0.251997	0.0001	0.0001	0.0001	0.00390056	0.517025	0.00703288	0.0001	0.115972	0.0001	0.448198	0.124048	0.0001	0.0001	0.0001	0.0001	0.697248	0.0001	0.45101	0.0001	0.0001	0.0610397	0.120139	0.0001	0.128983	0.999937	0.0001	0.0001	0.329994	0.0001	0.224189	0.0001	0.0001	0.0001	0.415125	0.4411	0.0001	0.438034	0.231123	0.297093	0.284161	0.883008	0.0001	0.238982	0.655119	0.546228	0.0001
76	A	T	ORF	S	NULL	0	0	0	0	0	0	0	0	0	0	0	0	0	0	0	0	0	0	0	0	0	0	0	0	0	0	0	0	0	0	0	0	0	0	0	0	0	0	0	0	0	0	0	0	0	0	0	0	0	0	0	0	0	0
77	A	T	ORF	S	NULL	0	0	0	0	0	0	0	0	0	0	0	0	0	0	0	0	0	0	0	0	0	0	0	0	0	0	0	0	0	0	0	0	0	0	0	0	0	0	0	0	0	0	0	0	0	0	0	0	0	0	0	0	0	0
78	A	T	ORF	S	NULL	0	0	0	0	0	0	0	0	0	0	0	0	0	0	0	0	0	0	0	0	0	0	0	0	0	0	0	0	0	0	0	0	0	0	0	0	0	0	0	0	0	0	0	0	0	0	0	0	0	0	0	0	0	0
79	A	T	ORF	S	NULL	0	0	0	0	0	0	0	0	0	0	0	0	0	0	0	0	0	0	0	0	0	0	0	0	0	0	0	0	0	0	0	0	0	0	0	0	0	0	0	0	0	0	0	0	0	0	0	0	0	0	0	0	0	0
80	A	T	ORF	S	NULL	0	0	0	0	0	0	0	0	0	0	0	0	0	0	0	0	0	0	0	0	0	0	0	0	0	0	0	0	0	0	0	0	0	0	0	0	0	0	0	0	0	0	0	0	0	0	0	0	0	0	0	0	0	0
81	A	T	ORF	S	NULL	0	0	0	0	0	0	0	0	0	0	0	0	0	0	0	0	0	0	0	0	0	0	0	0	0	0	0	0	0	0	0	0	0	0	0	0	0	0	0	0	0	0	0	0	0	0	0	0	0	0	0	0	0	0
82	A	T	ORF	S	NULL	0	0	0	0	0	0	0	0	0	0	0	0	0	0	0	0	0	0	0	0	0	0	0	0	0	0	0	0	0	0	0	0	0	0	0	0	0	0	0	0	0	0	0	0	0	0	0	0	0	0	0	0	0	0
83	A	T	ORF	S	NULL	0	0	0	0	0	0	0	0	0	0	0	0	0	0	0	0	0	0	0	0	0	0	0	0	0	0	0	0	0	0	0	0	0	0	0	0	0	0	0	0	0	0	0	0	0	0	0	0	0	0	0	0	0	0
84	A	T	ORF	S	NULL	0	0	0	0	0	0	0	0	0	0	0	0	0	0	0	0	0	0	0	0	0	0	0	0	0	0	0	0	0	0	0	0	0	0	0	0	0	0	0	0	0	0	0	0	0	0	0	0	0	0	0	0	0	0
85	A	T	ORF	S	NULL	0	0	0	0	0	0	0	0	0	0	0	0	0	0	0	0	0	0	0	0	0	0	0	0	0	0	0	0	0	0	0	0	0	0	0	0	0	0	0	0	0	0	0	0	0	0	0	0	0	0	0	0	0	0
86	A	T	ORF	S	NULL	0	0	0	0	0	0	0	0	0	0	0	0	0	0	0	0	0	0	0	0	0	0	0	0	0	0	0	0	0	0	0	0	0	0	0	0	0	0	0	0	0	0	0	0	0	0	0	0	0	0	0	0	0	0
87	A	T	ORF	S	NULL	0	0	0	0	0	0	0	0	0	0	0	0	0	0	0	0	0	0	0	0	0	0	0	0	0	0	0	0	0	0	0	0	0	0	0	0	0	0	0	0	0	0	0	0	0	0	0	0	0	0	0	0	0	0
88	A	T	ORF	S	NULL	0	0	0	0	0	0	0	0	0	0	0	0	0	0	0	0	0	0	0	0	0	0	0	0	0	0	0	0	0	0	0	0	0	0	0	0	0	0	0	0	0	0	0	0	0	0	0	0	0	0	0	0	0	0
89	A	T	ORF	S	NULL	0	0	0	0	0.178987	0.0001	0.193207	0.251997	0.0001	0.0001	0.0001	0.00390056	0.517025	0.00703288	0.0001	0.115972	0.0001	0.448198	0.124048	0.0001	0.0001	0.0001	0.0001	0.697248	0.0001	0.45101	0.0001	0.0001	0.0610397	0.120139	0.0001	0.128983	0.999937	0.0001	0.0001	0.329994	0.0001	0.224189	0.0001	0.0001	0.0001	0.415125	0.4411	0.0001	0.438034	0.231123	0.297093	0.284161	0.883008	0.0001	0.238982	0.655119	0.546228	0.0001
90	A	T	ORF	S	NULL	0	0	0	0	0	0	0	0	0	0	0	0	0	0	0	0	0	0	0	0	0	0	0	0	0	0	0	0	0	0	0	0	0	0	0	0	0	0	0	0	0	0	0	0	0	0	0	0	0	0	0	0	0	0
91	A	T	ORF	S	NULL	0	0	0	0	0	0	0	0	0	0	0	0	0	0	0	0	0	0	0	0	0	0	0	0	0	0	0	0	0	0	0	0	0	0	0	0	0	0	0	0	0	0	0	0	0	0	0	0	0	0	0	0	0	0
92	A	T	ORF	S	NULL	0	0	0	0	0	0	0	0	0	0	0	0	0	0	0	0	0	0	0	0	0	0	0	0	0	0	0	0	0	0	0	0	0	0	0	0	0	0	0	0	0	0	0	0	0	0	0	0	0	0	0	0	0	0
93	A	T	ORF	S	NULL	0	0	0	0	0	0	0	0	0	0	0	0	0	0	0	0	0	0	0	0	0	0	0	0	0	0	0	0	0	0	0	0	0	0	0	0	0	0	0	0	0	0	0	0	0	0	0	0	0	0	0	0	0	0
94	A	T	ORF	S	NULL	0	0	0	0	0	0	0	0	0	0	0	0	0	0	0	0	0	0	0	0	0	0	0	0	0	0	0	0	0	0	0	0	0	0	0	0	0	0	0	0	0	0	0	0	0	0	0	0	0	0	0	0	0	0
95	A	T	ORF	S	NULL	0	0	0	0	0	0	0	0	0	0	0	0	0	0	0	0	0	0	0	0	0	0	0	0	0	0	0	0	0	0	0	0	0	0	0	0	0	0	0	0	0	0	0	0	0	0	0	0	0	0	0	0	0	0
96	A	T	ORF	S	NULL	0	0	0	0	0	0	0	0	0	0	0	0	0	0	0	0	0	0	0	0	0	0	0	0	0	0	0	0	0	0	0	0	0	0	0	0	0	0	0	0	0	0	0	0	0	0	0	0	0	0	0	0	0	0
97	A	T	ORF	S	NULL	0	0	0	0	0	0	0	0	0	0	0	0	0	0	0	0	0	0	0	0	0	0	0	0	0	0	0	0	0	0	0	0	0	0	0	0	0	0	0	0	0	0	0	0	0	0	0	0	0	0	0	0	0	0
98	A	T	ORF	S	NULL	0	0	0	0	0	0	0	0	0	0	0	0	0	0	0	0	0	0	0	0	0	0	0	0	0	0	0	0	0	0	0	0	0	0	0	0	0	0	0	0	0	0	0	0	0	0	0	0	0	0	0	0	0	0
99	A	T	ORF	S	NULL	0	0	0	0	0	0	0	0	0	0	0	0	0	0	0	0	0	0	0	0	0	0	0	0	0	0	0	0	0	0	0	0	0	0	0	0	0	0	0	0	0	0	0	0	0	0	0	0	0	0	0	0	0	0
100	A	T	ORF	S	NULL	0	0	0	0	0.479097	0.0002	0.66856	0.252097	0.0002	0.28727	0.329239	0.986136	0.517125	0.146178	0.909318	0.408085	0.0622015	0.989582	0.173176	0.0002	0.0002	0.0382371	0.774246	0.849502	0.0503083	0.45111	0.259225	0.0002	0.0611397	0.449572	0.0002	0.129083	1.00004	0.274148	0.0002	0.42603	0.0191677	0.532599	0.59744	0.404165	1.00008	0.999392	0.441252	1.00008	0.438134	0.371269	0.418425	0.32374	0.883108	0.0002	0.239083	0.655238	0.623754	0.0002
