pos	ref	alt	gene	N/S	AA	nSRAsubclonal	nSRAclonal	nSRA	nConsensus	sample0|Earth	sample1|Earth	sample2|Earth	sample3|Earth	sample4|Earth	sample5|Earth	sample6|Earth	sample7|Earth	sample8|Earth	sample9|Earth	sample10|Earth	sample11|Earth	sample12|Earth	sample13|Earth	sample14|Earth	sample15|Earth	sample16|Earth	sample17|Earth	sample18|Earth	sample19|Earth	sample20|Earth	sample21|Earth	sample22|Earth	sample23|Earth	sample24|Earth	sample25|Earth	sample26|Earth	sample27|Earth	sample28|Earth	sample29|Earth	sample30|Earth	sample31|Earth	sample32|Earth	sample33|Earth	sample34|Earth	sample35|Earth	sample36|Earth	sample37|Earth	sample38|Earth	sample39|Earth	sample40|Earth	sample41|Earth	sample42|Earth	sample43|Earth	sample44|Earth	sample45|Earth	sample46|Earth	sample47|Earth	sample48|Earth	sample49|Earth
1	A	T	ORF	S	NULL	0	0	0	0	0.0240247	0.887967	0.296478	0.00432975	0.916209	0.0594578	0.0001	0.0001	0.562287	0.339375	0.0333328	0.597854	0.0001	0.216166	0.998964	0.0001	0.0001	0.0001	0.0185972	0.0001	0.0001	0.0001	0.0001	0.0809232	0.0001	0.053677	0.0001	0.669721	0.0001	0.0237505	0.0001	0.0001	0.0001	0.00437887	0.0808422	0.0001	0.0001	0.0001	0.0001	0.00401895	0.0001	0.214592	0.258377	0.0001	0.0809232	0.522847	0.0001	0.0001	0.0001	0.0001
2	A	T	ORF	S	NULL	0	0	0	0	0.224911	0.0001	0.0001	0.0182933	0.000100445	0.0001	0.313296	0.0001	0.0001	0.0001	0.000102429	0.0001	0.0001	0.0001	0.0001	0.17062	0.0001	0.0001	0.582302	0.0001	0.0001	0.0001	0.0001	0.0001	0.0001	0.0001	0.0545421	0.198968	0.0001	0.0001	0.0001002	0.0001	0.0001	0.181389	0.0001	0.0383116	0.0001	0.0001	0.6026	0.0001	0.0144519	0.0001	0.000100001	0.0001	0.0001	0.0001	0.00109934	0.0001	0.0001	0.0001
3	A	T	ORF	S	NULL	0	0	0	0	0.0422568	0.888067	0.296578	0.0292849	0.916309	0.104927	0.0002	0.0002	0.605687	0.824192	0.0584107	0.843244	0.0002	0.219584	0.999064	0.0002	0.0002	0.0002	0.0324067	0.0002	0.0002	0.0002	0.812274	0.142813	0.105419	0.0857862	0.0002	0.669821	0.0002	0.0406168	0.0002	0.0002	0.0002	0.00755335	0.14267	0.0306517	0.0002	1.00002	0.0002	0.00705611	0.400115	0.214692	0.258477	0.0002	0.142813	0.529216	0.575923	0.00207763	0.0002	0.391359
4	A	T	ORF	S	NULL	0	0	0	0	0	0	0	0	0	0	0	0	0	0	0	0	0	0	0	0	0	0	0	0	0	0	0	0	0	0	0	0	0	0	0	0	0	0	0	0	0	0	0	0	0	0	0	0	0	0	0	0	0	0
5	A	T	ORF	S	NULL	0	0	0	0	0.0182321	0.0001	0.0001	0.0249551	0.0001	0.0454693	0.0001	0.0001	0.0433998	0.484817	0.0250779	0.24539	0.0001	0.00341864	0.0001	0.0001	0.0001	0.0001	0.0138095	0.0001	0.0001	0.0001	0.812174	0.0618898	0.105319	0.0321092	0.0001	0.0001	0.0001	0.0168663	0.0001	0.0001	0.0001	0.00317448	0.0618279	0.0305517	0.0001	0.999919	0.0001	0.00303716	0.400015	0.0001	0.0001	0.0001	0.0618898	0.00636873	0.575823	0.00197763	0.0001	0.391259
6	A	T	ORF	S	NULL	0	0	0	0	0	0	0	0	0	0	0	0	0	0	0	0	0	0	0	0	0	0	0	0	0	0	0	0	0	0	0	0	0	0	0	0	0	0	0	0	0	0	0	0	0	0	0	0	0	0	0	0	0	0
7	A	T	ORF	S	NULL	0	0	0	0	0	0	0	0	0	0	0	0	0	0	0	0	0	0	0	0	0	0	0	0	0	0	0	0	0	0	0	0	0	0	0	0	0	0	0	0	0	0	0	0	0	0	0	0	0	0	0	0	0	0
8	A	T	ORF	S	NULL	0	0	0	0	0	0	0	0	0	0	0	0	0	0	0	0	0	0	0	0	0	0	0	0	0	0	0	0	0	0	0	0	0	0	0	0	0	0	0	0	0	0	0	0	0	0	0	0	0	0	0	0	0	0
9	A	T	ORF	S	NULL	0	0	0	0	0	0	0	0	0	0	0	0	0	0	0	0	0	0	0	0	0	0	0	0	0	0	0	0	0	0	0	0	0	0	0	0	0	0	0	0	0	0	0	0	0	0	0	0	0	0	0	0	0	0
10	A	T	ORF	S	NULL	0	0	0	0	0.00578341	0.112133	0.062724	0.150311	0.083888	0.0002	0.137298	0.0256971	0.0002	0.0103801	0.500982	0.0002	0.207691	0.367299	0.0002	0.647012	0.882306	0.999874	0.0908158	1.00002	0.0509816	0.999051	0.120588	0.0002	0.032686	0.0002	0.418555	0.0508245	0.431877	0.395789	0.99787	0.0002	0.0002	0.047213	0.0002	0.303778	1.00002	0.0002	0.0216894	0.943775	0.25139	0.331042	0.741623	0.0183594	0.0002	0.406617	0.412044	0.239688	0.648505	0.0165374
11	A	T	ORF	S	NULL	0	0	0	0	0.233253	0.888067	0.937276	0.638198	0.916309	0.564719	0.549606	0.533374	0.749705	0.504803	0.331509	0.722407	0.00151289	0.423386	0.999064	0.0178808	0.013921	0.0002	0.191526	0.0002	0.949118	0.0002	0.00788695	0.768406	0.809524	0.8329	0.527003	0.672598	0.0002	0.27241	0.0002	0.0002	0.0002	0.0478801	0.767637	0.170735	0.0002	0.0002	0.311006	0.039473	0.0885353	0.231728	0.258477	0.43549	0.768406	0.55108	0.00127917	0.758434	0.041733	0.592303
12	A	T	ORF	S	NULL	0	0	0	0	0	0	0	0	0	0	0	0	0	0	0	0	0	0	0	0	0	0	0	0	0	0	0	0	0	0	0	0	0	0	0	0	0	0	0	0	0	0	0	0	0	0	0	0	0	0	0	0	0	0
13	A	T	ORF	S	NULL	0	0	0	0	0.0001	0.112033	0.00673618	0.150211	0.083788	0.0001	0.137198	0.0127827	0.0001	0.00508649	0.500882	0.0001	0.203734	0.118037	0.0001	0.644137	0.869323	0.770615	0.0907158	0.0001	0.0251014	0.0001	0.120488	0.0001	0.0160814	0.0001	0.00868491	0.0507245	0.431777	0.395689	0.991648	0.0001	0.0001	0.047113	0.0001	0.303678	0.0001	0.0001	0.00287185	0.0001	0.25129	0.271246	0.71806	0.0109166	0.0001	0.0001	0.402741	0.0106574	0.648405	0.00812363
14	A	T	ORF	S	NULL	0	0	0	0	0	0	0	0	0	0	0	0	0	0	0	0	0	0	0	0	0	0	0	0	0	0	0	0	0	0	0	0	0	0	0	0	0	0	0	0	0	0	0	0	0	0	0	0	0	0	0	0	0	0
15	A	T	ORF	S	NULL	0	0	0	0	0	0	0	0	0	0	0	0	0	0	0	0	0	0	0	0	0	0	0	0	0	0	0	0	0	0	0	0	0	0	0	0	0	0	0	0	0	0	0	0	0	0	0	0	0	0	0	0	0	0
16	A	T	ORF	S	NULL	0	0	0	0	0	0	0	0	0	0	0	0	0	0	0	0	0	0	0	0	0	0	0	0	0	0	0	0	0	0	0	0	0	0	0	0	0	0	0	0	0	0	0	0	0	0	0	0	0	0	0	0	0	0
17	A	T	ORF	S	NULL	0	0	0	0	0.0240247	0.887967	0.296478	0.00432975	0.916209	0.0594578	0.0001	0.0001	0.562287	0.339375	0.0333328	0.597854	0.0001	0.216166	0.998964	0.0001	0.0001	0.0001	0.0185972	0.0001	0.0001	0.0001	0.0001	0.0809232	0.0001	0.053677	0.0001	0.669721	0.0001	0.0237505	0.0001	0.0001	0.0001	0.00437887	0.0808422	0.0001	0.0001	0.0001	0.0001	0.00401895	0.0001	0.214592	0.258377	0.0001	0.0809232	0.522847	0.0001	0.0001	0.0001	0.0001
18	A	T	ORF	S	NULL	0	0	0	0	0	0	0	0	0	0	0	0	0	0	0	0	0	0	0	0	0	0	0	0	0	0	0	0	0	0	0	0	0	0	0	0	0	0	0	0	0	0	0	0	0	0	0	0	0	0	0	0	0	0
19	A	T	ORF	S	NULL	0	0	0	0	0	0	0	0	0	0	0	0	0	0	0	0	0	0	0	0	0	0	0	0	0	0	0	0	0	0	0	0	0	0	0	0	0	0	0	0	0	0	0	0	0	0	0	0	0	0	0	0	0	0
20	A	T	ORF	S	NULL	0	0	0	0	0.0001	0.112033	0.00673618	0.150211	0.083788	0.0001	0.137198	0.0127827	0.0001	0.00508649	0.500882	0.0001	0.203734	0.118037	0.0001	0.644137	0.869323	0.770615	0.0907158	0.0001	0.0251014	0.0001	0.120488	0.0001	0.0160814	0.0001	0.00868491	0.0507245	0.431777	0.395689	0.991648	0.0001	0.0001	0.047113	0.0001	0.303678	0.0001	0.0001	0.00287185	0.0001	0.25129	0.271246	0.71806	0.0109166	0.0001	0.0001	0.402741	0.0106574	0.648405	0.00812363
21	A	T	ORF	S	NULL	0	0	0	0	0	0	0	0	0	0	0	0	0	0	0	0	0	0	0	0	0	0	0	0	0	0	0	0	0	0	0	0	0	0	0	0	0	0	0	0	0	0	0	0	0	0	0	0	0	0	0	0	0	0
22	A	T	ORF	S	NULL	0	0	0	0	0	0	0	0	0	0	0	0	0	0	0	0	0	0	0	0	0	0	0	0	0	0	0	0	0	0	0	0	0	0	0	0	0	0	0	0	0	0	0	0	0	0	0	0	0	0	0	0	0	0
23	A	T	ORF	S	NULL	0	0	0	0	0.442024	0.112133	0.00683618	0.159425	0.083888	0.26401	0.137298	0.375511	0.0002	0.00518649	0.502866	0.0002	0.981499	0.210926	0.0002	0.644237	0.869423	0.770746	0.0908158	0.0002	0.0252014	0.0002	0.120588	0.0002	0.0161814	0.0002	0.00878491	0.092893	1	0.396658	0.993778	1.00002	1.00002	0.718655	0.0002	0.38124	0.0002	0.0002	0.00450397	0.0002	0.343743	0.553847	0.71816	0.557167	0.0002	0.0002	0.405387	0.0107574	0.648505	0.00822363
24	A	T	ORF	S	NULL	0	0	0	0	0	0	0	0	0	0	0	0	0	0	0	0	0	0	0	0	0	0	0	0	0	0	0	0	0	0	0	0	0	0	0	0	0	0	0	0	0	0	0	0	0	0	0	0	0	0	0	0	0	0
25	A	T	ORF	S	NULL	0	0	0	0	0.441924	0.000100003	0.0001	0.00921348	0.000100007	0.26391	0.0001	0.362728	0.0001	0.0001	0.00198418	0.0001	0.777765	0.0928887	0.0001	0.0001	0.000100002	0.000130656	0.0001	0.0001	0.0001	0.0001	0.0001	0.0001	0.0001	0.0001	0.0001	0.0421684	0.568223	0.00096938	0.00212999	0.999923	0.999923	0.671542	0.0001	0.0775618	0.0001	0.0001	0.00163211	0.0001	0.0924529	0.282602	0.000100042	0.54625	0.0001	0.0001	0.00264624	0.0001	0.0001	0.0001
26	A	T	ORF	S	NULL	0	0	0	0	0	0	0	0	0	0	0	0	0	0	0	0	0	0	0	0	0	0	0	0	0	0	0	0	0	0	0	0	0	0	0	0	0	0	0	0	0	0	0	0	0	0	0	0	0	0	0	0	0	0
27	A	T	ORF	S	NULL	0	0	0	0	0	0	0	0	0	0	0	0	0	0	0	0	0	0	0	0	0	0	0	0	0	0	0	0	0	0	0	0	0	0	0	0	0	0	0	0	0	0	0	0	0	0	0	0	0	0	0	0	0	0
28	A	T	ORF	S	NULL	0	0	0	0	0.441924	0.000100003	0.0001	0.00921348	0.000100007	0.26391	0.0001	0.362728	0.0001	0.0001	0.00198418	0.0001	0.777765	0.0928887	0.0001	0.0001	0.000100002	0.000130656	0.0001	0.0001	0.0001	0.0001	0.0001	0.0001	0.0001	0.0001	0.0001	0.0421684	0.568223	0.00096938	0.00212999	0.999923	0.999923	0.671542	0.0001	0.0775618	0.0001	0.0001	0.00163211	0.0001	0.0924529	0.282602	0.000100042	0.54625	0.0001	0.0001	0.00264624	0.0001	0.0001	0.0001
29	A	T	ORF	S	NULL	0	0	0	0	0.441924	0.000100003	0.0001	0.00921348	0.000100007	0.26391	0.0001	0.362728	0.0001	0.0001	0.00198418	0.0001	0.777765	0.0928887	0.0001	0.0001	0.000100002	0.000130656	0.0001	0.0001	0.0001	0.0001	0.0001	0.0001	0.0001	0.0001	0.0001	0.0421684	0.568223	0.00096938	0.00212999	0.999923	0.999923	0.671542	0.0001	0.0775618	0.0001	0.0001	0.00163211	0.0001	0.0924529	0.282602	0.000100042	0.54625	0.0001	0.0001	0.00264624	0.0001	0.0001	0.0001
30	A	T	ORF	S	NULL	0	0	0	0	0.209229	0.0001	0.640798	0.633868	0.0001	0.505261	0.549506	0.533274	0.187418	0.165428	0.298177	0.124553	0.00141289	0.20722	0.0001	0.0177808	0.013821	0.0001	0.172929	0.0001	0.949018	0.0001	0.00778695	0.687482	0.809424	0.779223	0.526903	0.00287755	0.0001	0.24866	0.0001	0.0001	0.0001	0.0435013	0.686795	0.170635	0.0001	0.0001	0.310906	0.0354541	0.0884353	0.0171356	0.0001	0.43539	0.687482	0.0282331	0.00117917	0.758334	0.041633	0.592203
31	A	T	ORF	S	NULL	0	0	0	0	0	0	0	0	0	0	0	0	0	0	0	0	0	0	0	0	0	0	0	0	0	0	0	0	0	0	0	0	0	0	0	0	0	0	0	0	0	0	0	0	0	0	0	0	0	0	0	0	0	0
32	A	T	ORF	S	NULL	0	0	0	0	0.209229	0.0001	0.640798	0.633868	0.0001	0.505261	0.549506	0.533274	0.187418	0.165428	0.298177	0.124553	0.00141289	0.20722	0.0001	0.0177808	0.013821	0.0001	0.172929	0.0001	0.949018	0.0001	0.00778695	0.687482	0.809424	0.779223	0.526903	0.00287755	0.0001	0.24866	0.0001	0.0001	0.0001	0.0435013	0.686795	0.170635	0.0001	0.0001	0.310906	0.0354541	0.0884353	0.0171356	0.0001	0.43539	0.687482	0.0282331	0.00117917	0.758334	0.041633	0.592203
33	A	T	ORF	S	NULL	0	0	0	0	0	0	0	0	0	0	0	0	0	0	0	0	0	0	0	0	0	0	0	0	0	0	0	0	0	0	0	0	0	0	0	0	0	0	0	0	0	0	0	0	0	0	0	0	0	0	0	0	0	0
34	A	T	ORF	S	NULL	0	0	0	0	0.224911	0.0001	0.0001	0.0182933	0.000100445	0.0001	0.313296	0.0001	0.0001	0.0001	0.000102429	0.0001	0.0001	0.0001	0.0001	0.17062	0.0001	0.0001	0.582302	0.0001	0.0001	0.0001	0.0001	0.0001	0.0001	0.0001	0.0545421	0.198968	0.0001	0.0001	0.0001002	0.0001	0.0001	0.181389	0.0001	0.0383116	0.0001	0.0001	0.6026	0.0001	0.0144519	0.0001	0.000100001	0.0001	0.0001	0.0001	0.00109934	0.0001	0.0001	0.0001
35	A	T	ORF	S	NULL	0	0	0	0	0	0	0	0	0	0	0	0	0	0	0	0	0	0	0	0	0	0	0	0	0	0	0	0	0	0	0	0	0	0	0	0	0	0	0	0	0	0	0	0	0	0	0	0	0	0	0	0	0	0
36	A	T	ORF	S	NULL	0	0	0	0	0.0001	0.112033	0.00673618	0.150211	0.083788	0.0001	0.137198	0.0127827	0.0001	0.00508649	0.500882	0.0001	0.203734	0.118037	0.0001	0.644137	0.869323	0.770615	0.0907158	0.0001	0.0251014	0.0001	0.120488	0.0001	0.0160814	0.0001	0.00868491	0.0507245	0.431777	0.395689	0.991648	0.0001	0.0001	0.047113	0.0001	0.303678	0.0001	0.0001	0.00287185	0.0001	0.25129	0.271246	0.71806	0.0109166	0.0001	0.0001	0.402741	0.0106574	0.648405	0.00812363
37	A	T	ORF	S	NULL	0	0	0	0	0	0	0	0	0	0	0	0	0	0	0	0	0	0	0	0	0	0	0	0	0	0	0	0	0	0	0	0	0	0	0	0	0	0	0	0	0	0	0	0	0	0	0	0	0	0	0	0	0	0
38	A	T	ORF	S	NULL	0	0	0	0	0.224911	0.0001	0.0001	0.0182933	0.000100445	0.0001	0.313296	0.0001	0.0001	0.0001	0.000102429	0.0001	0.0001	0.0001	0.0001	0.17062	0.0001	0.0001	0.582302	0.0001	0.0001	0.0001	0.0001	0.0001	0.0001	0.0001	0.0545421	0.198968	0.0001	0.0001	0.0001002	0.0001	0.0001	0.181389	0.0001	0.0383116	0.0001	0.0001	0.6026	0.0001	0.0144519	0.0001	0.000100001	0.0001	0.0001	0.0001	0.00109934	0.0001	0.0001	0.0001
39	A	T	ORF	S	NULL	0	0	0	0	0	0	0	0	0	0	0	0	0	0	0	0	0	0	0	0	0	0	0	0	0	0	0	0	0	0	0	0	0	0	0	0	0	0	0	0	0	0	0	0	0	0	0	0	0	0	0	0	0	0
40	A	T	ORF	S	NULL	0	0	0	0	0	0	0	0	0	0	0	0	0	0	0	0	0	0	0	0	0	0	0	0	0	0	0	0	0	0	0	0	0	0	0	0	0	0	0	0	0	0	0	0	0	0	0	0	0	0	0	0	0	0
41	A	T	ORF	S	NULL	0	0	0	0	0	0	0	0	0	0	0	0	0	0	0	0	0	0	0	0	0	0	0	0	0	0	0	0	0	0	0	0	0	0	0	0	0	0	0	0	0	0	0	0	0	0	0	0	0	0	0	0	0	0
42	A	T	ORF	S	NULL	0	0	0	0	0	0	0	0	0	0	0	0	0	0	0	0	0	0	0	0	0	0	0	0	0	0	0	0	0	0	0	0	0	0	0	0	0	0	0	0	0	0	0	0	0	0	0	0	0	0	0	0	0	0
43	A	T	ORF	S	NULL	0	0	0	0	0	0	0	0	0	0	0	0	0	0	0	0	0	0	0	0	0	0	0	0	0	0	0	0	0	0	0	0	0	0	0	0	0	0	0	0	0	0	0	0	0	0	0	0	0	0	0	0	0	0
44	A	T	ORF	S	NULL	0	0	0	0	0	0	0	0	0	0	0	0	0	0	0	0	0	0	0	0	0	0	0	0	0	0	0	0	0	0	0	0	0	0	0	0	0	0	0	0	0	0	0	0	0	0	0	0	0	0	0	0	0	0
45	A	T	ORF	S	NULL	0	0	0	0	0	0	0	0	0	0	0	0	0	0	0	0	0	0	0	0	0	0	0	0	0	0	0	0	0	0	0	0	0	0	0	0	0	0	0	0	0	0	0	0	0	0	0	0	0	0	0	0	0	0
46	A	T	ORF	S	NULL	0	0	0	0	0.00578341	0.112133	0.062724	0.150311	0.083888	0.0002	0.137298	0.0256971	0.0002	0.0103801	0.500982	0.0002	0.207691	0.367299	0.0002	0.647012	0.882306	0.999874	0.0908158	1.00002	0.0509816	0.999051	0.120588	0.0002	0.032686	0.0002	0.418555	0.0508245	0.431877	0.395789	0.99787	0.0002	0.0002	0.047213	0.0002	0.303778	1.00002	0.0002	0.0216894	0.943775	0.25139	0.331042	0.741623	0.0183594	0.0002	0.406617	0.412044	0.239688	0.648505	0.0165374
47	A	T	ORF	S	NULL	0	0	0	0	0	0	0	0	0	0	0	0	0	0	0	0	0	0	0	0	0	0	0	0	0	0	0	0	0	0	0	0	0	0	0	0	0	0	0	0	0	0	0	0	0	0	0	0	0	0	0	0	0	0
48	A	T	ORF	S	NULL	0	0	0	0	0.0240247	0.887967	0.296478	0.00432975	0.916209	0.0594578	0.0001	0.0001	0.562287	0.339375	0.0333328	0.597854	0.0001	0.216166	0.998964	0.0001	0.0001	0.0001	0.0185972	0.0001	0.0001	0.0001	0.0001	0.0809232	0.0001	0.053677	0.0001	0.669721	0.0001	0.0237505	0.0001	0.0001	0.0001	0.00437887	0.0808422	0.0001	0.0001	0.0001	0.0001	0.00401895	0.0001	0.214592	0.258377	0.0001	0.0809232	0.522847	0.0001	0.0001	0.0001	0.0001
49	A	T	ORF	S	NULL	0	0	0	0	0	0	0	0	0	0	0	0	0	0	0	0	0	0	0	0	0	0	0	0	0	0	0	0	0	0	0	0	0	0	0	0	0	0	0	0	0	0	0	0	0	0	0	0	0	0	0	0	0	0
50	A	T	ORF	S	NULL	0	0	0	0	0	0	0	0	0	0	0	0	0	0	0	0	0	0	0	0	0	0	0	0	0	0	0	0	0	0	0	0	0	0	0	0	0	0	0	0	0	0	0	0	0	0	0	0	0	0	0	0	0	0
51	A	T	ORF	S	NULL	0	0	0	0	0	0	0	0	0	0	0	0	0	0	0	0	0	0	0	0	0	0	0	0	0	0	0	0	0	0	0	0	0	0	0	0	0	0	0	0	0	0	0	0	0	0	0	0	0	0	0	0	0	0
52	A	T	ORF	S	NULL	0	0	0	0	0	0	0	0	0	0	0	0	0	0	0	0	0	0	0	0	0	0	0	0	0	0	0	0	0	0	0	0	0	0	0	0	0	0	0	0	0	0	0	0	0	0	0	0	0	0	0	0	0	0
53	A	T	ORF	S	NULL	0	0	0	0	0	0	0	0	0	0	0	0	0	0	0	0	0	0	0	0	0	0	0	0	0	0	0	0	0	0	0	0	0	0	0	0	0	0	0	0	0	0	0	0	0	0	0	0	0	0	0	0	0	0
54	A	T	ORF	S	NULL	0	0	0	0	0.00568341	0.0001	0.0559878	0.0001	0.0001	0.0001	0.0001	0.0129144	0.0001	0.0052936	0.000100001	0.0001	0.0039573	0.249262	0.0001	0.0028748	0.0129835	0.229259	0.0001	0.999917	0.0258803	0.998951	0.0001	0.0001	0.0166046	0.0001	0.40987	0.0001	0.000100001	0.0001	0.00622157	0.0001	0.0001	0.0001	0.0001	0.0001	0.999917	0.0001	0.0188175	0.943675	0.0001	0.059796	0.0235632	0.00744275	0.0001	0.406517	0.00930292	0.229031	0.0001	0.0084138
55	A	T	ORF	S	NULL	0	0	0	0	0.0182321	0.0001	0.0001	0.0249551	0.0001	0.0454693	0.0001	0.0001	0.0433998	0.484817	0.0250779	0.24539	0.0001	0.00341864	0.0001	0.0001	0.0001	0.0001	0.0138095	0.0001	0.0001	0.0001	0.812174	0.0618898	0.105319	0.0321092	0.0001	0.0001	0.0001	0.0168663	0.0001	0.0001	0.0001	0.00317448	0.0618279	0.0305517	0.0001	0.999919	0.0001	0.00303716	0.400015	0.0001	0.0001	0.0001	0.0618898	0.00636873	0.575823	0.00197763	0.0001	0.391259
56	A	T	ORF	S	NULL	0	0	0	0	0	0	0	0	0	0	0	0	0	0	0	0	0	0	0	0	0	0	0	0	0	0	0	0	0	0	0	0	0	0	0	0	0	0	0	0	0	0	0	0	0	0	0	0	0	0	0	0	0	0
57	A	T	ORF	S	NULL	0	0	0	0	0	0	0	0	0	0	0	0	0	0	0	0	0	0	0	0	0	0	0	0	0	0	0	0	0	0	0	0	0	0	0	0	0	0	0	0	0	0	0	0	0	0	0	0	0	0	0	0	0	0
58	A	T	ORF	S	NULL	0	0	0	0	0.0001	0.112033	0.00673618	0.150211	0.083788	0.0001	0.137198	0.0127827	0.0001	0.00508649	0.500882	0.0001	0.203734	0.118037	0.0001	0.644137	0.869323	0.770615	0.0907158	0.0001	0.0251014	0.0001	0.120488	0.0001	0.0160814	0.0001	0.00868491	0.0507245	0.431777	0.395689	0.991648	0.0001	0.0001	0.047113	0.0001	0.303678	0.0001	0.0001	0.00287185	0.0001	0.25129	0.271246	0.71806	0.0109166	0.0001	0.0001	0.402741	0.0106574	0.648405	0.00812363
59	A	T	ORF	S	NULL	0	0	0	0	0	0	0	0	0	0	0	0	0	0	0	0	0	0	0	0	0	0	0	0	0	0	0	0	0	0	0	0	0	0	0	0	0	0	0	0	0	0	0	0	0	0	0	0	0	0	0	0	0	0
60	A	T	ORF	S	NULL	0	0	0	0	0.0182321	0.0001	0.0001	0.0249551	0.0001	0.0454693	0.0001	0.0001	0.0433998	0.484817	0.0250779	0.24539	0.0001	0.00341864	0.0001	0.0001	0.0001	0.0001	0.0138095	0.0001	0.0001	0.0001	0.812174	0.0618898	0.105319	0.0321092	0.0001	0.0001	0.0001	0.0168663	0.0001	0.0001	0.0001	0.00317448	0.0618279	0.0305517	0.0001	0.999919	0.0001	0.00303716	0.400015	0.0001	0.0001	0.0001	0.0618898	0.00636873	0.575823	0.00197763	0.0001	0.391259
61	A	T	ORF	S	NULL	0	0	0	0	0.0182321	0.0001	0.0001	0.0249551	0.0001	0.0454693	0.0001	0.0001	0.0433998	0.484817	0.0250779	0.24539	0.0001	0.00341864	0.0001	0.0001	0.0001	0.0001	0.0138095	0.0001	0.0001	0.0001	0.812174	0.0618898	0.105319	0.0321092	0.0001	0.0001	0.0001	0.0168663	0.0001	0.0001	0.0001	0.00317448	0.0618279	0.0305517	0.0001	0.999919	0.0001	0.00303716	0.400015	0.0001	0.0001	0.0001	0.0618898	0.00636873	0.575823	0.00197763	0.0001	0.391259
62	A	T	ORF	S	NULL	0	0	0	0	0	0	0	0	0	0	0	0	0	0	0	0	0	0	0	0	0	0	0	0	0	0	0	0	0	0	0	0	0	0	0	0	0	0	0	0	0	0	0	0	0	0	0	0	0	0	0	0	0	0
63	A	T	ORF	S	NULL	0	0	0	0	0	0	0	0	0	0	0	0	0	0	0	0	0	0	0	0	0	0	0	0	0	0	0	0	0	0	0	0	0	0	0	0	0	0	0	0	0	0	0	0	0	0	0	0	0	0	0	0	0	0
64	A	T	ORF	S	NULL	0	0	0	0	0.441924	0.000100003	0.0001	0.00921348	0.000100007	0.26391	0.0001	0.362728	0.0001	0.0001	0.00198418	0.0001	0.777765	0.0928887	0.0001	0.0001	0.000100002	0.000130656	0.0001	0.0001	0.0001	0.0001	0.0001	0.0001	0.0001	0.0001	0.0001	0.0421684	0.568223	0.00096938	0.00212999	0.999923	0.999923	0.671542	0.0001	0.0775618	0.0001	0.0001	0.00163211	0.0001	0.0924529	0.282602	0.000100042	0.54625	0.0001	0.0001	0.00264624	0.0001	0.0001	0.0001
65	A	T	ORF	S	NULL	0	0	0	0	0	0	0	0	0	0	0	0	0	0	0	0	0	0	0	0	0	0	0	0	0	0	0	0	0	0	0	0	0	0	0	0	0	0	0	0	0	0	0	0	0	0	0	0	0	0	0	0	0	0
66	A	T	ORF	S	NULL	0	0	0	0	0	0	0	0	0	0	0	0	0	0	0	0	0	0	0	0	0	0	0	0	0	0	0	0	0	0	0	0	0	0	0	0	0	0	0	0	0	0	0	0	0	0	0	0	0	0	0	0	0	0
67	A	T	ORF	S	NULL	0	0	0	0	0	0	0	0	0	0	0	0	0	0	0	0	0	0	0	0	0	0	0	0	0	0	0	0	0	0	0	0	0	0	0	0	0	0	0	0	0	0	0	0	0	0	0	0	0	0	0	0	0	0
68	A	T	ORF	S	NULL	0	0	0	0	0.227461	0.0002	0.640898	0.658823	0.0002	0.55073	0.549606	0.533374	0.230817	0.650245	0.323254	0.369943	0.00151289	0.210639	0.0002	0.0178808	0.013921	0.0002	0.186738	0.0002	0.949118	0.0002	0.819961	0.749372	0.914743	0.811332	0.527003	0.00297755	0.0002	0.265526	0.0002	0.0002	0.0002	0.0466758	0.748623	0.201186	0.0002	1.00002	0.311006	0.0384912	0.488451	0.0172356	0.0002	0.43549	0.749372	0.0346018	0.577002	0.760312	0.041733	0.983463
69	A	T	ORF	S	NULL	0	0	0	0	0	0	0	0	0	0	0	0	0	0	0	0	0	0	0	0	0	0	0	0	0	0	0	0	0	0	0	0	0	0	0	0	0	0	0	0	0	0	0	0	0	0	0	0	0	0	0	0	0	0
70	A	T	ORF	S	NULL	0	0	0	0	0.224911	0.0001	0.0001	0.0182933	0.000100445	0.0001	0.313296	0.0001	0.0001	0.0001	0.000102429	0.0001	0.0001	0.0001	0.0001	0.17062	0.0001	0.0001	0.582302	0.0001	0.0001	0.0001	0.0001	0.0001	0.0001	0.0001	0.0545421	0.198968	0.0001	0.0001	0.0001002	0.0001	0.0001	0.181389	0.0001	0.0383116	0.0001	0.0001	0.6026	0.0001	0.0144519	0.0001	0.000100001	0.0001	0.0001	0.0001	0.00109934	0.0001	0.0001	0.0001
71	A	T	ORF	S	NULL	0	0	0	0	0	0	0	0	0	0	0	0	0	0	0	0	0	0	0	0	0	0	0	0	0	0	0	0	0	0	0	0	0	0	0	0	0	0	0	0	0	0	0	0	0	0	0	0	0	0	0	0	0	0
72	A	T	ORF	S	NULL	0	0	0	0	0	0	0	0	0	0	0	0	0	0	0	0	0	0	0	0	0	0	0	0	0	0	0	0	0	0	0	0	0	0	0	0	0	0	0	0	0	0	0	0	0	0	0	0	0	0	0	0	0	0
73	A	T	ORF	S	NULL	0	0	0	0	0.0240247	0.887967	0.296478	0.00432975	0.916209	0.0594578	0.0001	0.0001	0.562287	0.339375	0.0333328	0.597854	0.0001	0.216166	0.998964	0.0001	0.0001	0.0001	0.0185972	0.0001	0.0001	0.0001	0.0001	0.0809232	0.0001	0.053677	0.0001	0.669721	0.0001	0.0237505	0.0001	0.0001	0.0001	0.00437887	0.0808422	0.0001	0.0001	0.0001	0.0001	0.00401895	0.0001	0.214592	0.258377	0.0001	0.0809232	0.522847	0.0001	0.0001	0.0001	0.0001
74	A	T	ORF	S	NULL	0	0	0	0	0	0	0	0	0	0	0	0	0	0	0	0	0	0	0	0	0	0	0	0	0	0	0	0	0	0	0	0	0	0	0	0	0	0	0	0	0	0	0	0	0	0	0	0	0	0	0	0	0	0
75	A	T	ORF	S	NULL	0	0	0	0	0	0	0	0	0	0	0	0	0	0	0	0	0	0	0	0	0	0	0	0	0	0	0	0	0	0	0	0	0	0	0	0	0	0	0	0	0	0	0	0	0	0	0	0	0	0	0	0	0	0
76	A	T	ORF	S	NULL	0	0	0	0	0	0	0	0	0	0	0	0	0	0	0	0	0	0	0	0	0	0	0	0	0	0	0	0	0	0	0	0	0	0	0	0	0	0	0	0	0	0	0	0	0	0	0	0	0	0	0	0	0	0
77	A	T	ORF	S	NULL	0	0	0	0	0	0	0	0	0	0	0	0	0	0	0	0	0	0	0	0	0	0	0	0	0	0	0	0	0	0	0	0	0	0	0	0	0	0	0	0	0	0	0	0	0	0	0	0	0	0	0	0	0	0
78	A	T	ORF	S	NULL	0	0	0	0	0.0182321	0.0001	0.0001	0.0249551	0.0001	0.0454693	0.0001	0.0001	0.0433998	0.484817	0.0250779	0.24539	0.0001	0.00341864	0.0001	0.0001	0.0001	0.0001	0.0138095	0.0001	0.0001	0.0001	0.812174	0.0618898	0.105319	0.0321092	0.0001	0.0001	0.0001	0.0168663	0.0001	0.0001	0.0001	0.00317448	0.0618279	0.0305517	0.0001	0.999919	0.0001	0.00303716	0.400015	0.0001	0.0001	0.0001	0.0618898	0.00636873	0.575823	0.00197763	0.0001	0.391259
79	A	T	ORF	S	NULL	0	0	0	0	0.0240247	0.887967	0.296478	0.00432975	0.916209	0.0594578	0.0001	0.0001	0.562287	0.339375	0.0333328	0.597854	0.0001	0.216166	0.998964	0.0001	0.0001	0.0001	0.0185972	0.0001	0.0001	0.0001	0.0001	0.0809232	0.0001	0.053677	0.0001	0.669721	0.0001	0.0237505	0.0001	0.0001	0.0001	0.00437887	0.0808422	0.0001	0.0001	0.0001	0.0001	0.00401895	0.0001	0.214592	0.258377	0.0001	0.0809232	0.522847	0.0001	0.0001	0.0001	0.0001
80	A	T	ORF	S	NULL	0	0	0	0	0	0	0	0	0	0	0	0	0	0	0	0	0	0	0	0	0	0	0	0	0	0	0	0	0	0	0	0	0	0	0	0	0	0	0	0	0	0	0	0	0	0	0	0	0	0	0	0	0	0
81	A	T	ORF	S	NULL	0	0	0	0	0.00568341	0.0001	0.0559878	0.0001	0.0001	0.0001	0.0001	0.0129144	0.0001	0.0052936	0.000100001	0.0001	0.0039573	0.249262	0.0001	0.0028748	0.0129835	0.229259	0.0001	0.999917	0.0258803	0.998951	0.0001	0.0001	0.0166046	0.0001	0.40987	0.0001	0.000100001	0.0001	0.00622157	0.0001	0.0001	0.0001	0.0001	0.0001	0.999917	0.0001	0.0188175	0.943675	0.0001	0.059796	0.0235632	0.00744275	0.0001	0.406517	0.00930292	0.229031	0.0001	0.0084138
82	A	T	ORF	S	NULL	0	0	0	0	0	0	0	0	0	0	0	0	0	0	0	0	0	0	0	0	0	0	0	0	0	0	0	0	0	0	0	0	0	0	0	0	0	0	0	0	0	0	0	0	0	0	0	0	0	0	0	0	0	0
83	A	T	ORF	S	NULL	0	0	0	0	0	0	0	0	0	0	0	0	0	0	0	0	0	0	0	0	0	0	0	0	0	0	0	0	0	0	0	0	0	0	0	0	0	0	0	0	0	0	0	0	0	0	0	0	0	0	0	0	0	0
84	A	T	ORF	S	NULL	0	0	0	0	0	0	0	0	0	0	0	0	0	0	0	0	0	0	0	0	0	0	0	0	0	0	0	0	0	0	0	0	0	0	0	0	0	0	0	0	0	0	0	0	0	0	0	0	0	0	0	0	0	0
85	A	T	ORF	S	NULL	0	0	0	0	0	0	0	0	0	0	0	0	0	0	0	0	0	0	0	0	0	0	0	0	0	0	0	0	0	0	0	0	0	0	0	0	0	0	0	0	0	0	0	0	0	0	0	0	0	0	0	0	0	0
86	A	T	ORF	S	NULL	0	0	0	0	0	0	0	0	0	0	0	0	0	0	0	0	0	0	0	0	0	0	0	0	0	0	0	0	0	0	0	0	0	0	0	0	0	0	0	0	0	0	0	0	0	0	0	0	0	0	0	0	0	0
87	A	T	ORF	S	NULL	0	0	0	0	0	0	0	0	0	0	0	0	0	0	0	0	0	0	0	0	0	0	0	0	0	0	0	0	0	0	0	0	0	0	0	0	0	0	0	0	0	0	0	0	0	0	0	0	0	0	0	0	0	0
88	A	T	ORF	S	NULL	0	0	0	0	0	0	0	0	0	0	0	0	0	0	0	0	0	0	0	0	0	0	0	0	0	0	0	0	0	0	0	0	0	0	0	0	0	0	0	0	0	0	0	0	0	0	0	0	0	0	0	0	0	0
89	A	T	ORF	S	NULL	0	0	0	0	0	0	0	0	0	0	0	0	0	0	0	0	0	0	0	0	0	0	0	0	0	0	0	0	0	0	0	0	0	0	0	0	0	0	0	0	0	0	0	0	0	0	0	0	0	0	0	0	0	0
90	A	T	ORF	S	NULL	0	0	0	0	0	0	0	0	0	0	0	0	0	0	0	0	0	0	0	0	0	0	0	0	0	0	0	0	0	0	0	0	0	0	0	0	0	0	0	0	0	0	0	0	0	0	0	0	0	0	0	0	0	0
91	A	T	ORF	S	NULL	0	0	0	0	0	0	0	0	0	0	0	0	0	0	0	0	0	0	0	0	0	0	0	0	0	0	0	0	0	0	0	0	0	0	0	0	0	0	0	0	0	0	0	0	0	0	0	0	0	0	0	0	0	0
92	A	T	ORF	S	NULL	0	0	0	0	0.225011	0.112133	0.00683618	0.168504	0.0838885	0.0002	0.450494	0.0128827	0.0002	0.00518649	0.500984	0.0002	0.203834	0.118137	0.0002	0.814757	0.869423	0.770715	0.673018	0.0002	0.0252014	0.0002	0.120588	0.0002	0.0161814	0.0002	0.063227	0.249692	0.431877	0.395789	0.991748	0.0002	0.0002	0.228502	0.0002	0.341989	0.0002	0.0002	0.605471	0.0002	0.265742	0.271346	0.71816	0.0110166	0.0002	0.0002	0.40384	0.0107574	0.648505	0.00822363
93	A	T	ORF	S	NULL	0	0	0	0	0	0	0	0	0	0	0	0	0	0	0	0	0	0	0	0	0	0	0	0	0	0	0	0	0	0	0	0	0	0	0	0	0	0	0	0	0	0	0	0	0	0	0	0	0	0	0	0	0	0
94	A	T	ORF	S	NULL	0	0	0	0	0	0	0	0	0	0	0	0	0	0	0	0	0	0	0	0	0	0	0	0	0	0	0	0	0	0	0	0	0	0	0	0	0	0	0	0	0	0	0	0	0	0	0	0	0	0	0	0	0	0
95	A	T	ORF	S	NULL	0	0	0	0	0	0	0	0	0	0	0	0	0	0	0	0	0	0	0	0	0	0	0	0	0	0	0	0	0	0	0	0	0	0	0	0	0	0	0	0	0	0	0	0	0	0	0	0	0	0	0	0	0	0
96	A	T	ORF	S	NULL	0	0	0	0	0.441924	0.000100003	0.0001	0.00921348	0.000100007	0.26391	0.0001	0.362728	0.0001	0.0001	0.00198418	0.0001	0.777765	0.0928887	0.0001	0.0001	0.000100002	0.000130656	0.0001	0.0001	0.0001	0.0001	0.0001	0.0001	0.0001	0.0001	0.0001	0.0421684	0.568223	0.00096938	0.00212999	0.999923	0.999923	0.671542	0.0001	0.0775618	0.0001	0.0001	0.00163211	0.0001	0.0924529	0.282602	0.000100042	0.54625	0.0001	0.0001	0.00264624	0.0001	0.0001	0.0001
97	A	T	ORF	S	NULL	0	0	0	0	0	0	0	0	0	0	0	0	0	0	0	0	0	0	0	0	0	0	0	0	0	0	0	0	0	0	0	0	0	0	0	0	0	0	0	0	0	0	0	0	0	0	0	0	0	0	0	0	0	0
98	A	T	ORF	S	NULL	0	0	0	0	0	0	0	0	0	0	0	0	0	0	0	0	0	0	0	0	0	0	0	0	0	0	0	0	0	0	0	0	0	0	0	0	0	0	0	0	0	0	0	0	0	0	0	0	0	0	0	0	0	0
99	A	T	ORF	S	NULL	0	0	0	0	0	0	0	0	0	0	0	0	0	0	0	0	0	0	0	0	0	0	0	0	0	0	0	0	0	0	0	0	0	0	0	0	0	0	0	0	0	0	0	0	0	0	0	0	0	0	0	0	0	0
100	A	T	ORF	S	NULL	0	0	0	0	0	0	0	0	0	0	0	0	0	0	0	0	0	0	0	0	0	0	0	0	0	0	0	0	0	0	0	0	0	0	0	0	0	0	0	0	0	0	0	0	0	0	0	0	0	0	0	0	0	0
