pos	ref	alt	gene	N/S	AA	nSRAsubclonal	nSRAclonal	nSRA	nConsensus	sample0|Earth	sample1|Earth	sample2|Earth	sample3|Earth	sample4|Earth	sample5|Earth	sample6|Earth	sample7|Earth	sample8|Earth	sample9|Earth	sample10|Earth	sample11|Earth	sample12|Earth	sample13|Earth	sample14|Earth	sample15|Earth	sample16|Earth	sample17|Earth	sample18|Earth	sample19|Earth	sample20|Earth	sample21|Earth	sample22|Earth	sample23|Earth	sample24|Earth	sample25|Earth	sample26|Earth	sample27|Earth	sample28|Earth	sample29|Earth	sample30|Earth	sample31|Earth	sample32|Earth	sample33|Earth	sample34|Earth	sample35|Earth	sample36|Earth	sample37|Earth	sample38|Earth	sample39|Earth	sample40|Earth	sample41|Earth	sample42|Earth	sample43|Earth	sample44|Earth	sample45|Earth	sample46|Earth	sample47|Earth	sample48|Earth	sample49|Earth
1	A	T	ORF	S	NULL	0	0	0	0	0.0248022	0.894998	0.334932	0.0420216	0.920847	0.0002	0.0002	0.0002	0.569003	0.428181	0.137231	0.595478	0.0354162	0.217685	0.999102	0.0580612	0.0823834	0.179173	0.0213216	0.0002	0.0002	0.0002	0.0876101	0.0750317	0.0002	0.0670874	0.0002	0.67007	0.13056	0.0002	0.204818	0.0002	0.0002	0.00633479	0.109458	0.0002	0.0002	0.0911778	0.0002	0.00477337	0.0260237	0.215854	0.405005	0.0002	0.0831191	0.52339	0.125748	0.0002	0.0002	0.0002
2	A	T	ORF	S	NULL	0	0	0	0	0.22491	0.000238367	0.0001	0.0283545	0.00143343	0.0001	0.310128	0.0001	0.0001	0.0001	0.0172919	0.0001	0.000726297	0.0001	0.0001	0.203528	0.0229781	0.01018	0.587862	0.0001	0.0001	0.0001	0.0001	0.0001	0.0001	0.0001	0.0650383	0.20491	0.00465638	0.0001	0.00861062	0.0001	0.0001	0.184462	0.0001	0.0739016	0.0001	0.0001	0.601926	0.0001	0.0323334	0.0001	0.0350132	0.0001	0.0001	0.0001	0.013968	0.0001	0.0001	0.0001
3	A	T	ORF	S	NULL	0	0	0	0	0.0248022	0.894998	0.334932	0.0420216	0.920847	0.0002	0.0002	0.0002	0.569003	0.428181	0.137231	0.595478	0.0354162	0.217685	0.999102	0.0580612	0.0823834	0.179173	0.0213216	0.0002	0.0002	0.0002	0.0876101	0.0750317	0.0002	0.0670874	0.0002	0.67007	0.13056	0.0002	0.204818	0.0002	0.0002	0.00633479	0.109458	0.0002	0.0002	0.0911778	0.0002	0.00477337	0.0260237	0.215854	0.405005	0.0002	0.0831191	0.52339	0.125748	0.0002	0.0002	0.0002
4	A	T	ORF	S	NULL	0	0	0	0	0	0	0	0	0	0	0	0	0	0	0	0	0	0	0	0	0	0	0	0	0	0	0	0	0	0	0	0	0	0	0	0	0	0	0	0	0	0	0	0	0	0	0	0	0	0	0	0	0	0
5	A	T	ORF	S	NULL	0	0	0	0	0	0	0	0	0	0	0	0	0	0	0	0	0	0	0	0	0	0	0	0	0	0	0	0	0	0	0	0	0	0	0	0	0	0	0	0	0	0	0	0	0	0	0	0	0	0	0	0	0	0
6	A	T	ORF	S	NULL	0	0	0	0	0	0	0	0	0	0	0	0	0	0	0	0	0	0	0	0	0	0	0	0	0	0	0	0	0	0	0	0	0	0	0	0	0	0	0	0	0	0	0	0	0	0	0	0	0	0	0	0	0	0
7	A	T	ORF	S	NULL	0	0	0	0	0	0	0	0	0	0	0	0	0	0	0	0	0	0	0	0	0	0	0	0	0	0	0	0	0	0	0	0	0	0	0	0	0	0	0	0	0	0	0	0	0	0	0	0	0	0	0	0	0	0
8	A	T	ORF	S	NULL	0	0	0	0	0	0	0	0	0	0	0	0	0	0	0	0	0	0	0	0	0	0	0	0	0	0	0	0	0	0	0	0	0	0	0	0	0	0	0	0	0	0	0	0	0	0	0	0	0	0	0	0	0	0
9	A	T	ORF	S	NULL	0	0	0	0	0	0	0	0	0	0	0	0	0	0	0	0	0	0	0	0	0	0	0	0	0	0	0	0	0	0	0	0	0	0	0	0	0	0	0	0	0	0	0	0	0	0	0	0	0	0	0	0	0	0
10	A	T	ORF	S	NULL	0	0	0	0	0.00840199	0.041545	0.0490113	0.143688	0.0518838	0.0002	0.180133	0.000200241	0.0002	0.000200129	0.477259	0.0002	0.184459	0.437054	0.0002	0.732855	0.86682	0.80061	0.147186	0.999971	0.00620957	0.999055	0.128939	0.0002	0.101909	0.0002	0.51086	0.0741687	0.275771	0.602558	0.777569	0.0002	0.0002	0.0710936	0.0002	0.451861	0.999971	0.0002	0.0598533	0.945077	0.335398	0.45401	0.535407	0.05831	0.0002	0.407528	0.332551	0.354369	0.965463	0.120013
11	A	T	ORF	S	NULL	0	0	0	0	0.0248022	0.894998	0.334932	0.0420216	0.920847	0.0002	0.0002	0.0002	0.569003	0.428181	0.137231	0.595478	0.0354162	0.217685	0.999102	0.0580612	0.0823834	0.179173	0.0213216	0.0002	0.0002	0.0002	0.0876101	0.0750317	0.0002	0.0670874	0.0002	0.67007	0.13056	0.0002	0.204818	0.0002	0.0002	0.00633479	0.109458	0.0002	0.0002	0.0911778	0.0002	0.00477337	0.0260237	0.215854	0.405005	0.0002	0.0831191	0.52339	0.125748	0.0002	0.0002	0.0002
12	A	T	ORF	S	NULL	0	0	0	0	0	0	0	0	0	0	0	0	0	0	0	0	0	0	0	0	0	0	0	0	0	0	0	0	0	0	0	0	0	0	0	0	0	0	0	0	0	0	0	0	0	0	0	0	0	0	0	0	0	0
13	A	T	ORF	S	NULL	0	0	0	0	0.000200134	0.108776	0.0002	0.136294	0.0903056	0.0002	0.119515	0.0002	0.0002	0.000200077	0.537023	0.0002	0.194743	0.185638	0.0002	0.746618	0.839744	0.485815	0.147186	0.0002	0.0037933	0.0002	0.133343	0.0002	0.0606317	0.0002	0.060094	0.0741687	0.310291	0.602558	0.829054	0.0002	0.0002	0.0710937	0.0002	0.451861	0.0002	0.0002	0.0292608	0.0002	0.335398	0.406154	0.656009	0.0353422	0.0002	0.0002	0.392336	0.102665	0.965463	0.0713851
14	A	T	ORF	S	NULL	0	0	0	0	0	0	0	0	0	0	0	0	0	0	0	0	0	0	0	0	0	0	0	0	0	0	0	0	0	0	0	0	0	0	0	0	0	0	0	0	0	0	0	0	0	0	0	0	0	0	0	0	0	0
15	A	T	ORF	S	NULL	0	0	0	0	0	0	0	0	0	0	0	0	0	0	0	0	0	0	0	0	0	0	0	0	0	0	0	0	0	0	0	0	0	0	0	0	0	0	0	0	0	0	0	0	0	0	0	0	0	0	0	0	0	0
16	A	T	ORF	S	NULL	0	0	0	0	0	0	0	0	0	0	0	0	0	0	0	0	0	0	0	0	0	0	0	0	0	0	0	0	0	0	0	0	0	0	0	0	0	0	0	0	0	0	0	0	0	0	0	0	0	0	0	0	0	0
17	A	T	ORF	S	NULL	0	0	0	0	0.0248022	0.894998	0.334932	0.0420216	0.920847	0.0002	0.0002	0.0002	0.569003	0.428181	0.137231	0.595478	0.0354162	0.217685	0.999102	0.0580612	0.0823834	0.179173	0.0213216	0.0002	0.0002	0.0002	0.0876101	0.0750317	0.0002	0.0670874	0.0002	0.67007	0.13056	0.0002	0.204818	0.0002	0.0002	0.00633479	0.109458	0.0002	0.0002	0.0911778	0.0002	0.00477337	0.0260237	0.215854	0.405005	0.0002	0.0831191	0.52339	0.125748	0.0002	0.0002	0.0002
18	A	T	ORF	S	NULL	0	0	0	0	0	0	0	0	0	0	0	0	0	0	0	0	0	0	0	0	0	0	0	0	0	0	0	0	0	0	0	0	0	0	0	0	0	0	0	0	0	0	0	0	0	0	0	0	0	0	0	0	0	0
19	A	T	ORF	S	NULL	0	0	0	0	0	0	0	0	0	0	0	0	0	0	0	0	0	0	0	0	0	0	0	0	0	0	0	0	0	0	0	0	0	0	0	0	0	0	0	0	0	0	0	0	0	0	0	0	0	0	0	0	0	0
20	A	T	ORF	S	NULL	0	0	0	0	0.000100134	0.101371	0.0001	0.0419216	0.0710077	0.0001	0.0001	0.0001	0.0001	0.0001	0.137131	0.0001	0.0353162	0.0001	0.0001	0.0579612	0.0822834	0.179073	0.000100225	0.0001	0.0001	0.0001	0.0045034	0.0001	0.0001	0.0001	0.0001	0.0001	0.13046	0.0001	0.204718	0.0001	0.0001	0.000100041	0.0001	0.0001	0.0001	0.0001	0.0001	0.0001	0.0001	0.0001	0.404905	0.0001	0.0001	0.0001	0.125648	0.0001	0.0001	0.0001
21	A	T	ORF	S	NULL	0	0	0	0	0	0	0	0	0	0	0	0	0	0	0	0	0	0	0	0	0	0	0	0	0	0	0	0	0	0	0	0	0	0	0	0	0	0	0	0	0	0	0	0	0	0	0	0	0	0	0	0	0	0
22	A	T	ORF	S	NULL	0	0	0	0	0	0	0	0	0	0	0	0	0	0	0	0	0	0	0	0	0	0	0	0	0	0	0	0	0	0	0	0	0	0	0	0	0	0	0	0	0	0	0	0	0	0	0	0	0	0	0	0	0	0
23	A	T	ORF	S	NULL	0	0	0	0	0.442024	0.101536	0.000200001	0.0420216	0.0715671	0.264013	0.000200001	0.364021	0.0002	0.0002	0.157031	0.0002	0.814815	0.0996842	0.0002	0.0636175	0.110202	0.18921	0.000200225	0.0002	0.000200001	0.0002	0.0046034	0.0002	0.000200001	0.0002	0.000200001	0.0452777	0.719573	0.0380013	0.21382	1.00001	1.00001	0.674384	0.0002	0.0954843	0.0002	0.0002	0.00118471	0.0002	0.104276	0.298561	0.42958	0.542506	0.0002	0.0002	0.138721	0.000200001	0.0002	0.000200001
24	A	T	ORF	S	NULL	0	0	0	0	0	0	0	0	0	0	0	0	0	0	0	0	0	0	0	0	0	0	0	0	0	0	0	0	0	0	0	0	0	0	0	0	0	0	0	0	0	0	0	0	0	0	0	0	0	0	0	0	0	0
25	A	T	ORF	S	NULL	0	0	0	0	0.441923	0.000165971	0.000100001	0.0001	0.000559319	0.263913	0.000100001	0.363921	0.0001	0.0001	0.0199	0.0001	0.779499	0.0995842	0.0001	0.00565632	0.0279184	0.010137	0.0001	0.0001	0.000100001	0.0001	0.0001	0.0001	0.000100001	0.0001	0.000100001	0.0451777	0.589113	0.0379013	0.00910212	0.999908	0.999908	0.674284	0.0001	0.0953843	0.0001	0.0001	0.00108471	0.0001	0.104176	0.298461	0.0246752	0.542406	0.0001	0.0001	0.0130728	0.000100001	0.0001	0.000100001
26	A	T	ORF	S	NULL	0	0	0	0	0	0	0	0	0	0	0	0	0	0	0	0	0	0	0	0	0	0	0	0	0	0	0	0	0	0	0	0	0	0	0	0	0	0	0	0	0	0	0	0	0	0	0	0	0	0	0	0	0	0
27	A	T	ORF	S	NULL	0	0	0	0	0	0	0	0	0	0	0	0	0	0	0	0	0	0	0	0	0	0	0	0	0	0	0	0	0	0	0	0	0	0	0	0	0	0	0	0	0	0	0	0	0	0	0	0	0	0	0	0	0	0
28	A	T	ORF	S	NULL	0	0	0	0	0.441923	0.000165971	0.000100001	0.0001	0.000559319	0.263913	0.000100001	0.363921	0.0001	0.0001	0.0199	0.0001	0.779499	0.0995842	0.0001	0.00565632	0.0279184	0.010137	0.0001	0.0001	0.000100001	0.0001	0.0001	0.0001	0.000100001	0.0001	0.000100001	0.0451777	0.589113	0.0379013	0.00910212	0.999908	0.999908	0.674284	0.0001	0.0953843	0.0001	0.0001	0.00108471	0.0001	0.104176	0.298461	0.0246752	0.542406	0.0001	0.0001	0.0130728	0.000100001	0.0001	0.000100001
29	A	T	ORF	S	NULL	0	0	0	0	0.441923	0.000165971	0.000100001	0.0001	0.000559319	0.263913	0.000100001	0.363921	0.0001	0.0001	0.0199	0.0001	0.779499	0.0995842	0.0001	0.00565632	0.0279184	0.010137	0.0001	0.0001	0.000100001	0.0001	0.0001	0.0001	0.000100001	0.0001	0.000100001	0.0451777	0.589113	0.0379013	0.00910212	0.999908	0.999908	0.674284	0.0001	0.0953843	0.0001	0.0001	0.00108471	0.0001	0.104176	0.298461	0.0246752	0.542406	0.0001	0.0001	0.0130728	0.000100001	0.0001	0.000100001
30	A	T	ORF	S	NULL	0	0	0	0	0	0	0	0	0	0	0	0	0	0	0	0	0	0	0	0	0	0	0	0	0	0	0	0	0	0	0	0	0	0	0	0	0	0	0	0	0	0	0	0	0	0	0	0	0	0	0	0	0	0
31	A	T	ORF	S	NULL	0	0	0	0	0	0	0	0	0	0	0	0	0	0	0	0	0	0	0	0	0	0	0	0	0	0	0	0	0	0	0	0	0	0	0	0	0	0	0	0	0	0	0	0	0	0	0	0	0	0	0	0	0	0
32	A	T	ORF	S	NULL	0	0	0	0	0.226905	0.0001	0.541593	0.654223	0.00197368	0.437073	0.509739	0.510944	0.17665	0.48014	0.308238	0.276577	0.0001	0.189149	0.0001	0.0001	0.0001	0.0001	0.159343	0.0001	0.99379	0.0001	0.514754	0.852385	0.820078	0.765646	0.424102	0.0001	0.0001	0.230565	0.0001	0.0001	0.0001	0.0461014	0.789313	0.191312	0.0001	0.649431	0.292409	0.0401424	0.407193	0.00149005	0.0001	0.399284	0.750763	0.0335181	0.293315	0.645631	0.00252095	0.809775
33	A	T	ORF	S	NULL	0	0	0	0	0	0	0	0	0	0	0	0	0	0	0	0	0	0	0	0	0	0	0	0	0	0	0	0	0	0	0	0	0	0	0	0	0	0	0	0	0	0	0	0	0	0	0	0	0	0	0	0	0	0
34	A	T	ORF	S	NULL	0	0	0	0	0.22491	0.000238367	0.0001	0.0283545	0.00143343	0.0001	0.310128	0.0001	0.0001	0.0001	0.0172919	0.0001	0.000726297	0.0001	0.0001	0.203528	0.0229781	0.01018	0.587862	0.0001	0.0001	0.0001	0.0001	0.0001	0.0001	0.0001	0.0650383	0.20491	0.00465638	0.0001	0.00861062	0.0001	0.0001	0.184462	0.0001	0.0739016	0.0001	0.0001	0.601926	0.0001	0.0323334	0.0001	0.0350132	0.0001	0.0001	0.0001	0.013968	0.0001	0.0001	0.0001
35	A	T	ORF	S	NULL	0	0	0	0	0	0	0	0	0	0	0	0	0	0	0	0	0	0	0	0	0	0	0	0	0	0	0	0	0	0	0	0	0	0	0	0	0	0	0	0	0	0	0	0	0	0	0	0	0	0	0	0	0	0
36	A	T	ORF	S	NULL	0	0	0	0	0.0001	0.00740507	0.0001	0.0943725	0.0192978	0.0001	0.119415	0.0001	0.0001	0.000100077	0.399892	0.0001	0.159427	0.185538	0.0001	0.688657	0.75746	0.306743	0.147086	0.0001	0.0036933	0.0001	0.128839	0.0001	0.0605317	0.0001	0.059994	0.0740687	0.179831	0.602458	0.624336	0.0001	0.0001	0.0709936	0.0001	0.451761	0.0001	0.0001	0.0291608	0.0001	0.335298	0.406054	0.251104	0.0352422	0.0001	0.0001	0.266688	0.102565	0.965363	0.0712851
37	A	T	ORF	S	NULL	0	0	0	0	0	0	0	0	0	0	0	0	0	0	0	0	0	0	0	0	0	0	0	0	0	0	0	0	0	0	0	0	0	0	0	0	0	0	0	0	0	0	0	0	0	0	0	0	0	0	0	0	0	0
38	A	T	ORF	S	NULL	0	0	0	0	0.22491	0.000238367	0.0001	0.0283545	0.00143343	0.0001	0.310128	0.0001	0.0001	0.0001	0.0172919	0.0001	0.000726297	0.0001	0.0001	0.203528	0.0229781	0.01018	0.587862	0.0001	0.0001	0.0001	0.0001	0.0001	0.0001	0.0001	0.0650383	0.20491	0.00465638	0.0001	0.00861062	0.0001	0.0001	0.184462	0.0001	0.0739016	0.0001	0.0001	0.601926	0.0001	0.0323334	0.0001	0.0350132	0.0001	0.0001	0.0001	0.013968	0.0001	0.0001	0.0001
39	A	T	ORF	S	NULL	0	0	0	0	0	0	0	0	0	0	0	0	0	0	0	0	0	0	0	0	0	0	0	0	0	0	0	0	0	0	0	0	0	0	0	0	0	0	0	0	0	0	0	0	0	0	0	0	0	0	0	0	0	0
40	A	T	ORF	S	NULL	0	0	0	0	0	0	0	0	0	0	0	0	0	0	0	0	0	0	0	0	0	0	0	0	0	0	0	0	0	0	0	0	0	0	0	0	0	0	0	0	0	0	0	0	0	0	0	0	0	0	0	0	0	0
41	A	T	ORF	S	NULL	0	0	0	0	0	0	0	0	0	0	0	0	0	0	0	0	0	0	0	0	0	0	0	0	0	0	0	0	0	0	0	0	0	0	0	0	0	0	0	0	0	0	0	0	0	0	0	0	0	0	0	0	0	0
42	A	T	ORF	S	NULL	0	0	0	0	0	0	0	0	0	0	0	0	0	0	0	0	0	0	0	0	0	0	0	0	0	0	0	0	0	0	0	0	0	0	0	0	0	0	0	0	0	0	0	0	0	0	0	0	0	0	0	0	0	0
43	A	T	ORF	S	NULL	0	0	0	0	0	0	0	0	0	0	0	0	0	0	0	0	0	0	0	0	0	0	0	0	0	0	0	0	0	0	0	0	0	0	0	0	0	0	0	0	0	0	0	0	0	0	0	0	0	0	0	0	0	0
44	A	T	ORF	S	NULL	0	0	0	0	0	0	0	0	0	0	0	0	0	0	0	0	0	0	0	0	0	0	0	0	0	0	0	0	0	0	0	0	0	0	0	0	0	0	0	0	0	0	0	0	0	0	0	0	0	0	0	0	0	0
45	A	T	ORF	S	NULL	0	0	0	0	0	0	0	0	0	0	0	0	0	0	0	0	0	0	0	0	0	0	0	0	0	0	0	0	0	0	0	0	0	0	0	0	0	0	0	0	0	0	0	0	0	0	0	0	0	0	0	0	0	0
46	A	T	ORF	S	NULL	0	0	0	0	0.00830199	0.0341399	0.0489113	0.0493153	0.0325859	0.0001	0.0607179	0.000100241	0.0001	0.000100052	0.0773667	0.0001	0.0250322	0.251516	0.0001	0.0441977	0.10936	0.493868	0.0001	0.999871	0.00251626	0.998955	0.0001	0.0001	0.0413771	0.0001	0.450866	0.0001	0.09594	0.0001	0.153234	0.0001	0.0001	0.0001	0.0001	0.0001	0.999871	0.0001	0.0306925	0.944977	0.0001	0.0479564	0.284302	0.0230678	0.0001	0.407428	0.0658632	0.251804	0.0001	0.0487277
47	A	T	ORF	S	NULL	0	0	0	0	0	0	0	0	0	0	0	0	0	0	0	0	0	0	0	0	0	0	0	0	0	0	0	0	0	0	0	0	0	0	0	0	0	0	0	0	0	0	0	0	0	0	0	0	0	0	0	0	0	0
48	A	T	ORF	S	NULL	0	0	0	0	0.0248022	0.894998	0.334932	0.0420216	0.920847	0.0002	0.0002	0.0002	0.569003	0.428181	0.137231	0.595478	0.0354162	0.217685	0.999102	0.0580612	0.0823834	0.179173	0.0213216	0.0002	0.0002	0.0002	0.0876101	0.0750317	0.0002	0.0670874	0.0002	0.67007	0.13056	0.0002	0.204818	0.0002	0.0002	0.00633479	0.109458	0.0002	0.0002	0.0911778	0.0002	0.00477337	0.0260237	0.215854	0.405005	0.0002	0.0831191	0.52339	0.125748	0.0002	0.0002	0.0002
49	A	T	ORF	S	NULL	0	0	0	0	0	0	0	0	0	0	0	0	0	0	0	0	0	0	0	0	0	0	0	0	0	0	0	0	0	0	0	0	0	0	0	0	0	0	0	0	0	0	0	0	0	0	0	0	0	0	0	0	0	0
50	A	T	ORF	S	NULL	0	0	0	0	0	0	0	0	0	0	0	0	0	0	0	0	0	0	0	0	0	0	0	0	0	0	0	0	0	0	0	0	0	0	0	0	0	0	0	0	0	0	0	0	0	0	0	0	0	0	0	0	0	0
51	A	T	ORF	S	NULL	0	0	0	0	0	0	0	0	0	0	0	0	0	0	0	0	0	0	0	0	0	0	0	0	0	0	0	0	0	0	0	0	0	0	0	0	0	0	0	0	0	0	0	0	0	0	0	0	0	0	0	0	0	0
52	A	T	ORF	S	NULL	0	0	0	0	0	0	0	0	0	0	0	0	0	0	0	0	0	0	0	0	0	0	0	0	0	0	0	0	0	0	0	0	0	0	0	0	0	0	0	0	0	0	0	0	0	0	0	0	0	0	0	0	0	0
53	A	T	ORF	S	NULL	0	0	0	0	0	0	0	0	0	0	0	0	0	0	0	0	0	0	0	0	0	0	0	0	0	0	0	0	0	0	0	0	0	0	0	0	0	0	0	0	0	0	0	0	0	0	0	0	0	0	0	0	0	0
54	A	T	ORF	S	NULL	0	0	0	0	0.00830199	0.0341399	0.0489113	0.0493153	0.0325859	0.0001	0.0607179	0.000100241	0.0001	0.000100052	0.0773667	0.0001	0.0250322	0.251516	0.0001	0.0441977	0.10936	0.493868	0.0001	0.999871	0.00251626	0.998955	0.0001	0.0001	0.0413771	0.0001	0.450866	0.0001	0.09594	0.0001	0.153234	0.0001	0.0001	0.0001	0.0001	0.0001	0.999871	0.0001	0.0306925	0.944977	0.0001	0.0479564	0.284302	0.0230678	0.0001	0.407428	0.0658632	0.251804	0.0001	0.0487277
55	A	T	ORF	S	NULL	0	0	0	0	0	0	0	0	0	0	0	0	0	0	0	0	0	0	0	0	0	0	0	0	0	0	0	0	0	0	0	0	0	0	0	0	0	0	0	0	0	0	0	0	0	0	0	0	0	0	0	0	0	0
56	A	T	ORF	S	NULL	0	0	0	0	0	0	0	0	0	0	0	0	0	0	0	0	0	0	0	0	0	0	0	0	0	0	0	0	0	0	0	0	0	0	0	0	0	0	0	0	0	0	0	0	0	0	0	0	0	0	0	0	0	0
57	A	T	ORF	S	NULL	0	0	0	0	0	0	0	0	0	0	0	0	0	0	0	0	0	0	0	0	0	0	0	0	0	0	0	0	0	0	0	0	0	0	0	0	0	0	0	0	0	0	0	0	0	0	0	0	0	0	0	0	0	0
58	A	T	ORF	S	NULL	0	0	0	0	0.000100134	0.101371	0.0001	0.0419216	0.0710077	0.0001	0.0001	0.0001	0.0001	0.0001	0.137131	0.0001	0.0353162	0.0001	0.0001	0.0579612	0.0822834	0.179073	0.000100225	0.0001	0.0001	0.0001	0.0045034	0.0001	0.0001	0.0001	0.0001	0.0001	0.13046	0.0001	0.204718	0.0001	0.0001	0.000100041	0.0001	0.0001	0.0001	0.0001	0.0001	0.0001	0.0001	0.0001	0.404905	0.0001	0.0001	0.0001	0.125648	0.0001	0.0001	0.0001
59	A	T	ORF	S	NULL	0	0	0	0	0	0	0	0	0	0	0	0	0	0	0	0	0	0	0	0	0	0	0	0	0	0	0	0	0	0	0	0	0	0	0	0	0	0	0	0	0	0	0	0	0	0	0	0	0	0	0	0	0	0
60	A	T	ORF	S	NULL	0	0	0	0	0	0	0	0	0	0	0	0	0	0	0	0	0	0	0	0	0	0	0	0	0	0	0	0	0	0	0	0	0	0	0	0	0	0	0	0	0	0	0	0	0	0	0	0	0	0	0	0	0	0
61	A	T	ORF	S	NULL	0	0	0	0	0	0	0	0	0	0	0	0	0	0	0	0	0	0	0	0	0	0	0	0	0	0	0	0	0	0	0	0	0	0	0	0	0	0	0	0	0	0	0	0	0	0	0	0	0	0	0	0	0	0
62	A	T	ORF	S	NULL	0	0	0	0	0	0	0	0	0	0	0	0	0	0	0	0	0	0	0	0	0	0	0	0	0	0	0	0	0	0	0	0	0	0	0	0	0	0	0	0	0	0	0	0	0	0	0	0	0	0	0	0	0	0
63	A	T	ORF	S	NULL	0	0	0	0	0	0	0	0	0	0	0	0	0	0	0	0	0	0	0	0	0	0	0	0	0	0	0	0	0	0	0	0	0	0	0	0	0	0	0	0	0	0	0	0	0	0	0	0	0	0	0	0	0	0
64	A	T	ORF	S	NULL	0	0	0	0	0.441923	0.000165971	0.000100001	0.0001	0.000559319	0.263913	0.000100001	0.363921	0.0001	0.0001	0.0199	0.0001	0.779499	0.0995842	0.0001	0.00565632	0.0279184	0.010137	0.0001	0.0001	0.000100001	0.0001	0.0001	0.0001	0.000100001	0.0001	0.000100001	0.0451777	0.589113	0.0379013	0.00910212	0.999908	0.999908	0.674284	0.0001	0.0953843	0.0001	0.0001	0.00108471	0.0001	0.104176	0.298461	0.0246752	0.542406	0.0001	0.0001	0.0130728	0.000100001	0.0001	0.000100001
65	A	T	ORF	S	NULL	0	0	0	0	0	0	0	0	0	0	0	0	0	0	0	0	0	0	0	0	0	0	0	0	0	0	0	0	0	0	0	0	0	0	0	0	0	0	0	0	0	0	0	0	0	0	0	0	0	0	0	0	0	0
66	A	T	ORF	S	NULL	0	0	0	0	0	0	0	0	0	0	0	0	0	0	0	0	0	0	0	0	0	0	0	0	0	0	0	0	0	0	0	0	0	0	0	0	0	0	0	0	0	0	0	0	0	0	0	0	0	0	0	0	0	0
67	A	T	ORF	S	NULL	0	0	0	0	0	0	0	0	0	0	0	0	0	0	0	0	0	0	0	0	0	0	0	0	0	0	0	0	0	0	0	0	0	0	0	0	0	0	0	0	0	0	0	0	0	0	0	0	0	0	0	0	0	0
68	A	T	ORF	S	NULL	0	0	0	0	0.226905	0.0001	0.541593	0.654223	0.00197368	0.437073	0.509739	0.510944	0.17665	0.48014	0.308238	0.276577	0.0001	0.189149	0.0001	0.0001	0.0001	0.0001	0.159343	0.0001	0.99379	0.0001	0.514754	0.852385	0.820078	0.765646	0.424102	0.0001	0.0001	0.230565	0.0001	0.0001	0.0001	0.0461014	0.789313	0.191312	0.0001	0.649431	0.292409	0.0401424	0.407193	0.00149005	0.0001	0.399284	0.750763	0.0335181	0.293315	0.645631	0.00252095	0.809775
69	A	T	ORF	S	NULL	0	0	0	0	0	0	0	0	0	0	0	0	0	0	0	0	0	0	0	0	0	0	0	0	0	0	0	0	0	0	0	0	0	0	0	0	0	0	0	0	0	0	0	0	0	0	0	0	0	0	0	0	0	0
70	A	T	ORF	S	NULL	0	0	0	0	0.22491	0.000238367	0.0001	0.0283545	0.00143343	0.0001	0.310128	0.0001	0.0001	0.0001	0.0172919	0.0001	0.000726297	0.0001	0.0001	0.203528	0.0229781	0.01018	0.587862	0.0001	0.0001	0.0001	0.0001	0.0001	0.0001	0.0001	0.0650383	0.20491	0.00465638	0.0001	0.00861062	0.0001	0.0001	0.184462	0.0001	0.0739016	0.0001	0.0001	0.601926	0.0001	0.0323334	0.0001	0.0350132	0.0001	0.0001	0.0001	0.013968	0.0001	0.0001	0.0001
71	A	T	ORF	S	NULL	0	0	0	0	0	0	0	0	0	0	0	0	0	0	0	0	0	0	0	0	0	0	0	0	0	0	0	0	0	0	0	0	0	0	0	0	0	0	0	0	0	0	0	0	0	0	0	0	0	0	0	0	0	0
72	A	T	ORF	S	NULL	0	0	0	0	0	0	0	0	0	0	0	0	0	0	0	0	0	0	0	0	0	0	0	0	0	0	0	0	0	0	0	0	0	0	0	0	0	0	0	0	0	0	0	0	0	0	0	0	0	0	0	0	0	0
73	A	T	ORF	S	NULL	0	0	0	0	0.0248022	0.894998	0.334932	0.0420216	0.920847	0.0002	0.0002	0.0002	0.569003	0.428181	0.137231	0.595478	0.0354162	0.217685	0.999102	0.0580612	0.0823834	0.179173	0.0213216	0.0002	0.0002	0.0002	0.0876101	0.0750317	0.0002	0.0670874	0.0002	0.67007	0.13056	0.0002	0.204818	0.0002	0.0002	0.00633479	0.109458	0.0002	0.0002	0.0911778	0.0002	0.00477337	0.0260237	0.215854	0.405005	0.0002	0.0831191	0.52339	0.125748	0.0002	0.0002	0.0002
74	A	T	ORF	S	NULL	0	0	0	0	0	0	0	0	0	0	0	0	0	0	0	0	0	0	0	0	0	0	0	0	0	0	0	0	0	0	0	0	0	0	0	0	0	0	0	0	0	0	0	0	0	0	0	0	0	0	0	0	0	0
75	A	T	ORF	S	NULL	0	0	0	0	0	0	0	0	0	0	0	0	0	0	0	0	0	0	0	0	0	0	0	0	0	0	0	0	0	0	0	0	0	0	0	0	0	0	0	0	0	0	0	0	0	0	0	0	0	0	0	0	0	0
76	A	T	ORF	S	NULL	0	0	0	0	0	0	0	0	0	0	0	0	0	0	0	0	0	0	0	0	0	0	0	0	0	0	0	0	0	0	0	0	0	0	0	0	0	0	0	0	0	0	0	0	0	0	0	0	0	0	0	0	0	0
77	A	T	ORF	S	NULL	0	0	0	0	0	0	0	0	0	0	0	0	0	0	0	0	0	0	0	0	0	0	0	0	0	0	0	0	0	0	0	0	0	0	0	0	0	0	0	0	0	0	0	0	0	0	0	0	0	0	0	0	0	0
78	A	T	ORF	S	NULL	0	0	0	0	0	0	0	0	0	0	0	0	0	0	0	0	0	0	0	0	0	0	0	0	0	0	0	0	0	0	0	0	0	0	0	0	0	0	0	0	0	0	0	0	0	0	0	0	0	0	0	0	0	0
79	A	T	ORF	S	NULL	0	0	0	0	0.0248022	0.894998	0.334932	0.0420216	0.920847	0.0002	0.0002	0.0002	0.569003	0.428181	0.137231	0.595478	0.0354162	0.217685	0.999102	0.0580612	0.0823834	0.179173	0.0213216	0.0002	0.0002	0.0002	0.0876101	0.0750317	0.0002	0.0670874	0.0002	0.67007	0.13056	0.0002	0.204818	0.0002	0.0002	0.00633479	0.109458	0.0002	0.0002	0.0911778	0.0002	0.00477337	0.0260237	0.215854	0.405005	0.0002	0.0831191	0.52339	0.125748	0.0002	0.0002	0.0002
80	A	T	ORF	S	NULL	0	0	0	0	0	0	0	0	0	0	0	0	0	0	0	0	0	0	0	0	0	0	0	0	0	0	0	0	0	0	0	0	0	0	0	0	0	0	0	0	0	0	0	0	0	0	0	0	0	0	0	0	0	0
81	A	T	ORF	S	NULL	0	0	0	0	0.00830199	0.0341399	0.0489113	0.0493153	0.0325859	0.0001	0.0607179	0.000100241	0.0001	0.000100052	0.0773667	0.0001	0.0250322	0.251516	0.0001	0.0441977	0.10936	0.493868	0.0001	0.999871	0.00251626	0.998955	0.0001	0.0001	0.0413771	0.0001	0.450866	0.0001	0.09594	0.0001	0.153234	0.0001	0.0001	0.0001	0.0001	0.0001	0.999871	0.0001	0.0306925	0.944977	0.0001	0.0479564	0.284302	0.0230678	0.0001	0.407428	0.0658632	0.251804	0.0001	0.0487277
82	A	T	ORF	S	NULL	0	0	0	0	0	0	0	0	0	0	0	0	0	0	0	0	0	0	0	0	0	0	0	0	0	0	0	0	0	0	0	0	0	0	0	0	0	0	0	0	0	0	0	0	0	0	0	0	0	0	0	0	0	0
83	A	T	ORF	S	NULL	0	0	0	0	0	0	0	0	0	0	0	0	0	0	0	0	0	0	0	0	0	0	0	0	0	0	0	0	0	0	0	0	0	0	0	0	0	0	0	0	0	0	0	0	0	0	0	0	0	0	0	0	0	0
84	A	T	ORF	S	NULL	0	0	0	0	0	0	0	0	0	0	0	0	0	0	0	0	0	0	0	0	0	0	0	0	0	0	0	0	0	0	0	0	0	0	0	0	0	0	0	0	0	0	0	0	0	0	0	0	0	0	0	0	0	0
85	A	T	ORF	S	NULL	0	0	0	0	0	0	0	0	0	0	0	0	0	0	0	0	0	0	0	0	0	0	0	0	0	0	0	0	0	0	0	0	0	0	0	0	0	0	0	0	0	0	0	0	0	0	0	0	0	0	0	0	0	0
86	A	T	ORF	S	NULL	0	0	0	0	0	0	0	0	0	0	0	0	0	0	0	0	0	0	0	0	0	0	0	0	0	0	0	0	0	0	0	0	0	0	0	0	0	0	0	0	0	0	0	0	0	0	0	0	0	0	0	0	0	0
87	A	T	ORF	S	NULL	0	0	0	0	0	0	0	0	0	0	0	0	0	0	0	0	0	0	0	0	0	0	0	0	0	0	0	0	0	0	0	0	0	0	0	0	0	0	0	0	0	0	0	0	0	0	0	0	0	0	0	0	0	0
88	A	T	ORF	S	NULL	0	0	0	0	0	0	0	0	0	0	0	0	0	0	0	0	0	0	0	0	0	0	0	0	0	0	0	0	0	0	0	0	0	0	0	0	0	0	0	0	0	0	0	0	0	0	0	0	0	0	0	0	0	0
89	A	T	ORF	S	NULL	0	0	0	0	0	0	0	0	0	0	0	0	0	0	0	0	0	0	0	0	0	0	0	0	0	0	0	0	0	0	0	0	0	0	0	0	0	0	0	0	0	0	0	0	0	0	0	0	0	0	0	0	0	0
90	A	T	ORF	S	NULL	0	0	0	0	0	0	0	0	0	0	0	0	0	0	0	0	0	0	0	0	0	0	0	0	0	0	0	0	0	0	0	0	0	0	0	0	0	0	0	0	0	0	0	0	0	0	0	0	0	0	0	0	0	0
91	A	T	ORF	S	NULL	0	0	0	0	0	0	0	0	0	0	0	0	0	0	0	0	0	0	0	0	0	0	0	0	0	0	0	0	0	0	0	0	0	0	0	0	0	0	0	0	0	0	0	0	0	0	0	0	0	0	0	0	0	0
92	A	T	ORF	S	NULL	0	0	0	0	0.22501	0.101609	0.0002	0.0702761	0.0724412	0.0002	0.310228	0.0002	0.0002	0.0002	0.154423	0.0002	0.0360425	0.0002	0.0002	0.261489	0.105261	0.189252	0.587962	0.0002	0.0002	0.0002	0.0046034	0.0002	0.0002	0.0002	0.0651383	0.20501	0.135116	0.0002	0.213329	0.0002	0.0002	0.184562	0.0002	0.0740016	0.0002	0.0002	0.602026	0.0002	0.0324334	0.0002	0.439918	0.0002	0.0002	0.0002	0.139616	0.0002	0.0002	0.0002
93	A	T	ORF	S	NULL	0	0	0	0	0	0	0	0	0	0	0	0	0	0	0	0	0	0	0	0	0	0	0	0	0	0	0	0	0	0	0	0	0	0	0	0	0	0	0	0	0	0	0	0	0	0	0	0	0	0	0	0	0	0
94	A	T	ORF	S	NULL	0	0	0	0	0	0	0	0	0	0	0	0	0	0	0	0	0	0	0	0	0	0	0	0	0	0	0	0	0	0	0	0	0	0	0	0	0	0	0	0	0	0	0	0	0	0	0	0	0	0	0	0	0	0
95	A	T	ORF	S	NULL	0	0	0	0	0	0	0	0	0	0	0	0	0	0	0	0	0	0	0	0	0	0	0	0	0	0	0	0	0	0	0	0	0	0	0	0	0	0	0	0	0	0	0	0	0	0	0	0	0	0	0	0	0	0
96	A	T	ORF	S	NULL	0	0	0	0	0.441923	0.000165971	0.000100001	0.0001	0.000559319	0.263913	0.000100001	0.363921	0.0001	0.0001	0.0199	0.0001	0.779499	0.0995842	0.0001	0.00565632	0.0279184	0.010137	0.0001	0.0001	0.000100001	0.0001	0.0001	0.0001	0.000100001	0.0001	0.000100001	0.0451777	0.589113	0.0379013	0.00910212	0.999908	0.999908	0.674284	0.0001	0.0953843	0.0001	0.0001	0.00108471	0.0001	0.104176	0.298461	0.0246752	0.542406	0.0001	0.0001	0.0130728	0.000100001	0.0001	0.000100001
97	A	T	ORF	S	NULL	0	0	0	0	0	0	0	0	0	0	0	0	0	0	0	0	0	0	0	0	0	0	0	0	0	0	0	0	0	0	0	0	0	0	0	0	0	0	0	0	0	0	0	0	0	0	0	0	0	0	0	0	0	0
98	A	T	ORF	S	NULL	0	0	0	0	0	0	0	0	0	0	0	0	0	0	0	0	0	0	0	0	0	0	0	0	0	0	0	0	0	0	0	0	0	0	0	0	0	0	0	0	0	0	0	0	0	0	0	0	0	0	0	0	0	0
99	A	T	ORF	S	NULL	0	0	0	0	0	0	0	0	0	0	0	0	0	0	0	0	0	0	0	0	0	0	0	0	0	0	0	0	0	0	0	0	0	0	0	0	0	0	0	0	0	0	0	0	0	0	0	0	0	0	0	0	0	0
100	A	T	ORF	S	NULL	0	0	0	0	0	0	0	0	0	0	0	0	0	0	0	0	0	0	0	0	0	0	0	0	0	0	0	0	0	0	0	0	0	0	0	0	0	0	0	0	0	0	0	0	0	0	0	0	0	0	0	0	0	0
