pos	ref	alt	gene	N/S	AA	nSRAsubclonal	nSRAclonal	nSRA	nConsensus	sample0|Earth	sample1|Earth	sample2|Earth	sample3|Earth	sample4|Earth	sample5|Earth	sample6|Earth	sample7|Earth	sample8|Earth	sample9|Earth	sample10|Earth	sample11|Earth	sample12|Earth	sample13|Earth	sample14|Earth	sample15|Earth	sample16|Earth	sample17|Earth	sample18|Earth	sample19|Earth	sample20|Earth	sample21|Earth	sample22|Earth	sample23|Earth	sample24|Earth	sample25|Earth	sample26|Earth	sample27|Earth	sample28|Earth	sample29|Earth	sample30|Earth	sample31|Earth	sample32|Earth	sample33|Earth	sample34|Earth	sample35|Earth	sample36|Earth	sample37|Earth	sample38|Earth	sample39|Earth	sample40|Earth	sample41|Earth	sample42|Earth	sample43|Earth	sample44|Earth	sample45|Earth	sample46|Earth	sample47|Earth	sample48|Earth	sample49|Earth
1	A	T	ORF	S	NULL	0	0	0	0	0.0001	0.894971	0.37793	0.0001	0.920974	0.0001	0.0001	0.0001	0.549089	0.353941	0.000100001	0.583174	0.0001	0.206934	0.99898	0.0001	0.0001	0.0001	0.0001	0.0001	0.0001	0.0001	0.0001	0.0001	0.0001	0.0001	0.0001	0.669954	0.0001	0.000100011	0.0001	0.0001	0.0001	0.0001	0.000101041	0.0001	0.0001	0.0001	0.0001	0.0001	0.0001	0.215916	0.298921	0.0001	0.0001	0.520913	0.0001	0.0001	0.0001	0.0001
2	A	T	ORF	S	NULL	0	0	0	0	0.224926	0.0001	0.0001	0.00805328	0.000917969	0.0001	0.363956	0.0001	0.0001	0.0001	0.0001	0.0001	0.0001	0.0001	0.0001	0.201083	0.0001	0.000100028	0.592969	0.0001	0.0001	0.0001	0.0001	0.0001	0.0001	0.0001	0.100912	0.204924	0.0001	0.0001	0.0001	0.0001	0.0001	0.186922	0.0001	0.0739062	0.0001	0.0001	0.60297	0.0001	0.0439037	0.0001	0.0001	0.0001	0.0001	0.0001	0.0001	0.0001	0.0001	0.0001
3	A	T	ORF	S	NULL	0	0	0	0	0.0002	0.895071	0.37803	0.0174531	0.921074	0.0002	0.0002	0.0232306	0.58446	0.85792	0.000200001	0.817322	0.0002	0.207034	0.99908	0.0002	0.0002	0.0002	0.0002	0.0002	0.0117914	0.0002	0.813102	0.0002	0.145365	0.0002	0.0002	0.670054	0.0002	0.000200021	0.0002	0.0002	0.0002	0.0002	0.000201041	0.0255807	0.0002	1.00005	0.0115305	0.0002	0.409051	0.216016	0.299021	0.00648986	0.0002	0.526119	0.576072	0.113013	0.0002	0.478059
4	A	T	ORF	S	NULL	0	0	0	0	0	0	0	0	0	0	0	0	0	0	0	0	0	0	0	0	0	0	0	0	0	0	0	0	0	0	0	0	0	0	0	0	0	0	0	0	0	0	0	0	0	0	0	0	0	0	0	0	0	0
5	A	T	ORF	S	NULL	0	0	0	0	0.0001	0.0001	0.0001	0.0173531	0.0001	0.0001	0.0001	0.0231306	0.0353708	0.503978	0.0001	0.234148	0.0001	0.000100001	0.0001	0.0001	0.0001	0.0001	0.0001	0.0001	0.0116914	0.0001	0.813002	0.0001	0.145265	0.0001	0.0001	0.0001	0.0001	0.000100011	0.0001	0.0001	0.0001	0.0001	0.0001	0.0254807	0.0001	0.999954	0.0114305	0.0001	0.408951	0.0001	0.0001	0.00638986	0.0001	0.00520654	0.575972	0.112913	0.0001	0.477959
6	A	T	ORF	S	NULL	0	0	0	0	0	0	0	0	0	0	0	0	0	0	0	0	0	0	0	0	0	0	0	0	0	0	0	0	0	0	0	0	0	0	0	0	0	0	0	0	0	0	0	0	0	0	0	0	0	0	0	0	0	0
7	A	T	ORF	S	NULL	0	0	0	0	0	0	0	0	0	0	0	0	0	0	0	0	0	0	0	0	0	0	0	0	0	0	0	0	0	0	0	0	0	0	0	0	0	0	0	0	0	0	0	0	0	0	0	0	0	0	0	0	0	0
8	A	T	ORF	S	NULL	0	0	0	0	0	0	0	0	0	0	0	0	0	0	0	0	0	0	0	0	0	0	0	0	0	0	0	0	0	0	0	0	0	0	0	0	0	0	0	0	0	0	0	0	0	0	0	0	0	0	0	0	0	0
9	A	T	ORF	S	NULL	0	0	0	0	0	0	0	0	0	0	0	0	0	0	0	0	0	0	0	0	0	0	0	0	0	0	0	0	0	0	0	0	0	0	0	0	0	0	0	0	0	0	0	0	0	0	0	0	0	0	0	0	0	0
10	A	T	ORF	S	NULL	0	0	0	0	0.031203	0.104212	0.621106	0.372301	0.0772205	0.000400004	0.635111	0.347422	0.0240157	0.141217	0.578842	0.000400004	0.2211	0.506448	0.000400003	0.797929	0.999891	0.999714	0.168221	1.00025	0.71757	0.999281	0.186223	0.0004	0.492642	0.170217	0.898126	0.0762098	0.415379	0.643284	0.999887	0.0004	0.0004	0.0782101	0.000400003	0.495885	1.00025	0.0004	0.188975	0.948277	0.427446	0.475106	0.700137	0.356291	0.0004	0.412808	0.422823	0.885492	1.00027	0.521263
11	A	T	ORF	S	NULL	0	0	0	0	0.300051	0.895071	0.37803	0.504961	0.921074	0.735125	0.0002	0.142506	0.750814	0.354041	0.420072	0.764554	0.0002	0.386892	0.99908	0.0002	0.0002	0.0002	0.23804	0.0002	0.208568	0.0002	0.0002	1.00002	0.291677	0.829162	0.0002	0.670054	0.0002	0.318052	0.0002	0.0002	0.0002	0.0580083	0.999171	0.156063	0.0002	0.0002	0.130399	0.0510088	0.0002	0.216016	0.299021	0.0396726	1.00002	0.550928	0.0002	0.0002	0.0002	0.0002
12	A	T	ORF	S	NULL	0	0	0	0	0	0	0	0	0	0	0	0	0	0	0	0	0	0	0	0	0	0	0	0	0	0	0	0	0	0	0	0	0	0	0	0	0	0	0	0	0	0	0	0	0	0	0	0	0	0	0	0	0	0
13	A	T	ORF	S	NULL	0	0	0	0	0.000201523	0.104012	0.000200004	0.149909	0.0770205	0.000200004	0.116042	0.000200072	0.000200111	0.000200004	0.57864	0.000200004	0.2209	0.18833	0.000200003	0.797726	0.999688	0.720249	0.168021	0.0002	0.000200037	0.000200003	0.186022	0.0002	0.000200042	0.000200003	0.000200614	0.0760096	0.415179	0.643079	0.999686	0.0002	0.0002	0.0780099	0.000200003	0.475206	0.0002	0.0002	0.00020382	0.000200004	0.366351	0.410077	0.652094	0.000200023	0.0002	0.000200022	0.422622	0.000311687	1.00007	0.000200004
14	A	T	ORF	S	NULL	0	0	0	0	0.0001	0.0001	0.571977	0.222292	0.000100002	0.0001	0.518969	0.347122	0.0237156	0.140917	0.000100662	0.0001	0.000100182	0.0599913	0.0001	0.000101354	0.00010109	0.0001	0.000100155	0.0001	0.71727	0.0001	0.000100527	0.0001	0.492342	0.169917	0.485968	0.000100091	0.0001	0.000102454	0.000100086	0.0001	0.0001	0.000100149	0.0001	0.0205755	0.0001	0.0001	0.175154	0.0001	0.0609859	0.000101288	0.0001	0.355991	0.0001	0.00356661	0.000100249	0.667057	0.000102559	0.520963
15	A	T	ORF	S	NULL	0	0	0	0	0	0	0	0	0	0	0	0	0	0	0	0	0	0	0	0	0	0	0	0	0	0	0	0	0	0	0	0	0	0	0	0	0	0	0	0	0	0	0	0	0	0	0	0	0	0	0	0	0	0
16	A	T	ORF	S	NULL	0	0	0	0	0	0	0	0	0	0	0	0	0	0	0	0	0	0	0	0	0	0	0	0	0	0	0	0	0	0	0	0	0	0	0	0	0	0	0	0	0	0	0	0	0	0	0	0	0	0	0	0	0	0
17	A	T	ORF	S	NULL	0	0	0	0	0.0001	0.894971	0.37793	0.0001	0.920974	0.0001	0.0001	0.0001	0.549089	0.353941	0.000100001	0.583174	0.0001	0.206934	0.99898	0.0001	0.0001	0.0001	0.0001	0.0001	0.0001	0.0001	0.0001	0.0001	0.0001	0.0001	0.0001	0.669954	0.0001	0.000100011	0.0001	0.0001	0.0001	0.0001	0.000101041	0.0001	0.0001	0.0001	0.0001	0.0001	0.0001	0.215916	0.298921	0.0001	0.0001	0.520913	0.0001	0.0001	0.0001	0.0001
18	A	T	ORF	S	NULL	0	0	0	0	0.0001	0.0001	0.571977	0.222292	0.000100002	0.0001	0.518969	0.347122	0.0237156	0.140917	0.000100662	0.0001	0.000100182	0.0599913	0.0001	0.000101354	0.00010109	0.0001	0.000100155	0.0001	0.71727	0.0001	0.000100527	0.0001	0.492342	0.169917	0.485968	0.000100091	0.0001	0.000102454	0.000100086	0.0001	0.0001	0.000100149	0.0001	0.0205755	0.0001	0.0001	0.175154	0.0001	0.0609859	0.000101288	0.0001	0.355991	0.0001	0.00356661	0.000100249	0.667057	0.000102559	0.520963
19	A	T	ORF	S	NULL	0	0	0	0	0	0	0	0	0	0	0	0	0	0	0	0	0	0	0	0	0	0	0	0	0	0	0	0	0	0	0	0	0	0	0	0	0	0	0	0	0	0	0	0	0	0	0	0	0	0	0	0	0	0
20	A	T	ORF	S	NULL	0	0	0	0	0.000101523	0.103912	0.0001	0.139252	0.0769205	0.0001	0.115942	0.0001	0.0001	0.0001	0.293071	0.0001	0.11294	0.000103385	0.0001	0.225237	0.412091	0.720149	0.000107539	0.0001	0.0001	0.0001	0.000103242	0.0001	0.0001	0.0001	0.000100614	0.000103097	0.415079	0.000111636	0.68312	0.0001	0.0001	0.000102993	0.0001	0.00010863	0.0001	0.0001	0.00010382	0.0001	0.000107178	0.000107516	0.651994	0.0001	0.0001	0.0001	0.242062	0.0001	0.000117647	0.0001
21	A	T	ORF	S	NULL	0	0	0	0	0	0	0	0	0	0	0	0	0	0	0	0	0	0	0	0	0	0	0	0	0	0	0	0	0	0	0	0	0	0	0	0	0	0	0	0	0	0	0	0	0	0	0	0	0	0	0	0	0	0
22	A	T	ORF	S	NULL	0	0	0	0	0	0	0	0	0	0	0	0	0	0	0	0	0	0	0	0	0	0	0	0	0	0	0	0	0	0	0	0	0	0	0	0	0	0	0	0	0	0	0	0	0	0	0	0	0	0	0	0	0	0
23	A	T	ORF	S	NULL	0	0	0	0	0.442044	0.104012	0.0002	0.139352	0.0770205	0.264026	0.116042	0.364036	0.0002	0.0002	0.293171	0.0002	0.890929	0.104013	0.0002	0.225337	0.412191	0.720249	0.000207539	0.0002	0.0002	0.0002	0.000203242	0.0002	0.0002	0.0002	0.000200614	0.0470071	0.999196	0.0380126	0.68322	1.00003	1.00003	0.676068	0.0002	0.106018	0.0002	0.0002	0.00200406	0.0002	0.116017	0.308036	0.652094	0.563055	0.0002	0.0002	0.242162	0.0002	0.000217647	0.0002
24	A	T	ORF	S	NULL	0	0	0	0	0	0	0	0	0	0	0	0	0	0	0	0	0	0	0	0	0	0	0	0	0	0	0	0	0	0	0	0	0	0	0	0	0	0	0	0	0	0	0	0	0	0	0	0	0	0	0	0	0	0
25	A	T	ORF	S	NULL	0	0	0	0	0.441943	0.0001	0.0001	0.000100246	0.0001	0.263926	0.0001	0.363936	0.0001	0.0001	0.0001	0.0001	0.777989	0.103909	0.0001	0.0001	0.0001	0.000100394	0.0001	0.0001	0.0001	0.0001	0.0001	0.0001	0.0001	0.0001	0.0001	0.0469041	0.584117	0.037901	0.000100315	0.999934	0.999934	0.675965	0.0001	0.10591	0.0001	0.0001	0.00190024	0.0001	0.11591	0.307928	0.0001	0.562955	0.0001	0.0001	0.000100007	0.0001	0.0001	0.0001
26	A	T	ORF	S	NULL	0	0	0	0	0	0	0	0	0	0	0	0	0	0	0	0	0	0	0	0	0	0	0	0	0	0	0	0	0	0	0	0	0	0	0	0	0	0	0	0	0	0	0	0	0	0	0	0	0	0	0	0	0	0
27	A	T	ORF	S	NULL	0	0	0	0	0	0	0	0	0	0	0	0	0	0	0	0	0	0	0	0	0	0	0	0	0	0	0	0	0	0	0	0	0	0	0	0	0	0	0	0	0	0	0	0	0	0	0	0	0	0	0	0	0	0
28	A	T	ORF	S	NULL	0	0	0	0	0.441943	0.0001	0.0001	0.000100246	0.0001	0.263926	0.0001	0.363936	0.0001	0.0001	0.0001	0.0001	0.777989	0.103909	0.0001	0.0001	0.0001	0.000100394	0.0001	0.0001	0.0001	0.0001	0.0001	0.0001	0.0001	0.0001	0.0001	0.0469041	0.584117	0.037901	0.000100315	0.999934	0.999934	0.675965	0.0001	0.10591	0.0001	0.0001	0.00190024	0.0001	0.11591	0.307928	0.0001	0.562955	0.0001	0.0001	0.000100007	0.0001	0.0001	0.0001
29	A	T	ORF	S	NULL	0	0	0	0	0.441943	0.0001	0.0001	0.000100246	0.0001	0.263926	0.0001	0.363936	0.0001	0.0001	0.0001	0.0001	0.777989	0.103909	0.0001	0.0001	0.0001	0.000100394	0.0001	0.0001	0.0001	0.0001	0.0001	0.0001	0.0001	0.0001	0.0001	0.0469041	0.584117	0.037901	0.000100315	0.999934	0.999934	0.675965	0.0001	0.10591	0.0001	0.0001	0.00190024	0.0001	0.11591	0.307928	0.0001	0.562955	0.0001	0.0001	0.000100007	0.0001	0.0001	0.0001
30	A	T	ORF	S	NULL	0	0	0	0	0.299951	0.0001	0.0001	0.504861	0.0001	0.735025	0.0001	0.142406	0.201725	0.0001	0.419972	0.181381	0.0001	0.179958	0.0001	0.0001	0.0001	0.0001	0.23794	0.0001	0.208468	0.0001	0.0001	0.999923	0.291577	0.829062	0.0001	0.0001	0.0001	0.317952	0.0001	0.0001	0.0001	0.0579083	0.99907	0.155963	0.0001	0.0001	0.130299	0.0509088	0.0001	0.0001	0.0001	0.0395726	0.999923	0.0300149	0.0001	0.0001	0.0001	0.0001
31	A	T	ORF	S	NULL	0	0	0	0	0	0	0	0	0	0	0	0	0	0	0	0	0	0	0	0	0	0	0	0	0	0	0	0	0	0	0	0	0	0	0	0	0	0	0	0	0	0	0	0	0	0	0	0	0	0	0	0	0	0
32	A	T	ORF	S	NULL	0	0	0	0	0.300051	0.0002	0.572077	0.727153	0.000200002	0.735125	0.519069	0.489528	0.22544	0.141017	0.420073	0.181481	0.000200182	0.239949	0.0002	0.000201354	0.00020109	0.0002	0.238041	0.0002	0.925738	0.0002	0.000200527	1.00002	0.783919	0.998979	0.486068	0.000200091	0.0002	0.318054	0.000200086	0.0002	0.0002	0.0580084	0.99917	0.176538	0.0002	0.0002	0.305453	0.0510088	0.0610859	0.000201289	0.0002	0.395564	1.00002	0.0335815	0.000200249	0.667157	0.000202559	0.521063
33	A	T	ORF	S	NULL	0	0	0	0	0	0	0	0	0	0	0	0	0	0	0	0	0	0	0	0	0	0	0	0	0	0	0	0	0	0	0	0	0	0	0	0	0	0	0	0	0	0	0	0	0	0	0	0	0	0	0	0	0	0
34	A	T	ORF	S	NULL	0	0	0	0	0.224926	0.0001	0.0001	0.00805328	0.000917969	0.0001	0.363956	0.0001	0.0001	0.0001	0.0001	0.0001	0.0001	0.0001	0.0001	0.201083	0.0001	0.000100028	0.592969	0.0001	0.0001	0.0001	0.0001	0.0001	0.0001	0.0001	0.100912	0.204924	0.0001	0.0001	0.0001	0.0001	0.0001	0.186922	0.0001	0.0739062	0.0001	0.0001	0.60297	0.0001	0.0439037	0.0001	0.0001	0.0001	0.0001	0.0001	0.0001	0.0001	0.0001	0.0001
35	A	T	ORF	S	NULL	0	0	0	0	0	0	0	0	0	0	0	0	0	0	0	0	0	0	0	0	0	0	0	0	0	0	0	0	0	0	0	0	0	0	0	0	0	0	0	0	0	0	0	0	0	0	0	0	0	0	0	0	0	0
36	A	T	ORF	S	NULL	0	0	0	0	0.0001	0.0001	0.000100004	0.010657	0.0001	0.000100004	0.0001	0.000100072	0.000100111	0.000100004	0.285569	0.000100004	0.10796	0.188227	0.000100003	0.57249	0.587597	0.0001	0.167913	0.0001	0.000100037	0.000100003	0.185919	0.0001	0.000100042	0.000100003	0.0001	0.0759065	0.0001	0.642967	0.316566	0.0001	0.0001	0.0779069	0.000100003	0.475098	0.0001	0.0001	0.0001	0.000100004	0.366244	0.409969	0.0001	0.000100023	0.0001	0.000100022	0.18056	0.000211687	0.99995	0.000100004
37	A	T	ORF	S	NULL	0	0	0	0	0	0	0	0	0	0	0	0	0	0	0	0	0	0	0	0	0	0	0	0	0	0	0	0	0	0	0	0	0	0	0	0	0	0	0	0	0	0	0	0	0	0	0	0	0	0	0	0	0	0
38	A	T	ORF	S	NULL	0	0	0	0	0.224926	0.0001	0.0001	0.00805328	0.000917969	0.0001	0.363956	0.0001	0.0001	0.0001	0.0001	0.0001	0.0001	0.0001	0.0001	0.201083	0.0001	0.000100028	0.592969	0.0001	0.0001	0.0001	0.0001	0.0001	0.0001	0.0001	0.100912	0.204924	0.0001	0.0001	0.0001	0.0001	0.0001	0.186922	0.0001	0.0739062	0.0001	0.0001	0.60297	0.0001	0.0439037	0.0001	0.0001	0.0001	0.0001	0.0001	0.0001	0.0001	0.0001	0.0001
39	A	T	ORF	S	NULL	0	0	0	0	0	0	0	0	0	0	0	0	0	0	0	0	0	0	0	0	0	0	0	0	0	0	0	0	0	0	0	0	0	0	0	0	0	0	0	0	0	0	0	0	0	0	0	0	0	0	0	0	0	0
40	A	T	ORF	S	NULL	0	0	0	0	0.0001	0.0001	0.571977	0.222292	0.000100002	0.0001	0.518969	0.347122	0.0237156	0.140917	0.000100662	0.0001	0.000100182	0.0599913	0.0001	0.000101354	0.00010109	0.0001	0.000100155	0.0001	0.71727	0.0001	0.000100527	0.0001	0.492342	0.169917	0.485968	0.000100091	0.0001	0.000102454	0.000100086	0.0001	0.0001	0.000100149	0.0001	0.0205755	0.0001	0.0001	0.175154	0.0001	0.0609859	0.000101288	0.0001	0.355991	0.0001	0.00356661	0.000100249	0.667057	0.000102559	0.520963
41	A	T	ORF	S	NULL	0	0	0	0	0	0	0	0	0	0	0	0	0	0	0	0	0	0	0	0	0	0	0	0	0	0	0	0	0	0	0	0	0	0	0	0	0	0	0	0	0	0	0	0	0	0	0	0	0	0	0	0	0	0
42	A	T	ORF	S	NULL	0	0	0	0	0	0	0	0	0	0	0	0	0	0	0	0	0	0	0	0	0	0	0	0	0	0	0	0	0	0	0	0	0	0	0	0	0	0	0	0	0	0	0	0	0	0	0	0	0	0	0	0	0	0
43	A	T	ORF	S	NULL	0	0	0	0	0	0	0	0	0	0	0	0	0	0	0	0	0	0	0	0	0	0	0	0	0	0	0	0	0	0	0	0	0	0	0	0	0	0	0	0	0	0	0	0	0	0	0	0	0	0	0	0	0	0
44	A	T	ORF	S	NULL	0	0	0	0	0	0	0	0	0	0	0	0	0	0	0	0	0	0	0	0	0	0	0	0	0	0	0	0	0	0	0	0	0	0	0	0	0	0	0	0	0	0	0	0	0	0	0	0	0	0	0	0	0	0
45	A	T	ORF	S	NULL	0	0	0	0	0	0	0	0	0	0	0	0	0	0	0	0	0	0	0	0	0	0	0	0	0	0	0	0	0	0	0	0	0	0	0	0	0	0	0	0	0	0	0	0	0	0	0	0	0	0	0	0	0	0
46	A	T	ORF	S	NULL	0	0	0	0	0.031003	0.104012	0.0490289	0.139352	0.0770205	0.0002	0.116042	0.0002	0.0002	0.0002	0.293172	0.0002	0.113041	0.258229	0.0002	0.225338	0.412193	0.999514	0.000207735	1.00005	0.0002	0.999081	0.000203969	0.0002	0.0002	0.0002	0.412058	0.000203199	0.415179	0.000214708	0.683221	0.0002	0.0002	0.000203099	0.0002	0.00021204	1.00005	0.0002	0.0137204	0.948077	0.000216101	0.0650357	0.699937	0.0002	0.0002	0.409141	0.242163	0.218223	0.000220677	0.0002
47	A	T	ORF	S	NULL	0	0	0	0	0	0	0	0	0	0	0	0	0	0	0	0	0	0	0	0	0	0	0	0	0	0	0	0	0	0	0	0	0	0	0	0	0	0	0	0	0	0	0	0	0	0	0	0	0	0	0	0	0	0
48	A	T	ORF	S	NULL	0	0	0	0	0.0001	0.894971	0.37793	0.0001	0.920974	0.0001	0.0001	0.0001	0.549089	0.353941	0.000100001	0.583174	0.0001	0.206934	0.99898	0.0001	0.0001	0.0001	0.0001	0.0001	0.0001	0.0001	0.0001	0.0001	0.0001	0.0001	0.0001	0.669954	0.0001	0.000100011	0.0001	0.0001	0.0001	0.0001	0.000101041	0.0001	0.0001	0.0001	0.0001	0.0001	0.0001	0.215916	0.298921	0.0001	0.0001	0.520913	0.0001	0.0001	0.0001	0.0001
49	A	T	ORF	S	NULL	0	0	0	0	0	0	0	0	0	0	0	0	0	0	0	0	0	0	0	0	0	0	0	0	0	0	0	0	0	0	0	0	0	0	0	0	0	0	0	0	0	0	0	0	0	0	0	0	0	0	0	0	0	0
50	A	T	ORF	S	NULL	0	0	0	0	0	0	0	0	0	0	0	0	0	0	0	0	0	0	0	0	0	0	0	0	0	0	0	0	0	0	0	0	0	0	0	0	0	0	0	0	0	0	0	0	0	0	0	0	0	0	0	0	0	0
51	A	T	ORF	S	NULL	0	0	0	0	0	0	0	0	0	0	0	0	0	0	0	0	0	0	0	0	0	0	0	0	0	0	0	0	0	0	0	0	0	0	0	0	0	0	0	0	0	0	0	0	0	0	0	0	0	0	0	0	0	0
52	A	T	ORF	S	NULL	0	0	0	0	0	0	0	0	0	0	0	0	0	0	0	0	0	0	0	0	0	0	0	0	0	0	0	0	0	0	0	0	0	0	0	0	0	0	0	0	0	0	0	0	0	0	0	0	0	0	0	0	0	0
53	A	T	ORF	S	NULL	0	0	0	0	0	0	0	0	0	0	0	0	0	0	0	0	0	0	0	0	0	0	0	0	0	0	0	0	0	0	0	0	0	0	0	0	0	0	0	0	0	0	0	0	0	0	0	0	0	0	0	0	0	0
54	A	T	ORF	S	NULL	0	0	0	0	0.0309015	0.0001	0.0489289	0.000100039	0.000100007	0.0001	0.0001	0.0001	0.0001	0.0001	0.000101105	0.0001	0.000100384	0.258126	0.0001	0.000101607	0.000101751	0.279365	0.000100195	0.999947	0.0001	0.998981	0.000100726	0.0001	0.0001	0.0001	0.411957	0.000100102	0.0001	0.000103072	0.000100627	0.0001	0.0001	0.000100105	0.0001	0.00010341	0.999947	0.0001	0.0136166	0.947977	0.000108923	0.0649282	0.0479431	0.0001	0.0001	0.409041	0.000100631	0.218123	0.000103031	0.0001
55	A	T	ORF	S	NULL	0	0	0	0	0.0001	0.0001	0.0001	0.0173531	0.0001	0.0001	0.0001	0.0231306	0.0353708	0.503978	0.0001	0.234148	0.0001	0.000100001	0.0001	0.0001	0.0001	0.0001	0.0001	0.0001	0.0116914	0.0001	0.813002	0.0001	0.145265	0.0001	0.0001	0.0001	0.0001	0.000100011	0.0001	0.0001	0.0001	0.0001	0.0001	0.0254807	0.0001	0.999954	0.0114305	0.0001	0.408951	0.0001	0.0001	0.00638986	0.0001	0.00520654	0.575972	0.112913	0.0001	0.477959
56	A	T	ORF	S	NULL	0	0	0	0	0	0	0	0	0	0	0	0	0	0	0	0	0	0	0	0	0	0	0	0	0	0	0	0	0	0	0	0	0	0	0	0	0	0	0	0	0	0	0	0	0	0	0	0	0	0	0	0	0	0
57	A	T	ORF	S	NULL	0	0	0	0	0	0	0	0	0	0	0	0	0	0	0	0	0	0	0	0	0	0	0	0	0	0	0	0	0	0	0	0	0	0	0	0	0	0	0	0	0	0	0	0	0	0	0	0	0	0	0	0	0	0
58	A	T	ORF	S	NULL	0	0	0	0	0.000101523	0.103912	0.0001	0.139252	0.0769205	0.0001	0.115942	0.0001	0.0001	0.0001	0.293071	0.0001	0.11294	0.000103385	0.0001	0.225237	0.412091	0.720149	0.000107539	0.0001	0.0001	0.0001	0.000103242	0.0001	0.0001	0.0001	0.000100614	0.000103097	0.415079	0.000111636	0.68312	0.0001	0.0001	0.000102993	0.0001	0.00010863	0.0001	0.0001	0.00010382	0.0001	0.000107178	0.000107516	0.651994	0.0001	0.0001	0.0001	0.242062	0.0001	0.000117647	0.0001
59	A	T	ORF	S	NULL	0	0	0	0	0	0	0	0	0	0	0	0	0	0	0	0	0	0	0	0	0	0	0	0	0	0	0	0	0	0	0	0	0	0	0	0	0	0	0	0	0	0	0	0	0	0	0	0	0	0	0	0	0	0
60	A	T	ORF	S	NULL	0	0	0	0	0.0001	0.0001	0.0001	0.0173531	0.0001	0.0001	0.0001	0.0231306	0.0353708	0.503978	0.0001	0.234148	0.0001	0.000100001	0.0001	0.0001	0.0001	0.0001	0.0001	0.0001	0.0116914	0.0001	0.813002	0.0001	0.145265	0.0001	0.0001	0.0001	0.0001	0.000100011	0.0001	0.0001	0.0001	0.0001	0.0001	0.0254807	0.0001	0.999954	0.0114305	0.0001	0.408951	0.0001	0.0001	0.00638986	0.0001	0.00520654	0.575972	0.112913	0.0001	0.477959
61	A	T	ORF	S	NULL	0	0	0	0	0.0001	0.0001	0.0001	0.0173531	0.0001	0.0001	0.0001	0.0231306	0.0353708	0.503978	0.0001	0.234148	0.0001	0.000100001	0.0001	0.0001	0.0001	0.0001	0.0001	0.0001	0.0116914	0.0001	0.813002	0.0001	0.145265	0.0001	0.0001	0.0001	0.0001	0.000100011	0.0001	0.0001	0.0001	0.0001	0.0001	0.0254807	0.0001	0.999954	0.0114305	0.0001	0.408951	0.0001	0.0001	0.00638986	0.0001	0.00520654	0.575972	0.112913	0.0001	0.477959
62	A	T	ORF	S	NULL	0	0	0	0	0	0	0	0	0	0	0	0	0	0	0	0	0	0	0	0	0	0	0	0	0	0	0	0	0	0	0	0	0	0	0	0	0	0	0	0	0	0	0	0	0	0	0	0	0	0	0	0	0	0
63	A	T	ORF	S	NULL	0	0	0	0	0	0	0	0	0	0	0	0	0	0	0	0	0	0	0	0	0	0	0	0	0	0	0	0	0	0	0	0	0	0	0	0	0	0	0	0	0	0	0	0	0	0	0	0	0	0	0	0	0	0
64	A	T	ORF	S	NULL	0	0	0	0	0.441943	0.0001	0.0001	0.000100246	0.0001	0.263926	0.0001	0.363936	0.0001	0.0001	0.0001	0.0001	0.777989	0.103909	0.0001	0.0001	0.0001	0.000100394	0.0001	0.0001	0.0001	0.0001	0.0001	0.0001	0.0001	0.0001	0.0001	0.0469041	0.584117	0.037901	0.000100315	0.999934	0.999934	0.675965	0.0001	0.10591	0.0001	0.0001	0.00190024	0.0001	0.11591	0.307928	0.0001	0.562955	0.0001	0.0001	0.000100007	0.0001	0.0001	0.0001
65	A	T	ORF	S	NULL	0	0	0	0	0	0	0	0	0	0	0	0	0	0	0	0	0	0	0	0	0	0	0	0	0	0	0	0	0	0	0	0	0	0	0	0	0	0	0	0	0	0	0	0	0	0	0	0	0	0	0	0	0	0
66	A	T	ORF	S	NULL	0	0	0	0	0	0	0	0	0	0	0	0	0	0	0	0	0	0	0	0	0	0	0	0	0	0	0	0	0	0	0	0	0	0	0	0	0	0	0	0	0	0	0	0	0	0	0	0	0	0	0	0	0	0
67	A	T	ORF	S	NULL	0	0	0	0	0	0	0	0	0	0	0	0	0	0	0	0	0	0	0	0	0	0	0	0	0	0	0	0	0	0	0	0	0	0	0	0	0	0	0	0	0	0	0	0	0	0	0	0	0	0	0	0	0	0
68	A	T	ORF	S	NULL	0	0	0	0	0.300051	0.0002	0.0002	0.522214	0.0002	0.735125	0.0002	0.165537	0.237096	0.504078	0.420072	0.415529	0.0002	0.180058	0.0002	0.0002	0.0002	0.0002	0.23804	0.0002	0.220159	0.0002	0.813102	1.00002	0.436842	0.829162	0.0002	0.0002	0.0002	0.318052	0.0002	0.0002	0.0002	0.0580083	0.99917	0.181443	0.0002	1.00005	0.141729	0.0510088	0.409051	0.0002	0.0002	0.0459625	1.00002	0.0352215	0.576072	0.113013	0.0002	0.478059
69	A	T	ORF	S	NULL	0	0	0	0	0.0001	0.0001	0.571977	0.222292	0.000100002	0.0001	0.518969	0.347122	0.0237156	0.140917	0.000100662	0.0001	0.000100182	0.0599913	0.0001	0.000101354	0.00010109	0.0001	0.000100155	0.0001	0.71727	0.0001	0.000100527	0.0001	0.492342	0.169917	0.485968	0.000100091	0.0001	0.000102454	0.000100086	0.0001	0.0001	0.000100149	0.0001	0.0205755	0.0001	0.0001	0.175154	0.0001	0.0609859	0.000101288	0.0001	0.355991	0.0001	0.00356661	0.000100249	0.667057	0.000102559	0.520963
70	A	T	ORF	S	NULL	0	0	0	0	0.224926	0.0001	0.0001	0.00805328	0.000917969	0.0001	0.363956	0.0001	0.0001	0.0001	0.0001	0.0001	0.0001	0.0001	0.0001	0.201083	0.0001	0.000100028	0.592969	0.0001	0.0001	0.0001	0.0001	0.0001	0.0001	0.0001	0.100912	0.204924	0.0001	0.0001	0.0001	0.0001	0.0001	0.186922	0.0001	0.0739062	0.0001	0.0001	0.60297	0.0001	0.0439037	0.0001	0.0001	0.0001	0.0001	0.0001	0.0001	0.0001	0.0001	0.0001
71	A	T	ORF	S	NULL	0	0	0	0	0	0	0	0	0	0	0	0	0	0	0	0	0	0	0	0	0	0	0	0	0	0	0	0	0	0	0	0	0	0	0	0	0	0	0	0	0	0	0	0	0	0	0	0	0	0	0	0	0	0
72	A	T	ORF	S	NULL	0	0	0	0	0	0	0	0	0	0	0	0	0	0	0	0	0	0	0	0	0	0	0	0	0	0	0	0	0	0	0	0	0	0	0	0	0	0	0	0	0	0	0	0	0	0	0	0	0	0	0	0	0	0
73	A	T	ORF	S	NULL	0	0	0	0	0.0001	0.894971	0.37793	0.0001	0.920974	0.0001	0.0001	0.0001	0.549089	0.353941	0.000100001	0.583174	0.0001	0.206934	0.99898	0.0001	0.0001	0.0001	0.0001	0.0001	0.0001	0.0001	0.0001	0.0001	0.0001	0.0001	0.0001	0.669954	0.0001	0.000100011	0.0001	0.0001	0.0001	0.0001	0.000101041	0.0001	0.0001	0.0001	0.0001	0.0001	0.0001	0.215916	0.298921	0.0001	0.0001	0.520913	0.0001	0.0001	0.0001	0.0001
74	A	T	ORF	S	NULL	0	0	0	0	0.0001	0.0001	0.571977	0.222292	0.000100002	0.0001	0.518969	0.347122	0.0237156	0.140917	0.000100662	0.0001	0.000100182	0.0599913	0.0001	0.000101354	0.00010109	0.0001	0.000100155	0.0001	0.71727	0.0001	0.000100527	0.0001	0.492342	0.169917	0.485968	0.000100091	0.0001	0.000102454	0.000100086	0.0001	0.0001	0.000100149	0.0001	0.0205755	0.0001	0.0001	0.175154	0.0001	0.0609859	0.000101288	0.0001	0.355991	0.0001	0.00356661	0.000100249	0.667057	0.000102559	0.520963
75	A	T	ORF	S	NULL	0	0	0	0	0	0	0	0	0	0	0	0	0	0	0	0	0	0	0	0	0	0	0	0	0	0	0	0	0	0	0	0	0	0	0	0	0	0	0	0	0	0	0	0	0	0	0	0	0	0	0	0	0	0
76	A	T	ORF	S	NULL	0	0	0	0	0	0	0	0	0	0	0	0	0	0	0	0	0	0	0	0	0	0	0	0	0	0	0	0	0	0	0	0	0	0	0	0	0	0	0	0	0	0	0	0	0	0	0	0	0	0	0	0	0	0
77	A	T	ORF	S	NULL	0	0	0	0	0	0	0	0	0	0	0	0	0	0	0	0	0	0	0	0	0	0	0	0	0	0	0	0	0	0	0	0	0	0	0	0	0	0	0	0	0	0	0	0	0	0	0	0	0	0	0	0	0	0
78	A	T	ORF	S	NULL	0	0	0	0	0.0001	0.0001	0.0001	0.0173531	0.0001	0.0001	0.0001	0.0231306	0.0353708	0.503978	0.0001	0.234148	0.0001	0.000100001	0.0001	0.0001	0.0001	0.0001	0.0001	0.0001	0.0116914	0.0001	0.813002	0.0001	0.145265	0.0001	0.0001	0.0001	0.0001	0.000100011	0.0001	0.0001	0.0001	0.0001	0.0001	0.0254807	0.0001	0.999954	0.0114305	0.0001	0.408951	0.0001	0.0001	0.00638986	0.0001	0.00520654	0.575972	0.112913	0.0001	0.477959
79	A	T	ORF	S	NULL	0	0	0	0	0.0001	0.894971	0.37793	0.0001	0.920974	0.0001	0.0001	0.0001	0.549089	0.353941	0.000100001	0.583174	0.0001	0.206934	0.99898	0.0001	0.0001	0.0001	0.0001	0.0001	0.0001	0.0001	0.0001	0.0001	0.0001	0.0001	0.0001	0.669954	0.0001	0.000100011	0.0001	0.0001	0.0001	0.0001	0.000101041	0.0001	0.0001	0.0001	0.0001	0.0001	0.0001	0.215916	0.298921	0.0001	0.0001	0.520913	0.0001	0.0001	0.0001	0.0001
80	A	T	ORF	S	NULL	0	0	0	0	0	0	0	0	0	0	0	0	0	0	0	0	0	0	0	0	0	0	0	0	0	0	0	0	0	0	0	0	0	0	0	0	0	0	0	0	0	0	0	0	0	0	0	0	0	0	0	0	0	0
81	A	T	ORF	S	NULL	0	0	0	0	0.0309015	0.0001	0.0489289	0.000100039	0.000100007	0.0001	0.0001	0.0001	0.0001	0.0001	0.000101105	0.0001	0.000100384	0.258126	0.0001	0.000101607	0.000101751	0.279365	0.000100195	0.999947	0.0001	0.998981	0.000100726	0.0001	0.0001	0.0001	0.411957	0.000100102	0.0001	0.000103072	0.000100627	0.0001	0.0001	0.000100105	0.0001	0.00010341	0.999947	0.0001	0.0136166	0.947977	0.000108923	0.0649282	0.0479431	0.0001	0.0001	0.409041	0.000100631	0.218123	0.000103031	0.0001
82	A	T	ORF	S	NULL	0	0	0	0	0	0	0	0	0	0	0	0	0	0	0	0	0	0	0	0	0	0	0	0	0	0	0	0	0	0	0	0	0	0	0	0	0	0	0	0	0	0	0	0	0	0	0	0	0	0	0	0	0	0
83	A	T	ORF	S	NULL	0	0	0	0	0	0	0	0	0	0	0	0	0	0	0	0	0	0	0	0	0	0	0	0	0	0	0	0	0	0	0	0	0	0	0	0	0	0	0	0	0	0	0	0	0	0	0	0	0	0	0	0	0	0
84	A	T	ORF	S	NULL	0	0	0	0	0	0	0	0	0	0	0	0	0	0	0	0	0	0	0	0	0	0	0	0	0	0	0	0	0	0	0	0	0	0	0	0	0	0	0	0	0	0	0	0	0	0	0	0	0	0	0	0	0	0
85	A	T	ORF	S	NULL	0	0	0	0	0	0	0	0	0	0	0	0	0	0	0	0	0	0	0	0	0	0	0	0	0	0	0	0	0	0	0	0	0	0	0	0	0	0	0	0	0	0	0	0	0	0	0	0	0	0	0	0	0	0
86	A	T	ORF	S	NULL	0	0	0	0	0	0	0	0	0	0	0	0	0	0	0	0	0	0	0	0	0	0	0	0	0	0	0	0	0	0	0	0	0	0	0	0	0	0	0	0	0	0	0	0	0	0	0	0	0	0	0	0	0	0
87	A	T	ORF	S	NULL	0	0	0	0	0	0	0	0	0	0	0	0	0	0	0	0	0	0	0	0	0	0	0	0	0	0	0	0	0	0	0	0	0	0	0	0	0	0	0	0	0	0	0	0	0	0	0	0	0	0	0	0	0	0
88	A	T	ORF	S	NULL	0	0	0	0	0.0001	0.0001	0.571977	0.222292	0.000100002	0.0001	0.518969	0.347122	0.0237156	0.140917	0.000100662	0.0001	0.000100182	0.0599913	0.0001	0.000101354	0.00010109	0.0001	0.000100155	0.0001	0.71727	0.0001	0.000100527	0.0001	0.492342	0.169917	0.485968	0.000100091	0.0001	0.000102454	0.000100086	0.0001	0.0001	0.000100149	0.0001	0.0205755	0.0001	0.0001	0.175154	0.0001	0.0609859	0.000101288	0.0001	0.355991	0.0001	0.00356661	0.000100249	0.667057	0.000102559	0.520963
89	A	T	ORF	S	NULL	0	0	0	0	0	0	0	0	0	0	0	0	0	0	0	0	0	0	0	0	0	0	0	0	0	0	0	0	0	0	0	0	0	0	0	0	0	0	0	0	0	0	0	0	0	0	0	0	0	0	0	0	0	0
90	A	T	ORF	S	NULL	0	0	0	0	0	0	0	0	0	0	0	0	0	0	0	0	0	0	0	0	0	0	0	0	0	0	0	0	0	0	0	0	0	0	0	0	0	0	0	0	0	0	0	0	0	0	0	0	0	0	0	0	0	0
91	A	T	ORF	S	NULL	0	0	0	0	0	0	0	0	0	0	0	0	0	0	0	0	0	0	0	0	0	0	0	0	0	0	0	0	0	0	0	0	0	0	0	0	0	0	0	0	0	0	0	0	0	0	0	0	0	0	0	0	0	0
92	A	T	ORF	S	NULL	0	0	0	0	0.225028	0.104012	0.0002	0.147305	0.0778385	0.0002	0.479898	0.0002	0.0002	0.0002	0.293171	0.0002	0.11304	0.000203385	0.0002	0.426319	0.412191	0.720249	0.593076	0.0002	0.0002	0.0002	0.000203242	0.0002	0.0002	0.0002	0.101012	0.205027	0.415179	0.000211636	0.68322	0.0002	0.0002	0.187025	0.0002	0.0740148	0.0002	0.0002	0.603074	0.0002	0.0440109	0.000207516	0.652094	0.0002	0.0002	0.0002	0.242162	0.0002	0.000217647	0.0002
93	A	T	ORF	S	NULL	0	0	0	0	0	0	0	0	0	0	0	0	0	0	0	0	0	0	0	0	0	0	0	0	0	0	0	0	0	0	0	0	0	0	0	0	0	0	0	0	0	0	0	0	0	0	0	0	0	0	0	0	0	0
94	A	T	ORF	S	NULL	0	0	0	0	0	0	0	0	0	0	0	0	0	0	0	0	0	0	0	0	0	0	0	0	0	0	0	0	0	0	0	0	0	0	0	0	0	0	0	0	0	0	0	0	0	0	0	0	0	0	0	0	0	0
95	A	T	ORF	S	NULL	0	0	0	0	0	0	0	0	0	0	0	0	0	0	0	0	0	0	0	0	0	0	0	0	0	0	0	0	0	0	0	0	0	0	0	0	0	0	0	0	0	0	0	0	0	0	0	0	0	0	0	0	0	0
96	A	T	ORF	S	NULL	0	0	0	0	0.441943	0.0001	0.0001	0.000100246	0.0001	0.263926	0.0001	0.363936	0.0001	0.0001	0.0001	0.0001	0.777989	0.103909	0.0001	0.0001	0.0001	0.000100394	0.0001	0.0001	0.0001	0.0001	0.0001	0.0001	0.0001	0.0001	0.0001	0.0469041	0.584117	0.037901	0.000100315	0.999934	0.999934	0.675965	0.0001	0.10591	0.0001	0.0001	0.00190024	0.0001	0.11591	0.307928	0.0001	0.562955	0.0001	0.0001	0.000100007	0.0001	0.0001	0.0001
97	A	T	ORF	S	NULL	0	0	0	0	0	0	0	0	0	0	0	0	0	0	0	0	0	0	0	0	0	0	0	0	0	0	0	0	0	0	0	0	0	0	0	0	0	0	0	0	0	0	0	0	0	0	0	0	0	0	0	0	0	0
98	A	T	ORF	S	NULL	0	0	0	0	0	0	0	0	0	0	0	0	0	0	0	0	0	0	0	0	0	0	0	0	0	0	0	0	0	0	0	0	0	0	0	0	0	0	0	0	0	0	0	0	0	0	0	0	0	0	0	0	0	0
99	A	T	ORF	S	NULL	0	0	0	0	0	0	0	0	0	0	0	0	0	0	0	0	0	0	0	0	0	0	0	0	0	0	0	0	0	0	0	0	0	0	0	0	0	0	0	0	0	0	0	0	0	0	0	0	0	0	0	0	0	0
100	A	T	ORF	S	NULL	0	0	0	0	0.0001	0.0001	0.571977	0.222292	0.000100002	0.0001	0.518969	0.347122	0.0237156	0.140917	0.000100662	0.0001	0.000100182	0.0599913	0.0001	0.000101354	0.00010109	0.0001	0.000100155	0.0001	0.71727	0.0001	0.000100527	0.0001	0.492342	0.169917	0.485968	0.000100091	0.0001	0.000102454	0.000100086	0.0001	0.0001	0.000100149	0.0001	0.0205755	0.0001	0.0001	0.175154	0.0001	0.0609859	0.000101288	0.0001	0.355991	0.0001	0.00356661	0.000100249	0.667057	0.000102559	0.520963
