pos	ref	alt	gene	N/S	AA	nSRAsubclonal	nSRAclonal	nSRA	nConsensus	sample0|Earth	sample1|Earth	sample2|Earth	sample3|Earth	sample4|Earth	sample5|Earth	sample6|Earth	sample7|Earth	sample8|Earth	sample9|Earth	sample10|Earth	sample11|Earth	sample12|Earth	sample13|Earth	sample14|Earth	sample15|Earth	sample16|Earth	sample17|Earth	sample18|Earth	sample19|Earth	sample20|Earth	sample21|Earth	sample22|Earth	sample23|Earth	sample24|Earth	sample25|Earth	sample26|Earth	sample27|Earth	sample28|Earth	sample29|Earth	sample30|Earth	sample31|Earth	sample32|Earth	sample33|Earth	sample34|Earth	sample35|Earth	sample36|Earth	sample37|Earth	sample38|Earth	sample39|Earth	sample40|Earth	sample41|Earth	sample42|Earth	sample43|Earth	sample44|Earth	sample45|Earth	sample46|Earth	sample47|Earth	sample48|Earth	sample49|Earth
1	A	T	ORF	S	NULL	0	0	0	0	0	0	0	0	0	0	0	0	0	0	0	0	0	0	0	0	0	0	0	0	0	0	0	0	0	0	0	0	0	0	0	0	0	0	0	0	0	0	0	0	0	0	0	0	0	0	0	0	0	0
2	A	T	ORF	S	NULL	0	0	0	0	0.280927	0.166916	0.256925	0.0001	0.0001	0.0001	0.0001	0.0001	0.300077	0.000100001	0.0001	0.0001	0.0001	0.257925	0.0001	0.0001	0.0001	0.273927	0.0001	0.71497	0.0001	0.863843	0.0001	0.0001	0.0001	0.0001	0.0001	0.0001	0.0001	0.0001	0.0001	0.0001	0.0001	0.0001	0.0001	0.0001	0.348696	0.00204964	0.0001	0.568956	0.0001	0.999959	0.0469045	0.0001	0.0001	0.999959	0.0001	0.516276	0.0001	0.0001
3	A	T	ORF	S	NULL	0	0	0	0	0	0	0	0	0	0	0	0	0	0	0	0	0	0	0	0	0	0	0	0	0	0	0	0	0	0	0	0	0	0	0	0	0	0	0	0	0	0	0	0	0	0	0	0	0	0	0	0	0	0
4	A	T	ORF	S	NULL	0	0	0	0	0	0	0	0	0	0	0	0	0	0	0	0	0	0	0	0	0	0	0	0	0	0	0	0	0	0	0	0	0	0	0	0	0	0	0	0	0	0	0	0	0	0	0	0	0	0	0	0	0	0
5	A	T	ORF	S	NULL	0	0	0	0	0	0	0	0	0	0	0	0	0	0	0	0	0	0	0	0	0	0	0	0	0	0	0	0	0	0	0	0	0	0	0	0	0	0	0	0	0	0	0	0	0	0	0	0	0	0	0	0	0	0
6	A	T	ORF	S	NULL	0	0	0	0	0.269454	0.70112	0.0002	1.00006	0.966363	0.000200001	0.999383	0.0002	0.0002	0.0002	0.0002	0.000200001	0.0002	0.0002	0.0002	1.0001	0.527089	0.0002	0.178873	0.0002	0.0002	0.0002	0.215025	0.381464	0.0002	0.135218	0.987138	0.000200001	0.353059	0.000200001	1.0001	0.000200001	0.128287	0.244051	0.000200001	0.0002	0.221883	0.0002	0.0002	0.0002	0.0002	0.0002	0.517088	0.0002	0.0002	0.0002	0.0002	0.0002	0.0002	0.0002
7	A	T	ORF	S	NULL	0	0	0	0	0.0001	0.0001	0.0001	0.0001	0.0001	0.0001	0.0001	0.21538	0.0316342	0.0001	0.99996	0.0001	0.966021	0.0001	0.145917	0.0001	0.252439	0.0001	0.0856788	0.0001	0.0951064	0.00747062	0.201819	0.0001	0.065808	0.0001	0.0001	0.171921	0.0124139	0.188923	0.0001	0.0001	0.23514	0.0001	0.0001	0.711989	0.0272793	0.453373	0.000100001	0.0001	0.102913	0.0001	0.0001	0.000100001	0.0001	0.0001	0.899012	0.0001	0.912014	0.0001
8	A	T	ORF	S	NULL	0	0	0	0	0.281027	0.167016	0.257025	0.0002	0.0002	0.0002	0.0002	0.0932751	0.314624	0.000200002	0.0002	0.13003	0.0002	0.258025	0.787117	0.0002	0.00530661	0.274027	0.453319	0.71507	0.0413852	0.871266	0.4437	0.181036	0.0286945	0.564225	0.0002	0.0002	0.00543236	0.0002	0.0002	0.0002	0.00268703	0.0002	0.000200003	0.0002	0.361402	0.147624	0.0002	0.569056	0.320043	1.00006	0.0470045	0.0002	0.478065	1.00006	0.100012	0.999375	0.0002	0.999135
9	A	T	ORF	S	NULL	0	0	0	0	0	0	0	0	0	0	0	0	0	0	0	0	0	0	0	0	0	0	0	0	0	0	0	0	0	0	0	0	0	0	0	0	0	0	0	0	0	0	0	0	0	0	0	0	0	0	0	0	0	0
10	A	T	ORF	S	NULL	0	0	0	0	0	0	0	0	0	0	0	0	0	0	0	0	0	0	0	0	0	0	0	0	0	0	0	0	0	0	0	0	0	0	0	0	0	0	0	0	0	0	0	0	0	0	0	0	0	0	0	0	0	0
11	A	T	ORF	S	NULL	0	0	0	0	0	0	0	0	0	0	0	0	0	0	0	0	0	0	0	0	0	0	0	0	0	0	0	0	0	0	0	0	0	0	0	0	0	0	0	0	0	0	0	0	0	0	0	0	0	0	0	0	0	0
12	A	T	ORF	S	NULL	0	0	0	0	0	0	0	0	0	0	0	0	0	0	0	0	0	0	0	0	0	0	0	0	0	0	0	0	0	0	0	0	0	0	0	0	0	0	0	0	0	0	0	0	0	0	0	0	0	0	0	0	0	0
13	A	T	ORF	S	NULL	0	0	0	0	0.0001	0.129914	0.0769079	0.0001	0.0319035	0.0001	0.0001	0.302241	0.591121	0.944004	0.0001	0.0739386	0.0001	0.0329031	0.0659443	0.0001	0.0171676	0.72398	0.0655318	0.0001	0.133501	0.0104274	0.0597361	0.0001	0.0923882	0.0001	0.0001	0.0001	0.0174597	0.0001	0.0001	0.0001	0.0377087	0.0001	0.0819088	0.0001	0.0380058	0.39676	0.0001	0.0001	0.0001	0.0001	0.434948	0.0001	0.0001	0.0001	0.0001	0.0001	0.0001	0.0001
14	A	T	ORF	S	NULL	0	0	0	0	0	0	0	0	0	0	0	0	0	0	0	0	0	0	0	0	0	0	0	0	0	0	0	0	0	0	0	0	0	0	0	0	0	0	0	0	0	0	0	0	0	0	0	0	0	0	0	0	0	0
15	A	T	ORF	S	NULL	0	0	0	0	0.0001	0.0001	0.444954	0.0001	0.0001	0.0001	0.0001	0.138222	0.020068	0.0549057	0.0001	0.0001	0.0001	0.331941	0.0001	0.0001	0.182001	0.0001	0.0299334	0.0001	0.0762383	0.00472232	0.0274318	0.154934	0.516488	0.281116	0.0119014	0.0001	0.00795268	0.0001	0.0001	0.0001	0.130177	0.0001	0.0001	0.0001	0.189528	0.000324265	0.99991	0.0001	0.0001	0.0001	0.0001	0.99991	0.0001	0.0001	0.0001	0.0001	0.0001	0.0001
16	A	T	ORF	S	NULL	0	0	0	0	0	0	0	0	0	0	0	0	0	0	0	0	0	0	0	0	0	0	0	0	0	0	0	0	0	0	0	0	0	0	0	0	0	0	0	0	0	0	0	0	0	0	0	0	0	0	0	0	0	0
17	A	T	ORF	S	NULL	0	0	0	0	0	0	0	0	0	0	0	0	0	0	0	0	0	0	0	0	0	0	0	0	0	0	0	0	0	0	0	0	0	0	0	0	0	0	0	0	0	0	0	0	0	0	0	0	0	0	0	0	0	0
18	A	T	ORF	S	NULL	0	0	0	0	0	0	0	0	0	0	0	0	0	0	0	0	0	0	0	0	0	0	0	0	0	0	0	0	0	0	0	0	0	0	0	0	0	0	0	0	0	0	0	0	0	0	0	0	0	0	0	0	0	0
19	A	T	ORF	S	NULL	0	0	0	0	0	0	0	0	0	0	0	0	0	0	0	0	0	0	0	0	0	0	0	0	0	0	0	0	0	0	0	0	0	0	0	0	0	0	0	0	0	0	0	0	0	0	0	0	0	0	0	0	0	0
20	A	T	ORF	S	NULL	0	0	0	0	0	0	0	0	0	0	0	0	0	0	0	0	0	0	0	0	0	0	0	0	0	0	0	0	0	0	0	0	0	0	0	0	0	0	0	0	0	0	0	0	0	0	0	0	0	0	0	0	0	0
21	A	T	ORF	S	NULL	0	0	0	0	0	0	0	0	0	0	0	0	0	0	0	0	0	0	0	0	0	0	0	0	0	0	0	0	0	0	0	0	0	0	0	0	0	0	0	0	0	0	0	0	0	0	0	0	0	0	0	0	0	0
22	A	T	ORF	S	NULL	0	0	0	0	0	0	0	0	0	0	0	0	0	0	0	0	0	0	0	0	0	0	0	0	0	0	0	0	0	0	0	0	0	0	0	0	0	0	0	0	0	0	0	0	0	0	0	0	0	0	0	0	0	0
23	A	T	ORF	S	NULL	0	0	0	0	0	0	0	0	0	0	0	0	0	0	0	0	0	0	0	0	0	0	0	0	0	0	0	0	0	0	0	0	0	0	0	0	0	0	0	0	0	0	0	0	0	0	0	0	0	0	0	0	0	0
24	A	T	ORF	S	NULL	0	0	0	0	0	0	0	0	0	0	0	0	0	0	0	0	0	0	0	0	0	0	0	0	0	0	0	0	0	0	0	0	0	0	0	0	0	0	0	0	0	0	0	0	0	0	0	0	0	0	0	0	0	0
25	A	T	ORF	S	NULL	0	0	0	0	0.182382	0.0001	0.0001	0.999958	0.871245	0.000100001	0.51319	0.0001	0.0001	0.0001	0.0001	0.000100001	0.0001	0.0001	0.0001	0.0001	0.0001	0.0001	0.121956	0.0001	0.0001	0.0001	0.214925	0.37541	0.0001	0.135118	0.987038	0.0001	0.0001	0.000100001	0.0001	0.0001	0.111178	0.243951	0.000100001	0.0001	0.123957	0.0001	0.0001	0.0001	0.0001	0.0001	0.0001	0.0001	0.0001	0.0001	0.0001	0.0001	0.0001	0.0001
26	A	T	ORF	S	NULL	0	0	0	0	0	0	0	0	0	0	0	0	0	0	0	0	0	0	0	0	0	0	0	0	0	0	0	0	0	0	0	0	0	0	0	0	0	0	0	0	0	0	0	0	0	0	0	0	0	0	0	0	0	0
27	A	T	ORF	S	NULL	0	0	0	0	0	0	0	0	0	0	0	0	0	0	0	0	0	0	0	0	0	0	0	0	0	0	0	0	0	0	0	0	0	0	0	0	0	0	0	0	0	0	0	0	0	0	0	0	0	0	0	0	0	0
28	A	T	ORF	S	NULL	0	0	0	0	0	0	0	0	0	0	0	0	0	0	0	0	0	0	0	0	0	0	0	0	0	0	0	0	0	0	0	0	0	0	0	0	0	0	0	0	0	0	0	0	0	0	0	0	0	0	0	0	0	0
29	A	T	ORF	S	NULL	0	0	0	0	0	0	0	0	0	0	0	0	0	0	0	0	0	0	0	0	0	0	0	0	0	0	0	0	0	0	0	0	0	0	0	0	0	0	0	0	0	0	0	0	0	0	0	0	0	0	0	0	0	0
30	A	T	ORF	S	NULL	0	0	0	0	0	0	0	0	0	0	0	0	0	0	0	0	0	0	0	0	0	0	0	0	0	0	0	0	0	0	0	0	0	0	0	0	0	0	0	0	0	0	0	0	0	0	0	0	0	0	0	0	0	0
31	A	T	ORF	S	NULL	0	0	0	0	0.0002	0.0002	0.445054	0.0002	0.0002	0.0002	0.0002	0.231398	0.034615	0.0550057	0.0002	0.13003	0.0002	0.332041	0.787117	0.0002	0.187207	0.000200001	0.483152	0.0002	0.117523	0.0121461	0.471032	0.33587	0.545082	0.84524	0.0120014	0.0002	0.013285	0.0002	0.0002	0.0002	0.132764	0.0002	0.000200003	0.0002	0.202235	0.145898	1.00001	0.0002	0.320043	0.0002	0.0002	1.00001	0.478065	0.0002	0.100012	0.483199	0.0002	0.999135
32	A	T	ORF	S	NULL	0	0	0	0	0	0	0	0	0	0	0	0	0	0	0	0	0	0	0	0	0	0	0	0	0	0	0	0	0	0	0	0	0	0	0	0	0	0	0	0	0	0	0	0	0	0	0	0	0	0	0	0	0	0
33	A	T	ORF	S	NULL	0	0	0	0	0	0	0	0	0	0	0	0	0	0	0	0	0	0	0	0	0	0	0	0	0	0	0	0	0	0	0	0	0	0	0	0	0	0	0	0	0	0	0	0	0	0	0	0	0	0	0	0	0	0
34	A	T	ORF	S	NULL	0	0	0	0	0.0001	0.0001	0.0001	0.0001	0.0001	0.0001	0.0001	0.21538	0.0316342	0.0001	0.99996	0.0001	0.966021	0.0001	0.145917	0.0001	0.252439	0.0001	0.0856788	0.0001	0.0951064	0.00747062	0.201819	0.0001	0.065808	0.0001	0.0001	0.171921	0.0124139	0.188923	0.0001	0.0001	0.23514	0.0001	0.0001	0.711989	0.0272793	0.453373	0.000100001	0.0001	0.102913	0.0001	0.0001	0.000100001	0.0001	0.0001	0.899012	0.0001	0.912014	0.0001
35	A	T	ORF	S	NULL	0	0	0	0	0	0	0	0	0	0	0	0	0	0	0	0	0	0	0	0	0	0	0	0	0	0	0	0	0	0	0	0	0	0	0	0	0	0	0	0	0	0	0	0	0	0	0	0	0	0	0	0	0	0
36	A	T	ORF	S	NULL	0	0	0	0	0.346175	0.0001	0.0001	0.0001	0.0001	0.375962	0.0001	0.000100633	0.000100077	0.0001	0.0001	0.795032	0.0001	0.0001	0.0001	0.0001	0.000100021	0.0001	0.129938	0.283947	0.540978	0.000100009	0.000100124	0.280166	0.217928	0.0172049	0.0001	0.0001	0.000100021	0.621003	0.0001	0.0001	0.454922	0.00593204	0.917052	0.0001	0.122939	0.0001	0.0001	0.429971	0.0001	0.0001	0.0001	0.0001	0.295949	0.0001	0.0001	0.0001	0.0869144	0.0001
37	A	T	ORF	S	NULL	0	0	0	0	0	0	0	0	0	0	0	0	0	0	0	0	0	0	0	0	0	0	0	0	0	0	0	0	0	0	0	0	0	0	0	0	0	0	0	0	0	0	0	0	0	0	0	0	0	0	0	0	0	0
38	A	T	ORF	S	NULL	0	0	0	0	0.101908	0.0001	0.218917	0.0001	0.0001	0.622948	0.0001	0.0001	0.0001	0.0001	0.0001	0.0001	0.0329025	0.375929	0.0001	0.0001	0.0001	0.0001	0.0001	0.0001	0.0001	0.0949062	0.0001	0.0001	0.0001	0.0001	0.0001	0.826964	0.587944	0.187914	0.0001	0.999949	0.0001	0.748958	0.0001	0.286922	0.0001	0.0001	0.0001	0.0001	0.574944	0.0001	0.0001	0.0001	0.224917	0.0001	0.0001	0.0001	0.0001	0.0001
39	A	T	ORF	S	NULL	0	0	0	0	0	0	0	0	0	0	0	0	0	0	0	0	0	0	0	0	0	0	0	0	0	0	0	0	0	0	0	0	0	0	0	0	0	0	0	0	0	0	0	0	0	0	0	0	0	0	0	0	0	0
40	A	T	ORF	S	NULL	0	0	0	0	0.0001	0.0001	0.444954	0.0001	0.0001	0.0001	0.0001	0.138222	0.020068	0.0549057	0.0001	0.0001	0.0001	0.331941	0.0001	0.0001	0.182001	0.0001	0.0299334	0.0001	0.0762383	0.00472232	0.0274318	0.154934	0.516488	0.281116	0.0119014	0.0001	0.00795268	0.0001	0.0001	0.0001	0.130177	0.0001	0.0001	0.0001	0.189528	0.000324265	0.99991	0.0001	0.0001	0.0001	0.0001	0.99991	0.0001	0.0001	0.0001	0.0001	0.0001	0.0001
41	A	T	ORF	S	NULL	0	0	0	0	0	0	0	0	0	0	0	0	0	0	0	0	0	0	0	0	0	0	0	0	0	0	0	0	0	0	0	0	0	0	0	0	0	0	0	0	0	0	0	0	0	0	0	0	0	0	0	0	0	0
42	A	T	ORF	S	NULL	0	0	0	0	0	0	0	0	0	0	0	0	0	0	0	0	0	0	0	0	0	0	0	0	0	0	0	0	0	0	0	0	0	0	0	0	0	0	0	0	0	0	0	0	0	0	0	0	0	0	0	0	0	0
43	A	T	ORF	S	NULL	0	0	0	0	0	0	0	0	0	0	0	0	0	0	0	0	0	0	0	0	0	0	0	0	0	0	0	0	0	0	0	0	0	0	0	0	0	0	0	0	0	0	0	0	0	0	0	0	0	0	0	0	0	0
44	A	T	ORF	S	NULL	0	0	0	0	0.182382	0.0001	0.0001	0.999958	0.871245	0.000100001	0.51319	0.0001	0.0001	0.0001	0.0001	0.000100001	0.0001	0.0001	0.0001	0.0001	0.0001	0.0001	0.121956	0.0001	0.0001	0.0001	0.214925	0.37541	0.0001	0.135118	0.987038	0.0001	0.0001	0.000100001	0.0001	0.0001	0.111178	0.243951	0.000100001	0.0001	0.123957	0.0001	0.0001	0.0001	0.0001	0.0001	0.0001	0.0001	0.0001	0.0001	0.0001	0.0001	0.0001	0.0001
45	A	T	ORF	S	NULL	0	0	0	0	0	0	0	0	0	0	0	0	0	0	0	0	0	0	0	0	0	0	0	0	0	0	0	0	0	0	0	0	0	0	0	0	0	0	0	0	0	0	0	0	0	0	0	0	0	0	0	0	0	0
46	A	T	ORF	S	NULL	0	0	0	0	0.0001	0.0001	0.444954	0.0001	0.0001	0.0001	0.0001	0.138222	0.020068	0.0549057	0.0001	0.0001	0.0001	0.331941	0.0001	0.0001	0.182001	0.0001	0.0299334	0.0001	0.0762383	0.00472232	0.0274318	0.154934	0.516488	0.281116	0.0119014	0.0001	0.00795268	0.0001	0.0001	0.0001	0.130177	0.0001	0.0001	0.0001	0.189528	0.000324265	0.99991	0.0001	0.0001	0.0001	0.0001	0.99991	0.0001	0.0001	0.0001	0.0001	0.0001	0.0001
47	A	T	ORF	S	NULL	0	0	0	0	0	0	0	0	0	0	0	0	0	0	0	0	0	0	0	0	0	0	0	0	0	0	0	0	0	0	0	0	0	0	0	0	0	0	0	0	0	0	0	0	0	0	0	0	0	0	0	0	0	0
48	A	T	ORF	S	NULL	0	0	0	0	0	0	0	0	0	0	0	0	0	0	0	0	0	0	0	0	0	0	0	0	0	0	0	0	0	0	0	0	0	0	0	0	0	0	0	0	0	0	0	0	0	0	0	0	0	0	0	0	0	0
49	A	T	ORF	S	NULL	0	0	0	0	0	0	0	0	0	0	0	0	0	0	0	0	0	0	0	0	0	0	0	0	0	0	0	0	0	0	0	0	0	0	0	0	0	0	0	0	0	0	0	0	0	0	0	0	0	0	0	0	0	0
50	A	T	ORF	S	NULL	0	0	0	0	0	0	0	0	0	0	0	0	0	0	0	0	0	0	0	0	0	0	0	0	0	0	0	0	0	0	0	0	0	0	0	0	0	0	0	0	0	0	0	0	0	0	0	0	0	0	0	0	0	0
51	A	T	ORF	S	NULL	0	0	0	0	0.280927	0.166916	0.256925	0.0001	0.0001	0.0001	0.0001	0.0001	0.300077	0.000100001	0.0001	0.0001	0.0001	0.257925	0.0001	0.0001	0.0001	0.273927	0.0001	0.71497	0.0001	0.863843	0.0001	0.0001	0.0001	0.0001	0.0001	0.0001	0.0001	0.0001	0.0001	0.0001	0.0001	0.0001	0.0001	0.0001	0.348696	0.00204964	0.0001	0.568956	0.0001	0.999959	0.0469045	0.0001	0.0001	0.999959	0.0001	0.516276	0.0001	0.0001
52	A	T	ORF	S	NULL	0	0	0	0	0	0	0	0	0	0	0	0	0	0	0	0	0	0	0	0	0	0	0	0	0	0	0	0	0	0	0	0	0	0	0	0	0	0	0	0	0	0	0	0	0	0	0	0	0	0	0	0	0	0
53	A	T	ORF	S	NULL	0	0	0	0	0.087072	0.70102	0.0001	0.0001	0.0951176	0.0001	0.486193	0.0001	0.0001	0.0001	0.0001	0.0001	0.0001	0.0001	0.0001	0.999999	0.526989	0.0001	0.0569175	0.0001	0.0001	0.0001	0.000100002	0.00605401	0.0001	0.0001	0.0001	0.0001	0.352959	0.0001	0.999999	0.0001	0.0171095	0.0001	0.0001	0.0001	0.0979264	0.0001	0.0001	0.0001	0.0001	0.0001	0.516988	0.0001	0.0001	0.0001	0.0001	0.0001	0.0001	0.0001
54	A	T	ORF	S	NULL	0	0	0	0	0	0	0	0	0	0	0	0	0	0	0	0	0	0	0	0	0	0	0	0	0	0	0	0	0	0	0	0	0	0	0	0	0	0	0	0	0	0	0	0	0	0	0	0	0	0	0	0	0	0
55	A	T	ORF	S	NULL	0	0	0	0	0	0	0	0	0	0	0	0	0	0	0	0	0	0	0	0	0	0	0	0	0	0	0	0	0	0	0	0	0	0	0	0	0	0	0	0	0	0	0	0	0	0	0	0	0	0	0	0	0	0
56	A	T	ORF	S	NULL	0	0	0	0	0	0	0	0	0	0	0	0	0	0	0	0	0	0	0	0	0	0	0	0	0	0	0	0	0	0	0	0	0	0	0	0	0	0	0	0	0	0	0	0	0	0	0	0	0	0	0	0	0	0
57	A	T	ORF	S	NULL	0	0	0	0	0	0	0	0	0	0	0	0	0	0	0	0	0	0	0	0	0	0	0	0	0	0	0	0	0	0	0	0	0	0	0	0	0	0	0	0	0	0	0	0	0	0	0	0	0	0	0	0	0	0
58	A	T	ORF	S	NULL	0	0	0	0	0	0	0	0	0	0	0	0	0	0	0	0	0	0	0	0	0	0	0	0	0	0	0	0	0	0	0	0	0	0	0	0	0	0	0	0	0	0	0	0	0	0	0	0	0	0	0	0	0	0
59	A	T	ORF	S	NULL	0	0	0	0	0	0	0	0	0	0	0	0	0	0	0	0	0	0	0	0	0	0	0	0	0	0	0	0	0	0	0	0	0	0	0	0	0	0	0	0	0	0	0	0	0	0	0	0	0	0	0	0	0	0
60	A	T	ORF	S	NULL	0	0	0	0	0.101908	0.0001	0.218917	0.0001	0.0001	0.622948	0.0001	0.0001	0.0001	0.0001	0.0001	0.0001	0.0329025	0.375929	0.0001	0.0001	0.0001	0.0001	0.0001	0.0001	0.0001	0.0949062	0.0001	0.0001	0.0001	0.0001	0.0001	0.826964	0.587944	0.187914	0.0001	0.999949	0.0001	0.748958	0.0001	0.286922	0.0001	0.0001	0.0001	0.0001	0.574944	0.0001	0.0001	0.0001	0.224917	0.0001	0.0001	0.0001	0.0001	0.0001
61	A	T	ORF	S	NULL	0	0	0	0	0	0	0	0	0	0	0	0	0	0	0	0	0	0	0	0	0	0	0	0	0	0	0	0	0	0	0	0	0	0	0	0	0	0	0	0	0	0	0	0	0	0	0	0	0	0	0	0	0	0
62	A	T	ORF	S	NULL	0	0	0	0	0	0	0	0	0	0	0	0	0	0	0	0	0	0	0	0	0	0	0	0	0	0	0	0	0	0	0	0	0	0	0	0	0	0	0	0	0	0	0	0	0	0	0	0	0	0	0	0	0	0
63	A	T	ORF	S	NULL	0	0	0	0	0	0	0	0	0	0	0	0	0	0	0	0	0	0	0	0	0	0	0	0	0	0	0	0	0	0	0	0	0	0	0	0	0	0	0	0	0	0	0	0	0	0	0	0	0	0	0	0	0	0
64	A	T	ORF	S	NULL	0	0	0	0	0	0	0	0	0	0	0	0	0	0	0	0	0	0	0	0	0	0	0	0	0	0	0	0	0	0	0	0	0	0	0	0	0	0	0	0	0	0	0	0	0	0	0	0	0	0	0	0	0	0
65	A	T	ORF	S	NULL	0	0	0	0	0	0	0	0	0	0	0	0	0	0	0	0	0	0	0	0	0	0	0	0	0	0	0	0	0	0	0	0	0	0	0	0	0	0	0	0	0	0	0	0	0	0	0	0	0	0	0	0	0	0
66	A	T	ORF	S	NULL	0	0	0	0	0	0	0	0	0	0	0	0	0	0	0	0	0	0	0	0	0	0	0	0	0	0	0	0	0	0	0	0	0	0	0	0	0	0	0	0	0	0	0	0	0	0	0	0	0	0	0	0	0	0
67	A	T	ORF	S	NULL	0	0	0	0	0	0	0	0	0	0	0	0	0	0	0	0	0	0	0	0	0	0	0	0	0	0	0	0	0	0	0	0	0	0	0	0	0	0	0	0	0	0	0	0	0	0	0	0	0	0	0	0	0	0
68	A	T	ORF	S	NULL	0	0	0	0	0	0	0	0	0	0	0	0	0	0	0	0	0	0	0	0	0	0	0	0	0	0	0	0	0	0	0	0	0	0	0	0	0	0	0	0	0	0	0	0	0	0	0	0	0	0	0	0	0	0
69	A	T	ORF	S	NULL	0	0	0	0	0	0	0	0	0	0	0	0	0	0	0	0	0	0	0	0	0	0	0	0	0	0	0	0	0	0	0	0	0	0	0	0	0	0	0	0	0	0	0	0	0	0	0	0	0	0	0	0	0	0
70	A	T	ORF	S	NULL	0	0	0	0	0.087072	0.70102	0.0001	0.0001	0.0951176	0.0001	0.486193	0.0001	0.0001	0.0001	0.0001	0.0001	0.0001	0.0001	0.0001	0.999999	0.526989	0.0001	0.0569175	0.0001	0.0001	0.0001	0.000100002	0.00605401	0.0001	0.0001	0.0001	0.0001	0.352959	0.0001	0.999999	0.0001	0.0171095	0.0001	0.0001	0.0001	0.0979264	0.0001	0.0001	0.0001	0.0001	0.0001	0.516988	0.0001	0.0001	0.0001	0.0001	0.0001	0.0001	0.0001
71	A	T	ORF	S	NULL	0	0	0	0	0.0001	0.0001	0.0001	0.0001	0.0001	0.0001	0.0001	0.0931751	0.014547	0.000100001	0.0001	0.12993	0.0001	0.0001	0.787017	0.0001	0.00520661	0.0001	0.453219	0.0001	0.0412852	0.00742375	0.4436	0.180936	0.0285945	0.564125	0.0001	0.0001	0.00533236	0.0001	0.0001	0.0001	0.00258703	0.0001	0.000100003	0.0001	0.0127067	0.145574	0.0001	0.0001	0.319943	0.0001	0.0001	0.0001	0.477965	0.0001	0.0999125	0.483099	0.0001	0.999035
72	A	T	ORF	S	NULL	0	0	0	0	0	0	0	0	0	0	0	0	0	0	0	0	0	0	0	0	0	0	0	0	0	0	0	0	0	0	0	0	0	0	0	0	0	0	0	0	0	0	0	0	0	0	0	0	0	0	0	0	0	0
73	A	T	ORF	S	NULL	0	0	0	0	0	0	0	0	0	0	0	0	0	0	0	0	0	0	0	0	0	0	0	0	0	0	0	0	0	0	0	0	0	0	0	0	0	0	0	0	0	0	0	0	0	0	0	0	0	0	0	0	0	0
74	A	T	ORF	S	NULL	0	0	0	0	0	0	0	0	0	0	0	0	0	0	0	0	0	0	0	0	0	0	0	0	0	0	0	0	0	0	0	0	0	0	0	0	0	0	0	0	0	0	0	0	0	0	0	0	0	0	0	0	0	0
75	A	T	ORF	S	NULL	0	0	0	0	0.0002	0.130014	0.0770079	0.0002	0.0320035	0.0002	0.0002	0.395416	0.605668	0.944104	0.0002	0.203868	0.0002	0.0330031	0.852962	0.0002	0.0223742	0.72408	0.51875	0.0002	0.174786	0.0178512	0.503336	0.181036	0.120983	0.564225	0.0002	0.0002	0.022792	0.0002	0.0002	0.0002	0.0402958	0.0002	0.0820088	0.0002	0.0507124	0.542334	0.0002	0.0002	0.320043	0.0002	0.435048	0.0002	0.478065	0.0002	0.100012	0.483199	0.0002	0.999135
76	A	T	ORF	S	NULL	0	0	0	0	0	0	0	0	0	0	0	0	0	0	0	0	0	0	0	0	0	0	0	0	0	0	0	0	0	0	0	0	0	0	0	0	0	0	0	0	0	0	0	0	0	0	0	0	0	0	0	0	0	0
77	A	T	ORF	S	NULL	0	0	0	0	0	0	0	0	0	0	0	0	0	0	0	0	0	0	0	0	0	0	0	0	0	0	0	0	0	0	0	0	0	0	0	0	0	0	0	0	0	0	0	0	0	0	0	0	0	0	0	0	0	0
78	A	T	ORF	S	NULL	0	0	0	0	0.0001	0.0001	0.0001	0.0001	0.0001	0.0001	0.0001	0.0931751	0.014547	0.000100001	0.0001	0.12993	0.0001	0.0001	0.787017	0.0001	0.00520661	0.0001	0.453219	0.0001	0.0412852	0.00742375	0.4436	0.180936	0.0285945	0.564125	0.0001	0.0001	0.00533236	0.0001	0.0001	0.0001	0.00258703	0.0001	0.000100003	0.0001	0.0127067	0.145574	0.0001	0.0001	0.319943	0.0001	0.0001	0.0001	0.477965	0.0001	0.0999125	0.483099	0.0001	0.999035
79	A	T	ORF	S	NULL	0	0	0	0	0	0	0	0	0	0	0	0	0	0	0	0	0	0	0	0	0	0	0	0	0	0	0	0	0	0	0	0	0	0	0	0	0	0	0	0	0	0	0	0	0	0	0	0	0	0	0	0	0	0
80	A	T	ORF	S	NULL	0	0	0	0	0	0	0	0	0	0	0	0	0	0	0	0	0	0	0	0	0	0	0	0	0	0	0	0	0	0	0	0	0	0	0	0	0	0	0	0	0	0	0	0	0	0	0	0	0	0	0	0	0	0
81	A	T	ORF	S	NULL	0	0	0	0	0	0	0	0	0	0	0	0	0	0	0	0	0	0	0	0	0	0	0	0	0	0	0	0	0	0	0	0	0	0	0	0	0	0	0	0	0	0	0	0	0	0	0	0	0	0	0	0	0	0
82	A	T	ORF	S	NULL	0	0	0	0	0.346175	0.0001	0.0001	0.0001	0.0001	0.375962	0.0001	0.000100633	0.000100077	0.0001	0.0001	0.795032	0.0001	0.0001	0.0001	0.0001	0.000100021	0.0001	0.129938	0.283947	0.540978	0.000100009	0.000100124	0.280166	0.217928	0.0172049	0.0001	0.0001	0.000100021	0.621003	0.0001	0.0001	0.454922	0.00593204	0.917052	0.0001	0.122939	0.0001	0.0001	0.429971	0.0001	0.0001	0.0001	0.0001	0.295949	0.0001	0.0001	0.0001	0.0869144	0.0001
83	A	T	ORF	S	NULL	0	0	0	0	0	0	0	0	0	0	0	0	0	0	0	0	0	0	0	0	0	0	0	0	0	0	0	0	0	0	0	0	0	0	0	0	0	0	0	0	0	0	0	0	0	0	0	0	0	0	0	0	0	0
84	A	T	ORF	S	NULL	0	0	0	0	0	0	0	0	0	0	0	0	0	0	0	0	0	0	0	0	0	0	0	0	0	0	0	0	0	0	0	0	0	0	0	0	0	0	0	0	0	0	0	0	0	0	0	0	0	0	0	0	0	0
85	A	T	ORF	S	NULL	0	0	0	0	0.0001	0.0001	0.0001	0.0001	0.0001	0.0001	0.0001	0.21538	0.0316342	0.0001	0.99996	0.0001	0.966021	0.0001	0.145917	0.0001	0.252439	0.0001	0.0856788	0.0001	0.0951064	0.00747062	0.201819	0.0001	0.065808	0.0001	0.0001	0.171921	0.0124139	0.188923	0.0001	0.0001	0.23514	0.0001	0.0001	0.711989	0.0272793	0.453373	0.000100001	0.0001	0.102913	0.0001	0.0001	0.000100001	0.0001	0.0001	0.899012	0.0001	0.912014	0.0001
86	A	T	ORF	S	NULL	0	0	0	0	0	0	0	0	0	0	0	0	0	0	0	0	0	0	0	0	0	0	0	0	0	0	0	0	0	0	0	0	0	0	0	0	0	0	0	0	0	0	0	0	0	0	0	0	0	0	0	0	0	0
87	A	T	ORF	S	NULL	0	0	0	0	0.0001	0.0001	0.0001	0.0001	0.0001	0.0001	0.0001	0.0931751	0.014547	0.000100001	0.0001	0.12993	0.0001	0.0001	0.787017	0.0001	0.00520661	0.0001	0.453219	0.0001	0.0412852	0.00742375	0.4436	0.180936	0.0285945	0.564125	0.0001	0.0001	0.00533236	0.0001	0.0001	0.0001	0.00258703	0.0001	0.000100003	0.0001	0.0127067	0.145574	0.0001	0.0001	0.319943	0.0001	0.0001	0.0001	0.477965	0.0001	0.0999125	0.483099	0.0001	0.999035
88	A	T	ORF	S	NULL	0	0	0	0	0	0	0	0	0	0	0	0	0	0	0	0	0	0	0	0	0	0	0	0	0	0	0	0	0	0	0	0	0	0	0	0	0	0	0	0	0	0	0	0	0	0	0	0	0	0	0	0	0	0
89	A	T	ORF	S	NULL	0	0	0	0	0	0	0	0	0	0	0	0	0	0	0	0	0	0	0	0	0	0	0	0	0	0	0	0	0	0	0	0	0	0	0	0	0	0	0	0	0	0	0	0	0	0	0	0	0	0	0	0	0	0
90	A	T	ORF	S	NULL	0	0	0	0	0	0	0	0	0	0	0	0	0	0	0	0	0	0	0	0	0	0	0	0	0	0	0	0	0	0	0	0	0	0	0	0	0	0	0	0	0	0	0	0	0	0	0	0	0	0	0	0	0	0
91	A	T	ORF	S	NULL	0	0	0	0	0.0001	0.129914	0.0769079	0.0001	0.0319035	0.0001	0.0001	0.302241	0.591121	0.944004	0.0001	0.0739386	0.0001	0.0329031	0.0659443	0.0001	0.0171676	0.72398	0.0655318	0.0001	0.133501	0.0104274	0.0597361	0.0001	0.0923882	0.0001	0.0001	0.0001	0.0174597	0.0001	0.0001	0.0001	0.0377087	0.0001	0.0819088	0.0001	0.0380058	0.39676	0.0001	0.0001	0.0001	0.0001	0.434948	0.0001	0.0001	0.0001	0.0001	0.0001	0.0001	0.0001
92	A	T	ORF	S	NULL	0	0	0	0	0.101908	0.0001	0.218917	0.0001	0.0001	0.622948	0.0001	0.0001	0.0001	0.0001	0.0001	0.0001	0.0329025	0.375929	0.0001	0.0001	0.0001	0.0001	0.0001	0.0001	0.0001	0.0949062	0.0001	0.0001	0.0001	0.0001	0.0001	0.826964	0.587944	0.187914	0.0001	0.999949	0.0001	0.748958	0.0001	0.286922	0.0001	0.0001	0.0001	0.0001	0.574944	0.0001	0.0001	0.0001	0.224917	0.0001	0.0001	0.0001	0.0001	0.0001
93	A	T	ORF	S	NULL	0	0	0	0	0	0	0	0	0	0	0	0	0	0	0	0	0	0	0	0	0	0	0	0	0	0	0	0	0	0	0	0	0	0	0	0	0	0	0	0	0	0	0	0	0	0	0	0	0	0	0	0	0	0
94	A	T	ORF	S	NULL	0	0	0	0	0	0	0	0	0	0	0	0	0	0	0	0	0	0	0	0	0	0	0	0	0	0	0	0	0	0	0	0	0	0	0	0	0	0	0	0	0	0	0	0	0	0	0	0	0	0	0	0	0	0
95	A	T	ORF	S	NULL	0	0	0	0	0	0	0	0	0	0	0	0	0	0	0	0	0	0	0	0	0	0	0	0	0	0	0	0	0	0	0	0	0	0	0	0	0	0	0	0	0	0	0	0	0	0	0	0	0	0	0	0	0	0
96	A	T	ORF	S	NULL	0	0	0	0	0.0002	0.0002	0.445054	0.0002	0.0002	0.0002	0.0002	0.353602	0.0517022	0.0550057	1.00006	0.0002	0.966121	0.332041	0.146017	0.0002	0.43444	0.0002	0.115612	0.0002	0.171345	0.0121929	0.22925	0.155034	0.582296	0.281216	0.0120014	0.172021	0.0203665	0.189023	0.0002	0.0002	0.365317	0.0002	0.0002	0.712089	0.216807	0.453697	1.00001	0.0002	0.103013	0.0002	0.0002	1.00001	0.0002	0.0002	0.899112	0.0002	0.912114	0.0002
97	A	T	ORF	S	NULL	0	0	0	0	0	0	0	0	0	0	0	0	0	0	0	0	0	0	0	0	0	0	0	0	0	0	0	0	0	0	0	0	0	0	0	0	0	0	0	0	0	0	0	0	0	0	0	0	0	0	0	0	0	0
98	A	T	ORF	S	NULL	0	0	0	0	0.087072	0.70102	0.0001	0.0001	0.0951176	0.0001	0.486193	0.0001	0.0001	0.0001	0.0001	0.0001	0.0001	0.0001	0.0001	0.999999	0.526989	0.0001	0.0569175	0.0001	0.0001	0.0001	0.000100002	0.00605401	0.0001	0.0001	0.0001	0.0001	0.352959	0.0001	0.999999	0.0001	0.0171095	0.0001	0.0001	0.0001	0.0979264	0.0001	0.0001	0.0001	0.0001	0.0001	0.516988	0.0001	0.0001	0.0001	0.0001	0.0001	0.0001	0.0001
99	A	T	ORF	S	NULL	0	0	0	0	0.528557	0.0002	0.0002	1.00006	0.871345	0.376062	0.51329	0.000200633	0.000200077	0.0002	0.0002	0.795132	0.0002	0.0002	0.0002	0.0002	0.000200021	0.0002	0.251894	0.284047	0.541078	0.000200009	0.215026	0.655576	0.218028	0.152323	0.987138	0.0002	0.000200021	0.621103	0.0002	0.0002	0.5661	0.249883	0.917152	0.0002	0.246896	0.0002	0.0002	0.430071	0.0002	0.0002	0.0002	0.0002	0.296049	0.0002	0.0002	0.0002	0.0870144	0.0002
100	A	T	ORF	S	NULL	0	0	0	0	0	0	0	0	0	0	0	0	0	0	0	0	0	0	0	0	0	0	0	0	0	0	0	0	0	0	0	0	0	0	0	0	0	0	0	0	0	0	0	0	0	0	0	0	0	0	0	0	0	0
