pos	ref	alt	gene	N/S	AA	nSRAsubclonal	nSRAclonal	nSRA	nConsensus	sample0|Earth	sample1|Earth	sample2|Earth	sample3|Earth	sample4|Earth	sample5|Earth	sample6|Earth	sample7|Earth	sample8|Earth	sample9|Earth	sample10|Earth	sample11|Earth	sample12|Earth	sample13|Earth	sample14|Earth	sample15|Earth	sample16|Earth	sample17|Earth	sample18|Earth	sample19|Earth	sample20|Earth	sample21|Earth	sample22|Earth	sample23|Earth	sample24|Earth	sample25|Earth	sample26|Earth	sample27|Earth	sample28|Earth	sample29|Earth	sample30|Earth	sample31|Earth	sample32|Earth	sample33|Earth	sample34|Earth	sample35|Earth	sample36|Earth	sample37|Earth	sample38|Earth	sample39|Earth	sample40|Earth	sample41|Earth	sample42|Earth	sample43|Earth	sample44|Earth	sample45|Earth	sample46|Earth	sample47|Earth	sample48|Earth	sample49|Earth
1	A	T	ORF	S	NULL	0	0	0	0	0.537919	0.000100001	0.000100001	0.0001	0.000100001	0.337934	0.000100001	0.426917	0.000100001	0.000100001	0.0001	0.0848979	0.000100001	0.0001	0.000100001	0.0001	0.0001	0.000100001	0.99992	0.505917	0.99992	0.000100003	0.0001	0.0809028	0.562919	0.225908	0.000100001	0.000100003	0.00010015	0.0001	0.000100015	0.191917	0.000100253	0.0278994	0.0539018	0.000100125	0.0949032	0.000100001	0.335929	0.334911	0.0001	0.000100026	0.000100001	0.000100001	0.890933	0.000100001	0.0001	0.000100063	0.444912	0.000100001
2	A	T	ORF	S	NULL	0	0	0	0	0	0	0	0	0	0	0	0	0	0	0	0	0	0	0	0	0	0	0	0	0	0	0	0	0	0	0	0	0	0	0	0	0	0	0	0	0	0	0	0	0	0	0	0	0	0	0	0	0	0
3	A	T	ORF	S	NULL	0	0	0	0	0	0	0	0	0	0	0	0	0	0	0	0	0	0	0	0	0	0	0	0	0	0	0	0	0	0	0	0	0	0	0	0	0	0	0	0	0	0	0	0	0	0	0	0	0	0	0	0	0	0
4	A	T	ORF	S	NULL	0	0	0	0	0	0	0	0	0	0	0	0	0	0	0	0	0	0	0	0	0	0	0	0	0	0	0	0	0	0	0	0	0	0	0	0	0	0	0	0	0	0	0	0	0	0	0	0	0	0	0	0	0	0
5	A	T	ORF	S	NULL	0	0	0	0	0.119906	0.0001	0.0001	0.999938	0.19691	0.0001	0.636931	0.0001	0.0001	0.0001	0.0001	0.0001	0.0001	0.0001	0.0001	0.0001	0.0001	0.0001	0.0001	0.0499023	0.0001	0.0001	0.380917	0.305915	0.0001	0.429921	0.274913	0.0001	0.0001	0.0001	0.0001	0.0001	0.0001	0.00690034	0.0001	0.0001	0.0001	0.0001	0.0001	0.0001	0.0001	0.0001	0.0001	0.0001	0.0001	0.0001	0.488922	0.0001	0.0001	0.472923
6	A	T	ORF	S	NULL	0	0	0	0	0.0441088	0.239288	0.0001	0.0001	0.185085	0.0001	0.26091	0.0001	0.0001	0.0001	0.586916	0.0001	0.240923	0.0001	0.0001	0.370904	0.107901	0.971952	0.0001	0.0001	0.0001	0.0001	0.0001	0.185923	0.0001	0.0001	0.0001	0.0001	0.431916	0.0001	0.0549021	0.0001	0.0001	0.0001	0.0001	0.0001	0.0001	0.0001	0.0001	0.310927	0.0001	0.0001	0.0001	0.0001	0.0001	0.0001	0.089902	0.0130834	0.0001	0.0001
7	A	T	ORF	S	NULL	0	0	0	0	0	0	0	0	0	0	0	0	0	0	0	0	0	0	0	0	0	0	0	0	0	0	0	0	0	0	0	0	0	0	0	0	0	0	0	0	0	0	0	0	0	0	0	0	0	0	0	0	0	0
8	A	T	ORF	S	NULL	0	0	0	0	0.0441088	0.239288	0.0001	0.0001	0.185085	0.0001	0.26091	0.0001	0.0001	0.0001	0.586916	0.0001	0.240923	0.0001	0.0001	0.370904	0.107901	0.971952	0.0001	0.0001	0.0001	0.0001	0.0001	0.185923	0.0001	0.0001	0.0001	0.0001	0.431916	0.0001	0.0549021	0.0001	0.0001	0.0001	0.0001	0.0001	0.0001	0.0001	0.0001	0.310927	0.0001	0.0001	0.0001	0.0001	0.0001	0.0001	0.089902	0.0130834	0.0001	0.0001
9	A	T	ORF	S	NULL	0	0	0	0	0	0	0	0	0	0	0	0	0	0	0	0	0	0	0	0	0	0	0	0	0	0	0	0	0	0	0	0	0	0	0	0	0	0	0	0	0	0	0	0	0	0	0	0	0	0	0	0	0	0
10	A	T	ORF	S	NULL	0	0	0	0	0	0	0	0	0	0	0	0	0	0	0	0	0	0	0	0	0	0	0	0	0	0	0	0	0	0	0	0	0	0	0	0	0	0	0	0	0	0	0	0	0	0	0	0	0	0	0	0	0	0
11	A	T	ORF	S	NULL	0	0	0	0	0.0001	0.0001	0.0001	0.0001	0.0001	0.0001	0.0999057	0.411924	0.0001	0.213912	0.0001	0.0001	0.0001	0.0001	0.0001	0.0001	0.274913	0.0001	0.0001	0.0001	0.0001	0.000100001	0.000100001	0.0569033	0.0859048	0.308918	0.149909	0.0001	0.0001	0.0001	0.600934	0.0001	0.0001	0.0001	0.0001	0.0001	0.0001	0.000100002	0.0679039	0.0001	0.0001	0.0669038	0.0001	0.554932	0.0001	0.412924	0.0001	0.152909	0.0359017	0.489928
12	A	T	ORF	S	NULL	0	0	0	0	0	0	0	0	0	0	0	0	0	0	0	0	0	0	0	0	0	0	0	0	0	0	0	0	0	0	0	0	0	0	0	0	0	0	0	0	0	0	0	0	0	0	0	0	0	0	0	0	0	0
13	A	T	ORF	S	NULL	0	0	0	0	0	0	0	0	0	0	0	0	0	0	0	0	0	0	0	0	0	0	0	0	0	0	0	0	0	0	0	0	0	0	0	0	0	0	0	0	0	0	0	0	0	0	0	0	0	0	0	0	0	0
14	A	T	ORF	S	NULL	0	0	0	0	0.00587908	0.518081	0.169912	0.0001	0.0001	0.0001	0.0001	0.0001	0.601942	0.0001	0.0001	0.0001	0.0001	0.0001	0.0001	0.0001	0.0001	0.0269226	0.0001	0.441931	0.0001	0.679947	0.0001	0.277937	0.0001	0.0001	0.57394	0.0001	0.0001	0.0001	0.0001	0.0001	0.0001	0.0001	0.0001	0.0001	0.853959	0.0001	0.0001	0.352942	0.0001	0.109908	0.0001	0.0001	0.0001	0.0329023	0.0001	0.201097	0.247917	0.0001
15	A	T	ORF	S	NULL	0	0	0	0	0	0	0	0	0	0	0	0	0	0	0	0	0	0	0	0	0	0	0	0	0	0	0	0	0	0	0	0	0	0	0	0	0	0	0	0	0	0	0	0	0	0	0	0	0	0	0	0	0	0
16	A	T	ORF	S	NULL	0	0	0	0	0	0	0	0	0	0	0	0	0	0	0	0	0	0	0	0	0	0	0	0	0	0	0	0	0	0	0	0	0	0	0	0	0	0	0	0	0	0	0	0	0	0	0	0	0	0	0	0	0	0
17	A	T	ORF	S	NULL	0	0	0	0	0.0001	0.0001	0.0001	0.0001	0.0001	0.0001	0.0999057	0.411924	0.0001	0.213912	0.0001	0.0001	0.0001	0.0001	0.0001	0.0001	0.274913	0.0001	0.0001	0.0001	0.0001	0.000100001	0.000100001	0.0569033	0.0859048	0.308918	0.149909	0.0001	0.0001	0.0001	0.600934	0.0001	0.0001	0.0001	0.0001	0.0001	0.0001	0.000100002	0.0679039	0.0001	0.0001	0.0669038	0.0001	0.554932	0.0001	0.412924	0.0001	0.152909	0.0359017	0.489928
18	A	T	ORF	S	NULL	0	0	0	0	0.160096	0.241071	0.828988	0.0001	0.616151	0.0001	0.0001	0.0001	0.349937	0.00790083	0.0001	0.0269005	0.335954	0.999965	0.826988	0.0001	0.0001	0.0001	0.0001	0.0001	0.0001	0.0001	0.0001	0.0001	0.0001	0.0001	0.0001	0.124913	0.0001	0.0001	0.0001	0.0001	0.0001	0.0001	0.945	0.0001	0.0001	0.353938	0.0001	0.0001	0.0001	0.428946	0.999006	0.0001	0.0001	0.408943	0.0001	0.0001	0.0001	0.0001
19	A	T	ORF	S	NULL	0	0	0	0	0	0	0	0	0	0	0	0	0	0	0	0	0	0	0	0	0	0	0	0	0	0	0	0	0	0	0	0	0	0	0	0	0	0	0	0	0	0	0	0	0	0	0	0	0	0	0	0	0	0
20	A	T	ORF	S	NULL	0	0	0	0	0	0	0	0	0	0	0	0	0	0	0	0	0	0	0	0	0	0	0	0	0	0	0	0	0	0	0	0	0	0	0	0	0	0	0	0	0	0	0	0	0	0	0	0	0	0	0	0	0	0
21	A	T	ORF	S	NULL	0	0	0	0	0	0	0	0	0	0	0	0	0	0	0	0	0	0	0	0	0	0	0	0	0	0	0	0	0	0	0	0	0	0	0	0	0	0	0	0	0	0	0	0	0	0	0	0	0	0	0	0	0	0
22	A	T	ORF	S	NULL	0	0	0	0	0	0	0	0	0	0	0	0	0	0	0	0	0	0	0	0	0	0	0	0	0	0	0	0	0	0	0	0	0	0	0	0	0	0	0	0	0	0	0	0	0	0	0	0	0	0	0	0	0	0
23	A	T	ORF	S	NULL	0	0	0	0	0	0	0	0	0	0	0	0	0	0	0	0	0	0	0	0	0	0	0	0	0	0	0	0	0	0	0	0	0	0	0	0	0	0	0	0	0	0	0	0	0	0	0	0	0	0	0	0	0	0
24	A	T	ORF	S	NULL	0	0	0	0	0	0	0	0	0	0	0	0	0	0	0	0	0	0	0	0	0	0	0	0	0	0	0	0	0	0	0	0	0	0	0	0	0	0	0	0	0	0	0	0	0	0	0	0	0	0	0	0	0	0
25	A	T	ORF	S	NULL	0	0	0	0	0.000100002	0.0001	0.0001	0.0001	0.0001	0.000100026	0.0001	0.081905	0.0459029	0.0001	0.0001	0.0001	0.0001	0.0001	0.0001	0.0001	0.107901	0.0001	0.000100001	0.000100001	0.000100001	0.31192	0.0001	0.0001	0.349922	0.0001	0.0001	0.0001	0.0001	0.0001	0.0279018	0.000100012	0.0001	0.0001	0.0001	0.0001	0.0499031	0.587937	0.102906	0.0001	0.0001	0.0001	0.0001	0.443928	0.000100005	0.142909	0.0001	0.0001	0.0001	0.0001
26	A	T	ORF	S	NULL	0	0	0	0	0.0719231	0.0001	0.0001	0.0001	0.0001	0.000109218	0.0001	0.000111839	0.0001	0.0001	0.411937	0.458949	0.0339036	0.0001	0.0001	0.627957	0.506951	0.0001	0.000127827	0.000114057	0.000127827	0.0001	0.125912	0.00010224	0.000115633	0.000106269	0.0001	0.155917	0.0001	0.999961	0.0679073	0.000105253	0.0001	0.468952	0.000101491	0.0349037	0.000102629	0.0001	0.000109204	0.000109303	0.674964	0.148916	0.0001	0.0001	0.00012474	0.0001	0.356937	0.0001	0.15393	0.0001
27	A	T	ORF	S	NULL	0	0	0	0	0.00587908	0.518081	0.169912	0.0001	0.0001	0.0001	0.0001	0.0001	0.601942	0.0001	0.0001	0.0001	0.0001	0.0001	0.0001	0.0001	0.0001	0.0269226	0.0001	0.441931	0.0001	0.679947	0.0001	0.277937	0.0001	0.0001	0.57394	0.0001	0.0001	0.0001	0.0001	0.0001	0.0001	0.0001	0.0001	0.0001	0.853959	0.0001	0.0001	0.352942	0.0001	0.109908	0.0001	0.0001	0.0001	0.0329023	0.0001	0.201097	0.247917	0.0001
28	A	T	ORF	S	NULL	0	0	0	0	0	0	0	0	0	0	0	0	0	0	0	0	0	0	0	0	0	0	0	0	0	0	0	0	0	0	0	0	0	0	0	0	0	0	0	0	0	0	0	0	0	0	0	0	0	0	0	0	0	0
29	A	T	ORF	S	NULL	0	0	0	0	0	0	0	0	0	0	0	0	0	0	0	0	0	0	0	0	0	0	0	0	0	0	0	0	0	0	0	0	0	0	0	0	0	0	0	0	0	0	0	0	0	0	0	0	0	0	0	0	0	0
30	A	T	ORF	S	NULL	0	0	0	0	0	0	0	0	0	0	0	0	0	0	0	0	0	0	0	0	0	0	0	0	0	0	0	0	0	0	0	0	0	0	0	0	0	0	0	0	0	0	0	0	0	0	0	0	0	0	0	0	0	0
31	A	T	ORF	S	NULL	0	0	0	0	0	0	0	0	0	0	0	0	0	0	0	0	0	0	0	0	0	0	0	0	0	0	0	0	0	0	0	0	0	0	0	0	0	0	0	0	0	0	0	0	0	0	0	0	0	0	0	0	0	0
32	A	T	ORF	S	NULL	0	0	0	0	0	0	0	0	0	0	0	0	0	0	0	0	0	0	0	0	0	0	0	0	0	0	0	0	0	0	0	0	0	0	0	0	0	0	0	0	0	0	0	0	0	0	0	0	0	0	0	0	0	0
33	A	T	ORF	S	NULL	0	0	0	0	0	0	0	0	0	0	0	0	0	0	0	0	0	0	0	0	0	0	0	0	0	0	0	0	0	0	0	0	0	0	0	0	0	0	0	0	0	0	0	0	0	0	0	0	0	0	0	0	0	0
34	A	T	ORF	S	NULL	0	0	0	0	0	0	0	0	0	0	0	0	0	0	0	0	0	0	0	0	0	0	0	0	0	0	0	0	0	0	0	0	0	0	0	0	0	0	0	0	0	0	0	0	0	0	0	0	0	0	0	0	0	0
35	A	T	ORF	S	NULL	0	0	0	0	0.0719231	0.0001	0.0001	0.0001	0.0001	0.000109218	0.0001	0.000111839	0.0001	0.0001	0.411937	0.458949	0.0339036	0.0001	0.0001	0.627957	0.506951	0.0001	0.000127827	0.000114057	0.000127827	0.0001	0.125912	0.00010224	0.000115633	0.000106269	0.0001	0.155917	0.0001	0.999961	0.0679073	0.000105253	0.0001	0.468952	0.000101491	0.0349037	0.000102629	0.0001	0.000109204	0.000109303	0.674964	0.148916	0.0001	0.0001	0.00012474	0.0001	0.356937	0.0001	0.15393	0.0001
36	A	T	ORF	S	NULL	0	0	0	0	0.537919	0.000100001	0.000100001	0.0001	0.000100001	0.337934	0.000100001	0.426917	0.000100001	0.000100001	0.0001	0.0848979	0.000100001	0.0001	0.000100001	0.0001	0.0001	0.000100001	0.99992	0.505917	0.99992	0.000100003	0.0001	0.0809028	0.562919	0.225908	0.000100001	0.000100003	0.00010015	0.0001	0.000100015	0.191917	0.000100253	0.0278994	0.0539018	0.000100125	0.0949032	0.000100001	0.335929	0.334911	0.0001	0.000100026	0.000100001	0.000100001	0.890933	0.000100001	0.0001	0.000100063	0.444912	0.000100001
37	A	T	ORF	S	NULL	0	0	0	0	0	0	0	0	0	0	0	0	0	0	0	0	0	0	0	0	0	0	0	0	0	0	0	0	0	0	0	0	0	0	0	0	0	0	0	0	0	0	0	0	0	0	0	0	0	0	0	0	0	0
38	A	T	ORF	S	NULL	0	0	0	0	0.0001	0.0001	0.0001	0.0001	0.0001	0.0001	0.0001	0.0001	0.0001	0.775942	0.0001	0.426918	0.100905	0.0001	0.171909	0.0001	0.0001	0.0001	0.0001	0.0001	0.0001	0.0001	0.490925	0.0909048	0.0001	0.0329017	0.0001	0.0001	0.0001	0.0001	0.0001	0.516928	0.0001	0.0001	0.0001	0.0001	0.0001	0.056903	0.0001	0.0001	0.323904	0.0001	0.0001	0.0001	0.0001	0.0001	0.0268998	0.473925	0.114905	0.0359019
39	A	T	ORF	S	NULL	0	0	0	0	0	0	0	0	0	0	0	0	0	0	0	0	0	0	0	0	0	0	0	0	0	0	0	0	0	0	0	0	0	0	0	0	0	0	0	0	0	0	0	0	0	0	0	0	0	0	0	0	0	0
40	A	T	ORF	S	NULL	0	0	0	0	0.0719231	0.0001	0.0001	0.0001	0.0001	0.000109218	0.0001	0.000111839	0.0001	0.0001	0.411937	0.458949	0.0339036	0.0001	0.0001	0.627957	0.506951	0.0001	0.000127827	0.000114057	0.000127827	0.0001	0.125912	0.00010224	0.000115633	0.000106269	0.0001	0.155917	0.0001	0.999961	0.0679073	0.000105253	0.0001	0.468952	0.000101491	0.0349037	0.000102629	0.0001	0.000109204	0.000109303	0.674964	0.148916	0.0001	0.0001	0.00012474	0.0001	0.356937	0.0001	0.15393	0.0001
41	A	T	ORF	S	NULL	0	0	0	0	0.537919	0.000100001	0.000100001	0.0001	0.000100001	0.337934	0.000100001	0.426917	0.000100001	0.000100001	0.0001	0.0848979	0.000100001	0.0001	0.000100001	0.0001	0.0001	0.000100001	0.99992	0.505917	0.99992	0.000100003	0.0001	0.0809028	0.562919	0.225908	0.000100001	0.000100003	0.00010015	0.0001	0.000100015	0.191917	0.000100253	0.0278994	0.0539018	0.000100125	0.0949032	0.000100001	0.335929	0.334911	0.0001	0.000100026	0.000100001	0.000100001	0.890933	0.000100001	0.0001	0.000100063	0.444912	0.000100001
42	A	T	ORF	S	NULL	0	0	0	0	0.160096	0.241071	0.828988	0.0001	0.616151	0.0001	0.0001	0.0001	0.349937	0.00790083	0.0001	0.0269005	0.335954	0.999965	0.826988	0.0001	0.0001	0.0001	0.0001	0.0001	0.0001	0.0001	0.0001	0.0001	0.0001	0.0001	0.0001	0.124913	0.0001	0.0001	0.0001	0.0001	0.0001	0.0001	0.945	0.0001	0.0001	0.353938	0.0001	0.0001	0.0001	0.428946	0.999006	0.0001	0.0001	0.408943	0.0001	0.0001	0.0001	0.0001
43	A	T	ORF	S	NULL	0	0	0	0	0	0	0	0	0	0	0	0	0	0	0	0	0	0	0	0	0	0	0	0	0	0	0	0	0	0	0	0	0	0	0	0	0	0	0	0	0	0	0	0	0	0	0	0	0	0	0	0	0	0
44	A	T	ORF	S	NULL	0	0	0	0	0.537919	0.000100001	0.000100001	0.0001	0.000100001	0.337934	0.000100001	0.426917	0.000100001	0.000100001	0.0001	0.0848979	0.000100001	0.0001	0.000100001	0.0001	0.0001	0.000100001	0.99992	0.505917	0.99992	0.000100003	0.0001	0.0809028	0.562919	0.225908	0.000100001	0.000100003	0.00010015	0.0001	0.000100015	0.191917	0.000100253	0.0278994	0.0539018	0.000100125	0.0949032	0.000100001	0.335929	0.334911	0.0001	0.000100026	0.000100001	0.000100001	0.890933	0.000100001	0.0001	0.000100063	0.444912	0.000100001
45	A	T	ORF	S	NULL	0	0	0	0	0	0	0	0	0	0	0	0	0	0	0	0	0	0	0	0	0	0	0	0	0	0	0	0	0	0	0	0	0	0	0	0	0	0	0	0	0	0	0	0	0	0	0	0	0	0	0	0	0	0
46	A	T	ORF	S	NULL	0	0	0	0	0.537919	0.000100001	0.000100001	0.0001	0.000100001	0.337934	0.000100001	0.426917	0.000100001	0.000100001	0.0001	0.0848979	0.000100001	0.0001	0.000100001	0.0001	0.0001	0.000100001	0.99992	0.505917	0.99992	0.000100003	0.0001	0.0809028	0.562919	0.225908	0.000100001	0.000100003	0.00010015	0.0001	0.000100015	0.191917	0.000100253	0.0278994	0.0539018	0.000100125	0.0949032	0.000100001	0.335929	0.334911	0.0001	0.000100026	0.000100001	0.000100001	0.890933	0.000100001	0.0001	0.000100063	0.444912	0.000100001
47	A	T	ORF	S	NULL	0	0	0	0	0	0	0	0	0	0	0	0	0	0	0	0	0	0	0	0	0	0	0	0	0	0	0	0	0	0	0	0	0	0	0	0	0	0	0	0	0	0	0	0	0	0	0	0	0	0	0	0	0	0
48	A	T	ORF	S	NULL	0	0	0	0	0	0	0	0	0	0	0	0	0	0	0	0	0	0	0	0	0	0	0	0	0	0	0	0	0	0	0	0	0	0	0	0	0	0	0	0	0	0	0	0	0	0	0	0	0	0	0	0	0	0
49	A	T	ORF	S	NULL	0	0	0	0	0.0719231	0.0001	0.0001	0.0001	0.0001	0.000109218	0.0001	0.000111839	0.0001	0.0001	0.411937	0.458949	0.0339036	0.0001	0.0001	0.627957	0.506951	0.0001	0.000127827	0.000114057	0.000127827	0.0001	0.125912	0.00010224	0.000115633	0.000106269	0.0001	0.155917	0.0001	0.999961	0.0679073	0.000105253	0.0001	0.468952	0.000101491	0.0349037	0.000102629	0.0001	0.000109204	0.000109303	0.674964	0.148916	0.0001	0.0001	0.00012474	0.0001	0.356937	0.0001	0.15393	0.0001
50	A	T	ORF	S	NULL	0	0	0	0	0	0	0	0	0	0	0	0	0	0	0	0	0	0	0	0	0	0	0	0	0	0	0	0	0	0	0	0	0	0	0	0	0	0	0	0	0	0	0	0	0	0	0	0	0	0	0	0	0	0
51	A	T	ORF	S	NULL	0	0	0	0	0.0441088	0.239288	0.0001	0.0001	0.185085	0.0001	0.26091	0.0001	0.0001	0.0001	0.586916	0.0001	0.240923	0.0001	0.0001	0.370904	0.107901	0.971952	0.0001	0.0001	0.0001	0.0001	0.0001	0.185923	0.0001	0.0001	0.0001	0.0001	0.431916	0.0001	0.0549021	0.0001	0.0001	0.0001	0.0001	0.0001	0.0001	0.0001	0.0001	0.310927	0.0001	0.0001	0.0001	0.0001	0.0001	0.0001	0.089902	0.0130834	0.0001	0.0001
52	A	T	ORF	S	NULL	0	0	0	0	0	0	0	0	0	0	0	0	0	0	0	0	0	0	0	0	0	0	0	0	0	0	0	0	0	0	0	0	0	0	0	0	0	0	0	0	0	0	0	0	0	0	0	0	0	0	0	0	0	0
53	A	T	ORF	S	NULL	0	0	0	0	0	0	0	0	0	0	0	0	0	0	0	0	0	0	0	0	0	0	0	0	0	0	0	0	0	0	0	0	0	0	0	0	0	0	0	0	0	0	0	0	0	0	0	0	0	0	0	0	0	0
54	A	T	ORF	S	NULL	0	0	0	0	0	0	0	0	0	0	0	0	0	0	0	0	0	0	0	0	0	0	0	0	0	0	0	0	0	0	0	0	0	0	0	0	0	0	0	0	0	0	0	0	0	0	0	0	0	0	0	0	0	0
55	A	T	ORF	S	NULL	0	0	0	0	0.00587908	0.518081	0.169912	0.0001	0.0001	0.0001	0.0001	0.0001	0.601942	0.0001	0.0001	0.0001	0.0001	0.0001	0.0001	0.0001	0.0001	0.0269226	0.0001	0.441931	0.0001	0.679947	0.0001	0.277937	0.0001	0.0001	0.57394	0.0001	0.0001	0.0001	0.0001	0.0001	0.0001	0.0001	0.0001	0.0001	0.853959	0.0001	0.0001	0.352942	0.0001	0.109908	0.0001	0.0001	0.0001	0.0329023	0.0001	0.201097	0.247917	0.0001
56	A	T	ORF	S	NULL	0	0	0	0	0.0001	0.0001	0.0001	0.0001	0.0001	0.0001	0.0999057	0.411924	0.0001	0.213912	0.0001	0.0001	0.0001	0.0001	0.0001	0.0001	0.274913	0.0001	0.0001	0.0001	0.0001	0.000100001	0.000100001	0.0569033	0.0859048	0.308918	0.149909	0.0001	0.0001	0.0001	0.600934	0.0001	0.0001	0.0001	0.0001	0.0001	0.0001	0.000100002	0.0679039	0.0001	0.0001	0.0669038	0.0001	0.554932	0.0001	0.412924	0.0001	0.152909	0.0359017	0.489928
57	A	T	ORF	S	NULL	0	0	0	0	0	0	0	0	0	0	0	0	0	0	0	0	0	0	0	0	0	0	0	0	0	0	0	0	0	0	0	0	0	0	0	0	0	0	0	0	0	0	0	0	0	0	0	0	0	0	0	0	0	0
58	A	T	ORF	S	NULL	0	0	0	0	0	0	0	0	0	0	0	0	0	0	0	0	0	0	0	0	0	0	0	0	0	0	0	0	0	0	0	0	0	0	0	0	0	0	0	0	0	0	0	0	0	0	0	0	0	0	0	0	0	0
59	A	T	ORF	S	NULL	0	0	0	0	0.119906	0.0001	0.0001	0.999938	0.19691	0.0001	0.636931	0.0001	0.0001	0.0001	0.0001	0.0001	0.0001	0.0001	0.0001	0.0001	0.0001	0.0001	0.0001	0.0499023	0.0001	0.0001	0.380917	0.305915	0.0001	0.429921	0.274913	0.0001	0.0001	0.0001	0.0001	0.0001	0.0001	0.00690034	0.0001	0.0001	0.0001	0.0001	0.0001	0.0001	0.0001	0.0001	0.0001	0.0001	0.0001	0.0001	0.488922	0.0001	0.0001	0.472923
60	A	T	ORF	S	NULL	0	0	0	0	0	0	0	0	0	0	0	0	0	0	0	0	0	0	0	0	0	0	0	0	0	0	0	0	0	0	0	0	0	0	0	0	0	0	0	0	0	0	0	0	0	0	0	0	0	0	0	0	0	0
61	A	T	ORF	S	NULL	0	0	0	0	0	0	0	0	0	0	0	0	0	0	0	0	0	0	0	0	0	0	0	0	0	0	0	0	0	0	0	0	0	0	0	0	0	0	0	0	0	0	0	0	0	0	0	0	0	0	0	0	0	0
62	A	T	ORF	S	NULL	0	0	0	0	0.204205	0.480359	0.829088	0.0002	0.801236	0.0002	0.26101	0.0002	0.350037	0.00800083	0.587016	0.0270005	0.576877	1.00006	0.827088	0.371004	0.108001	0.972052	0.0002	0.0002	0.0002	0.0002	0.0002	0.186023	0.0002	0.0002	0.0002	0.125013	0.432016	0.0002	0.0550021	0.0002	0.0002	0.0002	0.9451	0.0002	0.0002	0.354038	0.0002	0.311027	0.0002	0.429046	0.999106	0.0002	0.0002	0.409043	0.090002	0.0131834	0.0002	0.0002
63	A	T	ORF	S	NULL	0	0	0	0	0	0	0	0	0	0	0	0	0	0	0	0	0	0	0	0	0	0	0	0	0	0	0	0	0	0	0	0	0	0	0	0	0	0	0	0	0	0	0	0	0	0	0	0	0	0	0	0	0	0
64	A	T	ORF	S	NULL	0	0	0	0	0	0	0	0	0	0	0	0	0	0	0	0	0	0	0	0	0	0	0	0	0	0	0	0	0	0	0	0	0	0	0	0	0	0	0	0	0	0	0	0	0	0	0	0	0	0	0	0	0	0
65	A	T	ORF	S	NULL	0	0	0	0	0	0	0	0	0	0	0	0	0	0	0	0	0	0	0	0	0	0	0	0	0	0	0	0	0	0	0	0	0	0	0	0	0	0	0	0	0	0	0	0	0	0	0	0	0	0	0	0	0	0
66	A	T	ORF	S	NULL	0	0	0	0	0	0	0	0	0	0	0	0	0	0	0	0	0	0	0	0	0	0	0	0	0	0	0	0	0	0	0	0	0	0	0	0	0	0	0	0	0	0	0	0	0	0	0	0	0	0	0	0	0	0
67	A	T	ORF	S	NULL	0	0	0	0	0	0	0	0	0	0	0	0	0	0	0	0	0	0	0	0	0	0	0	0	0	0	0	0	0	0	0	0	0	0	0	0	0	0	0	0	0	0	0	0	0	0	0	0	0	0	0	0	0	0
68	A	T	ORF	S	NULL	0	0	0	0	0	0	0	0	0	0	0	0	0	0	0	0	0	0	0	0	0	0	0	0	0	0	0	0	0	0	0	0	0	0	0	0	0	0	0	0	0	0	0	0	0	0	0	0	0	0	0	0	0	0
69	A	T	ORF	S	NULL	0	0	0	0	0	0	0	0	0	0	0	0	0	0	0	0	0	0	0	0	0	0	0	0	0	0	0	0	0	0	0	0	0	0	0	0	0	0	0	0	0	0	0	0	0	0	0	0	0	0	0	0	0	0
70	A	T	ORF	S	NULL	0	0	0	0	0.0001	0.0001	0.0001	0.0001	0.0001	0.0001	0.0001	0.0001	0.0001	0.775942	0.0001	0.426918	0.100905	0.0001	0.171909	0.0001	0.0001	0.0001	0.0001	0.0001	0.0001	0.0001	0.490925	0.0909048	0.0001	0.0329017	0.0001	0.0001	0.0001	0.0001	0.0001	0.516928	0.0001	0.0001	0.0001	0.0001	0.0001	0.056903	0.0001	0.0001	0.323904	0.0001	0.0001	0.0001	0.0001	0.0001	0.0268998	0.473925	0.114905	0.0359019
71	A	T	ORF	S	NULL	0	0	0	0	0	0	0	0	0	0	0	0	0	0	0	0	0	0	0	0	0	0	0	0	0	0	0	0	0	0	0	0	0	0	0	0	0	0	0	0	0	0	0	0	0	0	0	0	0	0	0	0	0	0
72	A	T	ORF	S	NULL	0	0	0	0	0.0499879	0.757369	0.170012	0.0002	0.185185	0.0002	0.26101	0.0002	0.602042	0.0002	0.587016	0.0002	0.241023	0.0002	0.0002	0.371004	0.108001	0.998875	0.0002	0.442031	0.0002	0.680047	0.0002	0.46386	0.0002	0.0002	0.57404	0.0002	0.432016	0.0002	0.0550021	0.0002	0.0002	0.0002	0.0002	0.0002	0.854059	0.0002	0.0002	0.66387	0.0002	0.110008	0.0002	0.0002	0.0002	0.0330023	0.090002	0.214181	0.248017	0.0002
73	A	T	ORF	S	NULL	0	0	0	0	0	0	0	0	0	0	0	0	0	0	0	0	0	0	0	0	0	0	0	0	0	0	0	0	0	0	0	0	0	0	0	0	0	0	0	0	0	0	0	0	0	0	0	0	0	0	0	0	0	0
74	A	T	ORF	S	NULL	0	0	0	0	0	0	0	0	0	0	0	0	0	0	0	0	0	0	0	0	0	0	0	0	0	0	0	0	0	0	0	0	0	0	0	0	0	0	0	0	0	0	0	0	0	0	0	0	0	0	0	0	0	0
75	A	T	ORF	S	NULL	0	0	0	0	0	0	0	0	0	0	0	0	0	0	0	0	0	0	0	0	0	0	0	0	0	0	0	0	0	0	0	0	0	0	0	0	0	0	0	0	0	0	0	0	0	0	0	0	0	0	0	0	0	0
76	A	T	ORF	S	NULL	0	0	0	0	0	0	0	0	0	0	0	0	0	0	0	0	0	0	0	0	0	0	0	0	0	0	0	0	0	0	0	0	0	0	0	0	0	0	0	0	0	0	0	0	0	0	0	0	0	0	0	0	0	0
77	A	T	ORF	S	NULL	0	0	0	0	0.0719231	0.0001	0.0001	0.0001	0.0001	0.000109218	0.0001	0.000111839	0.0001	0.0001	0.411937	0.458949	0.0339036	0.0001	0.0001	0.627957	0.506951	0.0001	0.000127827	0.000114057	0.000127827	0.0001	0.125912	0.00010224	0.000115633	0.000106269	0.0001	0.155917	0.0001	0.999961	0.0679073	0.000105253	0.0001	0.468952	0.000101491	0.0349037	0.000102629	0.0001	0.000109204	0.000109303	0.674964	0.148916	0.0001	0.0001	0.00012474	0.0001	0.356937	0.0001	0.15393	0.0001
78	A	T	ORF	S	NULL	0	0	0	0	0	0	0	0	0	0	0	0	0	0	0	0	0	0	0	0	0	0	0	0	0	0	0	0	0	0	0	0	0	0	0	0	0	0	0	0	0	0	0	0	0	0	0	0	0	0	0	0	0	0
79	A	T	ORF	S	NULL	0	0	0	0	0.160096	0.241071	0.828988	0.0001	0.616151	0.0001	0.0001	0.0001	0.349937	0.00790083	0.0001	0.0269005	0.335954	0.999965	0.826988	0.0001	0.0001	0.0001	0.0001	0.0001	0.0001	0.0001	0.0001	0.0001	0.0001	0.0001	0.0001	0.124913	0.0001	0.0001	0.0001	0.0001	0.0001	0.0001	0.945	0.0001	0.0001	0.353938	0.0001	0.0001	0.0001	0.428946	0.999006	0.0001	0.0001	0.408943	0.0001	0.0001	0.0001	0.0001
80	A	T	ORF	S	NULL	0	0	0	0	0.000100002	0.0001	0.0001	0.0001	0.0001	0.000100026	0.0001	0.081905	0.0459029	0.0001	0.0001	0.0001	0.0001	0.0001	0.0001	0.0001	0.107901	0.0001	0.000100001	0.000100001	0.000100001	0.31192	0.0001	0.0001	0.349922	0.0001	0.0001	0.0001	0.0001	0.0001	0.0279018	0.000100012	0.0001	0.0001	0.0001	0.0001	0.0499031	0.587937	0.102906	0.0001	0.0001	0.0001	0.0001	0.443928	0.000100005	0.142909	0.0001	0.0001	0.0001	0.0001
81	A	T	ORF	S	NULL	0	0	0	0	0	0	0	0	0	0	0	0	0	0	0	0	0	0	0	0	0	0	0	0	0	0	0	0	0	0	0	0	0	0	0	0	0	0	0	0	0	0	0	0	0	0	0	0	0	0	0	0	0	0
82	A	T	ORF	S	NULL	0	0	0	0	0.160096	0.241071	0.828988	0.0001	0.616151	0.0001	0.0001	0.0001	0.349937	0.00790083	0.0001	0.0269005	0.335954	0.999965	0.826988	0.0001	0.0001	0.0001	0.0001	0.0001	0.0001	0.0001	0.0001	0.0001	0.0001	0.0001	0.0001	0.124913	0.0001	0.0001	0.0001	0.0001	0.0001	0.0001	0.945	0.0001	0.0001	0.353938	0.0001	0.0001	0.0001	0.428946	0.999006	0.0001	0.0001	0.408943	0.0001	0.0001	0.0001	0.0001
83	A	T	ORF	S	NULL	0	0	0	0	0.0001	0.0001	0.0001	0.0001	0.0001	0.0001	0.0001	0.0001	0.0001	0.775942	0.0001	0.426918	0.100905	0.0001	0.171909	0.0001	0.0001	0.0001	0.0001	0.0001	0.0001	0.0001	0.490925	0.0909048	0.0001	0.0329017	0.0001	0.0001	0.0001	0.0001	0.0001	0.516928	0.0001	0.0001	0.0001	0.0001	0.0001	0.056903	0.0001	0.0001	0.323904	0.0001	0.0001	0.0001	0.0001	0.0001	0.0268998	0.473925	0.114905	0.0359019
84	A	T	ORF	S	NULL	0	0	0	0	0.119906	0.0001	0.0001	0.999938	0.19691	0.0001	0.636931	0.0001	0.0001	0.0001	0.0001	0.0001	0.0001	0.0001	0.0001	0.0001	0.0001	0.0001	0.0001	0.0499023	0.0001	0.0001	0.380917	0.305915	0.0001	0.429921	0.274913	0.0001	0.0001	0.0001	0.0001	0.0001	0.0001	0.00690034	0.0001	0.0001	0.0001	0.0001	0.0001	0.0001	0.0001	0.0001	0.0001	0.0001	0.0001	0.0001	0.488922	0.0001	0.0001	0.472923
85	A	T	ORF	S	NULL	0	0	0	0	0.119906	0.0001	0.0001	0.999938	0.19691	0.0001	0.636931	0.0001	0.0001	0.0001	0.0001	0.0001	0.0001	0.0001	0.0001	0.0001	0.0001	0.0001	0.0001	0.0499023	0.0001	0.0001	0.380917	0.305915	0.0001	0.429921	0.274913	0.0001	0.0001	0.0001	0.0001	0.0001	0.0001	0.00690034	0.0001	0.0001	0.0001	0.0001	0.0001	0.0001	0.0001	0.0001	0.0001	0.0001	0.0001	0.0001	0.488922	0.0001	0.0001	0.472923
86	A	T	ORF	S	NULL	0	0	0	0	0.0001	0.0001	0.0001	0.0001	0.0001	0.0001	0.0999057	0.411924	0.0001	0.213912	0.0001	0.0001	0.0001	0.0001	0.0001	0.0001	0.274913	0.0001	0.0001	0.0001	0.0001	0.000100001	0.000100001	0.0569033	0.0859048	0.308918	0.149909	0.0001	0.0001	0.0001	0.600934	0.0001	0.0001	0.0001	0.0001	0.0001	0.0001	0.000100002	0.0679039	0.0001	0.0001	0.0669038	0.0001	0.554932	0.0001	0.412924	0.0001	0.152909	0.0359017	0.489928
87	A	T	ORF	S	NULL	0	0	0	0	0.000100002	0.0001	0.0001	0.0001	0.0001	0.000100026	0.0001	0.081905	0.0459029	0.0001	0.0001	0.0001	0.0001	0.0001	0.0001	0.0001	0.107901	0.0001	0.000100001	0.000100001	0.000100001	0.31192	0.0001	0.0001	0.349922	0.0001	0.0001	0.0001	0.0001	0.0001	0.0279018	0.000100012	0.0001	0.0001	0.0001	0.0001	0.0499031	0.587937	0.102906	0.0001	0.0001	0.0001	0.0001	0.443928	0.000100005	0.142909	0.0001	0.0001	0.0001	0.0001
88	A	T	ORF	S	NULL	0	0	0	0	0	0	0	0	0	0	0	0	0	0	0	0	0	0	0	0	0	0	0	0	0	0	0	0	0	0	0	0	0	0	0	0	0	0	0	0	0	0	0	0	0	0	0	0	0	0	0	0	0	0
89	A	T	ORF	S	NULL	0	0	0	0	0	0	0	0	0	0	0	0	0	0	0	0	0	0	0	0	0	0	0	0	0	0	0	0	0	0	0	0	0	0	0	0	0	0	0	0	0	0	0	0	0	0	0	0	0	0	0	0	0	0
90	A	T	ORF	S	NULL	0	0	0	0	0	0	0	0	0	0	0	0	0	0	0	0	0	0	0	0	0	0	0	0	0	0	0	0	0	0	0	0	0	0	0	0	0	0	0	0	0	0	0	0	0	0	0	0	0	0	0	0	0	0
91	A	T	ORF	S	NULL	0	0	0	0	0.0719231	0.0001	0.0001	0.0001	0.0001	0.000109218	0.0001	0.000111839	0.0001	0.0001	0.411937	0.458949	0.0339036	0.0001	0.0001	0.627957	0.506951	0.0001	0.000127827	0.000114057	0.000127827	0.0001	0.125912	0.00010224	0.000115633	0.000106269	0.0001	0.155917	0.0001	0.999961	0.0679073	0.000105253	0.0001	0.468952	0.000101491	0.0349037	0.000102629	0.0001	0.000109204	0.000109303	0.674964	0.148916	0.0001	0.0001	0.00012474	0.0001	0.356937	0.0001	0.15393	0.0001
92	A	T	ORF	S	NULL	0	0	0	0	0	0	0	0	0	0	0	0	0	0	0	0	0	0	0	0	0	0	0	0	0	0	0	0	0	0	0	0	0	0	0	0	0	0	0	0	0	0	0	0	0	0	0	0	0	0	0	0	0	0
93	A	T	ORF	S	NULL	0	0	0	0	0.0719231	0.0001	0.0001	0.0001	0.0001	0.000109218	0.0001	0.000111839	0.0001	0.0001	0.411937	0.458949	0.0339036	0.0001	0.0001	0.627957	0.506951	0.0001	0.000127827	0.000114057	0.000127827	0.0001	0.125912	0.00010224	0.000115633	0.000106269	0.0001	0.155917	0.0001	0.999961	0.0679073	0.000105253	0.0001	0.468952	0.000101491	0.0349037	0.000102629	0.0001	0.000109204	0.000109303	0.674964	0.148916	0.0001	0.0001	0.00012474	0.0001	0.356937	0.0001	0.15393	0.0001
94	A	T	ORF	S	NULL	0	0	0	0	0.00587908	0.518081	0.169912	0.0001	0.0001	0.0001	0.0001	0.0001	0.601942	0.0001	0.0001	0.0001	0.0001	0.0001	0.0001	0.0001	0.0001	0.0269226	0.0001	0.441931	0.0001	0.679947	0.0001	0.277937	0.0001	0.0001	0.57394	0.0001	0.0001	0.0001	0.0001	0.0001	0.0001	0.0001	0.0001	0.0001	0.853959	0.0001	0.0001	0.352942	0.0001	0.109908	0.0001	0.0001	0.0001	0.0329023	0.0001	0.201097	0.247917	0.0001
95	A	T	ORF	S	NULL	0	0	0	0	0.0719231	0.0001	0.0001	0.0001	0.0001	0.000109218	0.0001	0.000111839	0.0001	0.0001	0.411937	0.458949	0.0339036	0.0001	0.0001	0.627957	0.506951	0.0001	0.000127827	0.000114057	0.000127827	0.0001	0.125912	0.00010224	0.000115633	0.000106269	0.0001	0.155917	0.0001	0.999961	0.0679073	0.000105253	0.0001	0.468952	0.000101491	0.0349037	0.000102629	0.0001	0.000109204	0.000109303	0.674964	0.148916	0.0001	0.0001	0.00012474	0.0001	0.356937	0.0001	0.15393	0.0001
96	A	T	ORF	S	NULL	0	0	0	0	0	0	0	0	0	0	0	0	0	0	0	0	0	0	0	0	0	0	0	0	0	0	0	0	0	0	0	0	0	0	0	0	0	0	0	0	0	0	0	0	0	0	0	0	0	0	0	0	0	0
97	A	T	ORF	S	NULL	0	0	0	0	0.0719231	0.0001	0.0001	0.0001	0.0001	0.000109218	0.0001	0.000111839	0.0001	0.0001	0.411937	0.458949	0.0339036	0.0001	0.0001	0.627957	0.506951	0.0001	0.000127827	0.000114057	0.000127827	0.0001	0.125912	0.00010224	0.000115633	0.000106269	0.0001	0.155917	0.0001	0.999961	0.0679073	0.000105253	0.0001	0.468952	0.000101491	0.0349037	0.000102629	0.0001	0.000109204	0.000109303	0.674964	0.148916	0.0001	0.0001	0.00012474	0.0001	0.356937	0.0001	0.15393	0.0001
98	A	T	ORF	S	NULL	0	0	0	0	0.0001	0.0001	0.0001	0.0001	0.0001	0.0001	0.0999057	0.411924	0.0001	0.213912	0.0001	0.0001	0.0001	0.0001	0.0001	0.0001	0.274913	0.0001	0.0001	0.0001	0.0001	0.000100001	0.000100001	0.0569033	0.0859048	0.308918	0.149909	0.0001	0.0001	0.0001	0.600934	0.0001	0.0001	0.0001	0.0001	0.0001	0.0001	0.000100002	0.0679039	0.0001	0.0001	0.0669038	0.0001	0.554932	0.0001	0.412924	0.0001	0.152909	0.0359017	0.489928
99	A	T	ORF	S	NULL	0	0	0	0	0.0001	0.0001	0.0001	0.0001	0.0001	0.0001	0.0999057	0.411924	0.0001	0.213912	0.0001	0.0001	0.0001	0.0001	0.0001	0.0001	0.274913	0.0001	0.0001	0.0001	0.0001	0.000100001	0.000100001	0.0569033	0.0859048	0.308918	0.149909	0.0001	0.0001	0.0001	0.600934	0.0001	0.0001	0.0001	0.0001	0.0001	0.0001	0.000100002	0.0679039	0.0001	0.0001	0.0669038	0.0001	0.554932	0.0001	0.412924	0.0001	0.152909	0.0359017	0.489928
100	A	T	ORF	S	NULL	0	0	0	0	0	0	0	0	0	0	0	0	0	0	0	0	0	0	0	0	0	0	0	0	0	0	0	0	0	0	0	0	0	0	0	0	0	0	0	0	0	0	0	0	0	0	0	0	0	0	0	0	0	0
