pos	ref	alt	gene	N/S	AA	nSRAsubclonal	nSRAclonal	nSRA	nConsensus	sample0|Earth	sample1|Earth	sample2|Earth	sample3|Earth	sample4|Earth	sample5|Earth	sample6|Earth	sample7|Earth	sample8|Earth	sample9|Earth	sample10|Earth	sample11|Earth	sample12|Earth	sample13|Earth	sample14|Earth	sample15|Earth	sample16|Earth	sample17|Earth	sample18|Earth	sample19|Earth	sample20|Earth	sample21|Earth	sample22|Earth	sample23|Earth	sample24|Earth	sample25|Earth	sample26|Earth	sample27|Earth	sample28|Earth	sample29|Earth	sample30|Earth	sample31|Earth	sample32|Earth	sample33|Earth	sample34|Earth	sample35|Earth	sample36|Earth	sample37|Earth	sample38|Earth	sample39|Earth	sample40|Earth	sample41|Earth	sample42|Earth	sample43|Earth	sample44|Earth	sample45|Earth	sample46|Earth	sample47|Earth	sample48|Earth	sample49|Earth
1	A	T	ORF	S	NULL	0	0	0	0	0	0	0	0	0	0	0	0	0	0	0	0	0	0	0	0	0	0	0	0	0	0	0	0	0	0	0	0	0	0	0	0	0	0	0	0	0	0	0	0	0	0	0	0	0	0	0	0	0	0
2	A	T	ORF	S	NULL	0	0	0	0	0	0	0	0	0	0	0	0	0	0	0	0	0	0	0	0	0	0	0	0	0	0	0	0	0	0	0	0	0	0	0	0	0	0	0	0	0	0	0	0	0	0	0	0	0	0	0	0	0	0
3	A	T	ORF	S	NULL	0	0	0	0	0	0	0	0	0	0	0	0	0	0	0	0	0	0	0	0	0	0	0	0	0	0	0	0	0	0	0	0	0	0	0	0	0	0	0	0	0	0	0	0	0	0	0	0	0	0	0	0	0	0
4	A	T	ORF	S	NULL	0	0	0	0	0	0	0	0	0	0	0	0	0	0	0	0	0	0	0	0	0	0	0	0	0	0	0	0	0	0	0	0	0	0	0	0	0	0	0	0	0	0	0	0	0	0	0	0	0	0	0	0	0	0
5	A	T	ORF	S	NULL	0	0	0	0	0.190909	0.00190009	0.845939	0.0809038	0.0001	0.248912	0.118906	0.0001	0.489923	0.0001	0.0001	0.0001	0.445921	0.484923	0.0001	0.0819038	0.130906	0.0889041	0.103905	0.402917	0.0699033	0.0001	0.493923	0.64793	0.0189009	0.536925	0.525922	0.566926	0.0001	0.998946	0.349916	0.0001	0.0459022	0.0001	0.252912	0.0269013	0.0559026	0.0001	0.0001	0.276913	0.0001	0.0001	0.236911	0.0001	0.192908	0.462922	0.352916	0.0001	0.0299014	0.999922
6	A	T	ORF	S	NULL	0	0	0	0	0.0001	0.840945	0.152908	0.453921	0.0001	0.0001	0.0001	0.781942	0.0001	0.362919	0.998953	0.0001	0.326918	0.0001	0.104906	0.101905	0.0001	0.185911	0.139907	0.382921	0.612933	0.0001	0.0001	0.0999057	0.0299016	0.37892	0.229912	0.0869041	0.0001	0.0001	0.571927	0.0001	0.0001	0.999917	0.0369017	0.046903	0.0459025	0.0001	0.55993	0.00790042	0.461925	0.0001	0.0001	0.110906	0.485926	0.00790042	0.0001	0.683937	0.0001	0.0001
7	A	T	ORF	S	NULL	0	0	0	0	0	0	0	0	0	0	0	0	0	0	0	0	0	0	0	0	0	0	0	0	0	0	0	0	0	0	0	0	0	0	0	0	0	0	0	0	0	0	0	0	0	0	0	0	0	0	0	0	0	0
8	A	T	ORF	S	NULL	0	0	0	0	0.0001	0.840945	0.152908	0.453921	0.0001	0.0001	0.0001	0.781942	0.0001	0.362919	0.998953	0.0001	0.326918	0.0001	0.104906	0.101905	0.0001	0.185911	0.139907	0.382921	0.612933	0.0001	0.0001	0.0999057	0.0299016	0.37892	0.229912	0.0869041	0.0001	0.0001	0.571927	0.0001	0.0001	0.999917	0.0369017	0.046903	0.0459025	0.0001	0.55993	0.00790042	0.461925	0.0001	0.0001	0.110906	0.485926	0.00790042	0.0001	0.683937	0.0001	0.0001
9	A	T	ORF	S	NULL	0	0	0	0	0	0	0	0	0	0	0	0	0	0	0	0	0	0	0	0	0	0	0	0	0	0	0	0	0	0	0	0	0	0	0	0	0	0	0	0	0	0	0	0	0	0	0	0	0	0	0	0	0	0
10	A	T	ORF	S	NULL	0	0	0	0	0	0	0	0	0	0	0	0	0	0	0	0	0	0	0	0	0	0	0	0	0	0	0	0	0	0	0	0	0	0	0	0	0	0	0	0	0	0	0	0	0	0	0	0	0	0	0	0	0	0
11	A	T	ORF	S	NULL	0	0	0	0	0	0	0	0	0	0	0	0	0	0	0	0	0	0	0	0	0	0	0	0	0	0	0	0	0	0	0	0	0	0	0	0	0	0	0	0	0	0	0	0	0	0	0	0	0	0	0	0	0	0
12	A	T	ORF	S	NULL	0	0	0	0	0	0	0	0	0	0	0	0	0	0	0	0	0	0	0	0	0	0	0	0	0	0	0	0	0	0	0	0	0	0	0	0	0	0	0	0	0	0	0	0	0	0	0	0	0	0	0	0	0	0
13	A	T	ORF	S	NULL	0	0	0	0	0	0	0	0	0	0	0	0	0	0	0	0	0	0	0	0	0	0	0	0	0	0	0	0	0	0	0	0	0	0	0	0	0	0	0	0	0	0	0	0	0	0	0	0	0	0	0	0	0	0
14	A	T	ORF	S	NULL	0	0	0	0	0	0	0	0	0	0	0	0	0	0	0	0	0	0	0	0	0	0	0	0	0	0	0	0	0	0	0	0	0	0	0	0	0	0	0	0	0	0	0	0	0	0	0	0	0	0	0	0	0	0
15	A	T	ORF	S	NULL	0	0	0	0	0	0	0	0	0	0	0	0	0	0	0	0	0	0	0	0	0	0	0	0	0	0	0	0	0	0	0	0	0	0	0	0	0	0	0	0	0	0	0	0	0	0	0	0	0	0	0	0	0	0
16	A	T	ORF	S	NULL	0	0	0	0	0	0	0	0	0	0	0	0	0	0	0	0	0	0	0	0	0	0	0	0	0	0	0	0	0	0	0	0	0	0	0	0	0	0	0	0	0	0	0	0	0	0	0	0	0	0	0	0	0	0
17	A	T	ORF	S	NULL	0	0	0	0	0	0	0	0	0	0	0	0	0	0	0	0	0	0	0	0	0	0	0	0	0	0	0	0	0	0	0	0	0	0	0	0	0	0	0	0	0	0	0	0	0	0	0	0	0	0	0	0	0	0
18	A	T	ORF	S	NULL	0	0	0	0	0	0	0	0	0	0	0	0	0	0	0	0	0	0	0	0	0	0	0	0	0	0	0	0	0	0	0	0	0	0	0	0	0	0	0	0	0	0	0	0	0	0	0	0	0	0	0	0	0	0
19	A	T	ORF	S	NULL	0	0	0	0	0	0	0	0	0	0	0	0	0	0	0	0	0	0	0	0	0	0	0	0	0	0	0	0	0	0	0	0	0	0	0	0	0	0	0	0	0	0	0	0	0	0	0	0	0	0	0	0	0	0
20	A	T	ORF	S	NULL	0	0	0	0	0	0	0	0	0	0	0	0	0	0	0	0	0	0	0	0	0	0	0	0	0	0	0	0	0	0	0	0	0	0	0	0	0	0	0	0	0	0	0	0	0	0	0	0	0	0	0	0	0	0
21	A	T	ORF	S	NULL	0	0	0	0	0	0	0	0	0	0	0	0	0	0	0	0	0	0	0	0	0	0	0	0	0	0	0	0	0	0	0	0	0	0	0	0	0	0	0	0	0	0	0	0	0	0	0	0	0	0	0	0	0	0
22	A	T	ORF	S	NULL	0	0	0	0	0	0	0	0	0	0	0	0	0	0	0	0	0	0	0	0	0	0	0	0	0	0	0	0	0	0	0	0	0	0	0	0	0	0	0	0	0	0	0	0	0	0	0	0	0	0	0	0	0	0
23	A	T	ORF	S	NULL	0	0	0	0	0	0	0	0	0	0	0	0	0	0	0	0	0	0	0	0	0	0	0	0	0	0	0	0	0	0	0	0	0	0	0	0	0	0	0	0	0	0	0	0	0	0	0	0	0	0	0	0	0	0
24	A	T	ORF	S	NULL	0	0	0	0	0	0	0	0	0	0	0	0	0	0	0	0	0	0	0	0	0	0	0	0	0	0	0	0	0	0	0	0	0	0	0	0	0	0	0	0	0	0	0	0	0	0	0	0	0	0	0	0	0	0
25	A	T	ORF	S	NULL	0	0	0	0	0.0001	0.154909	0.0001	0.0001	0.307918	0.151909	0.415924	0.0001	0.000900056	0.487928	0.0001	0.126906	0.140908	0.0001	0.893952	0.0739043	0.184911	0.0299017	0.0001	0.0949055	0.122907	0.0779047	0.0001	0.249913	0.657938	0.0001	0.0869051	0.0001	0.0001	0.0001	0.0759044	0.0001	0.148909	0.0001	0.291917	0.866951	0.205912	0.0001	0.0001	0.237914	0.0001	0.198912	0.0001	0.0001	0.0001	0.526931	0.0001	0.077905	0.140908	0.0001
26	A	T	ORF	S	NULL	0	0	0	0	0.0001	0.0001	0.0001	0.0001	0.690932	0.287913	0.463922	0.21691	0.0001	0.0001	0.0001	0.823937	0.0789037	0.0001	0.0001	0.199909	0.0449021	0.0199009	0.344916	0.104905	0.160907	0.525924	0.504924	0.0001	0.0001	0.0001	0.0499023	0.0001	0.659932	0.0001	0.0001	0.0299014	0.22291	0.0001	0.41592	0.0579027	0.659931	0.551926	0.0001	0.0299014	0.0001	0.799937	0.343916	0.0001	0.0001	0.0001	0.573927	0.0001	0.696932	0.0001
27	A	T	ORF	S	NULL	0	0	0	0	0	0	0	0	0	0	0	0	0	0	0	0	0	0	0	0	0	0	0	0	0	0	0	0	0	0	0	0	0	0	0	0	0	0	0	0	0	0	0	0	0	0	0	0	0	0	0	0	0	0
28	A	T	ORF	S	NULL	0	0	0	0	0	0	0	0	0	0	0	0	0	0	0	0	0	0	0	0	0	0	0	0	0	0	0	0	0	0	0	0	0	0	0	0	0	0	0	0	0	0	0	0	0	0	0	0	0	0	0	0	0	0
29	A	T	ORF	S	NULL	0	0	0	0	0	0	0	0	0	0	0	0	0	0	0	0	0	0	0	0	0	0	0	0	0	0	0	0	0	0	0	0	0	0	0	0	0	0	0	0	0	0	0	0	0	0	0	0	0	0	0	0	0	0
30	A	T	ORF	S	NULL	0	0	0	0	0	0	0	0	0	0	0	0	0	0	0	0	0	0	0	0	0	0	0	0	0	0	0	0	0	0	0	0	0	0	0	0	0	0	0	0	0	0	0	0	0	0	0	0	0	0	0	0	0	0
31	A	T	ORF	S	NULL	0	0	0	0	0	0	0	0	0	0	0	0	0	0	0	0	0	0	0	0	0	0	0	0	0	0	0	0	0	0	0	0	0	0	0	0	0	0	0	0	0	0	0	0	0	0	0	0	0	0	0	0	0	0
32	A	T	ORF	S	NULL	0	0	0	0	0	0	0	0	0	0	0	0	0	0	0	0	0	0	0	0	0	0	0	0	0	0	0	0	0	0	0	0	0	0	0	0	0	0	0	0	0	0	0	0	0	0	0	0	0	0	0	0	0	0
33	A	T	ORF	S	NULL	0	0	0	0	0	0	0	0	0	0	0	0	0	0	0	0	0	0	0	0	0	0	0	0	0	0	0	0	0	0	0	0	0	0	0	0	0	0	0	0	0	0	0	0	0	0	0	0	0	0	0	0	0	0
34	A	T	ORF	S	NULL	0	0	0	0	0	0	0	0	0	0	0	0	0	0	0	0	0	0	0	0	0	0	0	0	0	0	0	0	0	0	0	0	0	0	0	0	0	0	0	0	0	0	0	0	0	0	0	0	0	0	0	0	0	0
35	A	T	ORF	S	NULL	0	0	0	0	0.0001	0.0001	0.0001	0.0001	0.690932	0.287913	0.463922	0.21691	0.0001	0.0001	0.0001	0.823937	0.0789037	0.0001	0.0001	0.199909	0.0449021	0.0199009	0.344916	0.104905	0.160907	0.525924	0.504924	0.0001	0.0001	0.0001	0.0499023	0.0001	0.659932	0.0001	0.0001	0.0299014	0.22291	0.0001	0.41592	0.0579027	0.659931	0.551926	0.0001	0.0299014	0.0001	0.799937	0.343916	0.0001	0.0001	0.0001	0.573927	0.0001	0.696932	0.0001
36	A	T	ORF	S	NULL	0	0	0	0	0	0	0	0	0	0	0	0	0	0	0	0	0	0	0	0	0	0	0	0	0	0	0	0	0	0	0	0	0	0	0	0	0	0	0	0	0	0	0	0	0	0	0	0	0	0	0	0	0	0
37	A	T	ORF	S	NULL	0	0	0	0	0	0	0	0	0	0	0	0	0	0	0	0	0	0	0	0	0	0	0	0	0	0	0	0	0	0	0	0	0	0	0	0	0	0	0	0	0	0	0	0	0	0	0	0	0	0	0	0	0	0
38	A	T	ORF	S	NULL	0	0	0	0	0	0	0	0	0	0	0	0	0	0	0	0	0	0	0	0	0	0	0	0	0	0	0	0	0	0	0	0	0	0	0	0	0	0	0	0	0	0	0	0	0	0	0	0	0	0	0	0	0	0
39	A	T	ORF	S	NULL	0	0	0	0	0	0	0	0	0	0	0	0	0	0	0	0	0	0	0	0	0	0	0	0	0	0	0	0	0	0	0	0	0	0	0	0	0	0	0	0	0	0	0	0	0	0	0	0	0	0	0	0	0	0
40	A	T	ORF	S	NULL	0	0	0	0	0.0001	0.0001	0.0001	0.0001	0.690932	0.287913	0.463922	0.21691	0.0001	0.0001	0.0001	0.823937	0.0789037	0.0001	0.0001	0.199909	0.0449021	0.0199009	0.344916	0.104905	0.160907	0.525924	0.504924	0.0001	0.0001	0.0001	0.0499023	0.0001	0.659932	0.0001	0.0001	0.0299014	0.22291	0.0001	0.41592	0.0579027	0.659931	0.551926	0.0001	0.0299014	0.0001	0.799937	0.343916	0.0001	0.0001	0.0001	0.573927	0.0001	0.696932	0.0001
41	A	T	ORF	S	NULL	0	0	0	0	0	0	0	0	0	0	0	0	0	0	0	0	0	0	0	0	0	0	0	0	0	0	0	0	0	0	0	0	0	0	0	0	0	0	0	0	0	0	0	0	0	0	0	0	0	0	0	0	0	0
42	A	T	ORF	S	NULL	0	0	0	0	0	0	0	0	0	0	0	0	0	0	0	0	0	0	0	0	0	0	0	0	0	0	0	0	0	0	0	0	0	0	0	0	0	0	0	0	0	0	0	0	0	0	0	0	0	0	0	0	0	0
43	A	T	ORF	S	NULL	0	0	0	0	0	0	0	0	0	0	0	0	0	0	0	0	0	0	0	0	0	0	0	0	0	0	0	0	0	0	0	0	0	0	0	0	0	0	0	0	0	0	0	0	0	0	0	0	0	0	0	0	0	0
44	A	T	ORF	S	NULL	0	0	0	0	0	0	0	0	0	0	0	0	0	0	0	0	0	0	0	0	0	0	0	0	0	0	0	0	0	0	0	0	0	0	0	0	0	0	0	0	0	0	0	0	0	0	0	0	0	0	0	0	0	0
45	A	T	ORF	S	NULL	0	0	0	0	0	0	0	0	0	0	0	0	0	0	0	0	0	0	0	0	0	0	0	0	0	0	0	0	0	0	0	0	0	0	0	0	0	0	0	0	0	0	0	0	0	0	0	0	0	0	0	0	0	0
46	A	T	ORF	S	NULL	0	0	0	0	0	0	0	0	0	0	0	0	0	0	0	0	0	0	0	0	0	0	0	0	0	0	0	0	0	0	0	0	0	0	0	0	0	0	0	0	0	0	0	0	0	0	0	0	0	0	0	0	0	0
47	A	T	ORF	S	NULL	0	0	0	0	0	0	0	0	0	0	0	0	0	0	0	0	0	0	0	0	0	0	0	0	0	0	0	0	0	0	0	0	0	0	0	0	0	0	0	0	0	0	0	0	0	0	0	0	0	0	0	0	0	0
48	A	T	ORF	S	NULL	0	0	0	0	0	0	0	0	0	0	0	0	0	0	0	0	0	0	0	0	0	0	0	0	0	0	0	0	0	0	0	0	0	0	0	0	0	0	0	0	0	0	0	0	0	0	0	0	0	0	0	0	0	0
49	A	T	ORF	S	NULL	0	0	0	0	0.0001	0.0001	0.0001	0.0001	0.690932	0.287913	0.463922	0.21691	0.0001	0.0001	0.0001	0.823937	0.0789037	0.0001	0.0001	0.199909	0.0449021	0.0199009	0.344916	0.104905	0.160907	0.525924	0.504924	0.0001	0.0001	0.0001	0.0499023	0.0001	0.659932	0.0001	0.0001	0.0299014	0.22291	0.0001	0.41592	0.0579027	0.659931	0.551926	0.0001	0.0299014	0.0001	0.799937	0.343916	0.0001	0.0001	0.0001	0.573927	0.0001	0.696932	0.0001
50	A	T	ORF	S	NULL	0	0	0	0	0	0	0	0	0	0	0	0	0	0	0	0	0	0	0	0	0	0	0	0	0	0	0	0	0	0	0	0	0	0	0	0	0	0	0	0	0	0	0	0	0	0	0	0	0	0	0	0	0	0
51	A	T	ORF	S	NULL	0	0	0	0	0.0001	0.840945	0.152908	0.453921	0.0001	0.0001	0.0001	0.781942	0.0001	0.362919	0.998953	0.0001	0.326918	0.0001	0.104906	0.101905	0.0001	0.185911	0.139907	0.382921	0.612933	0.0001	0.0001	0.0999057	0.0299016	0.37892	0.229912	0.0869041	0.0001	0.0001	0.571927	0.0001	0.0001	0.999917	0.0369017	0.046903	0.0459025	0.0001	0.55993	0.00790042	0.461925	0.0001	0.0001	0.110906	0.485926	0.00790042	0.0001	0.683937	0.0001	0.0001
52	A	T	ORF	S	NULL	0	0	0	0	0	0	0	0	0	0	0	0	0	0	0	0	0	0	0	0	0	0	0	0	0	0	0	0	0	0	0	0	0	0	0	0	0	0	0	0	0	0	0	0	0	0	0	0	0	0	0	0	0	0
53	A	T	ORF	S	NULL	0	0	0	0	0	0	0	0	0	0	0	0	0	0	0	0	0	0	0	0	0	0	0	0	0	0	0	0	0	0	0	0	0	0	0	0	0	0	0	0	0	0	0	0	0	0	0	0	0	0	0	0	0	0
54	A	T	ORF	S	NULL	0	0	0	0	0	0	0	0	0	0	0	0	0	0	0	0	0	0	0	0	0	0	0	0	0	0	0	0	0	0	0	0	0	0	0	0	0	0	0	0	0	0	0	0	0	0	0	0	0	0	0	0	0	0
55	A	T	ORF	S	NULL	0	0	0	0	0	0	0	0	0	0	0	0	0	0	0	0	0	0	0	0	0	0	0	0	0	0	0	0	0	0	0	0	0	0	0	0	0	0	0	0	0	0	0	0	0	0	0	0	0	0	0	0	0	0
56	A	T	ORF	S	NULL	0	0	0	0	0	0	0	0	0	0	0	0	0	0	0	0	0	0	0	0	0	0	0	0	0	0	0	0	0	0	0	0	0	0	0	0	0	0	0	0	0	0	0	0	0	0	0	0	0	0	0	0	0	0
57	A	T	ORF	S	NULL	0	0	0	0	0	0	0	0	0	0	0	0	0	0	0	0	0	0	0	0	0	0	0	0	0	0	0	0	0	0	0	0	0	0	0	0	0	0	0	0	0	0	0	0	0	0	0	0	0	0	0	0	0	0
58	A	T	ORF	S	NULL	0	0	0	0	0	0	0	0	0	0	0	0	0	0	0	0	0	0	0	0	0	0	0	0	0	0	0	0	0	0	0	0	0	0	0	0	0	0	0	0	0	0	0	0	0	0	0	0	0	0	0	0	0	0
59	A	T	ORF	S	NULL	0	0	0	0	0.190909	0.00190009	0.845939	0.0809038	0.0001	0.248912	0.118906	0.0001	0.489923	0.0001	0.0001	0.0001	0.445921	0.484923	0.0001	0.0819038	0.130906	0.0889041	0.103905	0.402917	0.0699033	0.0001	0.493923	0.64793	0.0189009	0.536925	0.525922	0.566926	0.0001	0.998946	0.349916	0.0001	0.0459022	0.0001	0.252912	0.0269013	0.0559026	0.0001	0.0001	0.276913	0.0001	0.0001	0.236911	0.0001	0.192908	0.462922	0.352916	0.0001	0.0299014	0.999922
60	A	T	ORF	S	NULL	0	0	0	0	0	0	0	0	0	0	0	0	0	0	0	0	0	0	0	0	0	0	0	0	0	0	0	0	0	0	0	0	0	0	0	0	0	0	0	0	0	0	0	0	0	0	0	0	0	0	0	0	0	0
61	A	T	ORF	S	NULL	0	0	0	0	0	0	0	0	0	0	0	0	0	0	0	0	0	0	0	0	0	0	0	0	0	0	0	0	0	0	0	0	0	0	0	0	0	0	0	0	0	0	0	0	0	0	0	0	0	0	0	0	0	0
62	A	T	ORF	S	NULL	0	0	0	0	0.0001	0.840945	0.152908	0.453921	0.0001	0.0001	0.0001	0.781942	0.0001	0.362919	0.998953	0.0001	0.326918	0.0001	0.104906	0.101905	0.0001	0.185911	0.139907	0.382921	0.612933	0.0001	0.0001	0.0999057	0.0299016	0.37892	0.229912	0.0869041	0.0001	0.0001	0.571927	0.0001	0.0001	0.999917	0.0369017	0.046903	0.0459025	0.0001	0.55993	0.00790042	0.461925	0.0001	0.0001	0.110906	0.485926	0.00790042	0.0001	0.683937	0.0001	0.0001
63	A	T	ORF	S	NULL	0	0	0	0	0	0	0	0	0	0	0	0	0	0	0	0	0	0	0	0	0	0	0	0	0	0	0	0	0	0	0	0	0	0	0	0	0	0	0	0	0	0	0	0	0	0	0	0	0	0	0	0	0	0
64	A	T	ORF	S	NULL	0	0	0	0	0	0	0	0	0	0	0	0	0	0	0	0	0	0	0	0	0	0	0	0	0	0	0	0	0	0	0	0	0	0	0	0	0	0	0	0	0	0	0	0	0	0	0	0	0	0	0	0	0	0
65	A	T	ORF	S	NULL	0	0	0	0	0	0	0	0	0	0	0	0	0	0	0	0	0	0	0	0	0	0	0	0	0	0	0	0	0	0	0	0	0	0	0	0	0	0	0	0	0	0	0	0	0	0	0	0	0	0	0	0	0	0
66	A	T	ORF	S	NULL	0	0	0	0	0	0	0	0	0	0	0	0	0	0	0	0	0	0	0	0	0	0	0	0	0	0	0	0	0	0	0	0	0	0	0	0	0	0	0	0	0	0	0	0	0	0	0	0	0	0	0	0	0	0
67	A	T	ORF	S	NULL	0	0	0	0	0	0	0	0	0	0	0	0	0	0	0	0	0	0	0	0	0	0	0	0	0	0	0	0	0	0	0	0	0	0	0	0	0	0	0	0	0	0	0	0	0	0	0	0	0	0	0	0	0	0
68	A	T	ORF	S	NULL	0	0	0	0	0	0	0	0	0	0	0	0	0	0	0	0	0	0	0	0	0	0	0	0	0	0	0	0	0	0	0	0	0	0	0	0	0	0	0	0	0	0	0	0	0	0	0	0	0	0	0	0	0	0
69	A	T	ORF	S	NULL	0	0	0	0	0	0	0	0	0	0	0	0	0	0	0	0	0	0	0	0	0	0	0	0	0	0	0	0	0	0	0	0	0	0	0	0	0	0	0	0	0	0	0	0	0	0	0	0	0	0	0	0	0	0
70	A	T	ORF	S	NULL	0	0	0	0	0	0	0	0	0	0	0	0	0	0	0	0	0	0	0	0	0	0	0	0	0	0	0	0	0	0	0	0	0	0	0	0	0	0	0	0	0	0	0	0	0	0	0	0	0	0	0	0	0	0
71	A	T	ORF	S	NULL	0	0	0	0	0	0	0	0	0	0	0	0	0	0	0	0	0	0	0	0	0	0	0	0	0	0	0	0	0	0	0	0	0	0	0	0	0	0	0	0	0	0	0	0	0	0	0	0	0	0	0	0	0	0
72	A	T	ORF	S	NULL	0	0	0	0	0.0001	0.840945	0.152908	0.453921	0.0001	0.0001	0.0001	0.781942	0.0001	0.362919	0.998953	0.0001	0.326918	0.0001	0.104906	0.101905	0.0001	0.185911	0.139907	0.382921	0.612933	0.0001	0.0001	0.0999057	0.0299016	0.37892	0.229912	0.0869041	0.0001	0.0001	0.571927	0.0001	0.0001	0.999917	0.0369017	0.046903	0.0459025	0.0001	0.55993	0.00790042	0.461925	0.0001	0.0001	0.110906	0.485926	0.00790042	0.0001	0.683937	0.0001	0.0001
73	A	T	ORF	S	NULL	0	0	0	0	0	0	0	0	0	0	0	0	0	0	0	0	0	0	0	0	0	0	0	0	0	0	0	0	0	0	0	0	0	0	0	0	0	0	0	0	0	0	0	0	0	0	0	0	0	0	0	0	0	0
74	A	T	ORF	S	NULL	0	0	0	0	0	0	0	0	0	0	0	0	0	0	0	0	0	0	0	0	0	0	0	0	0	0	0	0	0	0	0	0	0	0	0	0	0	0	0	0	0	0	0	0	0	0	0	0	0	0	0	0	0	0
75	A	T	ORF	S	NULL	0	0	0	0	0	0	0	0	0	0	0	0	0	0	0	0	0	0	0	0	0	0	0	0	0	0	0	0	0	0	0	0	0	0	0	0	0	0	0	0	0	0	0	0	0	0	0	0	0	0	0	0	0	0
76	A	T	ORF	S	NULL	0	0	0	0	0	0	0	0	0	0	0	0	0	0	0	0	0	0	0	0	0	0	0	0	0	0	0	0	0	0	0	0	0	0	0	0	0	0	0	0	0	0	0	0	0	0	0	0	0	0	0	0	0	0
77	A	T	ORF	S	NULL	0	0	0	0	0.0001	0.0001	0.0001	0.0001	0.690932	0.287913	0.463922	0.21691	0.0001	0.0001	0.0001	0.823937	0.0789037	0.0001	0.0001	0.199909	0.0449021	0.0199009	0.344916	0.104905	0.160907	0.525924	0.504924	0.0001	0.0001	0.0001	0.0499023	0.0001	0.659932	0.0001	0.0001	0.0299014	0.22291	0.0001	0.41592	0.0579027	0.659931	0.551926	0.0001	0.0299014	0.0001	0.799937	0.343916	0.0001	0.0001	0.0001	0.573927	0.0001	0.696932	0.0001
78	A	T	ORF	S	NULL	0	0	0	0	0	0	0	0	0	0	0	0	0	0	0	0	0	0	0	0	0	0	0	0	0	0	0	0	0	0	0	0	0	0	0	0	0	0	0	0	0	0	0	0	0	0	0	0	0	0	0	0	0	0
79	A	T	ORF	S	NULL	0	0	0	0	0	0	0	0	0	0	0	0	0	0	0	0	0	0	0	0	0	0	0	0	0	0	0	0	0	0	0	0	0	0	0	0	0	0	0	0	0	0	0	0	0	0	0	0	0	0	0	0	0	0
80	A	T	ORF	S	NULL	0	0	0	0	0.0001	0.154909	0.0001	0.0001	0.307918	0.151909	0.415924	0.0001	0.000900056	0.487928	0.0001	0.126906	0.140908	0.0001	0.893952	0.0739043	0.184911	0.0299017	0.0001	0.0949055	0.122907	0.0779047	0.0001	0.249913	0.657938	0.0001	0.0869051	0.0001	0.0001	0.0001	0.0759044	0.0001	0.148909	0.0001	0.291917	0.866951	0.205912	0.0001	0.0001	0.237914	0.0001	0.198912	0.0001	0.0001	0.0001	0.526931	0.0001	0.077905	0.140908	0.0001
81	A	T	ORF	S	NULL	0	0	0	0	0	0	0	0	0	0	0	0	0	0	0	0	0	0	0	0	0	0	0	0	0	0	0	0	0	0	0	0	0	0	0	0	0	0	0	0	0	0	0	0	0	0	0	0	0	0	0	0	0	0
82	A	T	ORF	S	NULL	0	0	0	0	0	0	0	0	0	0	0	0	0	0	0	0	0	0	0	0	0	0	0	0	0	0	0	0	0	0	0	0	0	0	0	0	0	0	0	0	0	0	0	0	0	0	0	0	0	0	0	0	0	0
83	A	T	ORF	S	NULL	0	0	0	0	0	0	0	0	0	0	0	0	0	0	0	0	0	0	0	0	0	0	0	0	0	0	0	0	0	0	0	0	0	0	0	0	0	0	0	0	0	0	0	0	0	0	0	0	0	0	0	0	0	0
84	A	T	ORF	S	NULL	0	0	0	0	0.190909	0.00190009	0.845939	0.0809038	0.0001	0.248912	0.118906	0.0001	0.489923	0.0001	0.0001	0.0001	0.445921	0.484923	0.0001	0.0819038	0.130906	0.0889041	0.103905	0.402917	0.0699033	0.0001	0.493923	0.64793	0.0189009	0.536925	0.525922	0.566926	0.0001	0.998946	0.349916	0.0001	0.0459022	0.0001	0.252912	0.0269013	0.0559026	0.0001	0.0001	0.276913	0.0001	0.0001	0.236911	0.0001	0.192908	0.462922	0.352916	0.0001	0.0299014	0.999922
85	A	T	ORF	S	NULL	0	0	0	0	0.190909	0.00190009	0.845939	0.0809038	0.0001	0.248912	0.118906	0.0001	0.489923	0.0001	0.0001	0.0001	0.445921	0.484923	0.0001	0.0819038	0.130906	0.0889041	0.103905	0.402917	0.0699033	0.0001	0.493923	0.64793	0.0189009	0.536925	0.525922	0.566926	0.0001	0.998946	0.349916	0.0001	0.0459022	0.0001	0.252912	0.0269013	0.0559026	0.0001	0.0001	0.276913	0.0001	0.0001	0.236911	0.0001	0.192908	0.462922	0.352916	0.0001	0.0299014	0.999922
86	A	T	ORF	S	NULL	0	0	0	0	0	0	0	0	0	0	0	0	0	0	0	0	0	0	0	0	0	0	0	0	0	0	0	0	0	0	0	0	0	0	0	0	0	0	0	0	0	0	0	0	0	0	0	0	0	0	0	0	0	0
87	A	T	ORF	S	NULL	0	0	0	0	0.0001	0.154909	0.0001	0.0001	0.307918	0.151909	0.415924	0.0001	0.000900056	0.487928	0.0001	0.126906	0.140908	0.0001	0.893952	0.0739043	0.184911	0.0299017	0.0001	0.0949055	0.122907	0.0779047	0.0001	0.249913	0.657938	0.0001	0.0869051	0.0001	0.0001	0.0001	0.0759044	0.0001	0.148909	0.0001	0.291917	0.866951	0.205912	0.0001	0.0001	0.237914	0.0001	0.198912	0.0001	0.0001	0.0001	0.526931	0.0001	0.077905	0.140908	0.0001
88	A	T	ORF	S	NULL	0	0	0	0	0	0	0	0	0	0	0	0	0	0	0	0	0	0	0	0	0	0	0	0	0	0	0	0	0	0	0	0	0	0	0	0	0	0	0	0	0	0	0	0	0	0	0	0	0	0	0	0	0	0
89	A	T	ORF	S	NULL	0	0	0	0	0	0	0	0	0	0	0	0	0	0	0	0	0	0	0	0	0	0	0	0	0	0	0	0	0	0	0	0	0	0	0	0	0	0	0	0	0	0	0	0	0	0	0	0	0	0	0	0	0	0
90	A	T	ORF	S	NULL	0	0	0	0	0	0	0	0	0	0	0	0	0	0	0	0	0	0	0	0	0	0	0	0	0	0	0	0	0	0	0	0	0	0	0	0	0	0	0	0	0	0	0	0	0	0	0	0	0	0	0	0	0	0
91	A	T	ORF	S	NULL	0	0	0	0	0.0001	0.0001	0.0001	0.0001	0.690932	0.287913	0.463922	0.21691	0.0001	0.0001	0.0001	0.823937	0.0789037	0.0001	0.0001	0.199909	0.0449021	0.0199009	0.344916	0.104905	0.160907	0.525924	0.504924	0.0001	0.0001	0.0001	0.0499023	0.0001	0.659932	0.0001	0.0001	0.0299014	0.22291	0.0001	0.41592	0.0579027	0.659931	0.551926	0.0001	0.0299014	0.0001	0.799937	0.343916	0.0001	0.0001	0.0001	0.573927	0.0001	0.696932	0.0001
92	A	T	ORF	S	NULL	0	0	0	0	0	0	0	0	0	0	0	0	0	0	0	0	0	0	0	0	0	0	0	0	0	0	0	0	0	0	0	0	0	0	0	0	0	0	0	0	0	0	0	0	0	0	0	0	0	0	0	0	0	0
93	A	T	ORF	S	NULL	0	0	0	0	0.0001	0.0001	0.0001	0.0001	0.690932	0.287913	0.463922	0.21691	0.0001	0.0001	0.0001	0.823937	0.0789037	0.0001	0.0001	0.199909	0.0449021	0.0199009	0.344916	0.104905	0.160907	0.525924	0.504924	0.0001	0.0001	0.0001	0.0499023	0.0001	0.659932	0.0001	0.0001	0.0299014	0.22291	0.0001	0.41592	0.0579027	0.659931	0.551926	0.0001	0.0299014	0.0001	0.799937	0.343916	0.0001	0.0001	0.0001	0.573927	0.0001	0.696932	0.0001
94	A	T	ORF	S	NULL	0	0	0	0	0	0	0	0	0	0	0	0	0	0	0	0	0	0	0	0	0	0	0	0	0	0	0	0	0	0	0	0	0	0	0	0	0	0	0	0	0	0	0	0	0	0	0	0	0	0	0	0	0	0
95	A	T	ORF	S	NULL	0	0	0	0	0.0001	0.0001	0.0001	0.0001	0.690932	0.287913	0.463922	0.21691	0.0001	0.0001	0.0001	0.823937	0.0789037	0.0001	0.0001	0.199909	0.0449021	0.0199009	0.344916	0.104905	0.160907	0.525924	0.504924	0.0001	0.0001	0.0001	0.0499023	0.0001	0.659932	0.0001	0.0001	0.0299014	0.22291	0.0001	0.41592	0.0579027	0.659931	0.551926	0.0001	0.0299014	0.0001	0.799937	0.343916	0.0001	0.0001	0.0001	0.573927	0.0001	0.696932	0.0001
96	A	T	ORF	S	NULL	0	0	0	0	0	0	0	0	0	0	0	0	0	0	0	0	0	0	0	0	0	0	0	0	0	0	0	0	0	0	0	0	0	0	0	0	0	0	0	0	0	0	0	0	0	0	0	0	0	0	0	0	0	0
97	A	T	ORF	S	NULL	0	0	0	0	0.0001	0.0001	0.0001	0.0001	0.690932	0.287913	0.463922	0.21691	0.0001	0.0001	0.0001	0.823937	0.0789037	0.0001	0.0001	0.199909	0.0449021	0.0199009	0.344916	0.104905	0.160907	0.525924	0.504924	0.0001	0.0001	0.0001	0.0499023	0.0001	0.659932	0.0001	0.0001	0.0299014	0.22291	0.0001	0.41592	0.0579027	0.659931	0.551926	0.0001	0.0299014	0.0001	0.799937	0.343916	0.0001	0.0001	0.0001	0.573927	0.0001	0.696932	0.0001
98	A	T	ORF	S	NULL	0	0	0	0	0	0	0	0	0	0	0	0	0	0	0	0	0	0	0	0	0	0	0	0	0	0	0	0	0	0	0	0	0	0	0	0	0	0	0	0	0	0	0	0	0	0	0	0	0	0	0	0	0	0
99	A	T	ORF	S	NULL	0	0	0	0	0	0	0	0	0	0	0	0	0	0	0	0	0	0	0	0	0	0	0	0	0	0	0	0	0	0	0	0	0	0	0	0	0	0	0	0	0	0	0	0	0	0	0	0	0	0	0	0	0	0
100	A	T	ORF	S	NULL	0	0	0	0	0	0	0	0	0	0	0	0	0	0	0	0	0	0	0	0	0	0	0	0	0	0	0	0	0	0	0	0	0	0	0	0	0	0	0	0	0	0	0	0	0	0	0	0	0	0	0	0	0	0
