pos	ref	alt	gene	N/S	AA	nSRAsubclonal	nSRAclonal	nSRA	nConsensus	sample0|Earth	sample1|Earth	sample2|Earth	sample3|Earth	sample4|Earth	sample5|Earth	sample6|Earth	sample7|Earth	sample8|Earth	sample9|Earth	sample10|Earth	sample11|Earth	sample12|Earth	sample13|Earth	sample14|Earth	sample15|Earth	sample16|Earth	sample17|Earth	sample18|Earth	sample19|Earth	sample20|Earth	sample21|Earth	sample22|Earth	sample23|Earth	sample24|Earth	sample25|Earth	sample26|Earth	sample27|Earth	sample28|Earth	sample29|Earth	sample30|Earth	sample31|Earth	sample32|Earth	sample33|Earth	sample34|Earth	sample35|Earth	sample36|Earth	sample37|Earth	sample38|Earth	sample39|Earth	sample40|Earth	sample41|Earth	sample42|Earth	sample43|Earth	sample44|Earth	sample45|Earth	sample46|Earth	sample47|Earth	sample48|Earth	sample49|Earth
1	A	T	ORF	S	NULL	0	0	0	0	0.537927	0.0001	0.0001	0.0001	0.0001	0.337917	0.0001	0.426922	0.0001	0.0001	0.0001	0.0849043	0.0001	0.0001	0.0001	0.0001	0.0001	0.0001	0.999933	0.505926	0.999933	0.0001	0.0001	0.0809041	0.562929	0.225912	0.0001	0.0001	0.0001	0.0001	0.0001	0.19191	0.0001	0.0279014	0.0539027	0.0001	0.0949048	0.0001	0.335917	0.334917	0.0001	0.0001	0.0001	0.0001	0.890945	0.0001	0.0001	0.0001	0.444923	0.0001
2	A	T	ORF	S	NULL	0	0	0	0	0	0	0	0	0	0	0	0	0	0	0	0	0	0	0	0	0	0	0	0	0	0	0	0	0	0	0	0	0	0	0	0	0	0	0	0	0	0	0	0	0	0	0	0	0	0	0	0	0	0
3	A	T	ORF	S	NULL	0	0	0	0	0	0	0	0	0	0	0	0	0	0	0	0	0	0	0	0	0	0	0	0	0	0	0	0	0	0	0	0	0	0	0	0	0	0	0	0	0	0	0	0	0	0	0	0	0	0	0	0	0	0
4	A	T	ORF	S	NULL	0	0	0	0	0	0	0	0	0	0	0	0	0	0	0	0	0	0	0	0	0	0	0	0	0	0	0	0	0	0	0	0	0	0	0	0	0	0	0	0	0	0	0	0	0	0	0	0	0	0	0	0	0	0
5	A	T	ORF	S	NULL	0	0	0	0	0.119906	0.0001	0.0001	0.999935	0.196909	0.0001	0.63693	0.0001	0.0001	0.0001	0.0001	0.0001	0.0001	0.0001	0.0001	0.0001	0.0001	0.0001	0.0001	0.0499023	0.0001	0.0001	0.380918	0.305914	0.0001	0.42992	0.274913	0.0001	0.0001	0.0001	0.0001	0.0001	0.0001	0.00690032	0.0001	0.0001	0.0001	0.0001	0.0001	0.0001	0.0001	0.0001	0.0001	0.0001	0.0001	0.0001	0.488923	0.0001	0.0001	0.472922
6	A	T	ORF	S	NULL	0	0	0	0	0.0441096	0.239292	0.000100015	0.0001	0.185088	0.0001	0.260912	0.0001	0.000100008	0.0001	0.586927	0.0001	0.240925	0.000100007	0.000100013	0.370917	0.107905	0.97196	0.0001	0.0001	0.0001	0.0001	0.0001	0.185925	0.0001	0.0001	0.0001	0.0001	0.43192	0.0001	0.0549025	0.0001	0.0001	0.0001	0.000100012	0.0001	0.0001	0.000100006	0.0001	0.310931	0.0001	0.000100002	0.000100007	0.0001	0.0001	0.000100009	0.0899041	0.013084	0.0001	0.0001
7	A	T	ORF	S	NULL	0	0	0	0	0	0	0	0	0	0	0	0	0	0	0	0	0	0	0	0	0	0	0	0	0	0	0	0	0	0	0	0	0	0	0	0	0	0	0	0	0	0	0	0	0	0	0	0	0	0	0	0	0	0
8	A	T	ORF	S	NULL	0	0	0	0	0.0441096	0.239292	0.000100015	0.0001	0.185088	0.0001	0.260912	0.0001	0.000100008	0.0001	0.586927	0.0001	0.240925	0.000100007	0.000100013	0.370917	0.107905	0.97196	0.0001	0.0001	0.0001	0.0001	0.0001	0.185925	0.0001	0.0001	0.0001	0.0001	0.43192	0.0001	0.0549025	0.0001	0.0001	0.0001	0.000100012	0.0001	0.0001	0.000100006	0.0001	0.310931	0.0001	0.000100002	0.000100007	0.0001	0.0001	0.000100009	0.0899041	0.013084	0.0001	0.0001
9	A	T	ORF	S	NULL	0	0	0	0	0	0	0	0	0	0	0	0	0	0	0	0	0	0	0	0	0	0	0	0	0	0	0	0	0	0	0	0	0	0	0	0	0	0	0	0	0	0	0	0	0	0	0	0	0	0	0	0	0	0
10	A	T	ORF	S	NULL	0	0	0	0	0	0	0	0	0	0	0	0	0	0	0	0	0	0	0	0	0	0	0	0	0	0	0	0	0	0	0	0	0	0	0	0	0	0	0	0	0	0	0	0	0	0	0	0	0	0	0	0	0	0
11	A	T	ORF	S	NULL	0	0	0	0	0.0001	0.0001	0.0001	0.0001	0.0001	0.0001	0.0999057	0.411924	0.0001	0.213912	0.0001	0.0001	0.0001	0.0001	0.0001	0.0001	0.274916	0.0001	0.0001	0.0001	0.0001	0.000100001	0.0001	0.0569033	0.0859049	0.308918	0.149909	0.0001	0.0001	0.0001	0.600934	0.0001	0.0001	0.0001	0.0001	0.0001	0.0001	0.000100002	0.0679039	0.0001	0.0001	0.0669038	0.0001	0.554932	0.0001	0.412924	0.0001	0.152909	0.035902	0.489928
12	A	T	ORF	S	NULL	0	0	0	0	0	0	0	0	0	0	0	0	0	0	0	0	0	0	0	0	0	0	0	0	0	0	0	0	0	0	0	0	0	0	0	0	0	0	0	0	0	0	0	0	0	0	0	0	0	0	0	0	0	0
13	A	T	ORF	S	NULL	0	0	0	0	0	0	0	0	0	0	0	0	0	0	0	0	0	0	0	0	0	0	0	0	0	0	0	0	0	0	0	0	0	0	0	0	0	0	0	0	0	0	0	0	0	0	0	0	0	0	0	0	0	0
14	A	T	ORF	S	NULL	0	0	0	0	0.00587903	0.518072	0.169909	0.0001	0.0001	0.0001	0.0001	0.0001	0.601931	0.0001	0.000100001	0.0001	0.0001	0.0001	0.0001	0.000100002	0.000100001	0.0269234	0.0001	0.441923	0.0001	0.679936	0.0001	0.277932	0.0001	0.0001	0.57393	0.0001	0.0001	0.0001	0.0001	0.0001	0.0001	0.0001	0.0001	0.0001	0.853945	0.0001	0.0001	0.352937	0.0001	0.109906	0.0001	0.0001	0.0001	0.0329017	0.000100001	0.201094	0.247913	0.0001
15	A	T	ORF	S	NULL	0	0	0	0	0	0	0	0	0	0	0	0	0	0	0	0	0	0	0	0	0	0	0	0	0	0	0	0	0	0	0	0	0	0	0	0	0	0	0	0	0	0	0	0	0	0	0	0	0	0	0	0	0	0
16	A	T	ORF	S	NULL	0	0	0	0	0	0	0	0	0	0	0	0	0	0	0	0	0	0	0	0	0	0	0	0	0	0	0	0	0	0	0	0	0	0	0	0	0	0	0	0	0	0	0	0	0	0	0	0	0	0	0	0	0	0
17	A	T	ORF	S	NULL	0	0	0	0	0.0001	0.0001	0.0001	0.0001	0.0001	0.0001	0.0999057	0.411924	0.0001	0.213912	0.0001	0.0001	0.0001	0.0001	0.0001	0.0001	0.274916	0.0001	0.0001	0.0001	0.0001	0.000100001	0.0001	0.0569033	0.0859049	0.308918	0.149909	0.0001	0.0001	0.0001	0.600934	0.0001	0.0001	0.0001	0.0001	0.0001	0.0001	0.000100002	0.0679039	0.0001	0.0001	0.0669038	0.0001	0.554932	0.0001	0.412924	0.0001	0.152909	0.035902	0.489928
18	A	T	ORF	S	NULL	0	0	0	0	0.160089	0.241059	0.828952	0.0001	0.616123	0.0001	0.000100001	0.0001	0.349922	0.00790049	0.000100177	0.0269019	0.335938	0.999925	0.826952	0.000100268	0.000100212	0.000100003	0.0001	0.0001	0.0001	0.0001	0.00010005	0.000100001	0.0001	0.0001	0.0001	0.124908	0.000100003	0.000100398	0.000100027	0.0001	0.0001	0.000100184	0.944959	0.000100012	0.0001	0.353922	0.0001	0.000100001	0.000100269	0.428927	0.998962	0.0001	0.0001	0.408926	0.00010015	0.0001	0.000100061	0.0001
19	A	T	ORF	S	NULL	0	0	0	0	0	0	0	0	0	0	0	0	0	0	0	0	0	0	0	0	0	0	0	0	0	0	0	0	0	0	0	0	0	0	0	0	0	0	0	0	0	0	0	0	0	0	0	0	0	0	0	0	0	0
20	A	T	ORF	S	NULL	0	0	0	0	0	0	0	0	0	0	0	0	0	0	0	0	0	0	0	0	0	0	0	0	0	0	0	0	0	0	0	0	0	0	0	0	0	0	0	0	0	0	0	0	0	0	0	0	0	0	0	0	0	0
21	A	T	ORF	S	NULL	0	0	0	0	0	0	0	0	0	0	0	0	0	0	0	0	0	0	0	0	0	0	0	0	0	0	0	0	0	0	0	0	0	0	0	0	0	0	0	0	0	0	0	0	0	0	0	0	0	0	0	0	0	0
22	A	T	ORF	S	NULL	0	0	0	0	0	0	0	0	0	0	0	0	0	0	0	0	0	0	0	0	0	0	0	0	0	0	0	0	0	0	0	0	0	0	0	0	0	0	0	0	0	0	0	0	0	0	0	0	0	0	0	0	0	0
23	A	T	ORF	S	NULL	0	0	0	0	0	0	0	0	0	0	0	0	0	0	0	0	0	0	0	0	0	0	0	0	0	0	0	0	0	0	0	0	0	0	0	0	0	0	0	0	0	0	0	0	0	0	0	0	0	0	0	0	0	0
24	A	T	ORF	S	NULL	0	0	0	0	0	0	0	0	0	0	0	0	0	0	0	0	0	0	0	0	0	0	0	0	0	0	0	0	0	0	0	0	0	0	0	0	0	0	0	0	0	0	0	0	0	0	0	0	0	0	0	0	0	0
25	A	T	ORF	S	NULL	0	0	0	0	0.0001	0.0001	0.0001	0.0001	0.0001	0.000100002	0.0001	0.0819045	0.0459025	0.0001	0.0001	0.0001	0.0001	0.0001	0.0001	0.0001	0.107906	0.0001	0.0001	0.0001	0.0001	0.311917	0.0001	0.0001	0.349919	0.0001	0.0001	0.0001	0.000100001	0.0001	0.0279015	0.000100001	0.000100003	0.0001	0.0001	0.0001	0.0499027	0.587932	0.102906	0.0001	0.0001	0.0001	0.0001	0.443924	0.0001	0.142908	0.0001	0.0001	0.0001	0.0001
26	A	T	ORF	S	NULL	0	0	0	0	0.0719034	0.0001	0.0001	0.0001	0.0001	0.000100003	0.0001	0.0001	0.0001	0.0001	0.41192	0.458922	0.0339016	0.0001	0.0001	0.62793	0.506924	0.0001	0.0001	0.0001	0.0001	0.0001	0.125906	0.0001	0.0001	0.0001	0.0001	0.155908	0.0001	0.999938	0.0679034	0.000100002	0.000100004	0.468923	0.0001	0.034902	0.0001	0.0001	0.0001	0.0001	0.674932	0.148907	0.0001	0.0001	0.000100001	0.0001	0.356917	0.000100001	0.153907	0.0001
27	A	T	ORF	S	NULL	0	0	0	0	0.00587903	0.518072	0.169909	0.0001	0.0001	0.0001	0.0001	0.0001	0.601931	0.0001	0.000100001	0.0001	0.0001	0.0001	0.0001	0.000100002	0.000100001	0.0269234	0.0001	0.441923	0.0001	0.679936	0.0001	0.277932	0.0001	0.0001	0.57393	0.0001	0.0001	0.0001	0.0001	0.0001	0.0001	0.0001	0.0001	0.0001	0.853945	0.0001	0.0001	0.352937	0.0001	0.109906	0.0001	0.0001	0.0001	0.0329017	0.000100001	0.201094	0.247913	0.0001
28	A	T	ORF	S	NULL	0	0	0	0	0	0	0	0	0	0	0	0	0	0	0	0	0	0	0	0	0	0	0	0	0	0	0	0	0	0	0	0	0	0	0	0	0	0	0	0	0	0	0	0	0	0	0	0	0	0	0	0	0	0
29	A	T	ORF	S	NULL	0	0	0	0	0	0	0	0	0	0	0	0	0	0	0	0	0	0	0	0	0	0	0	0	0	0	0	0	0	0	0	0	0	0	0	0	0	0	0	0	0	0	0	0	0	0	0	0	0	0	0	0	0	0
30	A	T	ORF	S	NULL	0	0	0	0	0	0	0	0	0	0	0	0	0	0	0	0	0	0	0	0	0	0	0	0	0	0	0	0	0	0	0	0	0	0	0	0	0	0	0	0	0	0	0	0	0	0	0	0	0	0	0	0	0	0
31	A	T	ORF	S	NULL	0	0	0	0	0	0	0	0	0	0	0	0	0	0	0	0	0	0	0	0	0	0	0	0	0	0	0	0	0	0	0	0	0	0	0	0	0	0	0	0	0	0	0	0	0	0	0	0	0	0	0	0	0	0
32	A	T	ORF	S	NULL	0	0	0	0	0	0	0	0	0	0	0	0	0	0	0	0	0	0	0	0	0	0	0	0	0	0	0	0	0	0	0	0	0	0	0	0	0	0	0	0	0	0	0	0	0	0	0	0	0	0	0	0	0	0
33	A	T	ORF	S	NULL	0	0	0	0	0	0	0	0	0	0	0	0	0	0	0	0	0	0	0	0	0	0	0	0	0	0	0	0	0	0	0	0	0	0	0	0	0	0	0	0	0	0	0	0	0	0	0	0	0	0	0	0	0	0
34	A	T	ORF	S	NULL	0	0	0	0	0	0	0	0	0	0	0	0	0	0	0	0	0	0	0	0	0	0	0	0	0	0	0	0	0	0	0	0	0	0	0	0	0	0	0	0	0	0	0	0	0	0	0	0	0	0	0	0	0	0
35	A	T	ORF	S	NULL	0	0	0	0	0.0719034	0.0001	0.0001	0.0001	0.0001	0.000100003	0.0001	0.0001	0.0001	0.0001	0.41192	0.458922	0.0339016	0.0001	0.0001	0.62793	0.506924	0.0001	0.0001	0.0001	0.0001	0.0001	0.125906	0.0001	0.0001	0.0001	0.0001	0.155908	0.0001	0.999938	0.0679034	0.000100002	0.000100004	0.468923	0.0001	0.034902	0.0001	0.0001	0.0001	0.0001	0.674932	0.148907	0.0001	0.0001	0.000100001	0.0001	0.356917	0.000100001	0.153907	0.0001
36	A	T	ORF	S	NULL	0	0	0	0	0.537927	0.0001	0.0001	0.0001	0.0001	0.337917	0.0001	0.426922	0.0001	0.0001	0.0001	0.0849043	0.0001	0.0001	0.0001	0.0001	0.0001	0.0001	0.999933	0.505926	0.999933	0.0001	0.0001	0.0809041	0.562929	0.225912	0.0001	0.0001	0.0001	0.0001	0.0001	0.19191	0.0001	0.0279014	0.0539027	0.0001	0.0949048	0.0001	0.335917	0.334917	0.0001	0.0001	0.0001	0.0001	0.890945	0.0001	0.0001	0.0001	0.444923	0.0001
37	A	T	ORF	S	NULL	0	0	0	0	0	0	0	0	0	0	0	0	0	0	0	0	0	0	0	0	0	0	0	0	0	0	0	0	0	0	0	0	0	0	0	0	0	0	0	0	0	0	0	0	0	0	0	0	0	0	0	0	0	0
38	A	T	ORF	S	NULL	0	0	0	0	0.0001	0.0001	0.0001	0.0001	0.0001	0.0001	0.0001	0.0001	0.0001	0.775939	0.0001	0.426921	0.100905	0.0001	0.171909	0.0001	0.0001	0.0001	0.0001	0.0001	0.0001	0.0001	0.490924	0.0909045	0.0001	0.0329016	0.0001	0.0001	0.0001	0.0001	0.0001	0.516926	0.0001	0.0001	0.0001	0.0001	0.0001	0.0569028	0.0001	0.0001	0.323916	0.0001	0.0001	0.0001	0.0001	0.0001	0.0269013	0.473924	0.114906	0.0359018
39	A	T	ORF	S	NULL	0	0	0	0	0	0	0	0	0	0	0	0	0	0	0	0	0	0	0	0	0	0	0	0	0	0	0	0	0	0	0	0	0	0	0	0	0	0	0	0	0	0	0	0	0	0	0	0	0	0	0	0	0	0
40	A	T	ORF	S	NULL	0	0	0	0	0.0719034	0.0001	0.0001	0.0001	0.0001	0.000100003	0.0001	0.0001	0.0001	0.0001	0.41192	0.458922	0.0339016	0.0001	0.0001	0.62793	0.506924	0.0001	0.0001	0.0001	0.0001	0.0001	0.125906	0.0001	0.0001	0.0001	0.0001	0.155908	0.0001	0.999938	0.0679034	0.000100002	0.000100004	0.468923	0.0001	0.034902	0.0001	0.0001	0.0001	0.0001	0.674932	0.148907	0.0001	0.0001	0.000100001	0.0001	0.356917	0.000100001	0.153907	0.0001
41	A	T	ORF	S	NULL	0	0	0	0	0.537927	0.0001	0.0001	0.0001	0.0001	0.337917	0.0001	0.426922	0.0001	0.0001	0.0001	0.0849043	0.0001	0.0001	0.0001	0.0001	0.0001	0.0001	0.999933	0.505926	0.999933	0.0001	0.0001	0.0809041	0.562929	0.225912	0.0001	0.0001	0.0001	0.0001	0.0001	0.19191	0.0001	0.0279014	0.0539027	0.0001	0.0949048	0.0001	0.335917	0.334917	0.0001	0.0001	0.0001	0.0001	0.890945	0.0001	0.0001	0.0001	0.444923	0.0001
42	A	T	ORF	S	NULL	0	0	0	0	0.160089	0.241059	0.828952	0.0001	0.616123	0.0001	0.000100001	0.0001	0.349922	0.00790049	0.000100177	0.0269019	0.335938	0.999925	0.826952	0.000100268	0.000100212	0.000100003	0.0001	0.0001	0.0001	0.0001	0.00010005	0.000100001	0.0001	0.0001	0.0001	0.124908	0.000100003	0.000100398	0.000100027	0.0001	0.0001	0.000100184	0.944959	0.000100012	0.0001	0.353922	0.0001	0.000100001	0.000100269	0.428927	0.998962	0.0001	0.0001	0.408926	0.00010015	0.0001	0.000100061	0.0001
43	A	T	ORF	S	NULL	0	0	0	0	0	0	0	0	0	0	0	0	0	0	0	0	0	0	0	0	0	0	0	0	0	0	0	0	0	0	0	0	0	0	0	0	0	0	0	0	0	0	0	0	0	0	0	0	0	0	0	0	0	0
44	A	T	ORF	S	NULL	0	0	0	0	0.537927	0.0001	0.0001	0.0001	0.0001	0.337917	0.0001	0.426922	0.0001	0.0001	0.0001	0.0849043	0.0001	0.0001	0.0001	0.0001	0.0001	0.0001	0.999933	0.505926	0.999933	0.0001	0.0001	0.0809041	0.562929	0.225912	0.0001	0.0001	0.0001	0.0001	0.0001	0.19191	0.0001	0.0279014	0.0539027	0.0001	0.0949048	0.0001	0.335917	0.334917	0.0001	0.0001	0.0001	0.0001	0.890945	0.0001	0.0001	0.0001	0.444923	0.0001
45	A	T	ORF	S	NULL	0	0	0	0	0	0	0	0	0	0	0	0	0	0	0	0	0	0	0	0	0	0	0	0	0	0	0	0	0	0	0	0	0	0	0	0	0	0	0	0	0	0	0	0	0	0	0	0	0	0	0	0	0	0
46	A	T	ORF	S	NULL	0	0	0	0	0.537927	0.0001	0.0001	0.0001	0.0001	0.337917	0.0001	0.426922	0.0001	0.0001	0.0001	0.0849043	0.0001	0.0001	0.0001	0.0001	0.0001	0.0001	0.999933	0.505926	0.999933	0.0001	0.0001	0.0809041	0.562929	0.225912	0.0001	0.0001	0.0001	0.0001	0.0001	0.19191	0.0001	0.0279014	0.0539027	0.0001	0.0949048	0.0001	0.335917	0.334917	0.0001	0.0001	0.0001	0.0001	0.890945	0.0001	0.0001	0.0001	0.444923	0.0001
47	A	T	ORF	S	NULL	0	0	0	0	0	0	0	0	0	0	0	0	0	0	0	0	0	0	0	0	0	0	0	0	0	0	0	0	0	0	0	0	0	0	0	0	0	0	0	0	0	0	0	0	0	0	0	0	0	0	0	0	0	0
48	A	T	ORF	S	NULL	0	0	0	0	0	0	0	0	0	0	0	0	0	0	0	0	0	0	0	0	0	0	0	0	0	0	0	0	0	0	0	0	0	0	0	0	0	0	0	0	0	0	0	0	0	0	0	0	0	0	0	0	0	0
49	A	T	ORF	S	NULL	0	0	0	0	0.0719034	0.0001	0.0001	0.0001	0.0001	0.000100003	0.0001	0.0001	0.0001	0.0001	0.41192	0.458922	0.0339016	0.0001	0.0001	0.62793	0.506924	0.0001	0.0001	0.0001	0.0001	0.0001	0.125906	0.0001	0.0001	0.0001	0.0001	0.155908	0.0001	0.999938	0.0679034	0.000100002	0.000100004	0.468923	0.0001	0.034902	0.0001	0.0001	0.0001	0.0001	0.674932	0.148907	0.0001	0.0001	0.000100001	0.0001	0.356917	0.000100001	0.153907	0.0001
50	A	T	ORF	S	NULL	0	0	0	0	0	0	0	0	0	0	0	0	0	0	0	0	0	0	0	0	0	0	0	0	0	0	0	0	0	0	0	0	0	0	0	0	0	0	0	0	0	0	0	0	0	0	0	0	0	0	0	0	0	0
51	A	T	ORF	S	NULL	0	0	0	0	0.0441096	0.239292	0.000100015	0.0001	0.185088	0.0001	0.260912	0.0001	0.000100008	0.0001	0.586927	0.0001	0.240925	0.000100007	0.000100013	0.370917	0.107905	0.97196	0.0001	0.0001	0.0001	0.0001	0.0001	0.185925	0.0001	0.0001	0.0001	0.0001	0.43192	0.0001	0.0549025	0.0001	0.0001	0.0001	0.000100012	0.0001	0.0001	0.000100006	0.0001	0.310931	0.0001	0.000100002	0.000100007	0.0001	0.0001	0.000100009	0.0899041	0.013084	0.0001	0.0001
52	A	T	ORF	S	NULL	0	0	0	0	0	0	0	0	0	0	0	0	0	0	0	0	0	0	0	0	0	0	0	0	0	0	0	0	0	0	0	0	0	0	0	0	0	0	0	0	0	0	0	0	0	0	0	0	0	0	0	0	0	0
53	A	T	ORF	S	NULL	0	0	0	0	0	0	0	0	0	0	0	0	0	0	0	0	0	0	0	0	0	0	0	0	0	0	0	0	0	0	0	0	0	0	0	0	0	0	0	0	0	0	0	0	0	0	0	0	0	0	0	0	0	0
54	A	T	ORF	S	NULL	0	0	0	0	0	0	0	0	0	0	0	0	0	0	0	0	0	0	0	0	0	0	0	0	0	0	0	0	0	0	0	0	0	0	0	0	0	0	0	0	0	0	0	0	0	0	0	0	0	0	0	0	0	0
55	A	T	ORF	S	NULL	0	0	0	0	0.00587903	0.518072	0.169909	0.0001	0.0001	0.0001	0.0001	0.0001	0.601931	0.0001	0.000100001	0.0001	0.0001	0.0001	0.0001	0.000100002	0.000100001	0.0269234	0.0001	0.441923	0.0001	0.679936	0.0001	0.277932	0.0001	0.0001	0.57393	0.0001	0.0001	0.0001	0.0001	0.0001	0.0001	0.0001	0.0001	0.0001	0.853945	0.0001	0.0001	0.352937	0.0001	0.109906	0.0001	0.0001	0.0001	0.0329017	0.000100001	0.201094	0.247913	0.0001
56	A	T	ORF	S	NULL	0	0	0	0	0.0001	0.0001	0.0001	0.0001	0.0001	0.0001	0.0999057	0.411924	0.0001	0.213912	0.0001	0.0001	0.0001	0.0001	0.0001	0.0001	0.274916	0.0001	0.0001	0.0001	0.0001	0.000100001	0.0001	0.0569033	0.0859049	0.308918	0.149909	0.0001	0.0001	0.0001	0.600934	0.0001	0.0001	0.0001	0.0001	0.0001	0.0001	0.000100002	0.0679039	0.0001	0.0001	0.0669038	0.0001	0.554932	0.0001	0.412924	0.0001	0.152909	0.035902	0.489928
57	A	T	ORF	S	NULL	0	0	0	0	0	0	0	0	0	0	0	0	0	0	0	0	0	0	0	0	0	0	0	0	0	0	0	0	0	0	0	0	0	0	0	0	0	0	0	0	0	0	0	0	0	0	0	0	0	0	0	0	0	0
58	A	T	ORF	S	NULL	0	0	0	0	0	0	0	0	0	0	0	0	0	0	0	0	0	0	0	0	0	0	0	0	0	0	0	0	0	0	0	0	0	0	0	0	0	0	0	0	0	0	0	0	0	0	0	0	0	0	0	0	0	0
59	A	T	ORF	S	NULL	0	0	0	0	0.119906	0.0001	0.0001	0.999935	0.196909	0.0001	0.63693	0.0001	0.0001	0.0001	0.0001	0.0001	0.0001	0.0001	0.0001	0.0001	0.0001	0.0001	0.0001	0.0499023	0.0001	0.0001	0.380918	0.305914	0.0001	0.42992	0.274913	0.0001	0.0001	0.0001	0.0001	0.0001	0.0001	0.00690032	0.0001	0.0001	0.0001	0.0001	0.0001	0.0001	0.0001	0.0001	0.0001	0.0001	0.0001	0.0001	0.488923	0.0001	0.0001	0.472922
60	A	T	ORF	S	NULL	0	0	0	0	0	0	0	0	0	0	0	0	0	0	0	0	0	0	0	0	0	0	0	0	0	0	0	0	0	0	0	0	0	0	0	0	0	0	0	0	0	0	0	0	0	0	0	0	0	0	0	0	0	0
61	A	T	ORF	S	NULL	0	0	0	0	0	0	0	0	0	0	0	0	0	0	0	0	0	0	0	0	0	0	0	0	0	0	0	0	0	0	0	0	0	0	0	0	0	0	0	0	0	0	0	0	0	0	0	0	0	0	0	0	0	0
62	A	T	ORF	S	NULL	0	0	0	0	0.204198	0.48035	0.829052	0.0002	0.80121	0.0002	0.261012	0.0002	0.350022	0.00800049	0.587027	0.0270019	0.576863	1.00003	0.827052	0.371017	0.108005	0.97206	0.0002	0.0002	0.0002	0.0002	0.00020005	0.186025	0.0002	0.0002	0.0002	0.125008	0.43202	0.000200398	0.0550025	0.0002	0.0002	0.000200184	0.945059	0.000200012	0.0002	0.354022	0.0002	0.311031	0.000200269	0.429027	0.999062	0.0002	0.0002	0.409026	0.0900042	0.013184	0.000200061	0.0002
63	A	T	ORF	S	NULL	0	0	0	0	0	0	0	0	0	0	0	0	0	0	0	0	0	0	0	0	0	0	0	0	0	0	0	0	0	0	0	0	0	0	0	0	0	0	0	0	0	0	0	0	0	0	0	0	0	0	0	0	0	0
64	A	T	ORF	S	NULL	0	0	0	0	0	0	0	0	0	0	0	0	0	0	0	0	0	0	0	0	0	0	0	0	0	0	0	0	0	0	0	0	0	0	0	0	0	0	0	0	0	0	0	0	0	0	0	0	0	0	0	0	0	0
65	A	T	ORF	S	NULL	0	0	0	0	0	0	0	0	0	0	0	0	0	0	0	0	0	0	0	0	0	0	0	0	0	0	0	0	0	0	0	0	0	0	0	0	0	0	0	0	0	0	0	0	0	0	0	0	0	0	0	0	0	0
66	A	T	ORF	S	NULL	0	0	0	0	0	0	0	0	0	0	0	0	0	0	0	0	0	0	0	0	0	0	0	0	0	0	0	0	0	0	0	0	0	0	0	0	0	0	0	0	0	0	0	0	0	0	0	0	0	0	0	0	0	0
67	A	T	ORF	S	NULL	0	0	0	0	0	0	0	0	0	0	0	0	0	0	0	0	0	0	0	0	0	0	0	0	0	0	0	0	0	0	0	0	0	0	0	0	0	0	0	0	0	0	0	0	0	0	0	0	0	0	0	0	0	0
68	A	T	ORF	S	NULL	0	0	0	0	0	0	0	0	0	0	0	0	0	0	0	0	0	0	0	0	0	0	0	0	0	0	0	0	0	0	0	0	0	0	0	0	0	0	0	0	0	0	0	0	0	0	0	0	0	0	0	0	0	0
69	A	T	ORF	S	NULL	0	0	0	0	0	0	0	0	0	0	0	0	0	0	0	0	0	0	0	0	0	0	0	0	0	0	0	0	0	0	0	0	0	0	0	0	0	0	0	0	0	0	0	0	0	0	0	0	0	0	0	0	0	0
70	A	T	ORF	S	NULL	0	0	0	0	0.0001	0.0001	0.0001	0.0001	0.0001	0.0001	0.0001	0.0001	0.0001	0.775939	0.0001	0.426921	0.100905	0.0001	0.171909	0.0001	0.0001	0.0001	0.0001	0.0001	0.0001	0.0001	0.490924	0.0909045	0.0001	0.0329016	0.0001	0.0001	0.0001	0.0001	0.0001	0.516926	0.0001	0.0001	0.0001	0.0001	0.0001	0.0569028	0.0001	0.0001	0.323916	0.0001	0.0001	0.0001	0.0001	0.0001	0.0269013	0.473924	0.114906	0.0359018
71	A	T	ORF	S	NULL	0	0	0	0	0	0	0	0	0	0	0	0	0	0	0	0	0	0	0	0	0	0	0	0	0	0	0	0	0	0	0	0	0	0	0	0	0	0	0	0	0	0	0	0	0	0	0	0	0	0	0	0	0	0
72	A	T	ORF	S	NULL	0	0	0	0	0.0499886	0.757364	0.170009	0.0002	0.185188	0.0002	0.261012	0.0002	0.602031	0.0002	0.587027	0.0002	0.241025	0.000200007	0.000200013	0.371017	0.108005	0.998883	0.0002	0.442023	0.0002	0.680036	0.0002	0.463857	0.0002	0.0002	0.57403	0.0002	0.43202	0.0002	0.0550025	0.0002	0.0002	0.0002	0.000200012	0.0002	0.854045	0.000200006	0.0002	0.663867	0.0002	0.110006	0.000200007	0.0002	0.0002	0.0330017	0.0900041	0.214178	0.248013	0.0002
73	A	T	ORF	S	NULL	0	0	0	0	0	0	0	0	0	0	0	0	0	0	0	0	0	0	0	0	0	0	0	0	0	0	0	0	0	0	0	0	0	0	0	0	0	0	0	0	0	0	0	0	0	0	0	0	0	0	0	0	0	0
74	A	T	ORF	S	NULL	0	0	0	0	0	0	0	0	0	0	0	0	0	0	0	0	0	0	0	0	0	0	0	0	0	0	0	0	0	0	0	0	0	0	0	0	0	0	0	0	0	0	0	0	0	0	0	0	0	0	0	0	0	0
75	A	T	ORF	S	NULL	0	0	0	0	0	0	0	0	0	0	0	0	0	0	0	0	0	0	0	0	0	0	0	0	0	0	0	0	0	0	0	0	0	0	0	0	0	0	0	0	0	0	0	0	0	0	0	0	0	0	0	0	0	0
76	A	T	ORF	S	NULL	0	0	0	0	0	0	0	0	0	0	0	0	0	0	0	0	0	0	0	0	0	0	0	0	0	0	0	0	0	0	0	0	0	0	0	0	0	0	0	0	0	0	0	0	0	0	0	0	0	0	0	0	0	0
77	A	T	ORF	S	NULL	0	0	0	0	0.0719034	0.0001	0.0001	0.0001	0.0001	0.000100003	0.0001	0.0001	0.0001	0.0001	0.41192	0.458922	0.0339016	0.0001	0.0001	0.62793	0.506924	0.0001	0.0001	0.0001	0.0001	0.0001	0.125906	0.0001	0.0001	0.0001	0.0001	0.155908	0.0001	0.999938	0.0679034	0.000100002	0.000100004	0.468923	0.0001	0.034902	0.0001	0.0001	0.0001	0.0001	0.674932	0.148907	0.0001	0.0001	0.000100001	0.0001	0.356917	0.000100001	0.153907	0.0001
78	A	T	ORF	S	NULL	0	0	0	0	0	0	0	0	0	0	0	0	0	0	0	0	0	0	0	0	0	0	0	0	0	0	0	0	0	0	0	0	0	0	0	0	0	0	0	0	0	0	0	0	0	0	0	0	0	0	0	0	0	0
79	A	T	ORF	S	NULL	0	0	0	0	0.160089	0.241059	0.828952	0.0001	0.616123	0.0001	0.000100001	0.0001	0.349922	0.00790049	0.000100177	0.0269019	0.335938	0.999925	0.826952	0.000100268	0.000100212	0.000100003	0.0001	0.0001	0.0001	0.0001	0.00010005	0.000100001	0.0001	0.0001	0.0001	0.124908	0.000100003	0.000100398	0.000100027	0.0001	0.0001	0.000100184	0.944959	0.000100012	0.0001	0.353922	0.0001	0.000100001	0.000100269	0.428927	0.998962	0.0001	0.0001	0.408926	0.00010015	0.0001	0.000100061	0.0001
80	A	T	ORF	S	NULL	0	0	0	0	0.0001	0.0001	0.0001	0.0001	0.0001	0.000100002	0.0001	0.0819045	0.0459025	0.0001	0.0001	0.0001	0.0001	0.0001	0.0001	0.0001	0.107906	0.0001	0.0001	0.0001	0.0001	0.311917	0.0001	0.0001	0.349919	0.0001	0.0001	0.0001	0.000100001	0.0001	0.0279015	0.000100001	0.000100003	0.0001	0.0001	0.0001	0.0499027	0.587932	0.102906	0.0001	0.0001	0.0001	0.0001	0.443924	0.0001	0.142908	0.0001	0.0001	0.0001	0.0001
81	A	T	ORF	S	NULL	0	0	0	0	0	0	0	0	0	0	0	0	0	0	0	0	0	0	0	0	0	0	0	0	0	0	0	0	0	0	0	0	0	0	0	0	0	0	0	0	0	0	0	0	0	0	0	0	0	0	0	0	0	0
82	A	T	ORF	S	NULL	0	0	0	0	0.160089	0.241059	0.828952	0.0001	0.616123	0.0001	0.000100001	0.0001	0.349922	0.00790049	0.000100177	0.0269019	0.335938	0.999925	0.826952	0.000100268	0.000100212	0.000100003	0.0001	0.0001	0.0001	0.0001	0.00010005	0.000100001	0.0001	0.0001	0.0001	0.124908	0.000100003	0.000100398	0.000100027	0.0001	0.0001	0.000100184	0.944959	0.000100012	0.0001	0.353922	0.0001	0.000100001	0.000100269	0.428927	0.998962	0.0001	0.0001	0.408926	0.00010015	0.0001	0.000100061	0.0001
83	A	T	ORF	S	NULL	0	0	0	0	0.0001	0.0001	0.0001	0.0001	0.0001	0.0001	0.0001	0.0001	0.0001	0.775939	0.0001	0.426921	0.100905	0.0001	0.171909	0.0001	0.0001	0.0001	0.0001	0.0001	0.0001	0.0001	0.490924	0.0909045	0.0001	0.0329016	0.0001	0.0001	0.0001	0.0001	0.0001	0.516926	0.0001	0.0001	0.0001	0.0001	0.0001	0.0569028	0.0001	0.0001	0.323916	0.0001	0.0001	0.0001	0.0001	0.0001	0.0269013	0.473924	0.114906	0.0359018
84	A	T	ORF	S	NULL	0	0	0	0	0.119906	0.0001	0.0001	0.999935	0.196909	0.0001	0.63693	0.0001	0.0001	0.0001	0.0001	0.0001	0.0001	0.0001	0.0001	0.0001	0.0001	0.0001	0.0001	0.0499023	0.0001	0.0001	0.380918	0.305914	0.0001	0.42992	0.274913	0.0001	0.0001	0.0001	0.0001	0.0001	0.0001	0.00690032	0.0001	0.0001	0.0001	0.0001	0.0001	0.0001	0.0001	0.0001	0.0001	0.0001	0.0001	0.0001	0.488923	0.0001	0.0001	0.472922
85	A	T	ORF	S	NULL	0	0	0	0	0.119906	0.0001	0.0001	0.999935	0.196909	0.0001	0.63693	0.0001	0.0001	0.0001	0.0001	0.0001	0.0001	0.0001	0.0001	0.0001	0.0001	0.0001	0.0001	0.0499023	0.0001	0.0001	0.380918	0.305914	0.0001	0.42992	0.274913	0.0001	0.0001	0.0001	0.0001	0.0001	0.0001	0.00690032	0.0001	0.0001	0.0001	0.0001	0.0001	0.0001	0.0001	0.0001	0.0001	0.0001	0.0001	0.0001	0.488923	0.0001	0.0001	0.472922
86	A	T	ORF	S	NULL	0	0	0	0	0.0001	0.0001	0.0001	0.0001	0.0001	0.0001	0.0999057	0.411924	0.0001	0.213912	0.0001	0.0001	0.0001	0.0001	0.0001	0.0001	0.274916	0.0001	0.0001	0.0001	0.0001	0.000100001	0.0001	0.0569033	0.0859049	0.308918	0.149909	0.0001	0.0001	0.0001	0.600934	0.0001	0.0001	0.0001	0.0001	0.0001	0.0001	0.000100002	0.0679039	0.0001	0.0001	0.0669038	0.0001	0.554932	0.0001	0.412924	0.0001	0.152909	0.035902	0.489928
87	A	T	ORF	S	NULL	0	0	0	0	0.0001	0.0001	0.0001	0.0001	0.0001	0.000100002	0.0001	0.0819045	0.0459025	0.0001	0.0001	0.0001	0.0001	0.0001	0.0001	0.0001	0.107906	0.0001	0.0001	0.0001	0.0001	0.311917	0.0001	0.0001	0.349919	0.0001	0.0001	0.0001	0.000100001	0.0001	0.0279015	0.000100001	0.000100003	0.0001	0.0001	0.0001	0.0499027	0.587932	0.102906	0.0001	0.0001	0.0001	0.0001	0.443924	0.0001	0.142908	0.0001	0.0001	0.0001	0.0001
88	A	T	ORF	S	NULL	0	0	0	0	0	0	0	0	0	0	0	0	0	0	0	0	0	0	0	0	0	0	0	0	0	0	0	0	0	0	0	0	0	0	0	0	0	0	0	0	0	0	0	0	0	0	0	0	0	0	0	0	0	0
89	A	T	ORF	S	NULL	0	0	0	0	0	0	0	0	0	0	0	0	0	0	0	0	0	0	0	0	0	0	0	0	0	0	0	0	0	0	0	0	0	0	0	0	0	0	0	0	0	0	0	0	0	0	0	0	0	0	0	0	0	0
90	A	T	ORF	S	NULL	0	0	0	0	0	0	0	0	0	0	0	0	0	0	0	0	0	0	0	0	0	0	0	0	0	0	0	0	0	0	0	0	0	0	0	0	0	0	0	0	0	0	0	0	0	0	0	0	0	0	0	0	0	0
91	A	T	ORF	S	NULL	0	0	0	0	0.0719034	0.0001	0.0001	0.0001	0.0001	0.000100003	0.0001	0.0001	0.0001	0.0001	0.41192	0.458922	0.0339016	0.0001	0.0001	0.62793	0.506924	0.0001	0.0001	0.0001	0.0001	0.0001	0.125906	0.0001	0.0001	0.0001	0.0001	0.155908	0.0001	0.999938	0.0679034	0.000100002	0.000100004	0.468923	0.0001	0.034902	0.0001	0.0001	0.0001	0.0001	0.674932	0.148907	0.0001	0.0001	0.000100001	0.0001	0.356917	0.000100001	0.153907	0.0001
92	A	T	ORF	S	NULL	0	0	0	0	0	0	0	0	0	0	0	0	0	0	0	0	0	0	0	0	0	0	0	0	0	0	0	0	0	0	0	0	0	0	0	0	0	0	0	0	0	0	0	0	0	0	0	0	0	0	0	0	0	0
93	A	T	ORF	S	NULL	0	0	0	0	0.0719034	0.0001	0.0001	0.0001	0.0001	0.000100003	0.0001	0.0001	0.0001	0.0001	0.41192	0.458922	0.0339016	0.0001	0.0001	0.62793	0.506924	0.0001	0.0001	0.0001	0.0001	0.0001	0.125906	0.0001	0.0001	0.0001	0.0001	0.155908	0.0001	0.999938	0.0679034	0.000100002	0.000100004	0.468923	0.0001	0.034902	0.0001	0.0001	0.0001	0.0001	0.674932	0.148907	0.0001	0.0001	0.000100001	0.0001	0.356917	0.000100001	0.153907	0.0001
94	A	T	ORF	S	NULL	0	0	0	0	0.00587903	0.518072	0.169909	0.0001	0.0001	0.0001	0.0001	0.0001	0.601931	0.0001	0.000100001	0.0001	0.0001	0.0001	0.0001	0.000100002	0.000100001	0.0269234	0.0001	0.441923	0.0001	0.679936	0.0001	0.277932	0.0001	0.0001	0.57393	0.0001	0.0001	0.0001	0.0001	0.0001	0.0001	0.0001	0.0001	0.0001	0.853945	0.0001	0.0001	0.352937	0.0001	0.109906	0.0001	0.0001	0.0001	0.0329017	0.000100001	0.201094	0.247913	0.0001
95	A	T	ORF	S	NULL	0	0	0	0	0.0719034	0.0001	0.0001	0.0001	0.0001	0.000100003	0.0001	0.0001	0.0001	0.0001	0.41192	0.458922	0.0339016	0.0001	0.0001	0.62793	0.506924	0.0001	0.0001	0.0001	0.0001	0.0001	0.125906	0.0001	0.0001	0.0001	0.0001	0.155908	0.0001	0.999938	0.0679034	0.000100002	0.000100004	0.468923	0.0001	0.034902	0.0001	0.0001	0.0001	0.0001	0.674932	0.148907	0.0001	0.0001	0.000100001	0.0001	0.356917	0.000100001	0.153907	0.0001
96	A	T	ORF	S	NULL	0	0	0	0	0	0	0	0	0	0	0	0	0	0	0	0	0	0	0	0	0	0	0	0	0	0	0	0	0	0	0	0	0	0	0	0	0	0	0	0	0	0	0	0	0	0	0	0	0	0	0	0	0	0
97	A	T	ORF	S	NULL	0	0	0	0	0.0719034	0.0001	0.0001	0.0001	0.0001	0.000100003	0.0001	0.0001	0.0001	0.0001	0.41192	0.458922	0.0339016	0.0001	0.0001	0.62793	0.506924	0.0001	0.0001	0.0001	0.0001	0.0001	0.125906	0.0001	0.0001	0.0001	0.0001	0.155908	0.0001	0.999938	0.0679034	0.000100002	0.000100004	0.468923	0.0001	0.034902	0.0001	0.0001	0.0001	0.0001	0.674932	0.148907	0.0001	0.0001	0.000100001	0.0001	0.356917	0.000100001	0.153907	0.0001
98	A	T	ORF	S	NULL	0	0	0	0	0.0001	0.0001	0.0001	0.0001	0.0001	0.0001	0.0999057	0.411924	0.0001	0.213912	0.0001	0.0001	0.0001	0.0001	0.0001	0.0001	0.274916	0.0001	0.0001	0.0001	0.0001	0.000100001	0.0001	0.0569033	0.0859049	0.308918	0.149909	0.0001	0.0001	0.0001	0.600934	0.0001	0.0001	0.0001	0.0001	0.0001	0.0001	0.000100002	0.0679039	0.0001	0.0001	0.0669038	0.0001	0.554932	0.0001	0.412924	0.0001	0.152909	0.035902	0.489928
99	A	T	ORF	S	NULL	0	0	0	0	0.0001	0.0001	0.0001	0.0001	0.0001	0.0001	0.0999057	0.411924	0.0001	0.213912	0.0001	0.0001	0.0001	0.0001	0.0001	0.0001	0.274916	0.0001	0.0001	0.0001	0.0001	0.000100001	0.0001	0.0569033	0.0859049	0.308918	0.149909	0.0001	0.0001	0.0001	0.600934	0.0001	0.0001	0.0001	0.0001	0.0001	0.0001	0.000100002	0.0679039	0.0001	0.0001	0.0669038	0.0001	0.554932	0.0001	0.412924	0.0001	0.152909	0.035902	0.489928
100	A	T	ORF	S	NULL	0	0	0	0	0	0	0	0	0	0	0	0	0	0	0	0	0	0	0	0	0	0	0	0	0	0	0	0	0	0	0	0	0	0	0	0	0	0	0	0	0	0	0	0	0	0	0	0	0	0	0	0	0	0
