pos	ref	alt	gene	N/S	AA	nSRAsubclonal	nSRAclonal	nSRA	nConsensus	sample0|Earth	sample1|Earth	sample2|Earth	sample3|Earth	sample4|Earth	sample5|Earth	sample6|Earth	sample7|Earth	sample8|Earth	sample9|Earth	sample10|Earth	sample11|Earth	sample12|Earth	sample13|Earth	sample14|Earth	sample15|Earth	sample16|Earth	sample17|Earth	sample18|Earth	sample19|Earth	sample20|Earth	sample21|Earth	sample22|Earth	sample23|Earth	sample24|Earth	sample25|Earth	sample26|Earth	sample27|Earth	sample28|Earth	sample29|Earth	sample30|Earth	sample31|Earth	sample32|Earth	sample33|Earth	sample34|Earth	sample35|Earth	sample36|Earth	sample37|Earth	sample38|Earth	sample39|Earth	sample40|Earth	sample41|Earth	sample42|Earth	sample43|Earth	sample44|Earth	sample45|Earth	sample46|Earth	sample47|Earth	sample48|Earth	sample49|Earth
1	A	T	ORF	S	NULL	0	0	0	0	0	0	0	0	0	0	0	0	0	0	0	0	0	0	0	0	0	0	0	0	0	0	0	0	0	0	0	0	0	0	0	0	0	0	0	0	0	0	0	0	0	0	0	0	0	0	0	0	0	0
2	A	T	ORF	S	NULL	0	0	0	0	0	0	0	0	0	0	0	0	0	0	0	0	0	0	0	0	0	0	0	0	0	0	0	0	0	0	0	0	0	0	0	0	0	0	0	0	0	0	0	0	0	0	0	0	0	0	0	0	0	0
3	A	T	ORF	S	NULL	0	0	0	0	0	0	0	0	0	0	0	0	0	0	0	0	0	0	0	0	0	0	0	0	0	0	0	0	0	0	0	0	0	0	0	0	0	0	0	0	0	0	0	0	0	0	0	0	0	0	0	0	0	0
4	A	T	ORF	S	NULL	0	0	0	0	0	0	0	0	0	0	0	0	0	0	0	0	0	0	0	0	0	0	0	0	0	0	0	0	0	0	0	0	0	0	0	0	0	0	0	0	0	0	0	0	0	0	0	0	0	0	0	0	0	0
5	A	T	ORF	S	NULL	0	0	0	0	0.190908	0.00190008	0.845936	0.0809034	0.0001	0.248911	0.118905	0.0001	0.489921	0.0001	0.0001	0.0001	0.445918	0.484921	0.0001	0.0819034	0.130906	0.0889038	0.103904	0.402917	0.0699029	0.000100001	0.493921	0.647928	0.0189008	0.536923	0.525923	0.566924	0.000100002	0.998942	0.349915	0.000100002	0.045902	0.0001	0.252911	0.0269011	0.0559024	0.000100003	0.0001	0.276912	0.0001	0.0001	0.23691	0.0001	0.192908	0.46292	0.352915	0.0001	0.0299013	0.99992
6	A	T	ORF	S	NULL	0	0	0	0	0.000100012	0.840938	0.152907	0.453919	0.0001	0.000100017	0.000100009	0.781935	0.000100046	0.362916	0.998945	0.0001	0.326915	0.000100037	0.104905	0.101905	0.000100009	0.185909	0.139906	0.382917	0.612928	0.0001	0.00010004	0.0999046	0.0299014	0.378917	0.22991	0.0869037	0.0001	0.000100071	0.571924	0.0001	0.000100002	0.99992	0.0369016	0.0469024	0.0459021	0.0001	0.559925	0.00790037	0.461921	0.0001	0.000100016	0.110905	0.485922	0.00790039	0.000100025	0.683931	0.000100002	0.000100082
7	A	T	ORF	S	NULL	0	0	0	0	0	0	0	0	0	0	0	0	0	0	0	0	0	0	0	0	0	0	0	0	0	0	0	0	0	0	0	0	0	0	0	0	0	0	0	0	0	0	0	0	0	0	0	0	0	0	0	0	0	0
8	A	T	ORF	S	NULL	0	0	0	0	0.000100012	0.840938	0.152907	0.453919	0.0001	0.000100017	0.000100009	0.781935	0.000100046	0.362916	0.998945	0.0001	0.326915	0.000100037	0.104905	0.101905	0.000100009	0.185909	0.139906	0.382917	0.612928	0.0001	0.00010004	0.0999046	0.0299014	0.378917	0.22991	0.0869037	0.0001	0.000100071	0.571924	0.0001	0.000100002	0.99992	0.0369016	0.0469024	0.0459021	0.0001	0.559925	0.00790037	0.461921	0.0001	0.000100016	0.110905	0.485922	0.00790039	0.000100025	0.683931	0.000100002	0.000100082
9	A	T	ORF	S	NULL	0	0	0	0	0	0	0	0	0	0	0	0	0	0	0	0	0	0	0	0	0	0	0	0	0	0	0	0	0	0	0	0	0	0	0	0	0	0	0	0	0	0	0	0	0	0	0	0	0	0	0	0	0	0
10	A	T	ORF	S	NULL	0	0	0	0	0	0	0	0	0	0	0	0	0	0	0	0	0	0	0	0	0	0	0	0	0	0	0	0	0	0	0	0	0	0	0	0	0	0	0	0	0	0	0	0	0	0	0	0	0	0	0	0	0	0
11	A	T	ORF	S	NULL	0	0	0	0	0	0	0	0	0	0	0	0	0	0	0	0	0	0	0	0	0	0	0	0	0	0	0	0	0	0	0	0	0	0	0	0	0	0	0	0	0	0	0	0	0	0	0	0	0	0	0	0	0	0
12	A	T	ORF	S	NULL	0	0	0	0	0	0	0	0	0	0	0	0	0	0	0	0	0	0	0	0	0	0	0	0	0	0	0	0	0	0	0	0	0	0	0	0	0	0	0	0	0	0	0	0	0	0	0	0	0	0	0	0	0	0
13	A	T	ORF	S	NULL	0	0	0	0	0	0	0	0	0	0	0	0	0	0	0	0	0	0	0	0	0	0	0	0	0	0	0	0	0	0	0	0	0	0	0	0	0	0	0	0	0	0	0	0	0	0	0	0	0	0	0	0	0	0
14	A	T	ORF	S	NULL	0	0	0	0	0	0	0	0	0	0	0	0	0	0	0	0	0	0	0	0	0	0	0	0	0	0	0	0	0	0	0	0	0	0	0	0	0	0	0	0	0	0	0	0	0	0	0	0	0	0	0	0	0	0
15	A	T	ORF	S	NULL	0	0	0	0	0	0	0	0	0	0	0	0	0	0	0	0	0	0	0	0	0	0	0	0	0	0	0	0	0	0	0	0	0	0	0	0	0	0	0	0	0	0	0	0	0	0	0	0	0	0	0	0	0	0
16	A	T	ORF	S	NULL	0	0	0	0	0	0	0	0	0	0	0	0	0	0	0	0	0	0	0	0	0	0	0	0	0	0	0	0	0	0	0	0	0	0	0	0	0	0	0	0	0	0	0	0	0	0	0	0	0	0	0	0	0	0
17	A	T	ORF	S	NULL	0	0	0	0	0	0	0	0	0	0	0	0	0	0	0	0	0	0	0	0	0	0	0	0	0	0	0	0	0	0	0	0	0	0	0	0	0	0	0	0	0	0	0	0	0	0	0	0	0	0	0	0	0	0
18	A	T	ORF	S	NULL	0	0	0	0	0	0	0	0	0	0	0	0	0	0	0	0	0	0	0	0	0	0	0	0	0	0	0	0	0	0	0	0	0	0	0	0	0	0	0	0	0	0	0	0	0	0	0	0	0	0	0	0	0	0
19	A	T	ORF	S	NULL	0	0	0	0	0	0	0	0	0	0	0	0	0	0	0	0	0	0	0	0	0	0	0	0	0	0	0	0	0	0	0	0	0	0	0	0	0	0	0	0	0	0	0	0	0	0	0	0	0	0	0	0	0	0
20	A	T	ORF	S	NULL	0	0	0	0	0	0	0	0	0	0	0	0	0	0	0	0	0	0	0	0	0	0	0	0	0	0	0	0	0	0	0	0	0	0	0	0	0	0	0	0	0	0	0	0	0	0	0	0	0	0	0	0	0	0
21	A	T	ORF	S	NULL	0	0	0	0	0	0	0	0	0	0	0	0	0	0	0	0	0	0	0	0	0	0	0	0	0	0	0	0	0	0	0	0	0	0	0	0	0	0	0	0	0	0	0	0	0	0	0	0	0	0	0	0	0	0
22	A	T	ORF	S	NULL	0	0	0	0	0	0	0	0	0	0	0	0	0	0	0	0	0	0	0	0	0	0	0	0	0	0	0	0	0	0	0	0	0	0	0	0	0	0	0	0	0	0	0	0	0	0	0	0	0	0	0	0	0	0
23	A	T	ORF	S	NULL	0	0	0	0	0	0	0	0	0	0	0	0	0	0	0	0	0	0	0	0	0	0	0	0	0	0	0	0	0	0	0	0	0	0	0	0	0	0	0	0	0	0	0	0	0	0	0	0	0	0	0	0	0	0
24	A	T	ORF	S	NULL	0	0	0	0	0	0	0	0	0	0	0	0	0	0	0	0	0	0	0	0	0	0	0	0	0	0	0	0	0	0	0	0	0	0	0	0	0	0	0	0	0	0	0	0	0	0	0	0	0	0	0	0	0	0
25	A	T	ORF	S	NULL	0	0	0	0	0.0001	0.154909	0.0001	0.0001	0.307919	0.151909	0.415925	0.0001	0.000900061	0.487929	0.0001	0.126906	0.140908	0.0001	0.893954	0.0739044	0.184911	0.0299018	0.0001	0.0949057	0.122907	0.0779039	0.0001	0.249915	0.65794	0.0001	0.0869052	0.0001	0.0001	0.0001	0.0759045	0.0001	0.148909	0.0001	0.291918	0.866952	0.205912	0.0001	0.0001	0.237914	0.0001	0.198912	0.0001	0.0001	0.0001	0.526932	0.0001	0.0779053	0.140908	0.0001
26	A	T	ORF	S	NULL	0	0	0	0	0.0001	0.0001	0.0001	0.0001	0.690928	0.287912	0.463919	0.216909	0.0001	0.0001	0.0001	0.823934	0.0789032	0.0001	0.0001	0.199908	0.0449018	0.0199008	0.344914	0.104904	0.160907	0.525922	0.504922	0.0001	0.0001	0.0001	0.0499021	0.0001	0.659929	0.0001	0.0001	0.0299012	0.222909	0.0001	0.415917	0.0579024	0.659927	0.551923	0.0001	0.0299012	0.0001	0.799933	0.343914	0.0001	0.0001	0.0001	0.573924	0.0001	0.696929	0.0001
27	A	T	ORF	S	NULL	0	0	0	0	0	0	0	0	0	0	0	0	0	0	0	0	0	0	0	0	0	0	0	0	0	0	0	0	0	0	0	0	0	0	0	0	0	0	0	0	0	0	0	0	0	0	0	0	0	0	0	0	0	0
28	A	T	ORF	S	NULL	0	0	0	0	0	0	0	0	0	0	0	0	0	0	0	0	0	0	0	0	0	0	0	0	0	0	0	0	0	0	0	0	0	0	0	0	0	0	0	0	0	0	0	0	0	0	0	0	0	0	0	0	0	0
29	A	T	ORF	S	NULL	0	0	0	0	0	0	0	0	0	0	0	0	0	0	0	0	0	0	0	0	0	0	0	0	0	0	0	0	0	0	0	0	0	0	0	0	0	0	0	0	0	0	0	0	0	0	0	0	0	0	0	0	0	0
30	A	T	ORF	S	NULL	0	0	0	0	0	0	0	0	0	0	0	0	0	0	0	0	0	0	0	0	0	0	0	0	0	0	0	0	0	0	0	0	0	0	0	0	0	0	0	0	0	0	0	0	0	0	0	0	0	0	0	0	0	0
31	A	T	ORF	S	NULL	0	0	0	0	0	0	0	0	0	0	0	0	0	0	0	0	0	0	0	0	0	0	0	0	0	0	0	0	0	0	0	0	0	0	0	0	0	0	0	0	0	0	0	0	0	0	0	0	0	0	0	0	0	0
32	A	T	ORF	S	NULL	0	0	0	0	0	0	0	0	0	0	0	0	0	0	0	0	0	0	0	0	0	0	0	0	0	0	0	0	0	0	0	0	0	0	0	0	0	0	0	0	0	0	0	0	0	0	0	0	0	0	0	0	0	0
33	A	T	ORF	S	NULL	0	0	0	0	0	0	0	0	0	0	0	0	0	0	0	0	0	0	0	0	0	0	0	0	0	0	0	0	0	0	0	0	0	0	0	0	0	0	0	0	0	0	0	0	0	0	0	0	0	0	0	0	0	0
34	A	T	ORF	S	NULL	0	0	0	0	0	0	0	0	0	0	0	0	0	0	0	0	0	0	0	0	0	0	0	0	0	0	0	0	0	0	0	0	0	0	0	0	0	0	0	0	0	0	0	0	0	0	0	0	0	0	0	0	0	0
35	A	T	ORF	S	NULL	0	0	0	0	0.0001	0.0001	0.0001	0.0001	0.690928	0.287912	0.463919	0.216909	0.0001	0.0001	0.0001	0.823934	0.0789032	0.0001	0.0001	0.199908	0.0449018	0.0199008	0.344914	0.104904	0.160907	0.525922	0.504922	0.0001	0.0001	0.0001	0.0499021	0.0001	0.659929	0.0001	0.0001	0.0299012	0.222909	0.0001	0.415917	0.0579024	0.659927	0.551923	0.0001	0.0299012	0.0001	0.799933	0.343914	0.0001	0.0001	0.0001	0.573924	0.0001	0.696929	0.0001
36	A	T	ORF	S	NULL	0	0	0	0	0	0	0	0	0	0	0	0	0	0	0	0	0	0	0	0	0	0	0	0	0	0	0	0	0	0	0	0	0	0	0	0	0	0	0	0	0	0	0	0	0	0	0	0	0	0	0	0	0	0
37	A	T	ORF	S	NULL	0	0	0	0	0	0	0	0	0	0	0	0	0	0	0	0	0	0	0	0	0	0	0	0	0	0	0	0	0	0	0	0	0	0	0	0	0	0	0	0	0	0	0	0	0	0	0	0	0	0	0	0	0	0
38	A	T	ORF	S	NULL	0	0	0	0	0	0	0	0	0	0	0	0	0	0	0	0	0	0	0	0	0	0	0	0	0	0	0	0	0	0	0	0	0	0	0	0	0	0	0	0	0	0	0	0	0	0	0	0	0	0	0	0	0	0
39	A	T	ORF	S	NULL	0	0	0	0	0	0	0	0	0	0	0	0	0	0	0	0	0	0	0	0	0	0	0	0	0	0	0	0	0	0	0	0	0	0	0	0	0	0	0	0	0	0	0	0	0	0	0	0	0	0	0	0	0	0
40	A	T	ORF	S	NULL	0	0	0	0	0.0001	0.0001	0.0001	0.0001	0.690928	0.287912	0.463919	0.216909	0.0001	0.0001	0.0001	0.823934	0.0789032	0.0001	0.0001	0.199908	0.0449018	0.0199008	0.344914	0.104904	0.160907	0.525922	0.504922	0.0001	0.0001	0.0001	0.0499021	0.0001	0.659929	0.0001	0.0001	0.0299012	0.222909	0.0001	0.415917	0.0579024	0.659927	0.551923	0.0001	0.0299012	0.0001	0.799933	0.343914	0.0001	0.0001	0.0001	0.573924	0.0001	0.696929	0.0001
41	A	T	ORF	S	NULL	0	0	0	0	0	0	0	0	0	0	0	0	0	0	0	0	0	0	0	0	0	0	0	0	0	0	0	0	0	0	0	0	0	0	0	0	0	0	0	0	0	0	0	0	0	0	0	0	0	0	0	0	0	0
42	A	T	ORF	S	NULL	0	0	0	0	0	0	0	0	0	0	0	0	0	0	0	0	0	0	0	0	0	0	0	0	0	0	0	0	0	0	0	0	0	0	0	0	0	0	0	0	0	0	0	0	0	0	0	0	0	0	0	0	0	0
43	A	T	ORF	S	NULL	0	0	0	0	0	0	0	0	0	0	0	0	0	0	0	0	0	0	0	0	0	0	0	0	0	0	0	0	0	0	0	0	0	0	0	0	0	0	0	0	0	0	0	0	0	0	0	0	0	0	0	0	0	0
44	A	T	ORF	S	NULL	0	0	0	0	0	0	0	0	0	0	0	0	0	0	0	0	0	0	0	0	0	0	0	0	0	0	0	0	0	0	0	0	0	0	0	0	0	0	0	0	0	0	0	0	0	0	0	0	0	0	0	0	0	0
45	A	T	ORF	S	NULL	0	0	0	0	0	0	0	0	0	0	0	0	0	0	0	0	0	0	0	0	0	0	0	0	0	0	0	0	0	0	0	0	0	0	0	0	0	0	0	0	0	0	0	0	0	0	0	0	0	0	0	0	0	0
46	A	T	ORF	S	NULL	0	0	0	0	0	0	0	0	0	0	0	0	0	0	0	0	0	0	0	0	0	0	0	0	0	0	0	0	0	0	0	0	0	0	0	0	0	0	0	0	0	0	0	0	0	0	0	0	0	0	0	0	0	0
47	A	T	ORF	S	NULL	0	0	0	0	0	0	0	0	0	0	0	0	0	0	0	0	0	0	0	0	0	0	0	0	0	0	0	0	0	0	0	0	0	0	0	0	0	0	0	0	0	0	0	0	0	0	0	0	0	0	0	0	0	0
48	A	T	ORF	S	NULL	0	0	0	0	0	0	0	0	0	0	0	0	0	0	0	0	0	0	0	0	0	0	0	0	0	0	0	0	0	0	0	0	0	0	0	0	0	0	0	0	0	0	0	0	0	0	0	0	0	0	0	0	0	0
49	A	T	ORF	S	NULL	0	0	0	0	0.0001	0.0001	0.0001	0.0001	0.690928	0.287912	0.463919	0.216909	0.0001	0.0001	0.0001	0.823934	0.0789032	0.0001	0.0001	0.199908	0.0449018	0.0199008	0.344914	0.104904	0.160907	0.525922	0.504922	0.0001	0.0001	0.0001	0.0499021	0.0001	0.659929	0.0001	0.0001	0.0299012	0.222909	0.0001	0.415917	0.0579024	0.659927	0.551923	0.0001	0.0299012	0.0001	0.799933	0.343914	0.0001	0.0001	0.0001	0.573924	0.0001	0.696929	0.0001
50	A	T	ORF	S	NULL	0	0	0	0	0	0	0	0	0	0	0	0	0	0	0	0	0	0	0	0	0	0	0	0	0	0	0	0	0	0	0	0	0	0	0	0	0	0	0	0	0	0	0	0	0	0	0	0	0	0	0	0	0	0
51	A	T	ORF	S	NULL	0	0	0	0	0.000100012	0.840938	0.152907	0.453919	0.0001	0.000100017	0.000100009	0.781935	0.000100046	0.362916	0.998945	0.0001	0.326915	0.000100037	0.104905	0.101905	0.000100009	0.185909	0.139906	0.382917	0.612928	0.0001	0.00010004	0.0999046	0.0299014	0.378917	0.22991	0.0869037	0.0001	0.000100071	0.571924	0.0001	0.000100002	0.99992	0.0369016	0.0469024	0.0459021	0.0001	0.559925	0.00790037	0.461921	0.0001	0.000100016	0.110905	0.485922	0.00790039	0.000100025	0.683931	0.000100002	0.000100082
52	A	T	ORF	S	NULL	0	0	0	0	0	0	0	0	0	0	0	0	0	0	0	0	0	0	0	0	0	0	0	0	0	0	0	0	0	0	0	0	0	0	0	0	0	0	0	0	0	0	0	0	0	0	0	0	0	0	0	0	0	0
53	A	T	ORF	S	NULL	0	0	0	0	0	0	0	0	0	0	0	0	0	0	0	0	0	0	0	0	0	0	0	0	0	0	0	0	0	0	0	0	0	0	0	0	0	0	0	0	0	0	0	0	0	0	0	0	0	0	0	0	0	0
54	A	T	ORF	S	NULL	0	0	0	0	0	0	0	0	0	0	0	0	0	0	0	0	0	0	0	0	0	0	0	0	0	0	0	0	0	0	0	0	0	0	0	0	0	0	0	0	0	0	0	0	0	0	0	0	0	0	0	0	0	0
55	A	T	ORF	S	NULL	0	0	0	0	0	0	0	0	0	0	0	0	0	0	0	0	0	0	0	0	0	0	0	0	0	0	0	0	0	0	0	0	0	0	0	0	0	0	0	0	0	0	0	0	0	0	0	0	0	0	0	0	0	0
56	A	T	ORF	S	NULL	0	0	0	0	0	0	0	0	0	0	0	0	0	0	0	0	0	0	0	0	0	0	0	0	0	0	0	0	0	0	0	0	0	0	0	0	0	0	0	0	0	0	0	0	0	0	0	0	0	0	0	0	0	0
57	A	T	ORF	S	NULL	0	0	0	0	0	0	0	0	0	0	0	0	0	0	0	0	0	0	0	0	0	0	0	0	0	0	0	0	0	0	0	0	0	0	0	0	0	0	0	0	0	0	0	0	0	0	0	0	0	0	0	0	0	0
58	A	T	ORF	S	NULL	0	0	0	0	0	0	0	0	0	0	0	0	0	0	0	0	0	0	0	0	0	0	0	0	0	0	0	0	0	0	0	0	0	0	0	0	0	0	0	0	0	0	0	0	0	0	0	0	0	0	0	0	0	0
59	A	T	ORF	S	NULL	0	0	0	0	0.190908	0.00190008	0.845936	0.0809034	0.0001	0.248911	0.118905	0.0001	0.489921	0.0001	0.0001	0.0001	0.445918	0.484921	0.0001	0.0819034	0.130906	0.0889038	0.103904	0.402917	0.0699029	0.000100001	0.493921	0.647928	0.0189008	0.536923	0.525923	0.566924	0.000100002	0.998942	0.349915	0.000100002	0.045902	0.0001	0.252911	0.0269011	0.0559024	0.000100003	0.0001	0.276912	0.0001	0.0001	0.23691	0.0001	0.192908	0.46292	0.352915	0.0001	0.0299013	0.99992
60	A	T	ORF	S	NULL	0	0	0	0	0	0	0	0	0	0	0	0	0	0	0	0	0	0	0	0	0	0	0	0	0	0	0	0	0	0	0	0	0	0	0	0	0	0	0	0	0	0	0	0	0	0	0	0	0	0	0	0	0	0
61	A	T	ORF	S	NULL	0	0	0	0	0	0	0	0	0	0	0	0	0	0	0	0	0	0	0	0	0	0	0	0	0	0	0	0	0	0	0	0	0	0	0	0	0	0	0	0	0	0	0	0	0	0	0	0	0	0	0	0	0	0
62	A	T	ORF	S	NULL	0	0	0	0	0.000100012	0.840938	0.152907	0.453919	0.0001	0.000100017	0.000100009	0.781935	0.000100046	0.362916	0.998945	0.0001	0.326915	0.000100037	0.104905	0.101905	0.000100009	0.185909	0.139906	0.382917	0.612928	0.0001	0.00010004	0.0999046	0.0299014	0.378917	0.22991	0.0869037	0.0001	0.000100071	0.571924	0.0001	0.000100002	0.99992	0.0369016	0.0469024	0.0459021	0.0001	0.559925	0.00790037	0.461921	0.0001	0.000100016	0.110905	0.485922	0.00790039	0.000100025	0.683931	0.000100002	0.000100082
63	A	T	ORF	S	NULL	0	0	0	0	0	0	0	0	0	0	0	0	0	0	0	0	0	0	0	0	0	0	0	0	0	0	0	0	0	0	0	0	0	0	0	0	0	0	0	0	0	0	0	0	0	0	0	0	0	0	0	0	0	0
64	A	T	ORF	S	NULL	0	0	0	0	0	0	0	0	0	0	0	0	0	0	0	0	0	0	0	0	0	0	0	0	0	0	0	0	0	0	0	0	0	0	0	0	0	0	0	0	0	0	0	0	0	0	0	0	0	0	0	0	0	0
65	A	T	ORF	S	NULL	0	0	0	0	0	0	0	0	0	0	0	0	0	0	0	0	0	0	0	0	0	0	0	0	0	0	0	0	0	0	0	0	0	0	0	0	0	0	0	0	0	0	0	0	0	0	0	0	0	0	0	0	0	0
66	A	T	ORF	S	NULL	0	0	0	0	0	0	0	0	0	0	0	0	0	0	0	0	0	0	0	0	0	0	0	0	0	0	0	0	0	0	0	0	0	0	0	0	0	0	0	0	0	0	0	0	0	0	0	0	0	0	0	0	0	0
67	A	T	ORF	S	NULL	0	0	0	0	0	0	0	0	0	0	0	0	0	0	0	0	0	0	0	0	0	0	0	0	0	0	0	0	0	0	0	0	0	0	0	0	0	0	0	0	0	0	0	0	0	0	0	0	0	0	0	0	0	0
68	A	T	ORF	S	NULL	0	0	0	0	0	0	0	0	0	0	0	0	0	0	0	0	0	0	0	0	0	0	0	0	0	0	0	0	0	0	0	0	0	0	0	0	0	0	0	0	0	0	0	0	0	0	0	0	0	0	0	0	0	0
69	A	T	ORF	S	NULL	0	0	0	0	0	0	0	0	0	0	0	0	0	0	0	0	0	0	0	0	0	0	0	0	0	0	0	0	0	0	0	0	0	0	0	0	0	0	0	0	0	0	0	0	0	0	0	0	0	0	0	0	0	0
70	A	T	ORF	S	NULL	0	0	0	0	0	0	0	0	0	0	0	0	0	0	0	0	0	0	0	0	0	0	0	0	0	0	0	0	0	0	0	0	0	0	0	0	0	0	0	0	0	0	0	0	0	0	0	0	0	0	0	0	0	0
71	A	T	ORF	S	NULL	0	0	0	0	0	0	0	0	0	0	0	0	0	0	0	0	0	0	0	0	0	0	0	0	0	0	0	0	0	0	0	0	0	0	0	0	0	0	0	0	0	0	0	0	0	0	0	0	0	0	0	0	0	0
72	A	T	ORF	S	NULL	0	0	0	0	0.000100012	0.840938	0.152907	0.453919	0.0001	0.000100017	0.000100009	0.781935	0.000100046	0.362916	0.998945	0.0001	0.326915	0.000100037	0.104905	0.101905	0.000100009	0.185909	0.139906	0.382917	0.612928	0.0001	0.00010004	0.0999046	0.0299014	0.378917	0.22991	0.0869037	0.0001	0.000100071	0.571924	0.0001	0.000100002	0.99992	0.0369016	0.0469024	0.0459021	0.0001	0.559925	0.00790037	0.461921	0.0001	0.000100016	0.110905	0.485922	0.00790039	0.000100025	0.683931	0.000100002	0.000100082
73	A	T	ORF	S	NULL	0	0	0	0	0	0	0	0	0	0	0	0	0	0	0	0	0	0	0	0	0	0	0	0	0	0	0	0	0	0	0	0	0	0	0	0	0	0	0	0	0	0	0	0	0	0	0	0	0	0	0	0	0	0
74	A	T	ORF	S	NULL	0	0	0	0	0	0	0	0	0	0	0	0	0	0	0	0	0	0	0	0	0	0	0	0	0	0	0	0	0	0	0	0	0	0	0	0	0	0	0	0	0	0	0	0	0	0	0	0	0	0	0	0	0	0
75	A	T	ORF	S	NULL	0	0	0	0	0	0	0	0	0	0	0	0	0	0	0	0	0	0	0	0	0	0	0	0	0	0	0	0	0	0	0	0	0	0	0	0	0	0	0	0	0	0	0	0	0	0	0	0	0	0	0	0	0	0
76	A	T	ORF	S	NULL	0	0	0	0	0	0	0	0	0	0	0	0	0	0	0	0	0	0	0	0	0	0	0	0	0	0	0	0	0	0	0	0	0	0	0	0	0	0	0	0	0	0	0	0	0	0	0	0	0	0	0	0	0	0
77	A	T	ORF	S	NULL	0	0	0	0	0.0001	0.0001	0.0001	0.0001	0.690928	0.287912	0.463919	0.216909	0.0001	0.0001	0.0001	0.823934	0.0789032	0.0001	0.0001	0.199908	0.0449018	0.0199008	0.344914	0.104904	0.160907	0.525922	0.504922	0.0001	0.0001	0.0001	0.0499021	0.0001	0.659929	0.0001	0.0001	0.0299012	0.222909	0.0001	0.415917	0.0579024	0.659927	0.551923	0.0001	0.0299012	0.0001	0.799933	0.343914	0.0001	0.0001	0.0001	0.573924	0.0001	0.696929	0.0001
78	A	T	ORF	S	NULL	0	0	0	0	0	0	0	0	0	0	0	0	0	0	0	0	0	0	0	0	0	0	0	0	0	0	0	0	0	0	0	0	0	0	0	0	0	0	0	0	0	0	0	0	0	0	0	0	0	0	0	0	0	0
79	A	T	ORF	S	NULL	0	0	0	0	0	0	0	0	0	0	0	0	0	0	0	0	0	0	0	0	0	0	0	0	0	0	0	0	0	0	0	0	0	0	0	0	0	0	0	0	0	0	0	0	0	0	0	0	0	0	0	0	0	0
80	A	T	ORF	S	NULL	0	0	0	0	0.0001	0.154909	0.0001	0.0001	0.307919	0.151909	0.415925	0.0001	0.000900061	0.487929	0.0001	0.126906	0.140908	0.0001	0.893954	0.0739044	0.184911	0.0299018	0.0001	0.0949057	0.122907	0.0779039	0.0001	0.249915	0.65794	0.0001	0.0869052	0.0001	0.0001	0.0001	0.0759045	0.0001	0.148909	0.0001	0.291918	0.866952	0.205912	0.0001	0.0001	0.237914	0.0001	0.198912	0.0001	0.0001	0.0001	0.526932	0.0001	0.0779053	0.140908	0.0001
81	A	T	ORF	S	NULL	0	0	0	0	0	0	0	0	0	0	0	0	0	0	0	0	0	0	0	0	0	0	0	0	0	0	0	0	0	0	0	0	0	0	0	0	0	0	0	0	0	0	0	0	0	0	0	0	0	0	0	0	0	0
82	A	T	ORF	S	NULL	0	0	0	0	0	0	0	0	0	0	0	0	0	0	0	0	0	0	0	0	0	0	0	0	0	0	0	0	0	0	0	0	0	0	0	0	0	0	0	0	0	0	0	0	0	0	0	0	0	0	0	0	0	0
83	A	T	ORF	S	NULL	0	0	0	0	0	0	0	0	0	0	0	0	0	0	0	0	0	0	0	0	0	0	0	0	0	0	0	0	0	0	0	0	0	0	0	0	0	0	0	0	0	0	0	0	0	0	0	0	0	0	0	0	0	0
84	A	T	ORF	S	NULL	0	0	0	0	0.190908	0.00190008	0.845936	0.0809034	0.0001	0.248911	0.118905	0.0001	0.489921	0.0001	0.0001	0.0001	0.445918	0.484921	0.0001	0.0819034	0.130906	0.0889038	0.103904	0.402917	0.0699029	0.000100001	0.493921	0.647928	0.0189008	0.536923	0.525923	0.566924	0.000100002	0.998942	0.349915	0.000100002	0.045902	0.0001	0.252911	0.0269011	0.0559024	0.000100003	0.0001	0.276912	0.0001	0.0001	0.23691	0.0001	0.192908	0.46292	0.352915	0.0001	0.0299013	0.99992
85	A	T	ORF	S	NULL	0	0	0	0	0.190908	0.00190008	0.845936	0.0809034	0.0001	0.248911	0.118905	0.0001	0.489921	0.0001	0.0001	0.0001	0.445918	0.484921	0.0001	0.0819034	0.130906	0.0889038	0.103904	0.402917	0.0699029	0.000100001	0.493921	0.647928	0.0189008	0.536923	0.525923	0.566924	0.000100002	0.998942	0.349915	0.000100002	0.045902	0.0001	0.252911	0.0269011	0.0559024	0.000100003	0.0001	0.276912	0.0001	0.0001	0.23691	0.0001	0.192908	0.46292	0.352915	0.0001	0.0299013	0.99992
86	A	T	ORF	S	NULL	0	0	0	0	0	0	0	0	0	0	0	0	0	0	0	0	0	0	0	0	0	0	0	0	0	0	0	0	0	0	0	0	0	0	0	0	0	0	0	0	0	0	0	0	0	0	0	0	0	0	0	0	0	0
87	A	T	ORF	S	NULL	0	0	0	0	0.0001	0.154909	0.0001	0.0001	0.307919	0.151909	0.415925	0.0001	0.000900061	0.487929	0.0001	0.126906	0.140908	0.0001	0.893954	0.0739044	0.184911	0.0299018	0.0001	0.0949057	0.122907	0.0779039	0.0001	0.249915	0.65794	0.0001	0.0869052	0.0001	0.0001	0.0001	0.0759045	0.0001	0.148909	0.0001	0.291918	0.866952	0.205912	0.0001	0.0001	0.237914	0.0001	0.198912	0.0001	0.0001	0.0001	0.526932	0.0001	0.0779053	0.140908	0.0001
88	A	T	ORF	S	NULL	0	0	0	0	0	0	0	0	0	0	0	0	0	0	0	0	0	0	0	0	0	0	0	0	0	0	0	0	0	0	0	0	0	0	0	0	0	0	0	0	0	0	0	0	0	0	0	0	0	0	0	0	0	0
89	A	T	ORF	S	NULL	0	0	0	0	0	0	0	0	0	0	0	0	0	0	0	0	0	0	0	0	0	0	0	0	0	0	0	0	0	0	0	0	0	0	0	0	0	0	0	0	0	0	0	0	0	0	0	0	0	0	0	0	0	0
90	A	T	ORF	S	NULL	0	0	0	0	0	0	0	0	0	0	0	0	0	0	0	0	0	0	0	0	0	0	0	0	0	0	0	0	0	0	0	0	0	0	0	0	0	0	0	0	0	0	0	0	0	0	0	0	0	0	0	0	0	0
91	A	T	ORF	S	NULL	0	0	0	0	0.0001	0.0001	0.0001	0.0001	0.690928	0.287912	0.463919	0.216909	0.0001	0.0001	0.0001	0.823934	0.0789032	0.0001	0.0001	0.199908	0.0449018	0.0199008	0.344914	0.104904	0.160907	0.525922	0.504922	0.0001	0.0001	0.0001	0.0499021	0.0001	0.659929	0.0001	0.0001	0.0299012	0.222909	0.0001	0.415917	0.0579024	0.659927	0.551923	0.0001	0.0299012	0.0001	0.799933	0.343914	0.0001	0.0001	0.0001	0.573924	0.0001	0.696929	0.0001
92	A	T	ORF	S	NULL	0	0	0	0	0	0	0	0	0	0	0	0	0	0	0	0	0	0	0	0	0	0	0	0	0	0	0	0	0	0	0	0	0	0	0	0	0	0	0	0	0	0	0	0	0	0	0	0	0	0	0	0	0	0
93	A	T	ORF	S	NULL	0	0	0	0	0.0001	0.0001	0.0001	0.0001	0.690928	0.287912	0.463919	0.216909	0.0001	0.0001	0.0001	0.823934	0.0789032	0.0001	0.0001	0.199908	0.0449018	0.0199008	0.344914	0.104904	0.160907	0.525922	0.504922	0.0001	0.0001	0.0001	0.0499021	0.0001	0.659929	0.0001	0.0001	0.0299012	0.222909	0.0001	0.415917	0.0579024	0.659927	0.551923	0.0001	0.0299012	0.0001	0.799933	0.343914	0.0001	0.0001	0.0001	0.573924	0.0001	0.696929	0.0001
94	A	T	ORF	S	NULL	0	0	0	0	0	0	0	0	0	0	0	0	0	0	0	0	0	0	0	0	0	0	0	0	0	0	0	0	0	0	0	0	0	0	0	0	0	0	0	0	0	0	0	0	0	0	0	0	0	0	0	0	0	0
95	A	T	ORF	S	NULL	0	0	0	0	0.0001	0.0001	0.0001	0.0001	0.690928	0.287912	0.463919	0.216909	0.0001	0.0001	0.0001	0.823934	0.0789032	0.0001	0.0001	0.199908	0.0449018	0.0199008	0.344914	0.104904	0.160907	0.525922	0.504922	0.0001	0.0001	0.0001	0.0499021	0.0001	0.659929	0.0001	0.0001	0.0299012	0.222909	0.0001	0.415917	0.0579024	0.659927	0.551923	0.0001	0.0299012	0.0001	0.799933	0.343914	0.0001	0.0001	0.0001	0.573924	0.0001	0.696929	0.0001
96	A	T	ORF	S	NULL	0	0	0	0	0	0	0	0	0	0	0	0	0	0	0	0	0	0	0	0	0	0	0	0	0	0	0	0	0	0	0	0	0	0	0	0	0	0	0	0	0	0	0	0	0	0	0	0	0	0	0	0	0	0
97	A	T	ORF	S	NULL	0	0	0	0	0.0001	0.0001	0.0001	0.0001	0.690928	0.287912	0.463919	0.216909	0.0001	0.0001	0.0001	0.823934	0.0789032	0.0001	0.0001	0.199908	0.0449018	0.0199008	0.344914	0.104904	0.160907	0.525922	0.504922	0.0001	0.0001	0.0001	0.0499021	0.0001	0.659929	0.0001	0.0001	0.0299012	0.222909	0.0001	0.415917	0.0579024	0.659927	0.551923	0.0001	0.0299012	0.0001	0.799933	0.343914	0.0001	0.0001	0.0001	0.573924	0.0001	0.696929	0.0001
98	A	T	ORF	S	NULL	0	0	0	0	0	0	0	0	0	0	0	0	0	0	0	0	0	0	0	0	0	0	0	0	0	0	0	0	0	0	0	0	0	0	0	0	0	0	0	0	0	0	0	0	0	0	0	0	0	0	0	0	0	0
99	A	T	ORF	S	NULL	0	0	0	0	0	0	0	0	0	0	0	0	0	0	0	0	0	0	0	0	0	0	0	0	0	0	0	0	0	0	0	0	0	0	0	0	0	0	0	0	0	0	0	0	0	0	0	0	0	0	0	0	0	0
100	A	T	ORF	S	NULL	0	0	0	0	0	0	0	0	0	0	0	0	0	0	0	0	0	0	0	0	0	0	0	0	0	0	0	0	0	0	0	0	0	0	0	0	0	0	0	0	0	0	0	0	0	0	0	0	0	0	0	0	0	0
