pos	ref	alt	gene	N/S	AA	nSRAsubclonal	nSRAclonal	nSRA	nConsensus	sample0|Earth	sample1|Earth	sample2|Earth	sample3|Earth	sample4|Earth	sample5|Earth	sample6|Earth	sample7|Earth	sample8|Earth	sample9|Earth	sample10|Earth	sample11|Earth	sample12|Earth	sample13|Earth	sample14|Earth	sample15|Earth	sample16|Earth	sample17|Earth	sample18|Earth	sample19|Earth	sample20|Earth	sample21|Earth	sample22|Earth	sample23|Earth	sample24|Earth	sample25|Earth	sample26|Earth	sample27|Earth	sample28|Earth	sample29|Earth	sample30|Earth	sample31|Earth	sample32|Earth	sample33|Earth	sample34|Earth	sample35|Earth	sample36|Earth	sample37|Earth	sample38|Earth	sample39|Earth	sample40|Earth	sample41|Earth	sample42|Earth	sample43|Earth	sample44|Earth	sample45|Earth	sample46|Earth	sample47|Earth	sample48|Earth	sample49|Earth
1	A	T	ORF	S	NULL	0	0	0	0	0	0	0	0	0	0	0	0	0	0	0	0	0	0	0	0	0	0	0	0	0	0	0	0	0	0	0	0	0	0	0	0	0	0	0	0	0	0	0	0	0	0	0	0	0	0	0	0	0	0
2	A	T	ORF	S	NULL	0	0	0	0	0	0	0	0	0	0	0	0	0	0	0	0	0	0	0	0	0	0	0	0	0	0	0	0	0	0	0	0	0	0	0	0	0	0	0	0	0	0	0	0	0	0	0	0	0	0	0	0	0	0
3	A	T	ORF	S	NULL	0	0	0	0	0	0	0	0	0	0	0	0	0	0	0	0	0	0	0	0	0	0	0	0	0	0	0	0	0	0	0	0	0	0	0	0	0	0	0	0	0	0	0	0	0	0	0	0	0	0	0	0	0	0
4	A	T	ORF	S	NULL	0	0	0	0	0	0	0	0	0	0	0	0	0	0	0	0	0	0	0	0	0	0	0	0	0	0	0	0	0	0	0	0	0	0	0	0	0	0	0	0	0	0	0	0	0	0	0	0	0	0	0	0	0	0
5	A	T	ORF	S	NULL	0	0	0	0	0.190911	0.00190012	0.845949	0.0809047	0.0001	0.248915	0.118907	0.0001	0.489929	0.0001	0.0001	0.0001	0.445927	0.484928	0.0001	0.081905	0.130908	0.0889052	0.103906	0.402923	0.0699041	0.0001	0.493929	0.647938	0.0189011	0.536931	0.52593	0.566933	0.0001	0.998958	0.34992	0.0001	0.0459027	0.0001	0.252915	0.0269016	0.0559033	0.0001	0.0001	0.276916	0.0001	0.0001	0.236914	0.0001	0.192911	0.462927	0.352921	0.0001	0.0299017	0.99994
6	A	T	ORF	S	NULL	0	0	0	0	0.0001	0.840947	0.152909	0.453927	0.0001	0.0001	0.0001	0.781944	0.0001	0.36292	0.998952	0.0001	0.326918	0.0001	0.104906	0.101906	0.0001	0.18591	0.139907	0.382921	0.612934	0.0001	0.0001	0.0999054	0.0299016	0.37892	0.229913	0.0869051	0.0001	0.0001	0.571934	0.0001	0.0001	0.99992	0.0369022	0.0469019	0.0459026	0.0001	0.559932	0.00790044	0.461928	0.0001	0.0001	0.110906	0.485927	0.00790044	0.0001	0.683938	0.0001	0.0001
7	A	T	ORF	S	NULL	0	0	0	0	0	0	0	0	0	0	0	0	0	0	0	0	0	0	0	0	0	0	0	0	0	0	0	0	0	0	0	0	0	0	0	0	0	0	0	0	0	0	0	0	0	0	0	0	0	0	0	0	0	0
8	A	T	ORF	S	NULL	0	0	0	0	0.0001	0.840947	0.152909	0.453927	0.0001	0.0001	0.0001	0.781944	0.0001	0.36292	0.998952	0.0001	0.326918	0.0001	0.104906	0.101906	0.0001	0.18591	0.139907	0.382921	0.612934	0.0001	0.0001	0.0999054	0.0299016	0.37892	0.229913	0.0869051	0.0001	0.0001	0.571934	0.0001	0.0001	0.99992	0.0369022	0.0469019	0.0459026	0.0001	0.559932	0.00790044	0.461928	0.0001	0.0001	0.110906	0.485927	0.00790044	0.0001	0.683938	0.0001	0.0001
9	A	T	ORF	S	NULL	0	0	0	0	0	0	0	0	0	0	0	0	0	0	0	0	0	0	0	0	0	0	0	0	0	0	0	0	0	0	0	0	0	0	0	0	0	0	0	0	0	0	0	0	0	0	0	0	0	0	0	0	0	0
10	A	T	ORF	S	NULL	0	0	0	0	0	0	0	0	0	0	0	0	0	0	0	0	0	0	0	0	0	0	0	0	0	0	0	0	0	0	0	0	0	0	0	0	0	0	0	0	0	0	0	0	0	0	0	0	0	0	0	0	0	0
11	A	T	ORF	S	NULL	0	0	0	0	0	0	0	0	0	0	0	0	0	0	0	0	0	0	0	0	0	0	0	0	0	0	0	0	0	0	0	0	0	0	0	0	0	0	0	0	0	0	0	0	0	0	0	0	0	0	0	0	0	0
12	A	T	ORF	S	NULL	0	0	0	0	0	0	0	0	0	0	0	0	0	0	0	0	0	0	0	0	0	0	0	0	0	0	0	0	0	0	0	0	0	0	0	0	0	0	0	0	0	0	0	0	0	0	0	0	0	0	0	0	0	0
13	A	T	ORF	S	NULL	0	0	0	0	0	0	0	0	0	0	0	0	0	0	0	0	0	0	0	0	0	0	0	0	0	0	0	0	0	0	0	0	0	0	0	0	0	0	0	0	0	0	0	0	0	0	0	0	0	0	0	0	0	0
14	A	T	ORF	S	NULL	0	0	0	0	0	0	0	0	0	0	0	0	0	0	0	0	0	0	0	0	0	0	0	0	0	0	0	0	0	0	0	0	0	0	0	0	0	0	0	0	0	0	0	0	0	0	0	0	0	0	0	0	0	0
15	A	T	ORF	S	NULL	0	0	0	0	0	0	0	0	0	0	0	0	0	0	0	0	0	0	0	0	0	0	0	0	0	0	0	0	0	0	0	0	0	0	0	0	0	0	0	0	0	0	0	0	0	0	0	0	0	0	0	0	0	0
16	A	T	ORF	S	NULL	0	0	0	0	0	0	0	0	0	0	0	0	0	0	0	0	0	0	0	0	0	0	0	0	0	0	0	0	0	0	0	0	0	0	0	0	0	0	0	0	0	0	0	0	0	0	0	0	0	0	0	0	0	0
17	A	T	ORF	S	NULL	0	0	0	0	0	0	0	0	0	0	0	0	0	0	0	0	0	0	0	0	0	0	0	0	0	0	0	0	0	0	0	0	0	0	0	0	0	0	0	0	0	0	0	0	0	0	0	0	0	0	0	0	0	0
18	A	T	ORF	S	NULL	0	0	0	0	0	0	0	0	0	0	0	0	0	0	0	0	0	0	0	0	0	0	0	0	0	0	0	0	0	0	0	0	0	0	0	0	0	0	0	0	0	0	0	0	0	0	0	0	0	0	0	0	0	0
19	A	T	ORF	S	NULL	0	0	0	0	0	0	0	0	0	0	0	0	0	0	0	0	0	0	0	0	0	0	0	0	0	0	0	0	0	0	0	0	0	0	0	0	0	0	0	0	0	0	0	0	0	0	0	0	0	0	0	0	0	0
20	A	T	ORF	S	NULL	0	0	0	0	0	0	0	0	0	0	0	0	0	0	0	0	0	0	0	0	0	0	0	0	0	0	0	0	0	0	0	0	0	0	0	0	0	0	0	0	0	0	0	0	0	0	0	0	0	0	0	0	0	0
21	A	T	ORF	S	NULL	0	0	0	0	0	0	0	0	0	0	0	0	0	0	0	0	0	0	0	0	0	0	0	0	0	0	0	0	0	0	0	0	0	0	0	0	0	0	0	0	0	0	0	0	0	0	0	0	0	0	0	0	0	0
22	A	T	ORF	S	NULL	0	0	0	0	0	0	0	0	0	0	0	0	0	0	0	0	0	0	0	0	0	0	0	0	0	0	0	0	0	0	0	0	0	0	0	0	0	0	0	0	0	0	0	0	0	0	0	0	0	0	0	0	0	0
23	A	T	ORF	S	NULL	0	0	0	0	0	0	0	0	0	0	0	0	0	0	0	0	0	0	0	0	0	0	0	0	0	0	0	0	0	0	0	0	0	0	0	0	0	0	0	0	0	0	0	0	0	0	0	0	0	0	0	0	0	0
24	A	T	ORF	S	NULL	0	0	0	0	0	0	0	0	0	0	0	0	0	0	0	0	0	0	0	0	0	0	0	0	0	0	0	0	0	0	0	0	0	0	0	0	0	0	0	0	0	0	0	0	0	0	0	0	0	0	0	0	0	0
25	A	T	ORF	S	NULL	0	0	0	0	0.0001	0.154908	0.0001	0.0001	0.307916	0.151908	0.415922	0.0001	0.000900055	0.487926	0.0001	0.126907	0.140908	0.0001	0.893948	0.0739039	0.18491	0.0299016	0.0001	0.0949051	0.122907	0.077904	0.0001	0.249914	0.657935	0.0001	0.0869046	0.0001	0.0001	0.0001	0.0759041	0.0001	0.148908	0.0001	0.291916	0.866946	0.205911	0.0001	0.0001	0.237913	0.0001	0.198911	0.0001	0.0001	0.0001	0.526928	0.0001	0.0779042	0.140908	0.0001
26	A	T	ORF	S	NULL	0	0	0	0	0.0001	0.0001	0.0001	0.0001	0.690942	0.287917	0.463928	0.216913	0.0001	0.0001	0.0001	0.823948	0.0789046	0.0001	0.0001	0.199912	0.0449026	0.0199012	0.34492	0.104906	0.160909	0.525931	0.504929	0.0001	0.0001	0.0001	0.0499029	0.0001	0.659939	0.0001	0.0001	0.0299018	0.222913	0.0001	0.415925	0.0579034	0.659939	0.551933	0.0001	0.0299018	0.0001	0.799947	0.34392	0.0001	0.0001	0.0001	0.573934	0.0001	0.696941	0.0001
27	A	T	ORF	S	NULL	0	0	0	0	0	0	0	0	0	0	0	0	0	0	0	0	0	0	0	0	0	0	0	0	0	0	0	0	0	0	0	0	0	0	0	0	0	0	0	0	0	0	0	0	0	0	0	0	0	0	0	0	0	0
28	A	T	ORF	S	NULL	0	0	0	0	0	0	0	0	0	0	0	0	0	0	0	0	0	0	0	0	0	0	0	0	0	0	0	0	0	0	0	0	0	0	0	0	0	0	0	0	0	0	0	0	0	0	0	0	0	0	0	0	0	0
29	A	T	ORF	S	NULL	0	0	0	0	0	0	0	0	0	0	0	0	0	0	0	0	0	0	0	0	0	0	0	0	0	0	0	0	0	0	0	0	0	0	0	0	0	0	0	0	0	0	0	0	0	0	0	0	0	0	0	0	0	0
30	A	T	ORF	S	NULL	0	0	0	0	0	0	0	0	0	0	0	0	0	0	0	0	0	0	0	0	0	0	0	0	0	0	0	0	0	0	0	0	0	0	0	0	0	0	0	0	0	0	0	0	0	0	0	0	0	0	0	0	0	0
31	A	T	ORF	S	NULL	0	0	0	0	0	0	0	0	0	0	0	0	0	0	0	0	0	0	0	0	0	0	0	0	0	0	0	0	0	0	0	0	0	0	0	0	0	0	0	0	0	0	0	0	0	0	0	0	0	0	0	0	0	0
32	A	T	ORF	S	NULL	0	0	0	0	0	0	0	0	0	0	0	0	0	0	0	0	0	0	0	0	0	0	0	0	0	0	0	0	0	0	0	0	0	0	0	0	0	0	0	0	0	0	0	0	0	0	0	0	0	0	0	0	0	0
33	A	T	ORF	S	NULL	0	0	0	0	0	0	0	0	0	0	0	0	0	0	0	0	0	0	0	0	0	0	0	0	0	0	0	0	0	0	0	0	0	0	0	0	0	0	0	0	0	0	0	0	0	0	0	0	0	0	0	0	0	0
34	A	T	ORF	S	NULL	0	0	0	0	0	0	0	0	0	0	0	0	0	0	0	0	0	0	0	0	0	0	0	0	0	0	0	0	0	0	0	0	0	0	0	0	0	0	0	0	0	0	0	0	0	0	0	0	0	0	0	0	0	0
35	A	T	ORF	S	NULL	0	0	0	0	0.0001	0.0001	0.0001	0.0001	0.690942	0.287917	0.463928	0.216913	0.0001	0.0001	0.0001	0.823948	0.0789046	0.0001	0.0001	0.199912	0.0449026	0.0199012	0.34492	0.104906	0.160909	0.525931	0.504929	0.0001	0.0001	0.0001	0.0499029	0.0001	0.659939	0.0001	0.0001	0.0299018	0.222913	0.0001	0.415925	0.0579034	0.659939	0.551933	0.0001	0.0299018	0.0001	0.799947	0.34392	0.0001	0.0001	0.0001	0.573934	0.0001	0.696941	0.0001
36	A	T	ORF	S	NULL	0	0	0	0	0	0	0	0	0	0	0	0	0	0	0	0	0	0	0	0	0	0	0	0	0	0	0	0	0	0	0	0	0	0	0	0	0	0	0	0	0	0	0	0	0	0	0	0	0	0	0	0	0	0
37	A	T	ORF	S	NULL	0	0	0	0	0	0	0	0	0	0	0	0	0	0	0	0	0	0	0	0	0	0	0	0	0	0	0	0	0	0	0	0	0	0	0	0	0	0	0	0	0	0	0	0	0	0	0	0	0	0	0	0	0	0
38	A	T	ORF	S	NULL	0	0	0	0	0	0	0	0	0	0	0	0	0	0	0	0	0	0	0	0	0	0	0	0	0	0	0	0	0	0	0	0	0	0	0	0	0	0	0	0	0	0	0	0	0	0	0	0	0	0	0	0	0	0
39	A	T	ORF	S	NULL	0	0	0	0	0	0	0	0	0	0	0	0	0	0	0	0	0	0	0	0	0	0	0	0	0	0	0	0	0	0	0	0	0	0	0	0	0	0	0	0	0	0	0	0	0	0	0	0	0	0	0	0	0	0
40	A	T	ORF	S	NULL	0	0	0	0	0.0001	0.0001	0.0001	0.0001	0.690942	0.287917	0.463928	0.216913	0.0001	0.0001	0.0001	0.823948	0.0789046	0.0001	0.0001	0.199912	0.0449026	0.0199012	0.34492	0.104906	0.160909	0.525931	0.504929	0.0001	0.0001	0.0001	0.0499029	0.0001	0.659939	0.0001	0.0001	0.0299018	0.222913	0.0001	0.415925	0.0579034	0.659939	0.551933	0.0001	0.0299018	0.0001	0.799947	0.34392	0.0001	0.0001	0.0001	0.573934	0.0001	0.696941	0.0001
41	A	T	ORF	S	NULL	0	0	0	0	0	0	0	0	0	0	0	0	0	0	0	0	0	0	0	0	0	0	0	0	0	0	0	0	0	0	0	0	0	0	0	0	0	0	0	0	0	0	0	0	0	0	0	0	0	0	0	0	0	0
42	A	T	ORF	S	NULL	0	0	0	0	0	0	0	0	0	0	0	0	0	0	0	0	0	0	0	0	0	0	0	0	0	0	0	0	0	0	0	0	0	0	0	0	0	0	0	0	0	0	0	0	0	0	0	0	0	0	0	0	0	0
43	A	T	ORF	S	NULL	0	0	0	0	0	0	0	0	0	0	0	0	0	0	0	0	0	0	0	0	0	0	0	0	0	0	0	0	0	0	0	0	0	0	0	0	0	0	0	0	0	0	0	0	0	0	0	0	0	0	0	0	0	0
44	A	T	ORF	S	NULL	0	0	0	0	0	0	0	0	0	0	0	0	0	0	0	0	0	0	0	0	0	0	0	0	0	0	0	0	0	0	0	0	0	0	0	0	0	0	0	0	0	0	0	0	0	0	0	0	0	0	0	0	0	0
45	A	T	ORF	S	NULL	0	0	0	0	0	0	0	0	0	0	0	0	0	0	0	0	0	0	0	0	0	0	0	0	0	0	0	0	0	0	0	0	0	0	0	0	0	0	0	0	0	0	0	0	0	0	0	0	0	0	0	0	0	0
46	A	T	ORF	S	NULL	0	0	0	0	0	0	0	0	0	0	0	0	0	0	0	0	0	0	0	0	0	0	0	0	0	0	0	0	0	0	0	0	0	0	0	0	0	0	0	0	0	0	0	0	0	0	0	0	0	0	0	0	0	0
47	A	T	ORF	S	NULL	0	0	0	0	0	0	0	0	0	0	0	0	0	0	0	0	0	0	0	0	0	0	0	0	0	0	0	0	0	0	0	0	0	0	0	0	0	0	0	0	0	0	0	0	0	0	0	0	0	0	0	0	0	0
48	A	T	ORF	S	NULL	0	0	0	0	0	0	0	0	0	0	0	0	0	0	0	0	0	0	0	0	0	0	0	0	0	0	0	0	0	0	0	0	0	0	0	0	0	0	0	0	0	0	0	0	0	0	0	0	0	0	0	0	0	0
49	A	T	ORF	S	NULL	0	0	0	0	0.0001	0.0001	0.0001	0.0001	0.690942	0.287917	0.463928	0.216913	0.0001	0.0001	0.0001	0.823948	0.0789046	0.0001	0.0001	0.199912	0.0449026	0.0199012	0.34492	0.104906	0.160909	0.525931	0.504929	0.0001	0.0001	0.0001	0.0499029	0.0001	0.659939	0.0001	0.0001	0.0299018	0.222913	0.0001	0.415925	0.0579034	0.659939	0.551933	0.0001	0.0299018	0.0001	0.799947	0.34392	0.0001	0.0001	0.0001	0.573934	0.0001	0.696941	0.0001
50	A	T	ORF	S	NULL	0	0	0	0	0	0	0	0	0	0	0	0	0	0	0	0	0	0	0	0	0	0	0	0	0	0	0	0	0	0	0	0	0	0	0	0	0	0	0	0	0	0	0	0	0	0	0	0	0	0	0	0	0	0
51	A	T	ORF	S	NULL	0	0	0	0	0.0001	0.840947	0.152909	0.453927	0.0001	0.0001	0.0001	0.781944	0.0001	0.36292	0.998952	0.0001	0.326918	0.0001	0.104906	0.101906	0.0001	0.18591	0.139907	0.382921	0.612934	0.0001	0.0001	0.0999054	0.0299016	0.37892	0.229913	0.0869051	0.0001	0.0001	0.571934	0.0001	0.0001	0.99992	0.0369022	0.0469019	0.0459026	0.0001	0.559932	0.00790044	0.461928	0.0001	0.0001	0.110906	0.485927	0.00790044	0.0001	0.683938	0.0001	0.0001
52	A	T	ORF	S	NULL	0	0	0	0	0	0	0	0	0	0	0	0	0	0	0	0	0	0	0	0	0	0	0	0	0	0	0	0	0	0	0	0	0	0	0	0	0	0	0	0	0	0	0	0	0	0	0	0	0	0	0	0	0	0
53	A	T	ORF	S	NULL	0	0	0	0	0	0	0	0	0	0	0	0	0	0	0	0	0	0	0	0	0	0	0	0	0	0	0	0	0	0	0	0	0	0	0	0	0	0	0	0	0	0	0	0	0	0	0	0	0	0	0	0	0	0
54	A	T	ORF	S	NULL	0	0	0	0	0	0	0	0	0	0	0	0	0	0	0	0	0	0	0	0	0	0	0	0	0	0	0	0	0	0	0	0	0	0	0	0	0	0	0	0	0	0	0	0	0	0	0	0	0	0	0	0	0	0
55	A	T	ORF	S	NULL	0	0	0	0	0	0	0	0	0	0	0	0	0	0	0	0	0	0	0	0	0	0	0	0	0	0	0	0	0	0	0	0	0	0	0	0	0	0	0	0	0	0	0	0	0	0	0	0	0	0	0	0	0	0
56	A	T	ORF	S	NULL	0	0	0	0	0	0	0	0	0	0	0	0	0	0	0	0	0	0	0	0	0	0	0	0	0	0	0	0	0	0	0	0	0	0	0	0	0	0	0	0	0	0	0	0	0	0	0	0	0	0	0	0	0	0
57	A	T	ORF	S	NULL	0	0	0	0	0	0	0	0	0	0	0	0	0	0	0	0	0	0	0	0	0	0	0	0	0	0	0	0	0	0	0	0	0	0	0	0	0	0	0	0	0	0	0	0	0	0	0	0	0	0	0	0	0	0
58	A	T	ORF	S	NULL	0	0	0	0	0	0	0	0	0	0	0	0	0	0	0	0	0	0	0	0	0	0	0	0	0	0	0	0	0	0	0	0	0	0	0	0	0	0	0	0	0	0	0	0	0	0	0	0	0	0	0	0	0	0
59	A	T	ORF	S	NULL	0	0	0	0	0.190911	0.00190012	0.845949	0.0809047	0.0001	0.248915	0.118907	0.0001	0.489929	0.0001	0.0001	0.0001	0.445927	0.484928	0.0001	0.081905	0.130908	0.0889052	0.103906	0.402923	0.0699041	0.0001	0.493929	0.647938	0.0189011	0.536931	0.52593	0.566933	0.0001	0.998958	0.34992	0.0001	0.0459027	0.0001	0.252915	0.0269016	0.0559033	0.0001	0.0001	0.276916	0.0001	0.0001	0.236914	0.0001	0.192911	0.462927	0.352921	0.0001	0.0299017	0.99994
60	A	T	ORF	S	NULL	0	0	0	0	0	0	0	0	0	0	0	0	0	0	0	0	0	0	0	0	0	0	0	0	0	0	0	0	0	0	0	0	0	0	0	0	0	0	0	0	0	0	0	0	0	0	0	0	0	0	0	0	0	0
61	A	T	ORF	S	NULL	0	0	0	0	0	0	0	0	0	0	0	0	0	0	0	0	0	0	0	0	0	0	0	0	0	0	0	0	0	0	0	0	0	0	0	0	0	0	0	0	0	0	0	0	0	0	0	0	0	0	0	0	0	0
62	A	T	ORF	S	NULL	0	0	0	0	0.0001	0.840947	0.152909	0.453927	0.0001	0.0001	0.0001	0.781944	0.0001	0.36292	0.998952	0.0001	0.326918	0.0001	0.104906	0.101906	0.0001	0.18591	0.139907	0.382921	0.612934	0.0001	0.0001	0.0999054	0.0299016	0.37892	0.229913	0.0869051	0.0001	0.0001	0.571934	0.0001	0.0001	0.99992	0.0369022	0.0469019	0.0459026	0.0001	0.559932	0.00790044	0.461928	0.0001	0.0001	0.110906	0.485927	0.00790044	0.0001	0.683938	0.0001	0.0001
63	A	T	ORF	S	NULL	0	0	0	0	0	0	0	0	0	0	0	0	0	0	0	0	0	0	0	0	0	0	0	0	0	0	0	0	0	0	0	0	0	0	0	0	0	0	0	0	0	0	0	0	0	0	0	0	0	0	0	0	0	0
64	A	T	ORF	S	NULL	0	0	0	0	0	0	0	0	0	0	0	0	0	0	0	0	0	0	0	0	0	0	0	0	0	0	0	0	0	0	0	0	0	0	0	0	0	0	0	0	0	0	0	0	0	0	0	0	0	0	0	0	0	0
65	A	T	ORF	S	NULL	0	0	0	0	0	0	0	0	0	0	0	0	0	0	0	0	0	0	0	0	0	0	0	0	0	0	0	0	0	0	0	0	0	0	0	0	0	0	0	0	0	0	0	0	0	0	0	0	0	0	0	0	0	0
66	A	T	ORF	S	NULL	0	0	0	0	0	0	0	0	0	0	0	0	0	0	0	0	0	0	0	0	0	0	0	0	0	0	0	0	0	0	0	0	0	0	0	0	0	0	0	0	0	0	0	0	0	0	0	0	0	0	0	0	0	0
67	A	T	ORF	S	NULL	0	0	0	0	0	0	0	0	0	0	0	0	0	0	0	0	0	0	0	0	0	0	0	0	0	0	0	0	0	0	0	0	0	0	0	0	0	0	0	0	0	0	0	0	0	0	0	0	0	0	0	0	0	0
68	A	T	ORF	S	NULL	0	0	0	0	0	0	0	0	0	0	0	0	0	0	0	0	0	0	0	0	0	0	0	0	0	0	0	0	0	0	0	0	0	0	0	0	0	0	0	0	0	0	0	0	0	0	0	0	0	0	0	0	0	0
69	A	T	ORF	S	NULL	0	0	0	0	0	0	0	0	0	0	0	0	0	0	0	0	0	0	0	0	0	0	0	0	0	0	0	0	0	0	0	0	0	0	0	0	0	0	0	0	0	0	0	0	0	0	0	0	0	0	0	0	0	0
70	A	T	ORF	S	NULL	0	0	0	0	0	0	0	0	0	0	0	0	0	0	0	0	0	0	0	0	0	0	0	0	0	0	0	0	0	0	0	0	0	0	0	0	0	0	0	0	0	0	0	0	0	0	0	0	0	0	0	0	0	0
71	A	T	ORF	S	NULL	0	0	0	0	0	0	0	0	0	0	0	0	0	0	0	0	0	0	0	0	0	0	0	0	0	0	0	0	0	0	0	0	0	0	0	0	0	0	0	0	0	0	0	0	0	0	0	0	0	0	0	0	0	0
72	A	T	ORF	S	NULL	0	0	0	0	0.0001	0.840947	0.152909	0.453927	0.0001	0.0001	0.0001	0.781944	0.0001	0.36292	0.998952	0.0001	0.326918	0.0001	0.104906	0.101906	0.0001	0.18591	0.139907	0.382921	0.612934	0.0001	0.0001	0.0999054	0.0299016	0.37892	0.229913	0.0869051	0.0001	0.0001	0.571934	0.0001	0.0001	0.99992	0.0369022	0.0469019	0.0459026	0.0001	0.559932	0.00790044	0.461928	0.0001	0.0001	0.110906	0.485927	0.00790044	0.0001	0.683938	0.0001	0.0001
73	A	T	ORF	S	NULL	0	0	0	0	0	0	0	0	0	0	0	0	0	0	0	0	0	0	0	0	0	0	0	0	0	0	0	0	0	0	0	0	0	0	0	0	0	0	0	0	0	0	0	0	0	0	0	0	0	0	0	0	0	0
74	A	T	ORF	S	NULL	0	0	0	0	0	0	0	0	0	0	0	0	0	0	0	0	0	0	0	0	0	0	0	0	0	0	0	0	0	0	0	0	0	0	0	0	0	0	0	0	0	0	0	0	0	0	0	0	0	0	0	0	0	0
75	A	T	ORF	S	NULL	0	0	0	0	0	0	0	0	0	0	0	0	0	0	0	0	0	0	0	0	0	0	0	0	0	0	0	0	0	0	0	0	0	0	0	0	0	0	0	0	0	0	0	0	0	0	0	0	0	0	0	0	0	0
76	A	T	ORF	S	NULL	0	0	0	0	0	0	0	0	0	0	0	0	0	0	0	0	0	0	0	0	0	0	0	0	0	0	0	0	0	0	0	0	0	0	0	0	0	0	0	0	0	0	0	0	0	0	0	0	0	0	0	0	0	0
77	A	T	ORF	S	NULL	0	0	0	0	0.0001	0.0001	0.0001	0.0001	0.690942	0.287917	0.463928	0.216913	0.0001	0.0001	0.0001	0.823948	0.0789046	0.0001	0.0001	0.199912	0.0449026	0.0199012	0.34492	0.104906	0.160909	0.525931	0.504929	0.0001	0.0001	0.0001	0.0499029	0.0001	0.659939	0.0001	0.0001	0.0299018	0.222913	0.0001	0.415925	0.0579034	0.659939	0.551933	0.0001	0.0299018	0.0001	0.799947	0.34392	0.0001	0.0001	0.0001	0.573934	0.0001	0.696941	0.0001
78	A	T	ORF	S	NULL	0	0	0	0	0	0	0	0	0	0	0	0	0	0	0	0	0	0	0	0	0	0	0	0	0	0	0	0	0	0	0	0	0	0	0	0	0	0	0	0	0	0	0	0	0	0	0	0	0	0	0	0	0	0
79	A	T	ORF	S	NULL	0	0	0	0	0	0	0	0	0	0	0	0	0	0	0	0	0	0	0	0	0	0	0	0	0	0	0	0	0	0	0	0	0	0	0	0	0	0	0	0	0	0	0	0	0	0	0	0	0	0	0	0	0	0
80	A	T	ORF	S	NULL	0	0	0	0	0.0001	0.154908	0.0001	0.0001	0.307916	0.151908	0.415922	0.0001	0.000900055	0.487926	0.0001	0.126907	0.140908	0.0001	0.893948	0.0739039	0.18491	0.0299016	0.0001	0.0949051	0.122907	0.077904	0.0001	0.249914	0.657935	0.0001	0.0869046	0.0001	0.0001	0.0001	0.0759041	0.0001	0.148908	0.0001	0.291916	0.866946	0.205911	0.0001	0.0001	0.237913	0.0001	0.198911	0.0001	0.0001	0.0001	0.526928	0.0001	0.0779042	0.140908	0.0001
81	A	T	ORF	S	NULL	0	0	0	0	0	0	0	0	0	0	0	0	0	0	0	0	0	0	0	0	0	0	0	0	0	0	0	0	0	0	0	0	0	0	0	0	0	0	0	0	0	0	0	0	0	0	0	0	0	0	0	0	0	0
82	A	T	ORF	S	NULL	0	0	0	0	0	0	0	0	0	0	0	0	0	0	0	0	0	0	0	0	0	0	0	0	0	0	0	0	0	0	0	0	0	0	0	0	0	0	0	0	0	0	0	0	0	0	0	0	0	0	0	0	0	0
83	A	T	ORF	S	NULL	0	0	0	0	0	0	0	0	0	0	0	0	0	0	0	0	0	0	0	0	0	0	0	0	0	0	0	0	0	0	0	0	0	0	0	0	0	0	0	0	0	0	0	0	0	0	0	0	0	0	0	0	0	0
84	A	T	ORF	S	NULL	0	0	0	0	0.190911	0.00190012	0.845949	0.0809047	0.0001	0.248915	0.118907	0.0001	0.489929	0.0001	0.0001	0.0001	0.445927	0.484928	0.0001	0.081905	0.130908	0.0889052	0.103906	0.402923	0.0699041	0.0001	0.493929	0.647938	0.0189011	0.536931	0.52593	0.566933	0.0001	0.998958	0.34992	0.0001	0.0459027	0.0001	0.252915	0.0269016	0.0559033	0.0001	0.0001	0.276916	0.0001	0.0001	0.236914	0.0001	0.192911	0.462927	0.352921	0.0001	0.0299017	0.99994
85	A	T	ORF	S	NULL	0	0	0	0	0.190911	0.00190012	0.845949	0.0809047	0.0001	0.248915	0.118907	0.0001	0.489929	0.0001	0.0001	0.0001	0.445927	0.484928	0.0001	0.081905	0.130908	0.0889052	0.103906	0.402923	0.0699041	0.0001	0.493929	0.647938	0.0189011	0.536931	0.52593	0.566933	0.0001	0.998958	0.34992	0.0001	0.0459027	0.0001	0.252915	0.0269016	0.0559033	0.0001	0.0001	0.276916	0.0001	0.0001	0.236914	0.0001	0.192911	0.462927	0.352921	0.0001	0.0299017	0.99994
86	A	T	ORF	S	NULL	0	0	0	0	0	0	0	0	0	0	0	0	0	0	0	0	0	0	0	0	0	0	0	0	0	0	0	0	0	0	0	0	0	0	0	0	0	0	0	0	0	0	0	0	0	0	0	0	0	0	0	0	0	0
87	A	T	ORF	S	NULL	0	0	0	0	0.0001	0.154908	0.0001	0.0001	0.307916	0.151908	0.415922	0.0001	0.000900055	0.487926	0.0001	0.126907	0.140908	0.0001	0.893948	0.0739039	0.18491	0.0299016	0.0001	0.0949051	0.122907	0.077904	0.0001	0.249914	0.657935	0.0001	0.0869046	0.0001	0.0001	0.0001	0.0759041	0.0001	0.148908	0.0001	0.291916	0.866946	0.205911	0.0001	0.0001	0.237913	0.0001	0.198911	0.0001	0.0001	0.0001	0.526928	0.0001	0.0779042	0.140908	0.0001
88	A	T	ORF	S	NULL	0	0	0	0	0	0	0	0	0	0	0	0	0	0	0	0	0	0	0	0	0	0	0	0	0	0	0	0	0	0	0	0	0	0	0	0	0	0	0	0	0	0	0	0	0	0	0	0	0	0	0	0	0	0
89	A	T	ORF	S	NULL	0	0	0	0	0	0	0	0	0	0	0	0	0	0	0	0	0	0	0	0	0	0	0	0	0	0	0	0	0	0	0	0	0	0	0	0	0	0	0	0	0	0	0	0	0	0	0	0	0	0	0	0	0	0
90	A	T	ORF	S	NULL	0	0	0	0	0	0	0	0	0	0	0	0	0	0	0	0	0	0	0	0	0	0	0	0	0	0	0	0	0	0	0	0	0	0	0	0	0	0	0	0	0	0	0	0	0	0	0	0	0	0	0	0	0	0
91	A	T	ORF	S	NULL	0	0	0	0	0.0001	0.0001	0.0001	0.0001	0.690942	0.287917	0.463928	0.216913	0.0001	0.0001	0.0001	0.823948	0.0789046	0.0001	0.0001	0.199912	0.0449026	0.0199012	0.34492	0.104906	0.160909	0.525931	0.504929	0.0001	0.0001	0.0001	0.0499029	0.0001	0.659939	0.0001	0.0001	0.0299018	0.222913	0.0001	0.415925	0.0579034	0.659939	0.551933	0.0001	0.0299018	0.0001	0.799947	0.34392	0.0001	0.0001	0.0001	0.573934	0.0001	0.696941	0.0001
92	A	T	ORF	S	NULL	0	0	0	0	0	0	0	0	0	0	0	0	0	0	0	0	0	0	0	0	0	0	0	0	0	0	0	0	0	0	0	0	0	0	0	0	0	0	0	0	0	0	0	0	0	0	0	0	0	0	0	0	0	0
93	A	T	ORF	S	NULL	0	0	0	0	0.0001	0.0001	0.0001	0.0001	0.690942	0.287917	0.463928	0.216913	0.0001	0.0001	0.0001	0.823948	0.0789046	0.0001	0.0001	0.199912	0.0449026	0.0199012	0.34492	0.104906	0.160909	0.525931	0.504929	0.0001	0.0001	0.0001	0.0499029	0.0001	0.659939	0.0001	0.0001	0.0299018	0.222913	0.0001	0.415925	0.0579034	0.659939	0.551933	0.0001	0.0299018	0.0001	0.799947	0.34392	0.0001	0.0001	0.0001	0.573934	0.0001	0.696941	0.0001
94	A	T	ORF	S	NULL	0	0	0	0	0	0	0	0	0	0	0	0	0	0	0	0	0	0	0	0	0	0	0	0	0	0	0	0	0	0	0	0	0	0	0	0	0	0	0	0	0	0	0	0	0	0	0	0	0	0	0	0	0	0
95	A	T	ORF	S	NULL	0	0	0	0	0.0001	0.0001	0.0001	0.0001	0.690942	0.287917	0.463928	0.216913	0.0001	0.0001	0.0001	0.823948	0.0789046	0.0001	0.0001	0.199912	0.0449026	0.0199012	0.34492	0.104906	0.160909	0.525931	0.504929	0.0001	0.0001	0.0001	0.0499029	0.0001	0.659939	0.0001	0.0001	0.0299018	0.222913	0.0001	0.415925	0.0579034	0.659939	0.551933	0.0001	0.0299018	0.0001	0.799947	0.34392	0.0001	0.0001	0.0001	0.573934	0.0001	0.696941	0.0001
96	A	T	ORF	S	NULL	0	0	0	0	0	0	0	0	0	0	0	0	0	0	0	0	0	0	0	0	0	0	0	0	0	0	0	0	0	0	0	0	0	0	0	0	0	0	0	0	0	0	0	0	0	0	0	0	0	0	0	0	0	0
97	A	T	ORF	S	NULL	0	0	0	0	0.0001	0.0001	0.0001	0.0001	0.690942	0.287917	0.463928	0.216913	0.0001	0.0001	0.0001	0.823948	0.0789046	0.0001	0.0001	0.199912	0.0449026	0.0199012	0.34492	0.104906	0.160909	0.525931	0.504929	0.0001	0.0001	0.0001	0.0499029	0.0001	0.659939	0.0001	0.0001	0.0299018	0.222913	0.0001	0.415925	0.0579034	0.659939	0.551933	0.0001	0.0299018	0.0001	0.799947	0.34392	0.0001	0.0001	0.0001	0.573934	0.0001	0.696941	0.0001
98	A	T	ORF	S	NULL	0	0	0	0	0	0	0	0	0	0	0	0	0	0	0	0	0	0	0	0	0	0	0	0	0	0	0	0	0	0	0	0	0	0	0	0	0	0	0	0	0	0	0	0	0	0	0	0	0	0	0	0	0	0
99	A	T	ORF	S	NULL	0	0	0	0	0	0	0	0	0	0	0	0	0	0	0	0	0	0	0	0	0	0	0	0	0	0	0	0	0	0	0	0	0	0	0	0	0	0	0	0	0	0	0	0	0	0	0	0	0	0	0	0	0	0
100	A	T	ORF	S	NULL	0	0	0	0	0	0	0	0	0	0	0	0	0	0	0	0	0	0	0	0	0	0	0	0	0	0	0	0	0	0	0	0	0	0	0	0	0	0	0	0	0	0	0	0	0	0	0	0	0	0	0	0	0	0
