pos	ref	alt	gene	N/S	AA	nSRAsubclonal	nSRAclonal	nSRA	nConsensus	sample0|Earth	sample1|Earth	sample2|Earth	sample3|Earth	sample4|Earth	sample5|Earth	sample6|Earth	sample7|Earth	sample8|Earth	sample9|Earth	sample10|Earth	sample11|Earth	sample12|Earth	sample13|Earth	sample14|Earth	sample15|Earth	sample16|Earth	sample17|Earth	sample18|Earth	sample19|Earth	sample20|Earth	sample21|Earth	sample22|Earth	sample23|Earth	sample24|Earth	sample25|Earth	sample26|Earth	sample27|Earth	sample28|Earth	sample29|Earth	sample30|Earth	sample31|Earth	sample32|Earth	sample33|Earth	sample34|Earth	sample35|Earth	sample36|Earth	sample37|Earth	sample38|Earth	sample39|Earth	sample40|Earth	sample41|Earth	sample42|Earth	sample43|Earth	sample44|Earth	sample45|Earth	sample46|Earth	sample47|Earth	sample48|Earth	sample49|Earth
1	A	T	ORF	S	NULL	0	0	0	0	0.537925	0.0001	0.0001	0.0001	0.0001	0.337916	0.0001	0.42692	0.0001	0.0001	0.0001	0.0849044	0.0001	0.0001	0.0001	0.0001	0.0001	0.0001	0.999919	0.505924	0.99992	0.0001	0.0001	0.0809036	0.562927	0.225911	0.0001	0.0001	0.0001	0.0001	0.0001	0.191909	0.0001	0.0279013	0.0539025	0.0001	0.0949045	0.0001	0.335916	0.334916	0.0001	0.0001	0.0001	0.0001	0.890939	0.0001	0.0001	0.0001	0.444921	0.0001
2	A	T	ORF	S	NULL	0	0	0	0	0	0	0	0	0	0	0	0	0	0	0	0	0	0	0	0	0	0	0	0	0	0	0	0	0	0	0	0	0	0	0	0	0	0	0	0	0	0	0	0	0	0	0	0	0	0	0	0	0	0
3	A	T	ORF	S	NULL	0	0	0	0	0	0	0	0	0	0	0	0	0	0	0	0	0	0	0	0	0	0	0	0	0	0	0	0	0	0	0	0	0	0	0	0	0	0	0	0	0	0	0	0	0	0	0	0	0	0	0	0	0	0
4	A	T	ORF	S	NULL	0	0	0	0	0	0	0	0	0	0	0	0	0	0	0	0	0	0	0	0	0	0	0	0	0	0	0	0	0	0	0	0	0	0	0	0	0	0	0	0	0	0	0	0	0	0	0	0	0	0	0	0	0	0
5	A	T	ORF	S	NULL	0	0	0	0	0.119907	0.0001	0.0001	0.999932	0.196912	0.0001	0.636939	0.0001	0.0001	0.0001	0.0001	0.0001	0.0001	0.0001	0.0001	0.0001	0.0001	0.0001	0.0001	0.0499031	0.0001	0.0001	0.380924	0.305919	0.0001	0.429927	0.274917	0.0001	0.0001	0.0001	0.0001	0.0001	0.0001	0.00690044	0.0001	0.0001	0.0001	0.0001	0.0001	0.0001	0.0001	0.0001	0.0001	0.0001	0.0001	0.0001	0.48893	0.0001	0.0001	0.472929
6	A	T	ORF	S	NULL	0	0	0	0	0.0441142	0.239405	0.0001	0.0001	0.185129	0.0001	0.260912	0.0001	0.0001	0.0001	0.586927	0.0001	0.240932	0.0001	0.0001	0.370917	0.107905	0.971965	0.0001	0.0001	0.0001	0.000100001	0.0001	0.18593	0.0001	0.0001	0.0001	0.0001	0.43192	0.0001	0.0549025	0.0001	0.000100004	0.0001	0.0001	0.0001	0.0001	0.000100001	0.0001	0.310932	0.0001	0.0001	0.0001	0.0001	0.0001	0.0001	0.0899041	0.0130756	0.0001	0.0001
7	A	T	ORF	S	NULL	0	0	0	0	0	0	0	0	0	0	0	0	0	0	0	0	0	0	0	0	0	0	0	0	0	0	0	0	0	0	0	0	0	0	0	0	0	0	0	0	0	0	0	0	0	0	0	0	0	0	0	0	0	0
8	A	T	ORF	S	NULL	0	0	0	0	0.0441142	0.239405	0.0001	0.0001	0.185129	0.0001	0.260912	0.0001	0.0001	0.0001	0.586927	0.0001	0.240932	0.0001	0.0001	0.370917	0.107905	0.971965	0.0001	0.0001	0.0001	0.000100001	0.0001	0.18593	0.0001	0.0001	0.0001	0.0001	0.43192	0.0001	0.0549025	0.0001	0.000100004	0.0001	0.0001	0.0001	0.0001	0.000100001	0.0001	0.310932	0.0001	0.0001	0.0001	0.0001	0.0001	0.0001	0.0899041	0.0130756	0.0001	0.0001
9	A	T	ORF	S	NULL	0	0	0	0	0	0	0	0	0	0	0	0	0	0	0	0	0	0	0	0	0	0	0	0	0	0	0	0	0	0	0	0	0	0	0	0	0	0	0	0	0	0	0	0	0	0	0	0	0	0	0	0	0	0
10	A	T	ORF	S	NULL	0	0	0	0	0	0	0	0	0	0	0	0	0	0	0	0	0	0	0	0	0	0	0	0	0	0	0	0	0	0	0	0	0	0	0	0	0	0	0	0	0	0	0	0	0	0	0	0	0	0	0	0	0	0
11	A	T	ORF	S	NULL	0	0	0	0	0.0001	0.0001	0.0001	0.0001	0.0001	0.0001	0.0999052	0.411923	0.0001	0.213912	0.0001	0.0001	0.0001	0.0001	0.0001	0.0001	0.274915	0.0001	0.0001	0.0001	0.0001	0.0001	0.0001	0.0569029	0.0859052	0.308917	0.149908	0.0001	0.0001	0.0001	0.600933	0.0001	0.0001	0.0001	0.0001	0.0001	0.0001	0.000100002	0.0679038	0.0001	0.0001	0.0669038	0.0001	0.554931	0.0001	0.412922	0.0001	0.152909	0.035902	0.489927
12	A	T	ORF	S	NULL	0	0	0	0	0	0	0	0	0	0	0	0	0	0	0	0	0	0	0	0	0	0	0	0	0	0	0	0	0	0	0	0	0	0	0	0	0	0	0	0	0	0	0	0	0	0	0	0	0	0	0	0	0	0
13	A	T	ORF	S	NULL	0	0	0	0	0	0	0	0	0	0	0	0	0	0	0	0	0	0	0	0	0	0	0	0	0	0	0	0	0	0	0	0	0	0	0	0	0	0	0	0	0	0	0	0	0	0	0	0	0	0	0	0	0	0
14	A	T	ORF	S	NULL	0	0	0	0	0.00586281	0.518041	0.169907	0.0001	0.000100001	0.0001	0.000100001	0.0001	0.601923	0.0001	0.000100002	0.0001	0.000100002	0.0001	0.0001	0.000100001	0.0001	0.0269169	0.0001	0.441914	0.0001	0.679928	0.0001	0.277931	0.0001	0.0001	0.573922	0.0001	0.000100002	0.0001	0.0001	0.0001	0.0001	0.0001	0.0001	0.0001	0.853933	0.0001	0.0001	0.352935	0.0001	0.109904	0.0001	0.0001	0.0001	0.0329015	0.0001	0.201138	0.247909	0.0001
15	A	T	ORF	S	NULL	0	0	0	0	0	0	0	0	0	0	0	0	0	0	0	0	0	0	0	0	0	0	0	0	0	0	0	0	0	0	0	0	0	0	0	0	0	0	0	0	0	0	0	0	0	0	0	0	0	0	0	0	0	0
16	A	T	ORF	S	NULL	0	0	0	0	0	0	0	0	0	0	0	0	0	0	0	0	0	0	0	0	0	0	0	0	0	0	0	0	0	0	0	0	0	0	0	0	0	0	0	0	0	0	0	0	0	0	0	0	0	0	0	0	0	0
17	A	T	ORF	S	NULL	0	0	0	0	0.0001	0.0001	0.0001	0.0001	0.0001	0.0001	0.0999052	0.411923	0.0001	0.213912	0.0001	0.0001	0.0001	0.0001	0.0001	0.0001	0.274915	0.0001	0.0001	0.0001	0.0001	0.0001	0.0001	0.0569029	0.0859052	0.308917	0.149908	0.0001	0.0001	0.0001	0.600933	0.0001	0.0001	0.0001	0.0001	0.0001	0.0001	0.000100002	0.0679038	0.0001	0.0001	0.0669038	0.0001	0.554931	0.0001	0.412922	0.0001	0.152909	0.035902	0.489927
18	A	T	ORF	S	NULL	0	0	0	0	0.160085	0.241031	0.828938	0.0001	0.616149	0.000100003	0.000100002	0.000100003	0.349916	0.00790035	0.000100004	0.0269012	0.335933	0.999916	0.826937	0.000100001	0.0001	0.000100007	0.000100006	0.000100003	0.000100006	0.0001	0.0001	0.000100002	0.000100003	0.000100001	0.0001	0.124906	0.000100004	0.000100001	0.0001	0.000100001	0.0001	0.0001	0.944943	0.0001	0.0001	0.353916	0.000100002	0.000100004	0.0001	0.428921	0.998945	0.0001	0.000100006	0.408919	0.0001	0.0001	0.000100003	0.0001
19	A	T	ORF	S	NULL	0	0	0	0	0	0	0	0	0	0	0	0	0	0	0	0	0	0	0	0	0	0	0	0	0	0	0	0	0	0	0	0	0	0	0	0	0	0	0	0	0	0	0	0	0	0	0	0	0	0	0	0	0	0
20	A	T	ORF	S	NULL	0	0	0	0	0	0	0	0	0	0	0	0	0	0	0	0	0	0	0	0	0	0	0	0	0	0	0	0	0	0	0	0	0	0	0	0	0	0	0	0	0	0	0	0	0	0	0	0	0	0	0	0	0	0
21	A	T	ORF	S	NULL	0	0	0	0	0	0	0	0	0	0	0	0	0	0	0	0	0	0	0	0	0	0	0	0	0	0	0	0	0	0	0	0	0	0	0	0	0	0	0	0	0	0	0	0	0	0	0	0	0	0	0	0	0	0
22	A	T	ORF	S	NULL	0	0	0	0	0	0	0	0	0	0	0	0	0	0	0	0	0	0	0	0	0	0	0	0	0	0	0	0	0	0	0	0	0	0	0	0	0	0	0	0	0	0	0	0	0	0	0	0	0	0	0	0	0	0
23	A	T	ORF	S	NULL	0	0	0	0	0	0	0	0	0	0	0	0	0	0	0	0	0	0	0	0	0	0	0	0	0	0	0	0	0	0	0	0	0	0	0	0	0	0	0	0	0	0	0	0	0	0	0	0	0	0	0	0	0	0
24	A	T	ORF	S	NULL	0	0	0	0	0	0	0	0	0	0	0	0	0	0	0	0	0	0	0	0	0	0	0	0	0	0	0	0	0	0	0	0	0	0	0	0	0	0	0	0	0	0	0	0	0	0	0	0	0	0	0	0	0	0
25	A	T	ORF	S	NULL	0	0	0	0	0.0001	0.0001	0.0001	0.0001	0.0001	0.0001	0.0001	0.0819052	0.0459029	0.0001	0.0001	0.0001	0.000100001	0.0001	0.0001	0.0001	0.107907	0.0001	0.0001	0.0001	0.0001	0.31192	0.0001	0.0001	0.349922	0.0001	0.0001	0.000100002	0.000100001	0.0001	0.0279018	0.0001	0.000100004	0.0001	0.0001	0.0001	0.0499032	0.587937	0.102907	0.0001	0.0001	0.0001	0.0001	0.443928	0.0001	0.142909	0.0001	0.0001	0.0001	0.0001
26	A	T	ORF	S	NULL	0	0	0	0	0.0719041	0.000100003	0.0001	0.0001	0.000100001	0.0001	0.000100002	0.0001	0.000100002	0.0001	0.411922	0.458925	0.0339018	0.0001	0.0001	0.627935	0.506928	0.000100008	0.0001	0.000100001	0.0001	0.000100002	0.125907	0.000100002	0.0001	0.0001	0.000100001	0.155909	0.000100004	0.999923	0.0679038	0.0001	0.0001	0.468926	0.0001	0.034902	0.000100002	0.0001	0.0001	0.000100004	0.674938	0.148908	0.0001	0.0001	0.0001	0.0001	0.356918	0.000100001	0.153908	0.0001
27	A	T	ORF	S	NULL	0	0	0	0	0.00586281	0.518041	0.169907	0.0001	0.000100001	0.0001	0.000100001	0.0001	0.601923	0.0001	0.000100002	0.0001	0.000100002	0.0001	0.0001	0.000100001	0.0001	0.0269169	0.0001	0.441914	0.0001	0.679928	0.0001	0.277931	0.0001	0.0001	0.573922	0.0001	0.000100002	0.0001	0.0001	0.0001	0.0001	0.0001	0.0001	0.0001	0.853933	0.0001	0.0001	0.352935	0.0001	0.109904	0.0001	0.0001	0.0001	0.0329015	0.0001	0.201138	0.247909	0.0001
28	A	T	ORF	S	NULL	0	0	0	0	0	0	0	0	0	0	0	0	0	0	0	0	0	0	0	0	0	0	0	0	0	0	0	0	0	0	0	0	0	0	0	0	0	0	0	0	0	0	0	0	0	0	0	0	0	0	0	0	0	0
29	A	T	ORF	S	NULL	0	0	0	0	0	0	0	0	0	0	0	0	0	0	0	0	0	0	0	0	0	0	0	0	0	0	0	0	0	0	0	0	0	0	0	0	0	0	0	0	0	0	0	0	0	0	0	0	0	0	0	0	0	0
30	A	T	ORF	S	NULL	0	0	0	0	0	0	0	0	0	0	0	0	0	0	0	0	0	0	0	0	0	0	0	0	0	0	0	0	0	0	0	0	0	0	0	0	0	0	0	0	0	0	0	0	0	0	0	0	0	0	0	0	0	0
31	A	T	ORF	S	NULL	0	0	0	0	0	0	0	0	0	0	0	0	0	0	0	0	0	0	0	0	0	0	0	0	0	0	0	0	0	0	0	0	0	0	0	0	0	0	0	0	0	0	0	0	0	0	0	0	0	0	0	0	0	0
32	A	T	ORF	S	NULL	0	0	0	0	0	0	0	0	0	0	0	0	0	0	0	0	0	0	0	0	0	0	0	0	0	0	0	0	0	0	0	0	0	0	0	0	0	0	0	0	0	0	0	0	0	0	0	0	0	0	0	0	0	0
33	A	T	ORF	S	NULL	0	0	0	0	0	0	0	0	0	0	0	0	0	0	0	0	0	0	0	0	0	0	0	0	0	0	0	0	0	0	0	0	0	0	0	0	0	0	0	0	0	0	0	0	0	0	0	0	0	0	0	0	0	0
34	A	T	ORF	S	NULL	0	0	0	0	0	0	0	0	0	0	0	0	0	0	0	0	0	0	0	0	0	0	0	0	0	0	0	0	0	0	0	0	0	0	0	0	0	0	0	0	0	0	0	0	0	0	0	0	0	0	0	0	0	0
35	A	T	ORF	S	NULL	0	0	0	0	0.0719041	0.000100003	0.0001	0.0001	0.000100001	0.0001	0.000100002	0.0001	0.000100002	0.0001	0.411922	0.458925	0.0339018	0.0001	0.0001	0.627935	0.506928	0.000100008	0.0001	0.000100001	0.0001	0.000100002	0.125907	0.000100002	0.0001	0.0001	0.000100001	0.155909	0.000100004	0.999923	0.0679038	0.0001	0.0001	0.468926	0.0001	0.034902	0.000100002	0.0001	0.0001	0.000100004	0.674938	0.148908	0.0001	0.0001	0.0001	0.0001	0.356918	0.000100001	0.153908	0.0001
36	A	T	ORF	S	NULL	0	0	0	0	0.537925	0.0001	0.0001	0.0001	0.0001	0.337916	0.0001	0.42692	0.0001	0.0001	0.0001	0.0849044	0.0001	0.0001	0.0001	0.0001	0.0001	0.0001	0.999919	0.505924	0.99992	0.0001	0.0001	0.0809036	0.562927	0.225911	0.0001	0.0001	0.0001	0.0001	0.0001	0.191909	0.0001	0.0279013	0.0539025	0.0001	0.0949045	0.0001	0.335916	0.334916	0.0001	0.0001	0.0001	0.0001	0.890939	0.0001	0.0001	0.0001	0.444921	0.0001
37	A	T	ORF	S	NULL	0	0	0	0	0	0	0	0	0	0	0	0	0	0	0	0	0	0	0	0	0	0	0	0	0	0	0	0	0	0	0	0	0	0	0	0	0	0	0	0	0	0	0	0	0	0	0	0	0	0	0	0	0	0
38	A	T	ORF	S	NULL	0	0	0	0	0.0001	0.0001	0.0001	0.0001	0.0001	0.0001	0.0001	0.0001	0.0001	0.775948	0.0001	0.426927	0.100906	0.0001	0.171912	0.0001	0.0001	0.0001	0.0001	0.0001	0.0001	0.0001	0.490931	0.0909058	0.0001	0.0329021	0.0001	0.0001	0.0001	0.0001	0.0001	0.516933	0.000100001	0.0001	0.0001	0.0001	0.0001	0.0569036	0.0001	0.0001	0.323921	0.0001	0.0001	0.0001	0.0001	0.0001	0.0269017	0.473932	0.114907	0.0359022
39	A	T	ORF	S	NULL	0	0	0	0	0	0	0	0	0	0	0	0	0	0	0	0	0	0	0	0	0	0	0	0	0	0	0	0	0	0	0	0	0	0	0	0	0	0	0	0	0	0	0	0	0	0	0	0	0	0	0	0	0	0
40	A	T	ORF	S	NULL	0	0	0	0	0.0719041	0.000100003	0.0001	0.0001	0.000100001	0.0001	0.000100002	0.0001	0.000100002	0.0001	0.411922	0.458925	0.0339018	0.0001	0.0001	0.627935	0.506928	0.000100008	0.0001	0.000100001	0.0001	0.000100002	0.125907	0.000100002	0.0001	0.0001	0.000100001	0.155909	0.000100004	0.999923	0.0679038	0.0001	0.0001	0.468926	0.0001	0.034902	0.000100002	0.0001	0.0001	0.000100004	0.674938	0.148908	0.0001	0.0001	0.0001	0.0001	0.356918	0.000100001	0.153908	0.0001
41	A	T	ORF	S	NULL	0	0	0	0	0.537925	0.0001	0.0001	0.0001	0.0001	0.337916	0.0001	0.42692	0.0001	0.0001	0.0001	0.0849044	0.0001	0.0001	0.0001	0.0001	0.0001	0.0001	0.999919	0.505924	0.99992	0.0001	0.0001	0.0809036	0.562927	0.225911	0.0001	0.0001	0.0001	0.0001	0.0001	0.191909	0.0001	0.0279013	0.0539025	0.0001	0.0949045	0.0001	0.335916	0.334916	0.0001	0.0001	0.0001	0.0001	0.890939	0.0001	0.0001	0.0001	0.444921	0.0001
42	A	T	ORF	S	NULL	0	0	0	0	0.160085	0.241031	0.828938	0.0001	0.616149	0.000100003	0.000100002	0.000100003	0.349916	0.00790035	0.000100004	0.0269012	0.335933	0.999916	0.826937	0.000100001	0.0001	0.000100007	0.000100006	0.000100003	0.000100006	0.0001	0.0001	0.000100002	0.000100003	0.000100001	0.0001	0.124906	0.000100004	0.000100001	0.0001	0.000100001	0.0001	0.0001	0.944943	0.0001	0.0001	0.353916	0.000100002	0.000100004	0.0001	0.428921	0.998945	0.0001	0.000100006	0.408919	0.0001	0.0001	0.000100003	0.0001
43	A	T	ORF	S	NULL	0	0	0	0	0	0	0	0	0	0	0	0	0	0	0	0	0	0	0	0	0	0	0	0	0	0	0	0	0	0	0	0	0	0	0	0	0	0	0	0	0	0	0	0	0	0	0	0	0	0	0	0	0	0
44	A	T	ORF	S	NULL	0	0	0	0	0.537925	0.0001	0.0001	0.0001	0.0001	0.337916	0.0001	0.42692	0.0001	0.0001	0.0001	0.0849044	0.0001	0.0001	0.0001	0.0001	0.0001	0.0001	0.999919	0.505924	0.99992	0.0001	0.0001	0.0809036	0.562927	0.225911	0.0001	0.0001	0.0001	0.0001	0.0001	0.191909	0.0001	0.0279013	0.0539025	0.0001	0.0949045	0.0001	0.335916	0.334916	0.0001	0.0001	0.0001	0.0001	0.890939	0.0001	0.0001	0.0001	0.444921	0.0001
45	A	T	ORF	S	NULL	0	0	0	0	0	0	0	0	0	0	0	0	0	0	0	0	0	0	0	0	0	0	0	0	0	0	0	0	0	0	0	0	0	0	0	0	0	0	0	0	0	0	0	0	0	0	0	0	0	0	0	0	0	0
46	A	T	ORF	S	NULL	0	0	0	0	0.537925	0.0001	0.0001	0.0001	0.0001	0.337916	0.0001	0.42692	0.0001	0.0001	0.0001	0.0849044	0.0001	0.0001	0.0001	0.0001	0.0001	0.0001	0.999919	0.505924	0.99992	0.0001	0.0001	0.0809036	0.562927	0.225911	0.0001	0.0001	0.0001	0.0001	0.0001	0.191909	0.0001	0.0279013	0.0539025	0.0001	0.0949045	0.0001	0.335916	0.334916	0.0001	0.0001	0.0001	0.0001	0.890939	0.0001	0.0001	0.0001	0.444921	0.0001
47	A	T	ORF	S	NULL	0	0	0	0	0	0	0	0	0	0	0	0	0	0	0	0	0	0	0	0	0	0	0	0	0	0	0	0	0	0	0	0	0	0	0	0	0	0	0	0	0	0	0	0	0	0	0	0	0	0	0	0	0	0
48	A	T	ORF	S	NULL	0	0	0	0	0	0	0	0	0	0	0	0	0	0	0	0	0	0	0	0	0	0	0	0	0	0	0	0	0	0	0	0	0	0	0	0	0	0	0	0	0	0	0	0	0	0	0	0	0	0	0	0	0	0
49	A	T	ORF	S	NULL	0	0	0	0	0.0719041	0.000100003	0.0001	0.0001	0.000100001	0.0001	0.000100002	0.0001	0.000100002	0.0001	0.411922	0.458925	0.0339018	0.0001	0.0001	0.627935	0.506928	0.000100008	0.0001	0.000100001	0.0001	0.000100002	0.125907	0.000100002	0.0001	0.0001	0.000100001	0.155909	0.000100004	0.999923	0.0679038	0.0001	0.0001	0.468926	0.0001	0.034902	0.000100002	0.0001	0.0001	0.000100004	0.674938	0.148908	0.0001	0.0001	0.0001	0.0001	0.356918	0.000100001	0.153908	0.0001
50	A	T	ORF	S	NULL	0	0	0	0	0	0	0	0	0	0	0	0	0	0	0	0	0	0	0	0	0	0	0	0	0	0	0	0	0	0	0	0	0	0	0	0	0	0	0	0	0	0	0	0	0	0	0	0	0	0	0	0	0	0
51	A	T	ORF	S	NULL	0	0	0	0	0.0441142	0.239405	0.0001	0.0001	0.185129	0.0001	0.260912	0.0001	0.0001	0.0001	0.586927	0.0001	0.240932	0.0001	0.0001	0.370917	0.107905	0.971965	0.0001	0.0001	0.0001	0.000100001	0.0001	0.18593	0.0001	0.0001	0.0001	0.0001	0.43192	0.0001	0.0549025	0.0001	0.000100004	0.0001	0.0001	0.0001	0.0001	0.000100001	0.0001	0.310932	0.0001	0.0001	0.0001	0.0001	0.0001	0.0001	0.0899041	0.0130756	0.0001	0.0001
52	A	T	ORF	S	NULL	0	0	0	0	0	0	0	0	0	0	0	0	0	0	0	0	0	0	0	0	0	0	0	0	0	0	0	0	0	0	0	0	0	0	0	0	0	0	0	0	0	0	0	0	0	0	0	0	0	0	0	0	0	0
53	A	T	ORF	S	NULL	0	0	0	0	0	0	0	0	0	0	0	0	0	0	0	0	0	0	0	0	0	0	0	0	0	0	0	0	0	0	0	0	0	0	0	0	0	0	0	0	0	0	0	0	0	0	0	0	0	0	0	0	0	0
54	A	T	ORF	S	NULL	0	0	0	0	0	0	0	0	0	0	0	0	0	0	0	0	0	0	0	0	0	0	0	0	0	0	0	0	0	0	0	0	0	0	0	0	0	0	0	0	0	0	0	0	0	0	0	0	0	0	0	0	0	0
55	A	T	ORF	S	NULL	0	0	0	0	0.00586281	0.518041	0.169907	0.0001	0.000100001	0.0001	0.000100001	0.0001	0.601923	0.0001	0.000100002	0.0001	0.000100002	0.0001	0.0001	0.000100001	0.0001	0.0269169	0.0001	0.441914	0.0001	0.679928	0.0001	0.277931	0.0001	0.0001	0.573922	0.0001	0.000100002	0.0001	0.0001	0.0001	0.0001	0.0001	0.0001	0.0001	0.853933	0.0001	0.0001	0.352935	0.0001	0.109904	0.0001	0.0001	0.0001	0.0329015	0.0001	0.201138	0.247909	0.0001
56	A	T	ORF	S	NULL	0	0	0	0	0.0001	0.0001	0.0001	0.0001	0.0001	0.0001	0.0999052	0.411923	0.0001	0.213912	0.0001	0.0001	0.0001	0.0001	0.0001	0.0001	0.274915	0.0001	0.0001	0.0001	0.0001	0.0001	0.0001	0.0569029	0.0859052	0.308917	0.149908	0.0001	0.0001	0.0001	0.600933	0.0001	0.0001	0.0001	0.0001	0.0001	0.0001	0.000100002	0.0679038	0.0001	0.0001	0.0669038	0.0001	0.554931	0.0001	0.412922	0.0001	0.152909	0.035902	0.489927
57	A	T	ORF	S	NULL	0	0	0	0	0	0	0	0	0	0	0	0	0	0	0	0	0	0	0	0	0	0	0	0	0	0	0	0	0	0	0	0	0	0	0	0	0	0	0	0	0	0	0	0	0	0	0	0	0	0	0	0	0	0
58	A	T	ORF	S	NULL	0	0	0	0	0	0	0	0	0	0	0	0	0	0	0	0	0	0	0	0	0	0	0	0	0	0	0	0	0	0	0	0	0	0	0	0	0	0	0	0	0	0	0	0	0	0	0	0	0	0	0	0	0	0
59	A	T	ORF	S	NULL	0	0	0	0	0.119907	0.0001	0.0001	0.999932	0.196912	0.0001	0.636939	0.0001	0.0001	0.0001	0.0001	0.0001	0.0001	0.0001	0.0001	0.0001	0.0001	0.0001	0.0001	0.0499031	0.0001	0.0001	0.380924	0.305919	0.0001	0.429927	0.274917	0.0001	0.0001	0.0001	0.0001	0.0001	0.0001	0.00690044	0.0001	0.0001	0.0001	0.0001	0.0001	0.0001	0.0001	0.0001	0.0001	0.0001	0.0001	0.0001	0.48893	0.0001	0.0001	0.472929
60	A	T	ORF	S	NULL	0	0	0	0	0	0	0	0	0	0	0	0	0	0	0	0	0	0	0	0	0	0	0	0	0	0	0	0	0	0	0	0	0	0	0	0	0	0	0	0	0	0	0	0	0	0	0	0	0	0	0	0	0	0
61	A	T	ORF	S	NULL	0	0	0	0	0	0	0	0	0	0	0	0	0	0	0	0	0	0	0	0	0	0	0	0	0	0	0	0	0	0	0	0	0	0	0	0	0	0	0	0	0	0	0	0	0	0	0	0	0	0	0	0	0	0
62	A	T	ORF	S	NULL	0	0	0	0	0.204199	0.480436	0.829038	0.0002	0.801278	0.000200003	0.261012	0.000200003	0.350016	0.00800035	0.587027	0.0270012	0.576865	1.00002	0.827037	0.371017	0.108005	0.972065	0.000200006	0.000200003	0.000200006	0.000200001	0.0002	0.18603	0.000200003	0.000200001	0.0002	0.125006	0.43202	0.000200001	0.0550025	0.000200001	0.000200004	0.0002	0.945043	0.0002	0.0002	0.354016	0.000200002	0.311032	0.0002	0.429021	0.999045	0.0002	0.000200006	0.409019	0.0900041	0.0131756	0.000200003	0.0002
63	A	T	ORF	S	NULL	0	0	0	0	0	0	0	0	0	0	0	0	0	0	0	0	0	0	0	0	0	0	0	0	0	0	0	0	0	0	0	0	0	0	0	0	0	0	0	0	0	0	0	0	0	0	0	0	0	0	0	0	0	0
64	A	T	ORF	S	NULL	0	0	0	0	0	0	0	0	0	0	0	0	0	0	0	0	0	0	0	0	0	0	0	0	0	0	0	0	0	0	0	0	0	0	0	0	0	0	0	0	0	0	0	0	0	0	0	0	0	0	0	0	0	0
65	A	T	ORF	S	NULL	0	0	0	0	0	0	0	0	0	0	0	0	0	0	0	0	0	0	0	0	0	0	0	0	0	0	0	0	0	0	0	0	0	0	0	0	0	0	0	0	0	0	0	0	0	0	0	0	0	0	0	0	0	0
66	A	T	ORF	S	NULL	0	0	0	0	0	0	0	0	0	0	0	0	0	0	0	0	0	0	0	0	0	0	0	0	0	0	0	0	0	0	0	0	0	0	0	0	0	0	0	0	0	0	0	0	0	0	0	0	0	0	0	0	0	0
67	A	T	ORF	S	NULL	0	0	0	0	0	0	0	0	0	0	0	0	0	0	0	0	0	0	0	0	0	0	0	0	0	0	0	0	0	0	0	0	0	0	0	0	0	0	0	0	0	0	0	0	0	0	0	0	0	0	0	0	0	0
68	A	T	ORF	S	NULL	0	0	0	0	0	0	0	0	0	0	0	0	0	0	0	0	0	0	0	0	0	0	0	0	0	0	0	0	0	0	0	0	0	0	0	0	0	0	0	0	0	0	0	0	0	0	0	0	0	0	0	0	0	0
69	A	T	ORF	S	NULL	0	0	0	0	0	0	0	0	0	0	0	0	0	0	0	0	0	0	0	0	0	0	0	0	0	0	0	0	0	0	0	0	0	0	0	0	0	0	0	0	0	0	0	0	0	0	0	0	0	0	0	0	0	0
70	A	T	ORF	S	NULL	0	0	0	0	0.0001	0.0001	0.0001	0.0001	0.0001	0.0001	0.0001	0.0001	0.0001	0.775948	0.0001	0.426927	0.100906	0.0001	0.171912	0.0001	0.0001	0.0001	0.0001	0.0001	0.0001	0.0001	0.490931	0.0909058	0.0001	0.0329021	0.0001	0.0001	0.0001	0.0001	0.0001	0.516933	0.000100001	0.0001	0.0001	0.0001	0.0001	0.0569036	0.0001	0.0001	0.323921	0.0001	0.0001	0.0001	0.0001	0.0001	0.0269017	0.473932	0.114907	0.0359022
71	A	T	ORF	S	NULL	0	0	0	0	0	0	0	0	0	0	0	0	0	0	0	0	0	0	0	0	0	0	0	0	0	0	0	0	0	0	0	0	0	0	0	0	0	0	0	0	0	0	0	0	0	0	0	0	0	0	0	0	0	0
72	A	T	ORF	S	NULL	0	0	0	0	0.0499771	0.757445	0.170007	0.0002	0.185229	0.0002	0.261012	0.0002	0.602023	0.0002	0.587027	0.0002	0.241032	0.0002	0.0002	0.371017	0.108005	0.998881	0.0002	0.442014	0.0002	0.680028	0.0002	0.463861	0.0002	0.0002	0.574022	0.0002	0.43202	0.0002	0.0550025	0.0002	0.000200004	0.0002	0.0002	0.000200001	0.854033	0.000200001	0.0002	0.663867	0.0002	0.110004	0.0002	0.0002	0.0002	0.0330015	0.0900041	0.214214	0.248009	0.0002
73	A	T	ORF	S	NULL	0	0	0	0	0	0	0	0	0	0	0	0	0	0	0	0	0	0	0	0	0	0	0	0	0	0	0	0	0	0	0	0	0	0	0	0	0	0	0	0	0	0	0	0	0	0	0	0	0	0	0	0	0	0
74	A	T	ORF	S	NULL	0	0	0	0	0	0	0	0	0	0	0	0	0	0	0	0	0	0	0	0	0	0	0	0	0	0	0	0	0	0	0	0	0	0	0	0	0	0	0	0	0	0	0	0	0	0	0	0	0	0	0	0	0	0
75	A	T	ORF	S	NULL	0	0	0	0	0	0	0	0	0	0	0	0	0	0	0	0	0	0	0	0	0	0	0	0	0	0	0	0	0	0	0	0	0	0	0	0	0	0	0	0	0	0	0	0	0	0	0	0	0	0	0	0	0	0
76	A	T	ORF	S	NULL	0	0	0	0	0	0	0	0	0	0	0	0	0	0	0	0	0	0	0	0	0	0	0	0	0	0	0	0	0	0	0	0	0	0	0	0	0	0	0	0	0	0	0	0	0	0	0	0	0	0	0	0	0	0
77	A	T	ORF	S	NULL	0	0	0	0	0.0719041	0.000100003	0.0001	0.0001	0.000100001	0.0001	0.000100002	0.0001	0.000100002	0.0001	0.411922	0.458925	0.0339018	0.0001	0.0001	0.627935	0.506928	0.000100008	0.0001	0.000100001	0.0001	0.000100002	0.125907	0.000100002	0.0001	0.0001	0.000100001	0.155909	0.000100004	0.999923	0.0679038	0.0001	0.0001	0.468926	0.0001	0.034902	0.000100002	0.0001	0.0001	0.000100004	0.674938	0.148908	0.0001	0.0001	0.0001	0.0001	0.356918	0.000100001	0.153908	0.0001
78	A	T	ORF	S	NULL	0	0	0	0	0	0	0	0	0	0	0	0	0	0	0	0	0	0	0	0	0	0	0	0	0	0	0	0	0	0	0	0	0	0	0	0	0	0	0	0	0	0	0	0	0	0	0	0	0	0	0	0	0	0
79	A	T	ORF	S	NULL	0	0	0	0	0.160085	0.241031	0.828938	0.0001	0.616149	0.000100003	0.000100002	0.000100003	0.349916	0.00790035	0.000100004	0.0269012	0.335933	0.999916	0.826937	0.000100001	0.0001	0.000100007	0.000100006	0.000100003	0.000100006	0.0001	0.0001	0.000100002	0.000100003	0.000100001	0.0001	0.124906	0.000100004	0.000100001	0.0001	0.000100001	0.0001	0.0001	0.944943	0.0001	0.0001	0.353916	0.000100002	0.000100004	0.0001	0.428921	0.998945	0.0001	0.000100006	0.408919	0.0001	0.0001	0.000100003	0.0001
80	A	T	ORF	S	NULL	0	0	0	0	0.0001	0.0001	0.0001	0.0001	0.0001	0.0001	0.0001	0.0819052	0.0459029	0.0001	0.0001	0.0001	0.000100001	0.0001	0.0001	0.0001	0.107907	0.0001	0.0001	0.0001	0.0001	0.31192	0.0001	0.0001	0.349922	0.0001	0.0001	0.000100002	0.000100001	0.0001	0.0279018	0.0001	0.000100004	0.0001	0.0001	0.0001	0.0499032	0.587937	0.102907	0.0001	0.0001	0.0001	0.0001	0.443928	0.0001	0.142909	0.0001	0.0001	0.0001	0.0001
81	A	T	ORF	S	NULL	0	0	0	0	0	0	0	0	0	0	0	0	0	0	0	0	0	0	0	0	0	0	0	0	0	0	0	0	0	0	0	0	0	0	0	0	0	0	0	0	0	0	0	0	0	0	0	0	0	0	0	0	0	0
82	A	T	ORF	S	NULL	0	0	0	0	0.160085	0.241031	0.828938	0.0001	0.616149	0.000100003	0.000100002	0.000100003	0.349916	0.00790035	0.000100004	0.0269012	0.335933	0.999916	0.826937	0.000100001	0.0001	0.000100007	0.000100006	0.000100003	0.000100006	0.0001	0.0001	0.000100002	0.000100003	0.000100001	0.0001	0.124906	0.000100004	0.000100001	0.0001	0.000100001	0.0001	0.0001	0.944943	0.0001	0.0001	0.353916	0.000100002	0.000100004	0.0001	0.428921	0.998945	0.0001	0.000100006	0.408919	0.0001	0.0001	0.000100003	0.0001
83	A	T	ORF	S	NULL	0	0	0	0	0.0001	0.0001	0.0001	0.0001	0.0001	0.0001	0.0001	0.0001	0.0001	0.775948	0.0001	0.426927	0.100906	0.0001	0.171912	0.0001	0.0001	0.0001	0.0001	0.0001	0.0001	0.0001	0.490931	0.0909058	0.0001	0.0329021	0.0001	0.0001	0.0001	0.0001	0.0001	0.516933	0.000100001	0.0001	0.0001	0.0001	0.0001	0.0569036	0.0001	0.0001	0.323921	0.0001	0.0001	0.0001	0.0001	0.0001	0.0269017	0.473932	0.114907	0.0359022
84	A	T	ORF	S	NULL	0	0	0	0	0.119907	0.0001	0.0001	0.999932	0.196912	0.0001	0.636939	0.0001	0.0001	0.0001	0.0001	0.0001	0.0001	0.0001	0.0001	0.0001	0.0001	0.0001	0.0001	0.0499031	0.0001	0.0001	0.380924	0.305919	0.0001	0.429927	0.274917	0.0001	0.0001	0.0001	0.0001	0.0001	0.0001	0.00690044	0.0001	0.0001	0.0001	0.0001	0.0001	0.0001	0.0001	0.0001	0.0001	0.0001	0.0001	0.0001	0.48893	0.0001	0.0001	0.472929
85	A	T	ORF	S	NULL	0	0	0	0	0.119907	0.0001	0.0001	0.999932	0.196912	0.0001	0.636939	0.0001	0.0001	0.0001	0.0001	0.0001	0.0001	0.0001	0.0001	0.0001	0.0001	0.0001	0.0001	0.0499031	0.0001	0.0001	0.380924	0.305919	0.0001	0.429927	0.274917	0.0001	0.0001	0.0001	0.0001	0.0001	0.0001	0.00690044	0.0001	0.0001	0.0001	0.0001	0.0001	0.0001	0.0001	0.0001	0.0001	0.0001	0.0001	0.0001	0.48893	0.0001	0.0001	0.472929
86	A	T	ORF	S	NULL	0	0	0	0	0.0001	0.0001	0.0001	0.0001	0.0001	0.0001	0.0999052	0.411923	0.0001	0.213912	0.0001	0.0001	0.0001	0.0001	0.0001	0.0001	0.274915	0.0001	0.0001	0.0001	0.0001	0.0001	0.0001	0.0569029	0.0859052	0.308917	0.149908	0.0001	0.0001	0.0001	0.600933	0.0001	0.0001	0.0001	0.0001	0.0001	0.0001	0.000100002	0.0679038	0.0001	0.0001	0.0669038	0.0001	0.554931	0.0001	0.412922	0.0001	0.152909	0.035902	0.489927
87	A	T	ORF	S	NULL	0	0	0	0	0.0001	0.0001	0.0001	0.0001	0.0001	0.0001	0.0001	0.0819052	0.0459029	0.0001	0.0001	0.0001	0.000100001	0.0001	0.0001	0.0001	0.107907	0.0001	0.0001	0.0001	0.0001	0.31192	0.0001	0.0001	0.349922	0.0001	0.0001	0.000100002	0.000100001	0.0001	0.0279018	0.0001	0.000100004	0.0001	0.0001	0.0001	0.0499032	0.587937	0.102907	0.0001	0.0001	0.0001	0.0001	0.443928	0.0001	0.142909	0.0001	0.0001	0.0001	0.0001
88	A	T	ORF	S	NULL	0	0	0	0	0	0	0	0	0	0	0	0	0	0	0	0	0	0	0	0	0	0	0	0	0	0	0	0	0	0	0	0	0	0	0	0	0	0	0	0	0	0	0	0	0	0	0	0	0	0	0	0	0	0
89	A	T	ORF	S	NULL	0	0	0	0	0	0	0	0	0	0	0	0	0	0	0	0	0	0	0	0	0	0	0	0	0	0	0	0	0	0	0	0	0	0	0	0	0	0	0	0	0	0	0	0	0	0	0	0	0	0	0	0	0	0
90	A	T	ORF	S	NULL	0	0	0	0	0	0	0	0	0	0	0	0	0	0	0	0	0	0	0	0	0	0	0	0	0	0	0	0	0	0	0	0	0	0	0	0	0	0	0	0	0	0	0	0	0	0	0	0	0	0	0	0	0	0
91	A	T	ORF	S	NULL	0	0	0	0	0.0719041	0.000100003	0.0001	0.0001	0.000100001	0.0001	0.000100002	0.0001	0.000100002	0.0001	0.411922	0.458925	0.0339018	0.0001	0.0001	0.627935	0.506928	0.000100008	0.0001	0.000100001	0.0001	0.000100002	0.125907	0.000100002	0.0001	0.0001	0.000100001	0.155909	0.000100004	0.999923	0.0679038	0.0001	0.0001	0.468926	0.0001	0.034902	0.000100002	0.0001	0.0001	0.000100004	0.674938	0.148908	0.0001	0.0001	0.0001	0.0001	0.356918	0.000100001	0.153908	0.0001
92	A	T	ORF	S	NULL	0	0	0	0	0	0	0	0	0	0	0	0	0	0	0	0	0	0	0	0	0	0	0	0	0	0	0	0	0	0	0	0	0	0	0	0	0	0	0	0	0	0	0	0	0	0	0	0	0	0	0	0	0	0
93	A	T	ORF	S	NULL	0	0	0	0	0.0719041	0.000100003	0.0001	0.0001	0.000100001	0.0001	0.000100002	0.0001	0.000100002	0.0001	0.411922	0.458925	0.0339018	0.0001	0.0001	0.627935	0.506928	0.000100008	0.0001	0.000100001	0.0001	0.000100002	0.125907	0.000100002	0.0001	0.0001	0.000100001	0.155909	0.000100004	0.999923	0.0679038	0.0001	0.0001	0.468926	0.0001	0.034902	0.000100002	0.0001	0.0001	0.000100004	0.674938	0.148908	0.0001	0.0001	0.0001	0.0001	0.356918	0.000100001	0.153908	0.0001
94	A	T	ORF	S	NULL	0	0	0	0	0.00586281	0.518041	0.169907	0.0001	0.000100001	0.0001	0.000100001	0.0001	0.601923	0.0001	0.000100002	0.0001	0.000100002	0.0001	0.0001	0.000100001	0.0001	0.0269169	0.0001	0.441914	0.0001	0.679928	0.0001	0.277931	0.0001	0.0001	0.573922	0.0001	0.000100002	0.0001	0.0001	0.0001	0.0001	0.0001	0.0001	0.0001	0.853933	0.0001	0.0001	0.352935	0.0001	0.109904	0.0001	0.0001	0.0001	0.0329015	0.0001	0.201138	0.247909	0.0001
95	A	T	ORF	S	NULL	0	0	0	0	0.0719041	0.000100003	0.0001	0.0001	0.000100001	0.0001	0.000100002	0.0001	0.000100002	0.0001	0.411922	0.458925	0.0339018	0.0001	0.0001	0.627935	0.506928	0.000100008	0.0001	0.000100001	0.0001	0.000100002	0.125907	0.000100002	0.0001	0.0001	0.000100001	0.155909	0.000100004	0.999923	0.0679038	0.0001	0.0001	0.468926	0.0001	0.034902	0.000100002	0.0001	0.0001	0.000100004	0.674938	0.148908	0.0001	0.0001	0.0001	0.0001	0.356918	0.000100001	0.153908	0.0001
96	A	T	ORF	S	NULL	0	0	0	0	0	0	0	0	0	0	0	0	0	0	0	0	0	0	0	0	0	0	0	0	0	0	0	0	0	0	0	0	0	0	0	0	0	0	0	0	0	0	0	0	0	0	0	0	0	0	0	0	0	0
97	A	T	ORF	S	NULL	0	0	0	0	0.0719041	0.000100003	0.0001	0.0001	0.000100001	0.0001	0.000100002	0.0001	0.000100002	0.0001	0.411922	0.458925	0.0339018	0.0001	0.0001	0.627935	0.506928	0.000100008	0.0001	0.000100001	0.0001	0.000100002	0.125907	0.000100002	0.0001	0.0001	0.000100001	0.155909	0.000100004	0.999923	0.0679038	0.0001	0.0001	0.468926	0.0001	0.034902	0.000100002	0.0001	0.0001	0.000100004	0.674938	0.148908	0.0001	0.0001	0.0001	0.0001	0.356918	0.000100001	0.153908	0.0001
98	A	T	ORF	S	NULL	0	0	0	0	0.0001	0.0001	0.0001	0.0001	0.0001	0.0001	0.0999052	0.411923	0.0001	0.213912	0.0001	0.0001	0.0001	0.0001	0.0001	0.0001	0.274915	0.0001	0.0001	0.0001	0.0001	0.0001	0.0001	0.0569029	0.0859052	0.308917	0.149908	0.0001	0.0001	0.0001	0.600933	0.0001	0.0001	0.0001	0.0001	0.0001	0.0001	0.000100002	0.0679038	0.0001	0.0001	0.0669038	0.0001	0.554931	0.0001	0.412922	0.0001	0.152909	0.035902	0.489927
99	A	T	ORF	S	NULL	0	0	0	0	0.0001	0.0001	0.0001	0.0001	0.0001	0.0001	0.0999052	0.411923	0.0001	0.213912	0.0001	0.0001	0.0001	0.0001	0.0001	0.0001	0.274915	0.0001	0.0001	0.0001	0.0001	0.0001	0.0001	0.0569029	0.0859052	0.308917	0.149908	0.0001	0.0001	0.0001	0.600933	0.0001	0.0001	0.0001	0.0001	0.0001	0.0001	0.000100002	0.0679038	0.0001	0.0001	0.0669038	0.0001	0.554931	0.0001	0.412922	0.0001	0.152909	0.035902	0.489927
100	A	T	ORF	S	NULL	0	0	0	0	0	0	0	0	0	0	0	0	0	0	0	0	0	0	0	0	0	0	0	0	0	0	0	0	0	0	0	0	0	0	0	0	0	0	0	0	0	0	0	0	0	0	0	0	0	0	0	0	0	0
