pos	ref	alt	gene	N/S	AA	nSRAsubclonal	nSRAclonal	nSRA	nConsensus	sample0|Earth	sample1|Earth	sample2|Earth	sample3|Earth	sample4|Earth	sample5|Earth	sample6|Earth	sample7|Earth	sample8|Earth	sample9|Earth	sample10|Earth	sample11|Earth	sample12|Earth	sample13|Earth	sample14|Earth	sample15|Earth	sample16|Earth	sample17|Earth	sample18|Earth	sample19|Earth	sample20|Earth	sample21|Earth	sample22|Earth	sample23|Earth	sample24|Earth	sample25|Earth	sample26|Earth	sample27|Earth	sample28|Earth	sample29|Earth	sample30|Earth	sample31|Earth	sample32|Earth	sample33|Earth	sample34|Earth	sample35|Earth	sample36|Earth	sample37|Earth	sample38|Earth	sample39|Earth	sample40|Earth	sample41|Earth	sample42|Earth	sample43|Earth	sample44|Earth	sample45|Earth	sample46|Earth	sample47|Earth	sample48|Earth	sample49|Earth
1	A	T	ORF	S	NULL	0	0	0	0	0	0	0	0	0	0	0	0	0	0	0	0	0	0	0	0	0	0	0	0	0	0	0	0	0	0	0	0	0	0	0	0	0	0	0	0	0	0	0	0	0	0	0	0	0	0	0	0	0	0
2	A	T	ORF	S	NULL	0	0	0	0	0	0	0	0	0	0	0	0	0	0	0	0	0	0	0	0	0	0	0	0	0	0	0	0	0	0	0	0	0	0	0	0	0	0	0	0	0	0	0	0	0	0	0	0	0	0	0	0	0	0
3	A	T	ORF	S	NULL	0	0	0	0	0.00701684	0.0205387	0.0001	0.250778	0.0001	0.0041955	0.0046901	0.0239044	0.00476718	0.0001	0.441411	0.0261726	0.485749	0.0001	0.28835	0.238592	0.499149	0.0001	0.316732	0.00466173	0.0001	0.00316705	0.431715	0.0001	0.0001	0.017251	0.00338453	0.143959	0.0001	0.132684	0.783784	0.021757	0.0001	0.0202638	0.0001	0.702935	0.00956978	0.0279106	0.00972503	0.0001	0.99987	0.0001	0.0001	0.0248111	0.01687	0.0113135	0.865617	0.0265322	0.626053	0.0001
4	A	T	ORF	S	NULL	0	0	0	0	0.0001	0.0866942	0.199246	0.0128975	0.0523063	0.0241784	0.00626965	0.0001	0.897992	0.0001	0.0001	0.0134238	0.0239885	0.0001	0.0487138	0.068518	0.0264391	0.247406	0.0001	0.468864	0.0001	0.587112	0.0001	0.164515	0.0001	0.0001	0.487956	0.0001	0.0268377	0.0001	0.0001	0.0001	0.0001	0.0001	0.0001	0.0001	0.104263	0.0367527	0.000234254	0.865829	0.0001	0.770979	0.0270481	0.0147354	0.529651	0.284928	0.0203969	0.461956	0.0001	0.0591109
5	A	T	ORF	S	NULL	0	0	0	0	0	0	0	0	0	0	0	0	0	0	0	0	0	0	0	0	0	0	0	0	0	0	0	0	0	0	0	0	0	0	0	0	0	0	0	0	0	0	0	0	0	0	0	0	0	0	0	0	0	0
6	A	T	ORF	S	NULL	0	0	0	0	0	0	0	0	0	0	0	0	0	0	0	0	0	0	0	0	0	0	0	0	0	0	0	0	0	0	0	0	0	0	0	0	0	0	0	0	0	0	0	0	0	0	0	0	0	0	0	0	0	0
7	A	T	ORF	S	NULL	0	0	0	0	0.00701684	0.0205387	0.0001	0.250778	0.0001	0.0041955	0.0046901	0.0239044	0.00476718	0.0001	0.441411	0.0261726	0.485749	0.0001	0.28835	0.238592	0.499149	0.0001	0.316732	0.00466173	0.0001	0.00316705	0.431715	0.0001	0.0001	0.017251	0.00338453	0.143959	0.0001	0.132684	0.783784	0.021757	0.0001	0.0202638	0.0001	0.702935	0.00956978	0.0279106	0.00972503	0.0001	0.99987	0.0001	0.0001	0.0248111	0.01687	0.0113135	0.865617	0.0265322	0.626053	0.0001
8	A	T	ORF	S	NULL	0	0	0	0	0	0	0	0	0	0	0	0	0	0	0	0	0	0	0	0	0	0	0	0	0	0	0	0	0	0	0	0	0	0	0	0	0	0	0	0	0	0	0	0	0	0	0	0	0	0	0	0	0	0
9	A	T	ORF	S	NULL	0	0	0	0	0	0	0	0	0	0	0	0	0	0	0	0	0	0	0	0	0	0	0	0	0	0	0	0	0	0	0	0	0	0	0	0	0	0	0	0	0	0	0	0	0	0	0	0	0	0	0	0	0	0
10	A	T	ORF	S	NULL	0	0	0	0	0.0001	0.0670699	0.105012	0.0001	0.0001	0.315322	0.0001	0.392949	0.0001	0.0001	0.380514	0.342444	0.00943206	0.0001	0.0290465	0.0460353	0.0001	0.0001	0.0818293	0.328097	0.999028	0.0001	0.0271379	0.271364	0.948018	0.523314	0.0001	0.47571	0.0001	0.0627705	0.0001	0.238292	0.0001	0.0001	0.0979142	0.0001	0.160919	0.022814	0.286513	0.118435	0.0001	0.0001	0.0001	0.00177555	0.115997	0.0001	0.0140366	0.0637148	0.373095	0.185409
11	A	T	ORF	S	NULL	0	0	0	0	0	0	0	0	0	0	0	0	0	0	0	0	0	0	0	0	0	0	0	0	0	0	0	0	0	0	0	0	0	0	0	0	0	0	0	0	0	0	0	0	0	0	0	0	0	0	0	0	0	0
12	A	T	ORF	S	NULL	0	0	0	0	0.00701684	0.0205387	0.0001	0.250778	0.0001	0.0041955	0.0046901	0.0239044	0.00476718	0.0001	0.441411	0.0261726	0.485749	0.0001	0.28835	0.238592	0.499149	0.0001	0.316732	0.00466173	0.0001	0.00316705	0.431715	0.0001	0.0001	0.017251	0.00338453	0.143959	0.0001	0.132684	0.783784	0.021757	0.0001	0.0202638	0.0001	0.702935	0.00956978	0.0279106	0.00972503	0.0001	0.99987	0.0001	0.0001	0.0248111	0.01687	0.0113135	0.865617	0.0265322	0.626053	0.0001
13	A	T	ORF	S	NULL	0	0	0	0	0.0001	0.0001	0.237913	0.51396	0.0001	0.232913	0.0001	0.273911	0.0001	0.999912	0.0001	0.00989959	0.0001	0.0089004	0.0001	0.0001	0.0001	0.0001	0.0001	0.0001	0.0001	0.0001	0.0001	0.0418989	0.0509028	0.00889912	0.422924	0.0001	0.0001	0.0001	0.0001	0.0001	0.0001	0.0001	0.0001	0.0001	0.255914	0.0001	0.37592	0.0001	0.0001	0.0001	0.0001	0.0579022	0.0001	0.0001	0.0001	0.0001	0.0001	0.0539015
14	A	T	ORF	S	NULL	0	0	0	0	0	0	0	0	0	0	0	0	0	0	0	0	0	0	0	0	0	0	0	0	0	0	0	0	0	0	0	0	0	0	0	0	0	0	0	0	0	0	0	0	0	0	0	0	0	0	0	0	0	0
15	A	T	ORF	S	NULL	0	0	0	0	0	0	0	0	0	0	0	0	0	0	0	0	0	0	0	0	0	0	0	0	0	0	0	0	0	0	0	0	0	0	0	0	0	0	0	0	0	0	0	0	0	0	0	0	0	0	0	0	0	0
16	A	T	ORF	S	NULL	0	0	0	0	0.00701684	0.0205387	0.0001	0.250778	0.0001	0.0041955	0.0046901	0.0239044	0.00476718	0.0001	0.441411	0.0261726	0.485749	0.0001	0.28835	0.238592	0.499149	0.0001	0.316732	0.00466173	0.0001	0.00316705	0.431715	0.0001	0.0001	0.017251	0.00338453	0.143959	0.0001	0.132684	0.783784	0.021757	0.0001	0.0202638	0.0001	0.702935	0.00956978	0.0279106	0.00972503	0.0001	0.99987	0.0001	0.0001	0.0248111	0.01687	0.0113135	0.865617	0.0265322	0.626053	0.0001
17	A	T	ORF	S	NULL	0	0	0	0	0.820948	0.00896382	0.276073	0.000100002	0.0001	0.0770693	0.0001	0.0179006	0.0001	0.000100004	0.0001	0.0001	0.116109	0.0001	0.0001	0.0541994	0.0001	0.0001	0.0001	0.0001	0.0001	0.362115	0.0001	0.0001	0.0001	0.0001	0.000100002	0.050903	0.661424	0.210911	0.103421	0.19391	0.998959	0.0001	0.0001	0.120907	0.000100001	0.0001	0.197865	0.0001	0.0001	0.0001	0.0001	0.471781	0.0610078	0.0001	0.0001	0.0001	0.0001	0.0001
18	A	T	ORF	S	NULL	0	0	0	0	0	0	0	0	0	0	0	0	0	0	0	0	0	0	0	0	0	0	0	0	0	0	0	0	0	0	0	0	0	0	0	0	0	0	0	0	0	0	0	0	0	0	0	0	0	0	0	0	0	0
19	A	T	ORF	S	NULL	0	0	0	0	0	0	0	0	0	0	0	0	0	0	0	0	0	0	0	0	0	0	0	0	0	0	0	0	0	0	0	0	0	0	0	0	0	0	0	0	0	0	0	0	0	0	0	0	0	0	0	0	0	0
20	A	T	ORF	S	NULL	0	0	0	0	0	0	0	0	0	0	0	0	0	0	0	0	0	0	0	0	0	0	0	0	0	0	0	0	0	0	0	0	0	0	0	0	0	0	0	0	0	0	0	0	0	0	0	0	0	0	0	0	0	0
21	A	T	ORF	S	NULL	0	0	0	0	0	0	0	0	0	0	0	0	0	0	0	0	0	0	0	0	0	0	0	0	0	0	0	0	0	0	0	0	0	0	0	0	0	0	0	0	0	0	0	0	0	0	0	0	0	0	0	0	0	0
22	A	T	ORF	S	NULL	0	0	0	0	0.0001	0.0670699	0.105012	0.0001	0.0001	0.315322	0.0001	0.392949	0.0001	0.0001	0.380514	0.342444	0.00943206	0.0001	0.0290465	0.0460353	0.0001	0.0001	0.0818293	0.328097	0.999028	0.0001	0.0271379	0.271364	0.948018	0.523314	0.0001	0.47571	0.0001	0.0627705	0.0001	0.238292	0.0001	0.0001	0.0979142	0.0001	0.160919	0.022814	0.286513	0.118435	0.0001	0.0001	0.0001	0.00177555	0.115997	0.0001	0.0140366	0.0637148	0.373095	0.185409
23	A	T	ORF	S	NULL	0	0	0	0	0.0001	0.0001	0.237913	0.51396	0.0001	0.232913	0.0001	0.273911	0.0001	0.999912	0.0001	0.00989959	0.0001	0.0089004	0.0001	0.0001	0.0001	0.0001	0.0001	0.0001	0.0001	0.0001	0.0001	0.0418989	0.0509028	0.00889912	0.422924	0.0001	0.0001	0.0001	0.0001	0.0001	0.0001	0.0001	0.0001	0.0001	0.255914	0.0001	0.37592	0.0001	0.0001	0.0001	0.0001	0.0579022	0.0001	0.0001	0.0001	0.0001	0.0001	0.0539015
24	A	T	ORF	S	NULL	0	0	0	0	0	0	0	0	0	0	0	0	0	0	0	0	0	0	0	0	0	0	0	0	0	0	0	0	0	0	0	0	0	0	0	0	0	0	0	0	0	0	0	0	0	0	0	0	0	0	0	0	0	0
25	A	T	ORF	S	NULL	0	0	0	0	0	0	0	0	0	0	0	0	0	0	0	0	0	0	0	0	0	0	0	0	0	0	0	0	0	0	0	0	0	0	0	0	0	0	0	0	0	0	0	0	0	0	0	0	0	0	0	0	0	0
26	A	T	ORF	S	NULL	0	0	0	0	0	0	0	0	0	0	0	0	0	0	0	0	0	0	0	0	0	0	0	0	0	0	0	0	0	0	0	0	0	0	0	0	0	0	0	0	0	0	0	0	0	0	0	0	0	0	0	0	0	0
27	A	T	ORF	S	NULL	0	0	0	0	0	0	0	0	0	0	0	0	0	0	0	0	0	0	0	0	0	0	0	0	0	0	0	0	0	0	0	0	0	0	0	0	0	0	0	0	0	0	0	0	0	0	0	0	0	0	0	0	0	0
28	A	T	ORF	S	NULL	0	0	0	0	0	0	0	0	0	0	0	0	0	0	0	0	0	0	0	0	0	0	0	0	0	0	0	0	0	0	0	0	0	0	0	0	0	0	0	0	0	0	0	0	0	0	0	0	0	0	0	0	0	0
29	A	T	ORF	S	NULL	0	0	0	0	0.00701684	0.0205387	0.0001	0.250778	0.0001	0.0041955	0.0046901	0.0239044	0.00476718	0.0001	0.441411	0.0261726	0.485749	0.0001	0.28835	0.238592	0.499149	0.0001	0.316732	0.00466173	0.0001	0.00316705	0.431715	0.0001	0.0001	0.017251	0.00338453	0.143959	0.0001	0.132684	0.783784	0.021757	0.0001	0.0202638	0.0001	0.702935	0.00956978	0.0279106	0.00972503	0.0001	0.99987	0.0001	0.0001	0.0248111	0.01687	0.0113135	0.865617	0.0265322	0.626053	0.0001
30	A	T	ORF	S	NULL	0	0	0	0	0	0	0	0	0	0	0	0	0	0	0	0	0	0	0	0	0	0	0	0	0	0	0	0	0	0	0	0	0	0	0	0	0	0	0	0	0	0	0	0	0	0	0	0	0	0	0	0	0	0
31	A	T	ORF	S	NULL	0	0	0	0	0.0001	0.0001	0.237913	0.51396	0.0001	0.232913	0.0001	0.273911	0.0001	0.999912	0.0001	0.00989959	0.0001	0.0089004	0.0001	0.0001	0.0001	0.0001	0.0001	0.0001	0.0001	0.0001	0.0001	0.0418989	0.0509028	0.00889912	0.422924	0.0001	0.0001	0.0001	0.0001	0.0001	0.0001	0.0001	0.0001	0.0001	0.255914	0.0001	0.37592	0.0001	0.0001	0.0001	0.0001	0.0579022	0.0001	0.0001	0.0001	0.0001	0.0001	0.0539015
32	A	T	ORF	S	NULL	0	0	0	0	0	0	0	0	0	0	0	0	0	0	0	0	0	0	0	0	0	0	0	0	0	0	0	0	0	0	0	0	0	0	0	0	0	0	0	0	0	0	0	0	0	0	0	0	0	0	0	0	0	0
33	A	T	ORF	S	NULL	0	0	0	0	0.820948	0.00896382	0.276073	0.000100002	0.0001	0.0770693	0.0001	0.0179006	0.0001	0.000100004	0.0001	0.0001	0.116109	0.0001	0.0001	0.0541994	0.0001	0.0001	0.0001	0.0001	0.0001	0.362115	0.0001	0.0001	0.0001	0.0001	0.000100002	0.050903	0.661424	0.210911	0.103421	0.19391	0.998959	0.0001	0.0001	0.120907	0.000100001	0.0001	0.197865	0.0001	0.0001	0.0001	0.0001	0.471781	0.0610078	0.0001	0.0001	0.0001	0.0001	0.0001
34	A	T	ORF	S	NULL	0	0	0	0	0	0	0	0	0	0	0	0	0	0	0	0	0	0	0	0	0	0	0	0	0	0	0	0	0	0	0	0	0	0	0	0	0	0	0	0	0	0	0	0	0	0	0	0	0	0	0	0	0	0
35	A	T	ORF	S	NULL	0	0	0	0	0	0	0	0	0	0	0	0	0	0	0	0	0	0	0	0	0	0	0	0	0	0	0	0	0	0	0	0	0	0	0	0	0	0	0	0	0	0	0	0	0	0	0	0	0	0	0	0	0	0
36	A	T	ORF	S	NULL	0	0	0	0	0	0	0	0	0	0	0	0	0	0	0	0	0	0	0	0	0	0	0	0	0	0	0	0	0	0	0	0	0	0	0	0	0	0	0	0	0	0	0	0	0	0	0	0	0	0	0	0	0	0
37	A	T	ORF	S	NULL	0	0	0	0	0	0	0	0	0	0	0	0	0	0	0	0	0	0	0	0	0	0	0	0	0	0	0	0	0	0	0	0	0	0	0	0	0	0	0	0	0	0	0	0	0	0	0	0	0	0	0	0	0	0
38	A	T	ORF	S	NULL	0	0	0	0	0	0	0	0	0	0	0	0	0	0	0	0	0	0	0	0	0	0	0	0	0	0	0	0	0	0	0	0	0	0	0	0	0	0	0	0	0	0	0	0	0	0	0	0	0	0	0	0	0	0
39	A	T	ORF	S	NULL	0	0	0	0	0.15799	0.569295	0.0001	0.205319	0.810484	0.0001	0.942218	0.0001	0.0001	0.0001	0.150345	0.481209	0.108681	0.0001	0.0001	0.20347	0.427968	0.725646	0.559031	0.198377	0.0001	0.0001	0.428786	0.42968	0.0001	0.378758	0.084747	0.0836518	0.285846	0.503253	0.0977355	0.43066	0.0001	0.979736	0.19992	0.0001	0.227103	0.0823114	0.0001	0.0148904	0.0001	0.0001	0.0194546	0.151672	0.107786	0.0001	0.0473036	0.209951	0.0001	0.596316
40	A	T	ORF	S	NULL	0	0	0	0	0.820948	0.00896382	0.276073	0.000100002	0.0001	0.0770693	0.0001	0.0179006	0.0001	0.000100004	0.0001	0.0001	0.116109	0.0001	0.0001	0.0541994	0.0001	0.0001	0.0001	0.0001	0.0001	0.362115	0.0001	0.0001	0.0001	0.0001	0.000100002	0.050903	0.661424	0.210911	0.103421	0.19391	0.998959	0.0001	0.0001	0.120907	0.000100001	0.0001	0.197865	0.0001	0.0001	0.0001	0.0001	0.471781	0.0610078	0.0001	0.0001	0.0001	0.0001	0.0001
41	A	T	ORF	S	NULL	0	0	0	0	0	0	0	0	0	0	0	0	0	0	0	0	0	0	0	0	0	0	0	0	0	0	0	0	0	0	0	0	0	0	0	0	0	0	0	0	0	0	0	0	0	0	0	0	0	0	0	0	0	0
42	A	T	ORF	S	NULL	0	0	0	0	0	0	0	0	0	0	0	0	0	0	0	0	0	0	0	0	0	0	0	0	0	0	0	0	0	0	0	0	0	0	0	0	0	0	0	0	0	0	0	0	0	0	0	0	0	0	0	0	0	0
43	A	T	ORF	S	NULL	0	0	0	0	0	0	0	0	0	0	0	0	0	0	0	0	0	0	0	0	0	0	0	0	0	0	0	0	0	0	0	0	0	0	0	0	0	0	0	0	0	0	0	0	0	0	0	0	0	0	0	0	0	0
44	A	T	ORF	S	NULL	0	0	0	0	0	0	0	0	0	0	0	0	0	0	0	0	0	0	0	0	0	0	0	0	0	0	0	0	0	0	0	0	0	0	0	0	0	0	0	0	0	0	0	0	0	0	0	0	0	0	0	0	0	0
45	A	T	ORF	S	NULL	0	0	0	0	0.821048	0.095658	0.475318	0.0129975	0.0524063	0.101248	0.00636965	0.0180006	0.898092	0.000200004	0.0002	0.0135238	0.140097	0.0002	0.0488138	0.122717	0.0265391	0.247506	0.0002	0.468964	0.0002	0.949228	0.0002	0.164615	0.0002	0.0002	0.488056	0.051003	0.688262	0.211011	0.103521	0.19401	0.999059	0.0002	0.0002	0.121007	0.104363	0.0368527	0.198099	0.865929	0.0002	0.771079	0.0271481	0.486516	0.590658	0.285028	0.0204969	0.462056	0.0002	0.0592109
46	A	T	ORF	S	NULL	0	0	0	0	0.00701684	0.0205387	0.0001	0.250778	0.0001	0.0041955	0.0046901	0.0239044	0.00476718	0.0001	0.441411	0.0261726	0.485749	0.0001	0.28835	0.238592	0.499149	0.0001	0.316732	0.00466173	0.0001	0.00316705	0.431715	0.0001	0.0001	0.017251	0.00338453	0.143959	0.0001	0.132684	0.783784	0.021757	0.0001	0.0202638	0.0001	0.702935	0.00956978	0.0279106	0.00972503	0.0001	0.99987	0.0001	0.0001	0.0248111	0.01687	0.0113135	0.865617	0.0265322	0.626053	0.0001
47	A	T	ORF	S	NULL	0	0	0	0	0.00711684	0.0876086	0.105112	0.250878	0.0002	0.319517	0.0047901	0.416853	0.00486718	0.0002	0.821925	0.368617	0.495181	0.0002	0.317396	0.284627	0.499249	0.0002	0.398561	0.332759	0.999128	0.00326705	0.458853	0.271464	0.948118	0.540565	0.00348453	0.619669	0.0002	0.195455	0.783884	0.260049	0.0002	0.0203638	0.0980142	0.703035	0.170489	0.0507246	0.296238	0.118535	0.99997	0.0002	0.0002	0.0265866	0.132867	0.0114135	0.879654	0.090247	0.999148	0.185509
48	A	T	ORF	S	NULL	0	0	0	0	0.00701684	0.0205387	0.0001	0.250778	0.0001	0.0041955	0.0046901	0.0239044	0.00476718	0.0001	0.441411	0.0261726	0.485749	0.0001	0.28835	0.238592	0.499149	0.0001	0.316732	0.00466173	0.0001	0.00316705	0.431715	0.0001	0.0001	0.017251	0.00338453	0.143959	0.0001	0.132684	0.783784	0.021757	0.0001	0.0202638	0.0001	0.702935	0.00956978	0.0279106	0.00972503	0.0001	0.99987	0.0001	0.0001	0.0248111	0.01687	0.0113135	0.865617	0.0265322	0.626053	0.0001
49	A	T	ORF	S	NULL	0	0	0	0	0	0	0	0	0	0	0	0	0	0	0	0	0	0	0	0	0	0	0	0	0	0	0	0	0	0	0	0	0	0	0	0	0	0	0	0	0	0	0	0	0	0	0	0	0	0	0	0	0	0
50	A	T	ORF	S	NULL	0	0	0	0	0	0	0	0	0	0	0	0	0	0	0	0	0	0	0	0	0	0	0	0	0	0	0	0	0	0	0	0	0	0	0	0	0	0	0	0	0	0	0	0	0	0	0	0	0	0	0	0	0	0
51	A	T	ORF	S	NULL	0	0	0	0	0	0	0	0	0	0	0	0	0	0	0	0	0	0	0	0	0	0	0	0	0	0	0	0	0	0	0	0	0	0	0	0	0	0	0	0	0	0	0	0	0	0	0	0	0	0	0	0	0	0
52	A	T	ORF	S	NULL	0	0	0	0	0.0001	0.117328	0.178917	0.0170454	0.13721	0.27893	0.0001	0.0001	0.0269027	0.0001	0.0227319	0.0880446	0.21841	0.990005	0.353942	0.0220132	0.0464438	0.0269474	0.0001	0.0001	0.0001	0.0001	0.0001	0.016035	0.0001	0.0001	0.0001	0.244931	0.0258923	0.0763044	0.0150594	0.0001	0.0001	0.0001	0.698435	0.0001	0.0394413	0.50677	0.0001	0.000844761	0.0001	0.227932	0.953497	0.0001	0.0001	0.519955	0.0001	0.0001	0.0001	0.0704112
53	A	T	ORF	S	NULL	0	0	0	0	0	0	0	0	0	0	0	0	0	0	0	0	0	0	0	0	0	0	0	0	0	0	0	0	0	0	0	0	0	0	0	0	0	0	0	0	0	0	0	0	0	0	0	0	0	0	0	0	0	0
54	A	T	ORF	S	NULL	0	0	0	0	0	0	0	0	0	0	0	0	0	0	0	0	0	0	0	0	0	0	0	0	0	0	0	0	0	0	0	0	0	0	0	0	0	0	0	0	0	0	0	0	0	0	0	0	0	0	0	0	0	0
55	A	T	ORF	S	NULL	0	0	0	0	0.0001	0.0670699	0.105012	0.0001	0.0001	0.315322	0.0001	0.392949	0.0001	0.0001	0.380514	0.342444	0.00943206	0.0001	0.0290465	0.0460353	0.0001	0.0001	0.0818293	0.328097	0.999028	0.0001	0.0271379	0.271364	0.948018	0.523314	0.0001	0.47571	0.0001	0.0627705	0.0001	0.238292	0.0001	0.0001	0.0979142	0.0001	0.160919	0.022814	0.286513	0.118435	0.0001	0.0001	0.0001	0.00177555	0.115997	0.0001	0.0140366	0.0637148	0.373095	0.185409
56	A	T	ORF	S	NULL	0	0	0	0	0.0001	0.117328	0.178917	0.0170454	0.13721	0.27893	0.0001	0.0001	0.0269027	0.0001	0.0227319	0.0880446	0.21841	0.990005	0.353942	0.0220132	0.0464438	0.0269474	0.0001	0.0001	0.0001	0.0001	0.0001	0.016035	0.0001	0.0001	0.0001	0.244931	0.0258923	0.0763044	0.0150594	0.0001	0.0001	0.0001	0.698435	0.0001	0.0394413	0.50677	0.0001	0.000844761	0.0001	0.227932	0.953497	0.0001	0.0001	0.519955	0.0001	0.0001	0.0001	0.0704112
57	A	T	ORF	S	NULL	0	0	0	0	0	0	0	0	0	0	0	0	0	0	0	0	0	0	0	0	0	0	0	0	0	0	0	0	0	0	0	0	0	0	0	0	0	0	0	0	0	0	0	0	0	0	0	0	0	0	0	0	0	0
58	A	T	ORF	S	NULL	0	0	0	0	0.0001	0.0670699	0.105012	0.0001	0.0001	0.315322	0.0001	0.392949	0.0001	0.0001	0.380514	0.342444	0.00943206	0.0001	0.0290465	0.0460353	0.0001	0.0001	0.0818293	0.328097	0.999028	0.0001	0.0271379	0.271364	0.948018	0.523314	0.0001	0.47571	0.0001	0.0627705	0.0001	0.238292	0.0001	0.0001	0.0979142	0.0001	0.160919	0.022814	0.286513	0.118435	0.0001	0.0001	0.0001	0.00177555	0.115997	0.0001	0.0140366	0.0637148	0.373095	0.185409
59	A	T	ORF	S	NULL	0	0	0	0	0.820948	0.00896382	0.276073	0.000100002	0.0001	0.0770693	0.0001	0.0179006	0.0001	0.000100004	0.0001	0.0001	0.116109	0.0001	0.0001	0.0541994	0.0001	0.0001	0.0001	0.0001	0.0001	0.362115	0.0001	0.0001	0.0001	0.0001	0.000100002	0.050903	0.661424	0.210911	0.103421	0.19391	0.998959	0.0001	0.0001	0.120907	0.000100001	0.0001	0.197865	0.0001	0.0001	0.0001	0.0001	0.471781	0.0610078	0.0001	0.0001	0.0001	0.0001	0.0001
60	A	T	ORF	S	NULL	0	0	0	0	0	0	0	0	0	0	0	0	0	0	0	0	0	0	0	0	0	0	0	0	0	0	0	0	0	0	0	0	0	0	0	0	0	0	0	0	0	0	0	0	0	0	0	0	0	0	0	0	0	0
61	A	T	ORF	S	NULL	0	0	0	0	0	0	0	0	0	0	0	0	0	0	0	0	0	0	0	0	0	0	0	0	0	0	0	0	0	0	0	0	0	0	0	0	0	0	0	0	0	0	0	0	0	0	0	0	0	0	0	0	0	0
62	A	T	ORF	S	NULL	0	0	0	0	0.00701684	0.0205387	0.0001	0.250778	0.0001	0.0041955	0.0046901	0.0239044	0.00476718	0.0001	0.441411	0.0261726	0.485749	0.0001	0.28835	0.238592	0.499149	0.0001	0.316732	0.00466173	0.0001	0.00316705	0.431715	0.0001	0.0001	0.017251	0.00338453	0.143959	0.0001	0.132684	0.783784	0.021757	0.0001	0.0202638	0.0001	0.702935	0.00956978	0.0279106	0.00972503	0.0001	0.99987	0.0001	0.0001	0.0248111	0.01687	0.0113135	0.865617	0.0265322	0.626053	0.0001
63	A	T	ORF	S	NULL	0	0	0	0	0	0	0	0	0	0	0	0	0	0	0	0	0	0	0	0	0	0	0	0	0	0	0	0	0	0	0	0	0	0	0	0	0	0	0	0	0	0	0	0	0	0	0	0	0	0	0	0	0	0
64	A	T	ORF	S	NULL	0	0	0	0	0	0	0	0	0	0	0	0	0	0	0	0	0	0	0	0	0	0	0	0	0	0	0	0	0	0	0	0	0	0	0	0	0	0	0	0	0	0	0	0	0	0	0	0	0	0	0	0	0	0
65	A	T	ORF	S	NULL	0	0	0	0	0.00701684	0.0205387	0.0001	0.250778	0.0001	0.0041955	0.0046901	0.0239044	0.00476718	0.0001	0.441411	0.0261726	0.485749	0.0001	0.28835	0.238592	0.499149	0.0001	0.316732	0.00466173	0.0001	0.00316705	0.431715	0.0001	0.0001	0.017251	0.00338453	0.143959	0.0001	0.132684	0.783784	0.021757	0.0001	0.0202638	0.0001	0.702935	0.00956978	0.0279106	0.00972503	0.0001	0.99987	0.0001	0.0001	0.0248111	0.01687	0.0113135	0.865617	0.0265322	0.626053	0.0001
66	A	T	ORF	S	NULL	0	0	0	0	0.15799	0.569295	0.0001	0.205319	0.810484	0.0001	0.942218	0.0001	0.0001	0.0001	0.150345	0.481209	0.108681	0.0001	0.0001	0.20347	0.427968	0.725646	0.559031	0.198377	0.0001	0.0001	0.428786	0.42968	0.0001	0.378758	0.084747	0.0836518	0.285846	0.503253	0.0977355	0.43066	0.0001	0.979736	0.19992	0.0001	0.227103	0.0823114	0.0001	0.0148904	0.0001	0.0001	0.0194546	0.151672	0.107786	0.0001	0.0473036	0.209951	0.0001	0.596316
67	A	T	ORF	S	NULL	0	0	0	0	0	0	0	0	0	0	0	0	0	0	0	0	0	0	0	0	0	0	0	0	0	0	0	0	0	0	0	0	0	0	0	0	0	0	0	0	0	0	0	0	0	0	0	0	0	0	0	0	0	0
68	A	T	ORF	S	NULL	0	0	0	0	0.0001	0.0866942	0.199246	0.0128975	0.0523063	0.0241784	0.00626965	0.0001	0.897992	0.0001	0.0001	0.0134238	0.0239885	0.0001	0.0487138	0.068518	0.0264391	0.247406	0.0001	0.468864	0.0001	0.587112	0.0001	0.164515	0.0001	0.0001	0.487956	0.0001	0.0268377	0.0001	0.0001	0.0001	0.0001	0.0001	0.0001	0.0001	0.104263	0.0367527	0.000234254	0.865829	0.0001	0.770979	0.0270481	0.0147354	0.529651	0.284928	0.0203969	0.461956	0.0001	0.0591109
69	A	T	ORF	S	NULL	0	0	0	0	0.0001	0.0866942	0.199246	0.0128975	0.0523063	0.0241784	0.00626965	0.0001	0.897992	0.0001	0.0001	0.0134238	0.0239885	0.0001	0.0487138	0.068518	0.0264391	0.247406	0.0001	0.468864	0.0001	0.587112	0.0001	0.164515	0.0001	0.0001	0.487956	0.0001	0.0268377	0.0001	0.0001	0.0001	0.0001	0.0001	0.0001	0.0001	0.104263	0.0367527	0.000234254	0.865829	0.0001	0.770979	0.0270481	0.0147354	0.529651	0.284928	0.0203969	0.461956	0.0001	0.0591109
70	A	T	ORF	S	NULL	0	0	0	0	0.00701684	0.0205387	0.0001	0.250778	0.0001	0.0041955	0.0046901	0.0239044	0.00476718	0.0001	0.441411	0.0261726	0.485749	0.0001	0.28835	0.238592	0.499149	0.0001	0.316732	0.00466173	0.0001	0.00316705	0.431715	0.0001	0.0001	0.017251	0.00338453	0.143959	0.0001	0.132684	0.783784	0.021757	0.0001	0.0202638	0.0001	0.702935	0.00956978	0.0279106	0.00972503	0.0001	0.99987	0.0001	0.0001	0.0248111	0.01687	0.0113135	0.865617	0.0265322	0.626053	0.0001
71	A	T	ORF	S	NULL	0	0	0	0	0	0	0	0	0	0	0	0	0	0	0	0	0	0	0	0	0	0	0	0	0	0	0	0	0	0	0	0	0	0	0	0	0	0	0	0	0	0	0	0	0	0	0	0	0	0	0	0	0	0
72	A	T	ORF	S	NULL	0	0	0	0	0	0	0	0	0	0	0	0	0	0	0	0	0	0	0	0	0	0	0	0	0	0	0	0	0	0	0	0	0	0	0	0	0	0	0	0	0	0	0	0	0	0	0	0	0	0	0	0	0	0
73	A	T	ORF	S	NULL	0	0	0	0	0.15799	0.569295	0.0001	0.205319	0.810484	0.0001	0.942218	0.0001	0.0001	0.0001	0.150345	0.481209	0.108681	0.0001	0.0001	0.20347	0.427968	0.725646	0.559031	0.198377	0.0001	0.0001	0.428786	0.42968	0.0001	0.378758	0.084747	0.0836518	0.285846	0.503253	0.0977355	0.43066	0.0001	0.979736	0.19992	0.0001	0.227103	0.0823114	0.0001	0.0148904	0.0001	0.0001	0.0194546	0.151672	0.107786	0.0001	0.0473036	0.209951	0.0001	0.596316
74	A	T	ORF	S	NULL	0	0	0	0	0	0	0	0	0	0	0	0	0	0	0	0	0	0	0	0	0	0	0	0	0	0	0	0	0	0	0	0	0	0	0	0	0	0	0	0	0	0	0	0	0	0	0	0	0	0	0	0	0	0
75	A	T	ORF	S	NULL	0	0	0	0	0	0	0	0	0	0	0	0	0	0	0	0	0	0	0	0	0	0	0	0	0	0	0	0	0	0	0	0	0	0	0	0	0	0	0	0	0	0	0	0	0	0	0	0	0	0	0	0	0	0
76	A	T	ORF	S	NULL	0	0	0	0	0	0	0	0	0	0	0	0	0	0	0	0	0	0	0	0	0	0	0	0	0	0	0	0	0	0	0	0	0	0	0	0	0	0	0	0	0	0	0	0	0	0	0	0	0	0	0	0	0	0
77	A	T	ORF	S	NULL	0	0	0	0	0	0	0	0	0	0	0	0	0	0	0	0	0	0	0	0	0	0	0	0	0	0	0	0	0	0	0	0	0	0	0	0	0	0	0	0	0	0	0	0	0	0	0	0	0	0	0	0	0	0
78	A	T	ORF	S	NULL	0	0	0	0	0.00701684	0.0205387	0.0001	0.250778	0.0001	0.0041955	0.0046901	0.0239044	0.00476718	0.0001	0.441411	0.0261726	0.485749	0.0001	0.28835	0.238592	0.499149	0.0001	0.316732	0.00466173	0.0001	0.00316705	0.431715	0.0001	0.0001	0.017251	0.00338453	0.143959	0.0001	0.132684	0.783784	0.021757	0.0001	0.0202638	0.0001	0.702935	0.00956978	0.0279106	0.00972503	0.0001	0.99987	0.0001	0.0001	0.0248111	0.01687	0.0113135	0.865617	0.0265322	0.626053	0.0001
79	A	T	ORF	S	NULL	0	0	0	0	0	0	0	0	0	0	0	0	0	0	0	0	0	0	0	0	0	0	0	0	0	0	0	0	0	0	0	0	0	0	0	0	0	0	0	0	0	0	0	0	0	0	0	0	0	0	0	0	0	0
80	A	T	ORF	S	NULL	0	0	0	0	0.00701684	0.0205387	0.0001	0.250778	0.0001	0.0041955	0.0046901	0.0239044	0.00476718	0.0001	0.441411	0.0261726	0.485749	0.0001	0.28835	0.238592	0.499149	0.0001	0.316732	0.00466173	0.0001	0.00316705	0.431715	0.0001	0.0001	0.017251	0.00338453	0.143959	0.0001	0.132684	0.783784	0.021757	0.0001	0.0202638	0.0001	0.702935	0.00956978	0.0279106	0.00972503	0.0001	0.99987	0.0001	0.0001	0.0248111	0.01687	0.0113135	0.865617	0.0265322	0.626053	0.0001
81	A	T	ORF	S	NULL	0	0	0	0	0.0001	0.117328	0.178917	0.0170454	0.13721	0.27893	0.0001	0.0001	0.0269027	0.0001	0.0227319	0.0880446	0.21841	0.990005	0.353942	0.0220132	0.0464438	0.0269474	0.0001	0.0001	0.0001	0.0001	0.0001	0.016035	0.0001	0.0001	0.0001	0.244931	0.0258923	0.0763044	0.0150594	0.0001	0.0001	0.0001	0.698435	0.0001	0.0394413	0.50677	0.0001	0.000844761	0.0001	0.227932	0.953497	0.0001	0.0001	0.519955	0.0001	0.0001	0.0001	0.0704112
82	A	T	ORF	S	NULL	0	0	0	0	0.0001	0.0670699	0.105012	0.0001	0.0001	0.315322	0.0001	0.392949	0.0001	0.0001	0.380514	0.342444	0.00943206	0.0001	0.0290465	0.0460353	0.0001	0.0001	0.0818293	0.328097	0.999028	0.0001	0.0271379	0.271364	0.948018	0.523314	0.0001	0.47571	0.0001	0.0627705	0.0001	0.238292	0.0001	0.0001	0.0979142	0.0001	0.160919	0.022814	0.286513	0.118435	0.0001	0.0001	0.0001	0.00177555	0.115997	0.0001	0.0140366	0.0637148	0.373095	0.185409
83	A	T	ORF	S	NULL	0	0	0	0	0.0001	0.0001	0.237913	0.51396	0.0001	0.232913	0.0001	0.273911	0.0001	0.999912	0.0001	0.00989959	0.0001	0.0089004	0.0001	0.0001	0.0001	0.0001	0.0001	0.0001	0.0001	0.0001	0.0001	0.0418989	0.0509028	0.00889912	0.422924	0.0001	0.0001	0.0001	0.0001	0.0001	0.0001	0.0001	0.0001	0.0001	0.255914	0.0001	0.37592	0.0001	0.0001	0.0001	0.0001	0.0579022	0.0001	0.0001	0.0001	0.0001	0.0001	0.0539015
84	A	T	ORF	S	NULL	0	0	0	0	0.00701684	0.0205387	0.0001	0.250778	0.0001	0.0041955	0.0046901	0.0239044	0.00476718	0.0001	0.441411	0.0261726	0.485749	0.0001	0.28835	0.238592	0.499149	0.0001	0.316732	0.00466173	0.0001	0.00316705	0.431715	0.0001	0.0001	0.017251	0.00338453	0.143959	0.0001	0.132684	0.783784	0.021757	0.0001	0.0202638	0.0001	0.702935	0.00956978	0.0279106	0.00972503	0.0001	0.99987	0.0001	0.0001	0.0248111	0.01687	0.0113135	0.865617	0.0265322	0.626053	0.0001
85	A	T	ORF	S	NULL	0	0	0	0	0	0	0	0	0	0	0	0	0	0	0	0	0	0	0	0	0	0	0	0	0	0	0	0	0	0	0	0	0	0	0	0	0	0	0	0	0	0	0	0	0	0	0	0	0	0	0	0	0	0
86	A	T	ORF	S	NULL	0	0	0	0	0	0	0	0	0	0	0	0	0	0	0	0	0	0	0	0	0	0	0	0	0	0	0	0	0	0	0	0	0	0	0	0	0	0	0	0	0	0	0	0	0	0	0	0	0	0	0	0	0	0
87	A	T	ORF	S	NULL	0	0	0	0	0	0	0	0	0	0	0	0	0	0	0	0	0	0	0	0	0	0	0	0	0	0	0	0	0	0	0	0	0	0	0	0	0	0	0	0	0	0	0	0	0	0	0	0	0	0	0	0	0	0
88	A	T	ORF	S	NULL	0	0	0	0	0.15809	0.686623	0.179017	0.222364	0.947694	0.27903	0.942318	0.0002	0.0270027	0.0002	0.173077	0.569253	0.327091	0.990105	0.354042	0.225483	0.474412	0.752594	0.559131	0.198477	0.0002	0.0002	0.428886	0.445715	0.0002	0.378858	0.084847	0.328583	0.311738	0.579558	0.112795	0.43076	0.0002	0.979836	0.898355	0.0002	0.266544	0.589082	0.0002	0.0157352	0.0002	0.228032	0.972952	0.151772	0.107886	0.520055	0.0474036	0.210051	0.0002	0.666727
89	A	T	ORF	S	NULL	0	0	0	0	0.0001	0.0670699	0.105012	0.0001	0.0001	0.315322	0.0001	0.392949	0.0001	0.0001	0.380514	0.342444	0.00943206	0.0001	0.0290465	0.0460353	0.0001	0.0001	0.0818293	0.328097	0.999028	0.0001	0.0271379	0.271364	0.948018	0.523314	0.0001	0.47571	0.0001	0.0627705	0.0001	0.238292	0.0001	0.0001	0.0979142	0.0001	0.160919	0.022814	0.286513	0.118435	0.0001	0.0001	0.0001	0.00177555	0.115997	0.0001	0.0140366	0.0637148	0.373095	0.185409
90	A	T	ORF	S	NULL	0	0	0	0	0.00701684	0.0205387	0.0001	0.250778	0.0001	0.0041955	0.0046901	0.0239044	0.00476718	0.0001	0.441411	0.0261726	0.485749	0.0001	0.28835	0.238592	0.499149	0.0001	0.316732	0.00466173	0.0001	0.00316705	0.431715	0.0001	0.0001	0.017251	0.00338453	0.143959	0.0001	0.132684	0.783784	0.021757	0.0001	0.0202638	0.0001	0.702935	0.00956978	0.0279106	0.00972503	0.0001	0.99987	0.0001	0.0001	0.0248111	0.01687	0.0113135	0.865617	0.0265322	0.626053	0.0001
91	A	T	ORF	S	NULL	0	0	0	0	0.0002	0.153764	0.304257	0.0129975	0.0524063	0.3395	0.00636965	0.393049	0.898092	0.0002	0.380614	0.355868	0.0334205	0.0002	0.0777602	0.114553	0.0265391	0.247506	0.0819293	0.796961	0.999128	0.587212	0.0272379	0.435879	0.948118	0.523414	0.488056	0.47581	0.0269377	0.0628705	0.0002	0.238392	0.0002	0.0002	0.0980142	0.0002	0.265182	0.0595667	0.286748	0.984265	0.0002	0.771079	0.0271481	0.0165109	0.645648	0.285028	0.0344335	0.525671	0.373195	0.24452
92	A	T	ORF	S	NULL	0	0	0	0	0.00701684	0.0205387	0.0001	0.250778	0.0001	0.0041955	0.0046901	0.0239044	0.00476718	0.0001	0.441411	0.0261726	0.485749	0.0001	0.28835	0.238592	0.499149	0.0001	0.316732	0.00466173	0.0001	0.00316705	0.431715	0.0001	0.0001	0.017251	0.00338453	0.143959	0.0001	0.132684	0.783784	0.021757	0.0001	0.0202638	0.0001	0.702935	0.00956978	0.0279106	0.00972503	0.0001	0.99987	0.0001	0.0001	0.0248111	0.01687	0.0113135	0.865617	0.0265322	0.626053	0.0001
93	A	T	ORF	S	NULL	0	0	0	0	0.0001	0.0866942	0.199246	0.0128975	0.0523063	0.0241784	0.00626965	0.0001	0.897992	0.0001	0.0001	0.0134238	0.0239885	0.0001	0.0487138	0.068518	0.0264391	0.247406	0.0001	0.468864	0.0001	0.587112	0.0001	0.164515	0.0001	0.0001	0.487956	0.0001	0.0268377	0.0001	0.0001	0.0001	0.0001	0.0001	0.0001	0.0001	0.104263	0.0367527	0.000234254	0.865829	0.0001	0.770979	0.0270481	0.0147354	0.529651	0.284928	0.0203969	0.461956	0.0001	0.0591109
94	A	T	ORF	S	NULL	0	0	0	0	0	0	0	0	0	0	0	0	0	0	0	0	0	0	0	0	0	0	0	0	0	0	0	0	0	0	0	0	0	0	0	0	0	0	0	0	0	0	0	0	0	0	0	0	0	0	0	0	0	0
95	A	T	ORF	S	NULL	0	0	0	0	0	0	0	0	0	0	0	0	0	0	0	0	0	0	0	0	0	0	0	0	0	0	0	0	0	0	0	0	0	0	0	0	0	0	0	0	0	0	0	0	0	0	0	0	0	0	0	0	0	0
96	A	T	ORF	S	NULL	0	0	0	0	0	0	0	0	0	0	0	0	0	0	0	0	0	0	0	0	0	0	0	0	0	0	0	0	0	0	0	0	0	0	0	0	0	0	0	0	0	0	0	0	0	0	0	0	0	0	0	0	0	0
97	A	T	ORF	S	NULL	0	0	0	0	0	0	0	0	0	0	0	0	0	0	0	0	0	0	0	0	0	0	0	0	0	0	0	0	0	0	0	0	0	0	0	0	0	0	0	0	0	0	0	0	0	0	0	0	0	0	0	0	0	0
98	A	T	ORF	S	NULL	0	0	0	0	0	0	0	0	0	0	0	0	0	0	0	0	0	0	0	0	0	0	0	0	0	0	0	0	0	0	0	0	0	0	0	0	0	0	0	0	0	0	0	0	0	0	0	0	0	0	0	0	0	0
99	A	T	ORF	S	NULL	0	0	0	0	0.00701684	0.0205387	0.0001	0.250778	0.0001	0.0041955	0.0046901	0.0239044	0.00476718	0.0001	0.441411	0.0261726	0.485749	0.0001	0.28835	0.238592	0.499149	0.0001	0.316732	0.00466173	0.0001	0.00316705	0.431715	0.0001	0.0001	0.017251	0.00338453	0.143959	0.0001	0.132684	0.783784	0.021757	0.0001	0.0202638	0.0001	0.702935	0.00956978	0.0279106	0.00972503	0.0001	0.99987	0.0001	0.0001	0.0248111	0.01687	0.0113135	0.865617	0.0265322	0.626053	0.0001
100	A	T	ORF	S	NULL	0	0	0	0	0	0	0	0	0	0	0	0	0	0	0	0	0	0	0	0	0	0	0	0	0	0	0	0	0	0	0	0	0	0	0	0	0	0	0	0	0	0	0	0	0	0	0	0	0	0	0	0	0	0
