pos	ref	alt	gene	N/S	AA	nSRAsubclonal	nSRAclonal	nSRA	nConsensus	sample0|Earth	sample1|Earth	sample2|Earth	sample3|Earth	sample4|Earth	sample5|Earth	sample6|Earth	sample7|Earth	sample8|Earth	sample9|Earth	sample10|Earth	sample11|Earth	sample12|Earth	sample13|Earth	sample14|Earth	sample15|Earth	sample16|Earth	sample17|Earth	sample18|Earth	sample19|Earth	sample20|Earth	sample21|Earth	sample22|Earth	sample23|Earth	sample24|Earth	sample25|Earth	sample26|Earth	sample27|Earth	sample28|Earth	sample29|Earth	sample30|Earth	sample31|Earth	sample32|Earth	sample33|Earth	sample34|Earth	sample35|Earth	sample36|Earth	sample37|Earth	sample38|Earth	sample39|Earth	sample40|Earth	sample41|Earth	sample42|Earth	sample43|Earth	sample44|Earth	sample45|Earth	sample46|Earth	sample47|Earth	sample48|Earth	sample49|Earth
1	A	T	ORF	S	NULL	0	0	0	0	0	0	0	0	0	0	0	0	0	0	0	0	0	0	0	0	0	0	0	0	0	0	0	0	0	0	0	0	0	0	0	0	0	0	0	0	0	0	0	0	0	0	0	0	0	0	0	0	0	0
2	A	T	ORF	S	NULL	0	0	0	0	0.0545255	0.854372	0.000145903	0.000206854	0.0775742	0.111571	0.53066	0.0461207	0.0363238	0.804299	0.000223742	0.396772	0.743703	0.000223303	0.310396	0.0993648	0.03461	0.000343949	0.00044845	0.999976	0.586171	0.172674	0.000196196	0.167318	0.270879	0.000342934	0.599337	0.000556059	0.000478953	0.00031556	0.0213307	0.000310658	0.997567	0.898354	0.0356878	0.0497744	0.738373	0.000282498	0.000264615	0.000100001	0.215437	0.000100001	0.000241575	0.000223307	0.0442464	0.000100001	0.000207656	0.0566958	0.712597	0.127648
3	A	T	ORF	S	NULL	0	0	0	0	0.0001	0.000100003	0.0001	0.0001	0.922099	0.00400077	0.102084	0.119085	0.0001	0.000100003	0.982079	0.0750405	0.0460744	0.0001	0.0419668	0.127024	0.0660538	0.367996	0.501044	0.000100007	0.188974	0.419097	0.245052	0.0001	0.0959971	0.0001	0.250987	0.0001	0.983059	0.963118	0.0001	0.124991	0.00199765	0.000100003	0.0740461	0.822118	0.260995	0.336979	0.0001	0.999963	0.000100001	0.999963	0.0001	0.0001	0.0001	0.0001	0.0001	0.0240377	0.097987	0.642186
4	A	T	ORF	S	NULL	0	0	0	0	0	0	0	0	0	0	0	0	0	0	0	0	0	0	0	0	0	0	0	0	0	0	0	0	0	0	0	0	0	0	0	0	0	0	0	0	0	0	0	0	0	0	0	0	0	0	0	0	0	0
5	A	T	ORF	S	NULL	0	0	0	0	0	0	0	0	0	0	0	0	0	0	0	0	0	0	0	0	0	0	0	0	0	0	0	0	0	0	0	0	0	0	0	0	0	0	0	0	0	0	0	0	0	0	0	0	0	0	0	0	0	0
6	A	T	ORF	S	NULL	0	0	0	0	0	0	0	0	0	0	0	0	0	0	0	0	0	0	0	0	0	0	0	0	0	0	0	0	0	0	0	0	0	0	0	0	0	0	0	0	0	0	0	0	0	0	0	0	0	0	0	0	0	0
7	A	T	ORF	S	NULL	0	0	0	0	0.0001	0.000100003	0.0001	0.0001	0.922099	0.00400077	0.102084	0.119085	0.0001	0.000100003	0.982079	0.0750405	0.0460744	0.0001	0.0419668	0.127024	0.0660538	0.367996	0.501044	0.000100007	0.188974	0.419097	0.245052	0.0001	0.0959971	0.0001	0.250987	0.0001	0.983059	0.963118	0.0001	0.124991	0.00199765	0.000100003	0.0740461	0.822118	0.260995	0.336979	0.0001	0.999963	0.000100001	0.999963	0.0001	0.0001	0.0001	0.0001	0.0001	0.0240377	0.097987	0.642186
8	A	T	ORF	S	NULL	0	0	0	0	0	0	0	0	0	0	0	0	0	0	0	0	0	0	0	0	0	0	0	0	0	0	0	0	0	0	0	0	0	0	0	0	0	0	0	0	0	0	0	0	0	0	0	0	0	0	0	0	0	0
9	A	T	ORF	S	NULL	0	0	0	0	0	0	0	0	0	0	0	0	0	0	0	0	0	0	0	0	0	0	0	0	0	0	0	0	0	0	0	0	0	0	0	0	0	0	0	0	0	0	0	0	0	0	0	0	0	0	0	0	0	0
10	A	T	ORF	S	NULL	0	0	0	0	0	0	0	0	0	0	0	0	0	0	0	0	0	0	0	0	0	0	0	0	0	0	0	0	0	0	0	0	0	0	0	0	0	0	0	0	0	0	0	0	0	0	0	0	0	0	0	0	0	0
11	A	T	ORF	S	NULL	0	0	0	0	0	0	0	0	0	0	0	0	0	0	0	0	0	0	0	0	0	0	0	0	0	0	0	0	0	0	0	0	0	0	0	0	0	0	0	0	0	0	0	0	0	0	0	0	0	0	0	0	0	0
12	A	T	ORF	S	NULL	0	0	0	0	0.140531	0.145327	0.37246	0.000331419	0.922219	0.630517	0.468634	0.373827	0.939385	0.000350063	0.982333	0.0754158	0.135677	0.537318	0.100482	0.226783	0.513888	0.376185	0.672624	0.000200019	0.413637	0.419376	0.999565	0.832417	0.330642	0.000285595	0.400217	0.178634	0.983215	0.99939	0.266885	0.125218	0.0021498	0.000396985	0.207365	0.822442	0.26122	0.337262	0.000311334	1.00006	0.10364	1.00006	0.365442	0.000253345	0.432318	1.00006	0.872432	0.0243856	0.189701	0.786769
13	A	T	ORF	S	NULL	0	0	0	0	0	0	0	0	0	0	0	0	0	0	0	0	0	0	0	0	0	0	0	0	0	0	0	0	0	0	0	0	0	0	0	0	0	0	0	0	0	0	0	0	0	0	0	0	0	0	0	0	0	0
14	A	T	ORF	S	NULL	0	0	0	0	0	0	0	0	0	0	0	0	0	0	0	0	0	0	0	0	0	0	0	0	0	0	0	0	0	0	0	0	0	0	0	0	0	0	0	0	0	0	0	0	0	0	0	0	0	0	0	0	0	0
15	A	T	ORF	S	NULL	0	0	0	0	0	0	0	0	0	0	0	0	0	0	0	0	0	0	0	0	0	0	0	0	0	0	0	0	0	0	0	0	0	0	0	0	0	0	0	0	0	0	0	0	0	0	0	0	0	0	0	0	0	0
16	A	T	ORF	S	NULL	0	0	0	0	0.0001	0.000100003	0.0001	0.0001	0.922099	0.00400077	0.102084	0.119085	0.0001	0.000100003	0.982079	0.0750405	0.0460744	0.0001	0.0419668	0.127024	0.0660538	0.367996	0.501044	0.000100007	0.188974	0.419097	0.245052	0.0001	0.0959971	0.0001	0.250987	0.0001	0.983059	0.963118	0.0001	0.124991	0.00199765	0.000100003	0.0740461	0.822118	0.260995	0.336979	0.0001	0.999963	0.000100001	0.999963	0.0001	0.0001	0.0001	0.0001	0.0001	0.0240377	0.097987	0.642186
17	A	T	ORF	S	NULL	0	0	0	0	0.804621	0.000190215	0.000100528	0.421259	0.000100067	0.257471	0.000360007	0.523644	0.0242174	0.195318	0.000210962	0.527426	0.120338	0.462277	0.501317	0.394399	0.187296	0.000219753	0.157353	0.000100031	0.000100009	0.407461	0.000141042	0.000138171	0.39351	0.844266	0.000249271	0.235322	0.0161734	0.000149526	0.691411	0.874245	0.000131613	0.000171474	0.369378	0.000437804	0.0001949	0.662195	0.761282	0.0001	0.175431	0.0001	0.634249	0.918333	0.522235	0.0001	0.127223	0.473502	0.0842726	0.085316
18	A	T	ORF	S	NULL	0	0	0	0	0.0545255	0.854372	0.000145903	0.000206854	0.0775742	0.111571	0.53066	0.0461207	0.0363238	0.804299	0.000223742	0.396772	0.743703	0.000223303	0.310396	0.0993648	0.03461	0.000343949	0.00044845	0.999976	0.586171	0.172674	0.000196196	0.167318	0.270879	0.000342934	0.599337	0.000556059	0.000478953	0.00031556	0.0213307	0.000310658	0.997567	0.898354	0.0356878	0.0497744	0.738373	0.000282498	0.000264615	0.000100001	0.215437	0.000100001	0.000241575	0.000223307	0.0442464	0.000100001	0.000207656	0.0566958	0.712597	0.127648
19	A	T	ORF	S	NULL	0	0	0	0	0	0	0	0	0	0	0	0	0	0	0	0	0	0	0	0	0	0	0	0	0	0	0	0	0	0	0	0	0	0	0	0	0	0	0	0	0	0	0	0	0	0	0	0	0	0	0	0	0	0
20	A	T	ORF	S	NULL	0	0	0	0	0.140431	0.145227	0.37236	0.000231419	0.000119772	0.626516	0.36655	0.254742	0.939285	0.00025006	0.000254043	0.000375334	0.0896029	0.537218	0.0585156	0.0997594	0.447834	0.0081896	0.17158	0.000100012	0.224663	0.000278957	0.754513	0.832317	0.234645	0.000185595	0.149229	0.178534	0.000155685	0.036272	0.266785	0.000226617	0.000152141	0.000296982	0.133319	0.000323941	0.000225183	0.000282187	0.000211334	0.000100001	0.10354	0.000100001	0.365342	0.000153345	0.432218	0.999961	0.872332	0.000347876	0.0917142	0.144583
21	A	T	ORF	S	NULL	0	0	0	0	0	0	0	0	0	0	0	0	0	0	0	0	0	0	0	0	0	0	0	0	0	0	0	0	0	0	0	0	0	0	0	0	0	0	0	0	0	0	0	0	0	0	0	0	0	0	0	0	0	0
22	A	T	ORF	S	NULL	0	0	0	0	0	0	0	0	0	0	0	0	0	0	0	0	0	0	0	0	0	0	0	0	0	0	0	0	0	0	0	0	0	0	0	0	0	0	0	0	0	0	0	0	0	0	0	0	0	0	0	0	0	0
23	A	T	ORF	S	NULL	0	0	0	0	0	0	0	0	0	0	0	0	0	0	0	0	0	0	0	0	0	0	0	0	0	0	0	0	0	0	0	0	0	0	0	0	0	0	0	0	0	0	0	0	0	0	0	0	0	0	0	0	0	0
24	A	T	ORF	S	NULL	0	0	0	0	0	0	0	0	0	0	0	0	0	0	0	0	0	0	0	0	0	0	0	0	0	0	0	0	0	0	0	0	0	0	0	0	0	0	0	0	0	0	0	0	0	0	0	0	0	0	0	0	0	0
25	A	T	ORF	S	NULL	0	0	0	0	0	0	0	0	0	0	0	0	0	0	0	0	0	0	0	0	0	0	0	0	0	0	0	0	0	0	0	0	0	0	0	0	0	0	0	0	0	0	0	0	0	0	0	0	0	0	0	0	0	0
26	A	T	ORF	S	NULL	0	0	0	0	0	0	0	0	0	0	0	0	0	0	0	0	0	0	0	0	0	0	0	0	0	0	0	0	0	0	0	0	0	0	0	0	0	0	0	0	0	0	0	0	0	0	0	0	0	0	0	0	0	0
27	A	T	ORF	S	NULL	0	0	0	0	0	0	0	0	0	0	0	0	0	0	0	0	0	0	0	0	0	0	0	0	0	0	0	0	0	0	0	0	0	0	0	0	0	0	0	0	0	0	0	0	0	0	0	0	0	0	0	0	0	0
28	A	T	ORF	S	NULL	0	0	0	0	0	0	0	0	0	0	0	0	0	0	0	0	0	0	0	0	0	0	0	0	0	0	0	0	0	0	0	0	0	0	0	0	0	0	0	0	0	0	0	0	0	0	0	0	0	0	0	0	0	0
29	A	T	ORF	S	NULL	0	0	0	0	0.0001	0.000100003	0.0001	0.0001	0.922099	0.00400077	0.102084	0.119085	0.0001	0.000100003	0.982079	0.0750405	0.0460744	0.0001	0.0419668	0.127024	0.0660538	0.367996	0.501044	0.000100007	0.188974	0.419097	0.245052	0.0001	0.0959971	0.0001	0.250987	0.0001	0.983059	0.963118	0.0001	0.124991	0.00199765	0.000100003	0.0740461	0.822118	0.260995	0.336979	0.0001	0.999963	0.000100001	0.999963	0.0001	0.0001	0.0001	0.0001	0.0001	0.0240377	0.097987	0.642186
30	A	T	ORF	S	NULL	0	0	0	0	0	0	0	0	0	0	0	0	0	0	0	0	0	0	0	0	0	0	0	0	0	0	0	0	0	0	0	0	0	0	0	0	0	0	0	0	0	0	0	0	0	0	0	0	0	0	0	0	0	0
31	A	T	ORF	S	NULL	0	0	0	0	0	0	0	0	0	0	0	0	0	0	0	0	0	0	0	0	0	0	0	0	0	0	0	0	0	0	0	0	0	0	0	0	0	0	0	0	0	0	0	0	0	0	0	0	0	0	0	0	0	0
32	A	T	ORF	S	NULL	0	0	0	0	0	0	0	0	0	0	0	0	0	0	0	0	0	0	0	0	0	0	0	0	0	0	0	0	0	0	0	0	0	0	0	0	0	0	0	0	0	0	0	0	0	0	0	0	0	0	0	0	0	0
33	A	T	ORF	S	NULL	0	0	0	0	0.804621	0.000190215	0.000100528	0.421259	0.000100067	0.257471	0.000360007	0.523644	0.0242174	0.195318	0.000210962	0.527426	0.120338	0.462277	0.501317	0.394399	0.187296	0.000219753	0.157353	0.000100031	0.000100009	0.407461	0.000141042	0.000138171	0.39351	0.844266	0.000249271	0.235322	0.0161734	0.000149526	0.691411	0.874245	0.000131613	0.000171474	0.369378	0.000437804	0.0001949	0.662195	0.761282	0.0001	0.175431	0.0001	0.634249	0.918333	0.522235	0.0001	0.127223	0.473502	0.0842726	0.085316
34	A	T	ORF	S	NULL	0	0	0	0	0	0	0	0	0	0	0	0	0	0	0	0	0	0	0	0	0	0	0	0	0	0	0	0	0	0	0	0	0	0	0	0	0	0	0	0	0	0	0	0	0	0	0	0	0	0	0	0	0	0
35	A	T	ORF	S	NULL	0	0	0	0	0	0	0	0	0	0	0	0	0	0	0	0	0	0	0	0	0	0	0	0	0	0	0	0	0	0	0	0	0	0	0	0	0	0	0	0	0	0	0	0	0	0	0	0	0	0	0	0	0	0
36	A	T	ORF	S	NULL	0	0	0	0	0	0	0	0	0	0	0	0	0	0	0	0	0	0	0	0	0	0	0	0	0	0	0	0	0	0	0	0	0	0	0	0	0	0	0	0	0	0	0	0	0	0	0	0	0	0	0	0	0	0
37	A	T	ORF	S	NULL	0	0	0	0	0	0	0	0	0	0	0	0	0	0	0	0	0	0	0	0	0	0	0	0	0	0	0	0	0	0	0	0	0	0	0	0	0	0	0	0	0	0	0	0	0	0	0	0	0	0	0	0	0	0
38	A	T	ORF	S	NULL	0	0	0	0	0	0	0	0	0	0	0	0	0	0	0	0	0	0	0	0	0	0	0	0	0	0	0	0	0	0	0	0	0	0	0	0	0	0	0	0	0	0	0	0	0	0	0	0	0	0	0	0	0	0
39	A	T	ORF	S	NULL	0	0	0	0	0.140848	0.145438	0.999757	0.578534	0.00023253	0.626958	0.366896	0.31115	0.939459	0.000383662	0.017486	0.000760941	0.0898848	0.537499	0.14632	0.379212	0.71204	0.631441	0.341155	0.000200032	0.224807	0.000768575	0.754615	0.832544	0.239613	0.155391	0.149426	0.764122	0.000288554	0.036417	0.287258	0.00045323	0.000303478	0.101475	0.520888	0.12767	0.000437432	0.000542942	0.238453	0.000200001	0.609132	0.000200001	0.36551	0.081443	0.433519	1.00006	0.872569	0.445764	0.105144	0.144849
40	A	T	ORF	S	NULL	0	0	0	0	0.804621	0.000190215	0.000100528	0.421259	0.000100067	0.257471	0.000360007	0.523644	0.0242174	0.195318	0.000210962	0.527426	0.120338	0.462277	0.501317	0.394399	0.187296	0.000219753	0.157353	0.000100031	0.000100009	0.407461	0.000141042	0.000138171	0.39351	0.844266	0.000249271	0.235322	0.0161734	0.000149526	0.691411	0.874245	0.000131613	0.000171474	0.369378	0.000437804	0.0001949	0.662195	0.761282	0.0001	0.175431	0.0001	0.634249	0.918333	0.522235	0.0001	0.127223	0.473502	0.0842726	0.085316
41	A	T	ORF	S	NULL	0	0	0	0	0	0	0	0	0	0	0	0	0	0	0	0	0	0	0	0	0	0	0	0	0	0	0	0	0	0	0	0	0	0	0	0	0	0	0	0	0	0	0	0	0	0	0	0	0	0	0	0	0	0
42	A	T	ORF	S	NULL	0	0	0	0	0	0	0	0	0	0	0	0	0	0	0	0	0	0	0	0	0	0	0	0	0	0	0	0	0	0	0	0	0	0	0	0	0	0	0	0	0	0	0	0	0	0	0	0	0	0	0	0	0	0
43	A	T	ORF	S	NULL	0	0	0	0	0	0	0	0	0	0	0	0	0	0	0	0	0	0	0	0	0	0	0	0	0	0	0	0	0	0	0	0	0	0	0	0	0	0	0	0	0	0	0	0	0	0	0	0	0	0	0	0	0	0
44	A	T	ORF	S	NULL	0	0	0	0	0	0	0	0	0	0	0	0	0	0	0	0	0	0	0	0	0	0	0	0	0	0	0	0	0	0	0	0	0	0	0	0	0	0	0	0	0	0	0	0	0	0	0	0	0	0	0	0	0	0
45	A	T	ORF	S	NULL	0	0	0	0	0.804621	0.000190215	0.000100528	0.421259	0.000100067	0.257471	0.000360007	0.523644	0.0242174	0.195318	0.000210962	0.527426	0.120338	0.462277	0.501317	0.394399	0.187296	0.000219753	0.157353	0.000100031	0.000100009	0.407461	0.000141042	0.000138171	0.39351	0.844266	0.000249271	0.235322	0.0161734	0.000149526	0.691411	0.874245	0.000131613	0.000171474	0.369378	0.000437804	0.0001949	0.662195	0.761282	0.0001	0.175431	0.0001	0.634249	0.918333	0.522235	0.0001	0.127223	0.473502	0.0842726	0.085316
46	A	T	ORF	S	NULL	0	0	0	0	0.0001	0.000100003	0.0001	0.0001	0.922099	0.00400077	0.102084	0.119085	0.0001	0.000100003	0.982079	0.0750405	0.0460744	0.0001	0.0419668	0.127024	0.0660538	0.367996	0.501044	0.000100007	0.188974	0.419097	0.245052	0.0001	0.0959971	0.0001	0.250987	0.0001	0.983059	0.963118	0.0001	0.124991	0.00199765	0.000100003	0.0740461	0.822118	0.260995	0.336979	0.0001	0.999963	0.000100001	0.999963	0.0001	0.0001	0.0001	0.0001	0.0001	0.0240377	0.097987	0.642186
47	A	T	ORF	S	NULL	0	0	0	0	0.0001	0.000100003	0.0001	0.0001	0.922099	0.00400077	0.102084	0.119085	0.0001	0.000100003	0.982079	0.0750405	0.0460744	0.0001	0.0419668	0.127024	0.0660538	0.367996	0.501044	0.000100007	0.188974	0.419097	0.245052	0.0001	0.0959971	0.0001	0.250987	0.0001	0.983059	0.963118	0.0001	0.124991	0.00199765	0.000100003	0.0740461	0.822118	0.260995	0.336979	0.0001	0.999963	0.000100001	0.999963	0.0001	0.0001	0.0001	0.0001	0.0001	0.0240377	0.097987	0.642186
48	A	T	ORF	S	NULL	0	0	0	0	0.0546255	0.854472	0.000245903	0.000306854	0.999673	0.115571	0.632744	0.165206	0.0364238	0.804399	0.982303	0.471813	0.789777	0.000323303	0.352363	0.226389	0.100664	0.36834	0.501492	1.00008	0.775145	0.591771	0.245249	0.167418	0.366876	0.000442934	0.850325	0.000656059	0.983538	0.963434	0.0214307	0.125302	0.999565	0.898454	0.109734	0.871892	0.999368	0.337262	0.000364615	1.00006	0.215537	1.00006	0.000341575	0.000323307	0.0443464	0.000200001	0.000307656	0.0807335	0.810584	0.769835
49	A	T	ORF	S	NULL	0	0	0	0	0	0	0	0	0	0	0	0	0	0	0	0	0	0	0	0	0	0	0	0	0	0	0	0	0	0	0	0	0	0	0	0	0	0	0	0	0	0	0	0	0	0	0	0	0	0	0	0	0	0
50	A	T	ORF	S	NULL	0	0	0	0	0	0	0	0	0	0	0	0	0	0	0	0	0	0	0	0	0	0	0	0	0	0	0	0	0	0	0	0	0	0	0	0	0	0	0	0	0	0	0	0	0	0	0	0	0	0	0	0	0	0
51	A	T	ORF	S	NULL	0	0	0	0	0	0	0	0	0	0	0	0	0	0	0	0	0	0	0	0	0	0	0	0	0	0	0	0	0	0	0	0	0	0	0	0	0	0	0	0	0	0	0	0	0	0	0	0	0	0	0	0	0	0
52	A	T	ORF	S	NULL	0	0	0	0	0	0	0	0	0	0	0	0	0	0	0	0	0	0	0	0	0	0	0	0	0	0	0	0	0	0	0	0	0	0	0	0	0	0	0	0	0	0	0	0	0	0	0	0	0	0	0	0	0	0
53	A	T	ORF	S	NULL	0	0	0	0	0	0	0	0	0	0	0	0	0	0	0	0	0	0	0	0	0	0	0	0	0	0	0	0	0	0	0	0	0	0	0	0	0	0	0	0	0	0	0	0	0	0	0	0	0	0	0	0	0	0
54	A	T	ORF	S	NULL	0	0	0	0	0	0	0	0	0	0	0	0	0	0	0	0	0	0	0	0	0	0	0	0	0	0	0	0	0	0	0	0	0	0	0	0	0	0	0	0	0	0	0	0	0	0	0	0	0	0	0	0	0	0
55	A	T	ORF	S	NULL	0	0	0	0	0	0	0	0	0	0	0	0	0	0	0	0	0	0	0	0	0	0	0	0	0	0	0	0	0	0	0	0	0	0	0	0	0	0	0	0	0	0	0	0	0	0	0	0	0	0	0	0	0	0
56	A	T	ORF	S	NULL	0	0	0	0	0	0	0	0	0	0	0	0	0	0	0	0	0	0	0	0	0	0	0	0	0	0	0	0	0	0	0	0	0	0	0	0	0	0	0	0	0	0	0	0	0	0	0	0	0	0	0	0	0	0
57	A	T	ORF	S	NULL	0	0	0	0	0	0	0	0	0	0	0	0	0	0	0	0	0	0	0	0	0	0	0	0	0	0	0	0	0	0	0	0	0	0	0	0	0	0	0	0	0	0	0	0	0	0	0	0	0	0	0	0	0	0
58	A	T	ORF	S	NULL	0	0	0	0	0	0	0	0	0	0	0	0	0	0	0	0	0	0	0	0	0	0	0	0	0	0	0	0	0	0	0	0	0	0	0	0	0	0	0	0	0	0	0	0	0	0	0	0	0	0	0	0	0	0
59	A	T	ORF	S	NULL	0	0	0	0	0.804621	0.000190215	0.000100528	0.421259	0.000100067	0.257471	0.000360007	0.523644	0.0242174	0.195318	0.000210962	0.527426	0.120338	0.462277	0.501317	0.394399	0.187296	0.000219753	0.157353	0.000100031	0.000100009	0.407461	0.000141042	0.000138171	0.39351	0.844266	0.000249271	0.235322	0.0161734	0.000149526	0.691411	0.874245	0.000131613	0.000171474	0.369378	0.000437804	0.0001949	0.662195	0.761282	0.0001	0.175431	0.0001	0.634249	0.918333	0.522235	0.0001	0.127223	0.473502	0.0842726	0.085316
60	A	T	ORF	S	NULL	0	0	0	0	0	0	0	0	0	0	0	0	0	0	0	0	0	0	0	0	0	0	0	0	0	0	0	0	0	0	0	0	0	0	0	0	0	0	0	0	0	0	0	0	0	0	0	0	0	0	0	0	0	0
61	A	T	ORF	S	NULL	0	0	0	0	0	0	0	0	0	0	0	0	0	0	0	0	0	0	0	0	0	0	0	0	0	0	0	0	0	0	0	0	0	0	0	0	0	0	0	0	0	0	0	0	0	0	0	0	0	0	0	0	0	0
62	A	T	ORF	S	NULL	0	0	0	0	0.0001	0.000100003	0.0001	0.0001	0.922099	0.00400077	0.102084	0.119085	0.0001	0.000100003	0.982079	0.0750405	0.0460744	0.0001	0.0419668	0.127024	0.0660538	0.367996	0.501044	0.000100007	0.188974	0.419097	0.245052	0.0001	0.0959971	0.0001	0.250987	0.0001	0.983059	0.963118	0.0001	0.124991	0.00199765	0.000100003	0.0740461	0.822118	0.260995	0.336979	0.0001	0.999963	0.000100001	0.999963	0.0001	0.0001	0.0001	0.0001	0.0001	0.0240377	0.097987	0.642186
63	A	T	ORF	S	NULL	0	0	0	0	0	0	0	0	0	0	0	0	0	0	0	0	0	0	0	0	0	0	0	0	0	0	0	0	0	0	0	0	0	0	0	0	0	0	0	0	0	0	0	0	0	0	0	0	0	0	0	0	0	0
64	A	T	ORF	S	NULL	0	0	0	0	0	0	0	0	0	0	0	0	0	0	0	0	0	0	0	0	0	0	0	0	0	0	0	0	0	0	0	0	0	0	0	0	0	0	0	0	0	0	0	0	0	0	0	0	0	0	0	0	0	0
65	A	T	ORF	S	NULL	0	0	0	0	0.0001	0.000100003	0.0001	0.0001	0.922099	0.00400077	0.102084	0.119085	0.0001	0.000100003	0.982079	0.0750405	0.0460744	0.0001	0.0419668	0.127024	0.0660538	0.367996	0.501044	0.000100007	0.188974	0.419097	0.245052	0.0001	0.0959971	0.0001	0.250987	0.0001	0.983059	0.963118	0.0001	0.124991	0.00199765	0.000100003	0.0740461	0.822118	0.260995	0.336979	0.0001	0.999963	0.000100001	0.999963	0.0001	0.0001	0.0001	0.0001	0.0001	0.0240377	0.097987	0.642186
66	A	T	ORF	S	NULL	0	0	0	0	0.000416799	0.000210507	0.627397	0.578302	0.000112759	0.000441984	0.000345725	0.0564085	0.000173917	0.000133602	0.0172319	0.000385607	0.000281895	0.000281629	0.0878044	0.279452	0.264206	0.623251	0.169575	0.000100021	0.000144409	0.000489618	0.000102479	0.000226849	0.00496853	0.155205	0.000196788	0.585588	0.000132869	0.000144969	0.0204732	0.000226612	0.000151337	0.101178	0.38757	0.127346	0.000212248	0.000260755	0.238242	0.0001	0.505592	0.0001	0.000168061	0.0812897	0.00130061	0.000100001	0.000237087	0.445416	0.0134293	0.000266541
67	A	T	ORF	S	NULL	0	0	0	0	0.0545255	0.854372	0.000145903	0.000206854	0.0775742	0.111571	0.53066	0.0461207	0.0363238	0.804299	0.000223742	0.396772	0.743703	0.000223303	0.310396	0.0993648	0.03461	0.000343949	0.00044845	0.999976	0.586171	0.172674	0.000196196	0.167318	0.270879	0.000342934	0.599337	0.000556059	0.000478953	0.00031556	0.0213307	0.000310658	0.997567	0.898354	0.0356878	0.0497744	0.738373	0.000282498	0.000264615	0.000100001	0.215437	0.000100001	0.000241575	0.000223307	0.0442464	0.000100001	0.000207656	0.0566958	0.712597	0.127648
68	A	T	ORF	S	NULL	0	0	0	0	0	0	0	0	0	0	0	0	0	0	0	0	0	0	0	0	0	0	0	0	0	0	0	0	0	0	0	0	0	0	0	0	0	0	0	0	0	0	0	0	0	0	0	0	0	0	0	0	0	0
69	A	T	ORF	S	NULL	0	0	0	0	0.000416799	0.000210507	0.627397	0.578302	0.000112759	0.000441984	0.000345725	0.0564085	0.000173917	0.000133602	0.0172319	0.000385607	0.000281895	0.000281629	0.0878044	0.279452	0.264206	0.623251	0.169575	0.000100021	0.000144409	0.000489618	0.000102479	0.000226849	0.00496853	0.155205	0.000196788	0.585588	0.000132869	0.000144969	0.0204732	0.000226612	0.000151337	0.101178	0.38757	0.127346	0.000212248	0.000260755	0.238242	0.0001	0.505592	0.0001	0.000168061	0.0812897	0.00130061	0.000100001	0.000237087	0.445416	0.0134293	0.000266541
70	A	T	ORF	S	NULL	0	0	0	0	0.0001	0.000100003	0.0001	0.0001	0.922099	0.00400077	0.102084	0.119085	0.0001	0.000100003	0.982079	0.0750405	0.0460744	0.0001	0.0419668	0.127024	0.0660538	0.367996	0.501044	0.000100007	0.188974	0.419097	0.245052	0.0001	0.0959971	0.0001	0.250987	0.0001	0.983059	0.963118	0.0001	0.124991	0.00199765	0.000100003	0.0740461	0.822118	0.260995	0.336979	0.0001	0.999963	0.000100001	0.999963	0.0001	0.0001	0.0001	0.0001	0.0001	0.0240377	0.097987	0.642186
71	A	T	ORF	S	NULL	0	0	0	0	0	0	0	0	0	0	0	0	0	0	0	0	0	0	0	0	0	0	0	0	0	0	0	0	0	0	0	0	0	0	0	0	0	0	0	0	0	0	0	0	0	0	0	0	0	0	0	0	0	0
72	A	T	ORF	S	NULL	0	0	0	0	0	0	0	0	0	0	0	0	0	0	0	0	0	0	0	0	0	0	0	0	0	0	0	0	0	0	0	0	0	0	0	0	0	0	0	0	0	0	0	0	0	0	0	0	0	0	0	0	0	0
73	A	T	ORF	S	NULL	0	0	0	0	0.140431	0.145227	0.37236	0.000231419	0.000119772	0.626516	0.36655	0.254742	0.939285	0.00025006	0.000254043	0.000375334	0.0896029	0.537218	0.0585156	0.0997594	0.447834	0.0081896	0.17158	0.000100012	0.224663	0.000278957	0.754513	0.832317	0.234645	0.000185595	0.149229	0.178534	0.000155685	0.036272	0.266785	0.000226617	0.000152141	0.000296982	0.133319	0.000323941	0.000225183	0.000282187	0.000211334	0.000100001	0.10354	0.000100001	0.365342	0.000153345	0.432218	0.999961	0.872332	0.000347876	0.0917142	0.144583
74	A	T	ORF	S	NULL	0	0	0	0	0	0	0	0	0	0	0	0	0	0	0	0	0	0	0	0	0	0	0	0	0	0	0	0	0	0	0	0	0	0	0	0	0	0	0	0	0	0	0	0	0	0	0	0	0	0	0	0	0	0
75	A	T	ORF	S	NULL	0	0	0	0	0	0	0	0	0	0	0	0	0	0	0	0	0	0	0	0	0	0	0	0	0	0	0	0	0	0	0	0	0	0	0	0	0	0	0	0	0	0	0	0	0	0	0	0	0	0	0	0	0	0
76	A	T	ORF	S	NULL	0	0	0	0	0	0	0	0	0	0	0	0	0	0	0	0	0	0	0	0	0	0	0	0	0	0	0	0	0	0	0	0	0	0	0	0	0	0	0	0	0	0	0	0	0	0	0	0	0	0	0	0	0	0
77	A	T	ORF	S	NULL	0	0	0	0	0	0	0	0	0	0	0	0	0	0	0	0	0	0	0	0	0	0	0	0	0	0	0	0	0	0	0	0	0	0	0	0	0	0	0	0	0	0	0	0	0	0	0	0	0	0	0	0	0	0
78	A	T	ORF	S	NULL	0	0	0	0	0.0001	0.000100003	0.0001	0.0001	0.922099	0.00400077	0.102084	0.119085	0.0001	0.000100003	0.982079	0.0750405	0.0460744	0.0001	0.0419668	0.127024	0.0660538	0.367996	0.501044	0.000100007	0.188974	0.419097	0.245052	0.0001	0.0959971	0.0001	0.250987	0.0001	0.983059	0.963118	0.0001	0.124991	0.00199765	0.000100003	0.0740461	0.822118	0.260995	0.336979	0.0001	0.999963	0.000100001	0.999963	0.0001	0.0001	0.0001	0.0001	0.0001	0.0240377	0.097987	0.642186
79	A	T	ORF	S	NULL	0	0	0	0	0	0	0	0	0	0	0	0	0	0	0	0	0	0	0	0	0	0	0	0	0	0	0	0	0	0	0	0	0	0	0	0	0	0	0	0	0	0	0	0	0	0	0	0	0	0	0	0	0	0
80	A	T	ORF	S	NULL	0	0	0	0	0.0001	0.000100003	0.0001	0.0001	0.922099	0.00400077	0.102084	0.119085	0.0001	0.000100003	0.982079	0.0750405	0.0460744	0.0001	0.0419668	0.127024	0.0660538	0.367996	0.501044	0.000100007	0.188974	0.419097	0.245052	0.0001	0.0959971	0.0001	0.250987	0.0001	0.983059	0.963118	0.0001	0.124991	0.00199765	0.000100003	0.0740461	0.822118	0.260995	0.336979	0.0001	0.999963	0.000100001	0.999963	0.0001	0.0001	0.0001	0.0001	0.0001	0.0240377	0.097987	0.642186
81	A	T	ORF	S	NULL	0	0	0	0	0	0	0	0	0	0	0	0	0	0	0	0	0	0	0	0	0	0	0	0	0	0	0	0	0	0	0	0	0	0	0	0	0	0	0	0	0	0	0	0	0	0	0	0	0	0	0	0	0	0
82	A	T	ORF	S	NULL	0	0	0	0	0	0	0	0	0	0	0	0	0	0	0	0	0	0	0	0	0	0	0	0	0	0	0	0	0	0	0	0	0	0	0	0	0	0	0	0	0	0	0	0	0	0	0	0	0	0	0	0	0	0
83	A	T	ORF	S	NULL	0	0	0	0	0	0	0	0	0	0	0	0	0	0	0	0	0	0	0	0	0	0	0	0	0	0	0	0	0	0	0	0	0	0	0	0	0	0	0	0	0	0	0	0	0	0	0	0	0	0	0	0	0	0
84	A	T	ORF	S	NULL	0	0	0	0	0.0001	0.000100003	0.0001	0.0001	0.922099	0.00400077	0.102084	0.119085	0.0001	0.000100003	0.982079	0.0750405	0.0460744	0.0001	0.0419668	0.127024	0.0660538	0.367996	0.501044	0.000100007	0.188974	0.419097	0.245052	0.0001	0.0959971	0.0001	0.250987	0.0001	0.983059	0.963118	0.0001	0.124991	0.00199765	0.000100003	0.0740461	0.822118	0.260995	0.336979	0.0001	0.999963	0.000100001	0.999963	0.0001	0.0001	0.0001	0.0001	0.0001	0.0240377	0.097987	0.642186
85	A	T	ORF	S	NULL	0	0	0	0	0	0	0	0	0	0	0	0	0	0	0	0	0	0	0	0	0	0	0	0	0	0	0	0	0	0	0	0	0	0	0	0	0	0	0	0	0	0	0	0	0	0	0	0	0	0	0	0	0	0
86	A	T	ORF	S	NULL	0	0	0	0	0	0	0	0	0	0	0	0	0	0	0	0	0	0	0	0	0	0	0	0	0	0	0	0	0	0	0	0	0	0	0	0	0	0	0	0	0	0	0	0	0	0	0	0	0	0	0	0	0	0
87	A	T	ORF	S	NULL	0	0	0	0	0	0	0	0	0	0	0	0	0	0	0	0	0	0	0	0	0	0	0	0	0	0	0	0	0	0	0	0	0	0	0	0	0	0	0	0	0	0	0	0	0	0	0	0	0	0	0	0	0	0
88	A	T	ORF	S	NULL	0	0	0	0	0.000416799	0.000210507	0.627397	0.578302	0.000112759	0.000441984	0.000345725	0.0564085	0.000173917	0.000133602	0.0172319	0.000385607	0.000281895	0.000281629	0.0878044	0.279452	0.264206	0.623251	0.169575	0.000100021	0.000144409	0.000489618	0.000102479	0.000226849	0.00496853	0.155205	0.000196788	0.585588	0.000132869	0.000144969	0.0204732	0.000226612	0.000151337	0.101178	0.38757	0.127346	0.000212248	0.000260755	0.238242	0.0001	0.505592	0.0001	0.000168061	0.0812897	0.00130061	0.000100001	0.000237087	0.445416	0.0134293	0.000266541
89	A	T	ORF	S	NULL	0	0	0	0	0	0	0	0	0	0	0	0	0	0	0	0	0	0	0	0	0	0	0	0	0	0	0	0	0	0	0	0	0	0	0	0	0	0	0	0	0	0	0	0	0	0	0	0	0	0	0	0	0	0
90	A	T	ORF	S	NULL	0	0	0	0	0.0001	0.000100003	0.0001	0.0001	0.922099	0.00400077	0.102084	0.119085	0.0001	0.000100003	0.982079	0.0750405	0.0460744	0.0001	0.0419668	0.127024	0.0660538	0.367996	0.501044	0.000100007	0.188974	0.419097	0.245052	0.0001	0.0959971	0.0001	0.250987	0.0001	0.983059	0.963118	0.0001	0.124991	0.00199765	0.000100003	0.0740461	0.822118	0.260995	0.336979	0.0001	0.999963	0.000100001	0.999963	0.0001	0.0001	0.0001	0.0001	0.0001	0.0240377	0.097987	0.642186
91	A	T	ORF	S	NULL	0	0	0	0	0	0	0	0	0	0	0	0	0	0	0	0	0	0	0	0	0	0	0	0	0	0	0	0	0	0	0	0	0	0	0	0	0	0	0	0	0	0	0	0	0	0	0	0	0	0	0	0	0	0
92	A	T	ORF	S	NULL	0	0	0	0	0.0001	0.000100003	0.0001	0.0001	0.922099	0.00400077	0.102084	0.119085	0.0001	0.000100003	0.982079	0.0750405	0.0460744	0.0001	0.0419668	0.127024	0.0660538	0.367996	0.501044	0.000100007	0.188974	0.419097	0.245052	0.0001	0.0959971	0.0001	0.250987	0.0001	0.983059	0.963118	0.0001	0.124991	0.00199765	0.000100003	0.0740461	0.822118	0.260995	0.336979	0.0001	0.999963	0.000100001	0.999963	0.0001	0.0001	0.0001	0.0001	0.0001	0.0240377	0.097987	0.642186
93	A	T	ORF	S	NULL	0	0	0	0	0	0	0	0	0	0	0	0	0	0	0	0	0	0	0	0	0	0	0	0	0	0	0	0	0	0	0	0	0	0	0	0	0	0	0	0	0	0	0	0	0	0	0	0	0	0	0	0	0	0
94	A	T	ORF	S	NULL	0	0	0	0	0	0	0	0	0	0	0	0	0	0	0	0	0	0	0	0	0	0	0	0	0	0	0	0	0	0	0	0	0	0	0	0	0	0	0	0	0	0	0	0	0	0	0	0	0	0	0	0	0	0
95	A	T	ORF	S	NULL	0	0	0	0	0	0	0	0	0	0	0	0	0	0	0	0	0	0	0	0	0	0	0	0	0	0	0	0	0	0	0	0	0	0	0	0	0	0	0	0	0	0	0	0	0	0	0	0	0	0	0	0	0	0
96	A	T	ORF	S	NULL	0	0	0	0	0	0	0	0	0	0	0	0	0	0	0	0	0	0	0	0	0	0	0	0	0	0	0	0	0	0	0	0	0	0	0	0	0	0	0	0	0	0	0	0	0	0	0	0	0	0	0	0	0	0
97	A	T	ORF	S	NULL	0	0	0	0	0	0	0	0	0	0	0	0	0	0	0	0	0	0	0	0	0	0	0	0	0	0	0	0	0	0	0	0	0	0	0	0	0	0	0	0	0	0	0	0	0	0	0	0	0	0	0	0	0	0
98	A	T	ORF	S	NULL	0	0	0	0	0	0	0	0	0	0	0	0	0	0	0	0	0	0	0	0	0	0	0	0	0	0	0	0	0	0	0	0	0	0	0	0	0	0	0	0	0	0	0	0	0	0	0	0	0	0	0	0	0	0
99	A	T	ORF	S	NULL	0	0	0	0	0.0001	0.000100003	0.0001	0.0001	0.922099	0.00400077	0.102084	0.119085	0.0001	0.000100003	0.982079	0.0750405	0.0460744	0.0001	0.0419668	0.127024	0.0660538	0.367996	0.501044	0.000100007	0.188974	0.419097	0.245052	0.0001	0.0959971	0.0001	0.250987	0.0001	0.983059	0.963118	0.0001	0.124991	0.00199765	0.000100003	0.0740461	0.822118	0.260995	0.336979	0.0001	0.999963	0.000100001	0.999963	0.0001	0.0001	0.0001	0.0001	0.0001	0.0240377	0.097987	0.642186
100	A	T	ORF	S	NULL	0	0	0	0	0	0	0	0	0	0	0	0	0	0	0	0	0	0	0	0	0	0	0	0	0	0	0	0	0	0	0	0	0	0	0	0	0	0	0	0	0	0	0	0	0	0	0	0	0	0	0	0	0	0
