pos	ref	alt	gene	N/S	AA	nSRAsubclonal	nSRAclonal	nSRA	nConsensus	sample0|Earth	sample1|Earth	sample2|Earth	sample3|Earth	sample4|Earth	sample5|Earth	sample6|Earth	sample7|Earth	sample8|Earth	sample9|Earth	sample10|Earth	sample11|Earth	sample12|Earth	sample13|Earth	sample14|Earth	sample15|Earth	sample16|Earth	sample17|Earth	sample18|Earth	sample19|Earth	sample20|Earth	sample21|Earth	sample22|Earth	sample23|Earth	sample24|Earth	sample25|Earth	sample26|Earth	sample27|Earth	sample28|Earth	sample29|Earth	sample30|Earth	sample31|Earth	sample32|Earth	sample33|Earth	sample34|Earth	sample35|Earth	sample36|Earth	sample37|Earth	sample38|Earth	sample39|Earth	sample40|Earth	sample41|Earth	sample42|Earth	sample43|Earth	sample44|Earth	sample45|Earth	sample46|Earth	sample47|Earth	sample48|Earth	sample49|Earth
1	A	T	ORF	S	NULL	0	0	0	0	0	0	0	0	0	0	0	0	0	0	0	0	0	0	0	0	0	0	0	0	0	0	0	0	0	0	0	0	0	0	0	0	0	0	0	0	0	0	0	0	0	0	0	0	0	0	0	0	0	0
2	A	T	ORF	S	NULL	0	0	0	0	0.0539036	0.852592	0.0001	0.000100207	0.0771736	0.107275	0.526663	0.0470502	0.027079	0.803963	0.0001	0.400472	0.743104	0.000100056	0.31355	0.101238	0.0313982	0.0001	0.00010002	0.999947	0.583811	0.175482	0.0001	0.15892	0.27094	0.000100424	0.597535	0.000100052	0.000100008	0.0001	0.0209013	0.00702095	0.997239	0.89797	0.036949	0.0491709	0.737982	0.00530044	0.000100382	0.0001	0.214917	0.0001	0.000100195	0.000100465	0.0439035	0.0001	0.0001	0.0600957	0.7118	0.12648
3	A	T	ORF	S	NULL	0	0	0	0	0.0001	0.00550181	0.0140279	0.0001	0.922084	0.0195421	0.116134	0.111431	0.0353066	0.000100003	0.982044	0.0578434	0.0454255	0.00516719	0.0274979	0.117697	0.0770324	0.368263	0.502326	0.000100003	0.197574	0.405792	0.273628	0.0319805	0.0919377	0.0001	0.256692	0.0001	0.982534	0.964467	0.0001	0.096529	0.00195366	0.000100004	0.0668256	0.82207	0.260946	0.315449	0.0001	0.999952	0.0001	0.999952	0.0001	0.0001	0.0001	0.0378812	0.0288608	0.00823454	0.0986375	0.644828
4	A	T	ORF	S	NULL	0	0	0	0	0	0	0	0	0	0	0	0	0	0	0	0	0	0	0	0	0	0	0	0	0	0	0	0	0	0	0	0	0	0	0	0	0	0	0	0	0	0	0	0	0	0	0	0	0	0	0	0	0	0
5	A	T	ORF	S	NULL	0	0	0	0	0	0	0	0	0	0	0	0	0	0	0	0	0	0	0	0	0	0	0	0	0	0	0	0	0	0	0	0	0	0	0	0	0	0	0	0	0	0	0	0	0	0	0	0	0	0	0	0	0	0
6	A	T	ORF	S	NULL	0	0	0	0	0	0	0	0	0	0	0	0	0	0	0	0	0	0	0	0	0	0	0	0	0	0	0	0	0	0	0	0	0	0	0	0	0	0	0	0	0	0	0	0	0	0	0	0	0	0	0	0	0	0
7	A	T	ORF	S	NULL	0	0	0	0	0.0001	0.00550181	0.0140279	0.0001	0.922084	0.0195421	0.116134	0.111431	0.0353066	0.000100003	0.982044	0.0578434	0.0454255	0.00516719	0.0274979	0.117697	0.0770324	0.368263	0.502326	0.000100003	0.197574	0.405792	0.273628	0.0319805	0.0919377	0.0001	0.256692	0.0001	0.982534	0.964467	0.0001	0.096529	0.00195366	0.000100004	0.0668256	0.82207	0.260946	0.315449	0.0001	0.999952	0.0001	0.999952	0.0001	0.0001	0.0001	0.0378812	0.0288608	0.00823454	0.0986375	0.644828
8	A	T	ORF	S	NULL	0	0	0	0	0	0	0	0	0	0	0	0	0	0	0	0	0	0	0	0	0	0	0	0	0	0	0	0	0	0	0	0	0	0	0	0	0	0	0	0	0	0	0	0	0	0	0	0	0	0	0	0	0	0
9	A	T	ORF	S	NULL	0	0	0	0	0	0	0	0	0	0	0	0	0	0	0	0	0	0	0	0	0	0	0	0	0	0	0	0	0	0	0	0	0	0	0	0	0	0	0	0	0	0	0	0	0	0	0	0	0	0	0	0	0	0
10	A	T	ORF	S	NULL	0	0	0	0	0	0	0	0	0	0	0	0	0	0	0	0	0	0	0	0	0	0	0	0	0	0	0	0	0	0	0	0	0	0	0	0	0	0	0	0	0	0	0	0	0	0	0	0	0	0	0	0	0	0
11	A	T	ORF	S	NULL	0	0	0	0	0	0	0	0	0	0	0	0	0	0	0	0	0	0	0	0	0	0	0	0	0	0	0	0	0	0	0	0	0	0	0	0	0	0	0	0	0	0	0	0	0	0	0	0	0	0	0	0	0	0
12	A	T	ORF	S	NULL	0	0	0	0	0.564874	0.0650025	0.166915	0.270137	0.922184	0.442564	0.266555	0.553342	0.436597	0.122315	0.982144	0.390174	0.159251	0.523924	0.374563	0.412743	0.381419	0.371452	0.67391	0.000200003	0.289538	0.662424	0.583554	0.37381	0.440515	0.541568	0.317834	0.224778	0.992521	0.979272	0.550704	0.647754	0.00205366	0.000200004	0.359518	0.82217	0.261046	0.732941	0.488309	1.00005	0.155137	1.00005	0.555533	0.584433	0.514322	0.448816	0.469137	0.313386	0.190236	0.758867
13	A	T	ORF	S	NULL	0	0	0	0	0	0	0	0	0	0	0	0	0	0	0	0	0	0	0	0	0	0	0	0	0	0	0	0	0	0	0	0	0	0	0	0	0	0	0	0	0	0	0	0	0	0	0	0	0	0	0	0	0	0
14	A	T	ORF	S	NULL	0	0	0	0	0	0	0	0	0	0	0	0	0	0	0	0	0	0	0	0	0	0	0	0	0	0	0	0	0	0	0	0	0	0	0	0	0	0	0	0	0	0	0	0	0	0	0	0	0	0	0	0	0	0
15	A	T	ORF	S	NULL	0	0	0	0	0	0	0	0	0	0	0	0	0	0	0	0	0	0	0	0	0	0	0	0	0	0	0	0	0	0	0	0	0	0	0	0	0	0	0	0	0	0	0	0	0	0	0	0	0	0	0	0	0	0
16	A	T	ORF	S	NULL	0	0	0	0	0.0001	0.00550181	0.0140279	0.0001	0.922084	0.0195421	0.116134	0.111431	0.0353066	0.000100003	0.982044	0.0578434	0.0454255	0.00516719	0.0274979	0.117697	0.0770324	0.368263	0.502326	0.000100003	0.197574	0.405792	0.273628	0.0319805	0.0919377	0.0001	0.256692	0.0001	0.982534	0.964467	0.0001	0.096529	0.00195366	0.000100004	0.0668256	0.82207	0.260946	0.315449	0.0001	0.999952	0.0001	0.999952	0.0001	0.0001	0.0001	0.0378812	0.0288608	0.00823454	0.0986375	0.644828
17	A	T	ORF	S	NULL	0	0	0	0	0.564774	0.0595007	0.152887	0.270037	0.0001	0.423022	0.150421	0.441911	0.401291	0.122215	0.0001	0.332331	0.113825	0.518757	0.347065	0.295046	0.304387	0.00318952	0.171583	0.0001	0.0919648	0.256631	0.309926	0.34183	0.348578	0.541468	0.0611422	0.224678	0.009987	0.0148049	0.550604	0.551224	0.0001	0.0001	0.292693	0.000100001	0.0001	0.417492	0.488209	0.0001	0.155037	0.0001	0.555433	0.584333	0.514222	0.410935	0.440276	0.305151	0.0915989	0.114038
18	A	T	ORF	S	NULL	0	0	0	0	0.0539036	0.852592	0.0001	0.000100207	0.0771736	0.107275	0.526663	0.0470502	0.027079	0.803963	0.0001	0.400472	0.743104	0.000100056	0.31355	0.101238	0.0313982	0.0001	0.00010002	0.999947	0.583811	0.175482	0.0001	0.15892	0.27094	0.000100424	0.597535	0.000100052	0.000100008	0.0001	0.0209013	0.00702095	0.997239	0.89797	0.036949	0.0491709	0.737982	0.00530044	0.000100382	0.0001	0.214917	0.0001	0.000100195	0.000100465	0.0439035	0.0001	0.0001	0.0600957	0.7118	0.12648
19	A	T	ORF	S	NULL	0	0	0	0	0	0	0	0	0	0	0	0	0	0	0	0	0	0	0	0	0	0	0	0	0	0	0	0	0	0	0	0	0	0	0	0	0	0	0	0	0	0	0	0	0	0	0	0	0	0	0	0	0	0
20	A	T	ORF	S	NULL	0	0	0	0	0.564774	0.0595007	0.152887	0.270037	0.0001	0.423022	0.150421	0.441911	0.401291	0.122215	0.0001	0.332331	0.113825	0.518757	0.347065	0.295046	0.304387	0.00318952	0.171583	0.0001	0.0919648	0.256631	0.309926	0.34183	0.348578	0.541468	0.0611422	0.224678	0.009987	0.0148049	0.550604	0.551224	0.0001	0.0001	0.292693	0.000100001	0.0001	0.417492	0.488209	0.0001	0.155037	0.0001	0.555433	0.584333	0.514222	0.410935	0.440276	0.305151	0.0915989	0.114038
21	A	T	ORF	S	NULL	0	0	0	0	0	0	0	0	0	0	0	0	0	0	0	0	0	0	0	0	0	0	0	0	0	0	0	0	0	0	0	0	0	0	0	0	0	0	0	0	0	0	0	0	0	0	0	0	0	0	0	0	0	0
22	A	T	ORF	S	NULL	0	0	0	0	0	0	0	0	0	0	0	0	0	0	0	0	0	0	0	0	0	0	0	0	0	0	0	0	0	0	0	0	0	0	0	0	0	0	0	0	0	0	0	0	0	0	0	0	0	0	0	0	0	0
23	A	T	ORF	S	NULL	0	0	0	0	0	0	0	0	0	0	0	0	0	0	0	0	0	0	0	0	0	0	0	0	0	0	0	0	0	0	0	0	0	0	0	0	0	0	0	0	0	0	0	0	0	0	0	0	0	0	0	0	0	0
24	A	T	ORF	S	NULL	0	0	0	0	0	0	0	0	0	0	0	0	0	0	0	0	0	0	0	0	0	0	0	0	0	0	0	0	0	0	0	0	0	0	0	0	0	0	0	0	0	0	0	0	0	0	0	0	0	0	0	0	0	0
25	A	T	ORF	S	NULL	0	0	0	0	0	0	0	0	0	0	0	0	0	0	0	0	0	0	0	0	0	0	0	0	0	0	0	0	0	0	0	0	0	0	0	0	0	0	0	0	0	0	0	0	0	0	0	0	0	0	0	0	0	0
26	A	T	ORF	S	NULL	0	0	0	0	0	0	0	0	0	0	0	0	0	0	0	0	0	0	0	0	0	0	0	0	0	0	0	0	0	0	0	0	0	0	0	0	0	0	0	0	0	0	0	0	0	0	0	0	0	0	0	0	0	0
27	A	T	ORF	S	NULL	0	0	0	0	0	0	0	0	0	0	0	0	0	0	0	0	0	0	0	0	0	0	0	0	0	0	0	0	0	0	0	0	0	0	0	0	0	0	0	0	0	0	0	0	0	0	0	0	0	0	0	0	0	0
28	A	T	ORF	S	NULL	0	0	0	0	0	0	0	0	0	0	0	0	0	0	0	0	0	0	0	0	0	0	0	0	0	0	0	0	0	0	0	0	0	0	0	0	0	0	0	0	0	0	0	0	0	0	0	0	0	0	0	0	0	0
29	A	T	ORF	S	NULL	0	0	0	0	0.0001	0.00550181	0.0140279	0.0001	0.922084	0.0195421	0.116134	0.111431	0.0353066	0.000100003	0.982044	0.0578434	0.0454255	0.00516719	0.0274979	0.117697	0.0770324	0.368263	0.502326	0.000100003	0.197574	0.405792	0.273628	0.0319805	0.0919377	0.0001	0.256692	0.0001	0.982534	0.964467	0.0001	0.096529	0.00195366	0.000100004	0.0668256	0.82207	0.260946	0.315449	0.0001	0.999952	0.0001	0.999952	0.0001	0.0001	0.0001	0.0378812	0.0288608	0.00823454	0.0986375	0.644828
30	A	T	ORF	S	NULL	0	0	0	0	0	0	0	0	0	0	0	0	0	0	0	0	0	0	0	0	0	0	0	0	0	0	0	0	0	0	0	0	0	0	0	0	0	0	0	0	0	0	0	0	0	0	0	0	0	0	0	0	0	0
31	A	T	ORF	S	NULL	0	0	0	0	0	0	0	0	0	0	0	0	0	0	0	0	0	0	0	0	0	0	0	0	0	0	0	0	0	0	0	0	0	0	0	0	0	0	0	0	0	0	0	0	0	0	0	0	0	0	0	0	0	0
32	A	T	ORF	S	NULL	0	0	0	0	0	0	0	0	0	0	0	0	0	0	0	0	0	0	0	0	0	0	0	0	0	0	0	0	0	0	0	0	0	0	0	0	0	0	0	0	0	0	0	0	0	0	0	0	0	0	0	0	0	0
33	A	T	ORF	S	NULL	0	0	0	0	0.564774	0.0595007	0.152887	0.270037	0.0001	0.423022	0.150421	0.441911	0.401291	0.122215	0.0001	0.332331	0.113825	0.518757	0.347065	0.295046	0.304387	0.00318952	0.171583	0.0001	0.0919648	0.256631	0.309926	0.34183	0.348578	0.541468	0.0611422	0.224678	0.009987	0.0148049	0.550604	0.551224	0.0001	0.0001	0.292693	0.000100001	0.0001	0.417492	0.488209	0.0001	0.155037	0.0001	0.555433	0.584333	0.514222	0.410935	0.440276	0.305151	0.0915989	0.114038
34	A	T	ORF	S	NULL	0	0	0	0	0	0	0	0	0	0	0	0	0	0	0	0	0	0	0	0	0	0	0	0	0	0	0	0	0	0	0	0	0	0	0	0	0	0	0	0	0	0	0	0	0	0	0	0	0	0	0	0	0	0
35	A	T	ORF	S	NULL	0	0	0	0	0	0	0	0	0	0	0	0	0	0	0	0	0	0	0	0	0	0	0	0	0	0	0	0	0	0	0	0	0	0	0	0	0	0	0	0	0	0	0	0	0	0	0	0	0	0	0	0	0	0
36	A	T	ORF	S	NULL	0	0	0	0	0	0	0	0	0	0	0	0	0	0	0	0	0	0	0	0	0	0	0	0	0	0	0	0	0	0	0	0	0	0	0	0	0	0	0	0	0	0	0	0	0	0	0	0	0	0	0	0	0	0
37	A	T	ORF	S	NULL	0	0	0	0	0	0	0	0	0	0	0	0	0	0	0	0	0	0	0	0	0	0	0	0	0	0	0	0	0	0	0	0	0	0	0	0	0	0	0	0	0	0	0	0	0	0	0	0	0	0	0	0	0	0
38	A	T	ORF	S	NULL	0	0	0	0	0	0	0	0	0	0	0	0	0	0	0	0	0	0	0	0	0	0	0	0	0	0	0	0	0	0	0	0	0	0	0	0	0	0	0	0	0	0	0	0	0	0	0	0	0	0	0	0	0	0
39	A	T	ORF	S	NULL	0	0	0	0	0.564874	0.0830831	0.840824	0.790935	0.0002	0.490049	0.21005	0.46793	0.55118	0.122315	0.0170019	0.332431	0.113925	0.543295	0.375124	0.536626	0.615761	0.627494	0.347249	0.0002	0.12844	0.256731	0.432865	0.477531	0.348678	0.581943	0.0853779	0.806925	0.010087	0.0205776	0.550704	0.551324	0.0002	0.101012	0.651035	0.127016	0.0002	0.417592	0.62295	0.0002	0.653238	0.0002	0.555533	0.584433	0.514557	0.574039	0.565172	0.68561	0.108145	0.125843
40	A	T	ORF	S	NULL	0	0	0	0	0.564774	0.0595007	0.152887	0.270037	0.0001	0.423022	0.150421	0.441911	0.401291	0.122215	0.0001	0.332331	0.113825	0.518757	0.347065	0.295046	0.304387	0.00318952	0.171583	0.0001	0.0919648	0.256631	0.309926	0.34183	0.348578	0.541468	0.0611422	0.224678	0.009987	0.0148049	0.550604	0.551224	0.0001	0.0001	0.292693	0.000100001	0.0001	0.417492	0.488209	0.0001	0.155037	0.0001	0.555433	0.584333	0.514222	0.410935	0.440276	0.305151	0.0915989	0.114038
41	A	T	ORF	S	NULL	0	0	0	0	0	0	0	0	0	0	0	0	0	0	0	0	0	0	0	0	0	0	0	0	0	0	0	0	0	0	0	0	0	0	0	0	0	0	0	0	0	0	0	0	0	0	0	0	0	0	0	0	0	0
42	A	T	ORF	S	NULL	0	0	0	0	0	0	0	0	0	0	0	0	0	0	0	0	0	0	0	0	0	0	0	0	0	0	0	0	0	0	0	0	0	0	0	0	0	0	0	0	0	0	0	0	0	0	0	0	0	0	0	0	0	0
43	A	T	ORF	S	NULL	0	0	0	0	0	0	0	0	0	0	0	0	0	0	0	0	0	0	0	0	0	0	0	0	0	0	0	0	0	0	0	0	0	0	0	0	0	0	0	0	0	0	0	0	0	0	0	0	0	0	0	0	0	0
44	A	T	ORF	S	NULL	0	0	0	0	0	0	0	0	0	0	0	0	0	0	0	0	0	0	0	0	0	0	0	0	0	0	0	0	0	0	0	0	0	0	0	0	0	0	0	0	0	0	0	0	0	0	0	0	0	0	0	0	0	0
45	A	T	ORF	S	NULL	0	0	0	0	0.564774	0.0595007	0.152887	0.270037	0.0001	0.423022	0.150421	0.441911	0.401291	0.122215	0.0001	0.332331	0.113825	0.518757	0.347065	0.295046	0.304387	0.00318952	0.171583	0.0001	0.0919648	0.256631	0.309926	0.34183	0.348578	0.541468	0.0611422	0.224678	0.009987	0.0148049	0.550604	0.551224	0.0001	0.0001	0.292693	0.000100001	0.0001	0.417492	0.488209	0.0001	0.155037	0.0001	0.555433	0.584333	0.514222	0.410935	0.440276	0.305151	0.0915989	0.114038
46	A	T	ORF	S	NULL	0	0	0	0	0.0001	0.00550181	0.0140279	0.0001	0.922084	0.0195421	0.116134	0.111431	0.0353066	0.000100003	0.982044	0.0578434	0.0454255	0.00516719	0.0274979	0.117697	0.0770324	0.368263	0.502326	0.000100003	0.197574	0.405792	0.273628	0.0319805	0.0919377	0.0001	0.256692	0.0001	0.982534	0.964467	0.0001	0.096529	0.00195366	0.000100004	0.0668256	0.82207	0.260946	0.315449	0.0001	0.999952	0.0001	0.999952	0.0001	0.0001	0.0001	0.0378812	0.0288608	0.00823454	0.0986375	0.644828
47	A	T	ORF	S	NULL	0	0	0	0	0.0001	0.00550181	0.0140279	0.0001	0.922084	0.0195421	0.116134	0.111431	0.0353066	0.000100003	0.982044	0.0578434	0.0454255	0.00516719	0.0274979	0.117697	0.0770324	0.368263	0.502326	0.000100003	0.197574	0.405792	0.273628	0.0319805	0.0919377	0.0001	0.256692	0.0001	0.982534	0.964467	0.0001	0.096529	0.00195366	0.000100004	0.0668256	0.82207	0.260946	0.315449	0.0001	0.999952	0.0001	0.999952	0.0001	0.0001	0.0001	0.0378812	0.0288608	0.00823454	0.0986375	0.644828
48	A	T	ORF	S	NULL	0	0	0	0	0.0540036	0.858093	0.0141279	0.000200207	0.999258	0.126817	0.642797	0.158482	0.0623856	0.804063	0.982144	0.458315	0.788529	0.00526725	0.341048	0.218935	0.108431	0.368363	0.502426	1.00005	0.781385	0.581274	0.273728	0.190901	0.362878	0.000200424	0.854227	0.000200052	0.982634	0.964567	0.0210013	0.10355	0.999193	0.89807	0.103775	0.871241	0.998928	0.320749	0.000200382	1.00005	0.215017	1.00005	0.000200195	0.000200465	0.0440035	0.0379812	0.0289608	0.0683302	0.810438	0.771308
49	A	T	ORF	S	NULL	0	0	0	0	0	0	0	0	0	0	0	0	0	0	0	0	0	0	0	0	0	0	0	0	0	0	0	0	0	0	0	0	0	0	0	0	0	0	0	0	0	0	0	0	0	0	0	0	0	0	0	0	0	0
50	A	T	ORF	S	NULL	0	0	0	0	0	0	0	0	0	0	0	0	0	0	0	0	0	0	0	0	0	0	0	0	0	0	0	0	0	0	0	0	0	0	0	0	0	0	0	0	0	0	0	0	0	0	0	0	0	0	0	0	0	0
51	A	T	ORF	S	NULL	0	0	0	0	0	0	0	0	0	0	0	0	0	0	0	0	0	0	0	0	0	0	0	0	0	0	0	0	0	0	0	0	0	0	0	0	0	0	0	0	0	0	0	0	0	0	0	0	0	0	0	0	0	0
52	A	T	ORF	S	NULL	0	0	0	0	0	0	0	0	0	0	0	0	0	0	0	0	0	0	0	0	0	0	0	0	0	0	0	0	0	0	0	0	0	0	0	0	0	0	0	0	0	0	0	0	0	0	0	0	0	0	0	0	0	0
53	A	T	ORF	S	NULL	0	0	0	0	0	0	0	0	0	0	0	0	0	0	0	0	0	0	0	0	0	0	0	0	0	0	0	0	0	0	0	0	0	0	0	0	0	0	0	0	0	0	0	0	0	0	0	0	0	0	0	0	0	0
54	A	T	ORF	S	NULL	0	0	0	0	0	0	0	0	0	0	0	0	0	0	0	0	0	0	0	0	0	0	0	0	0	0	0	0	0	0	0	0	0	0	0	0	0	0	0	0	0	0	0	0	0	0	0	0	0	0	0	0	0	0
55	A	T	ORF	S	NULL	0	0	0	0	0	0	0	0	0	0	0	0	0	0	0	0	0	0	0	0	0	0	0	0	0	0	0	0	0	0	0	0	0	0	0	0	0	0	0	0	0	0	0	0	0	0	0	0	0	0	0	0	0	0
56	A	T	ORF	S	NULL	0	0	0	0	0	0	0	0	0	0	0	0	0	0	0	0	0	0	0	0	0	0	0	0	0	0	0	0	0	0	0	0	0	0	0	0	0	0	0	0	0	0	0	0	0	0	0	0	0	0	0	0	0	0
57	A	T	ORF	S	NULL	0	0	0	0	0	0	0	0	0	0	0	0	0	0	0	0	0	0	0	0	0	0	0	0	0	0	0	0	0	0	0	0	0	0	0	0	0	0	0	0	0	0	0	0	0	0	0	0	0	0	0	0	0	0
58	A	T	ORF	S	NULL	0	0	0	0	0	0	0	0	0	0	0	0	0	0	0	0	0	0	0	0	0	0	0	0	0	0	0	0	0	0	0	0	0	0	0	0	0	0	0	0	0	0	0	0	0	0	0	0	0	0	0	0	0	0
59	A	T	ORF	S	NULL	0	0	0	0	0.564774	0.0595007	0.152887	0.270037	0.0001	0.423022	0.150421	0.441911	0.401291	0.122215	0.0001	0.332331	0.113825	0.518757	0.347065	0.295046	0.304387	0.00318952	0.171583	0.0001	0.0919648	0.256631	0.309926	0.34183	0.348578	0.541468	0.0611422	0.224678	0.009987	0.0148049	0.550604	0.551224	0.0001	0.0001	0.292693	0.000100001	0.0001	0.417492	0.488209	0.0001	0.155037	0.0001	0.555433	0.584333	0.514222	0.410935	0.440276	0.305151	0.0915989	0.114038
60	A	T	ORF	S	NULL	0	0	0	0	0	0	0	0	0	0	0	0	0	0	0	0	0	0	0	0	0	0	0	0	0	0	0	0	0	0	0	0	0	0	0	0	0	0	0	0	0	0	0	0	0	0	0	0	0	0	0	0	0	0
61	A	T	ORF	S	NULL	0	0	0	0	0	0	0	0	0	0	0	0	0	0	0	0	0	0	0	0	0	0	0	0	0	0	0	0	0	0	0	0	0	0	0	0	0	0	0	0	0	0	0	0	0	0	0	0	0	0	0	0	0	0
62	A	T	ORF	S	NULL	0	0	0	0	0.0001	0.00550181	0.0140279	0.0001	0.922084	0.0195421	0.116134	0.111431	0.0353066	0.000100003	0.982044	0.0578434	0.0454255	0.00516719	0.0274979	0.117697	0.0770324	0.368263	0.502326	0.000100003	0.197574	0.405792	0.273628	0.0319805	0.0919377	0.0001	0.256692	0.0001	0.982534	0.964467	0.0001	0.096529	0.00195366	0.000100004	0.0668256	0.82207	0.260946	0.315449	0.0001	0.999952	0.0001	0.999952	0.0001	0.0001	0.0001	0.0378812	0.0288608	0.00823454	0.0986375	0.644828
63	A	T	ORF	S	NULL	0	0	0	0	0	0	0	0	0	0	0	0	0	0	0	0	0	0	0	0	0	0	0	0	0	0	0	0	0	0	0	0	0	0	0	0	0	0	0	0	0	0	0	0	0	0	0	0	0	0	0	0	0	0
64	A	T	ORF	S	NULL	0	0	0	0	0	0	0	0	0	0	0	0	0	0	0	0	0	0	0	0	0	0	0	0	0	0	0	0	0	0	0	0	0	0	0	0	0	0	0	0	0	0	0	0	0	0	0	0	0	0	0	0	0	0
65	A	T	ORF	S	NULL	0	0	0	0	0.0001	0.00550181	0.0140279	0.0001	0.922084	0.0195421	0.116134	0.111431	0.0353066	0.000100003	0.982044	0.0578434	0.0454255	0.00516719	0.0274979	0.117697	0.0770324	0.368263	0.502326	0.000100003	0.197574	0.405792	0.273628	0.0319805	0.0919377	0.0001	0.256692	0.0001	0.982534	0.964467	0.0001	0.096529	0.00195366	0.000100004	0.0668256	0.82207	0.260946	0.315449	0.0001	0.999952	0.0001	0.999952	0.0001	0.0001	0.0001	0.0378812	0.0288608	0.00823454	0.0986375	0.644828
66	A	T	ORF	S	NULL	0	0	0	0	0.0001	0.0235824	0.687937	0.520897	0.0001	0.0670275	0.0596287	0.0260197	0.149889	0.0001	0.0169019	0.0001	0.00010003	0.0245374	0.0280583	0.24158	0.311375	0.624305	0.175665	0.0001	0.0364756	0.0001	0.122939	0.135701	0.0001	0.0404742	0.0242357	0.582246	0.0001	0.00577276	0.0001	0.0001	0.0001	0.100912	0.358343	0.126916	0.0001	0.0001	0.134742	0.0001	0.498201	0.0001	0.0001	0.000100002	0.000334881	0.163105	0.124895	0.380459	0.0165465	0.0118053
67	A	T	ORF	S	NULL	0	0	0	0	0.0539036	0.852592	0.0001	0.000100207	0.0771736	0.107275	0.526663	0.0470502	0.027079	0.803963	0.0001	0.400472	0.743104	0.000100056	0.31355	0.101238	0.0313982	0.0001	0.00010002	0.999947	0.583811	0.175482	0.0001	0.15892	0.27094	0.000100424	0.597535	0.000100052	0.000100008	0.0001	0.0209013	0.00702095	0.997239	0.89797	0.036949	0.0491709	0.737982	0.00530044	0.000100382	0.0001	0.214917	0.0001	0.000100195	0.000100465	0.0439035	0.0001	0.0001	0.0600957	0.7118	0.12648
68	A	T	ORF	S	NULL	0	0	0	0	0	0	0	0	0	0	0	0	0	0	0	0	0	0	0	0	0	0	0	0	0	0	0	0	0	0	0	0	0	0	0	0	0	0	0	0	0	0	0	0	0	0	0	0	0	0	0	0	0	0
69	A	T	ORF	S	NULL	0	0	0	0	0.0001	0.0235824	0.687937	0.520897	0.0001	0.0670275	0.0596287	0.0260197	0.149889	0.0001	0.0169019	0.0001	0.00010003	0.0245374	0.0280583	0.24158	0.311375	0.624305	0.175665	0.0001	0.0364756	0.0001	0.122939	0.135701	0.0001	0.0404742	0.0242357	0.582246	0.0001	0.00577276	0.0001	0.0001	0.0001	0.100912	0.358343	0.126916	0.0001	0.0001	0.134742	0.0001	0.498201	0.0001	0.0001	0.000100002	0.000334881	0.163105	0.124895	0.380459	0.0165465	0.0118053
70	A	T	ORF	S	NULL	0	0	0	0	0.0001	0.00550181	0.0140279	0.0001	0.922084	0.0195421	0.116134	0.111431	0.0353066	0.000100003	0.982044	0.0578434	0.0454255	0.00516719	0.0274979	0.117697	0.0770324	0.368263	0.502326	0.000100003	0.197574	0.405792	0.273628	0.0319805	0.0919377	0.0001	0.256692	0.0001	0.982534	0.964467	0.0001	0.096529	0.00195366	0.000100004	0.0668256	0.82207	0.260946	0.315449	0.0001	0.999952	0.0001	0.999952	0.0001	0.0001	0.0001	0.0378812	0.0288608	0.00823454	0.0986375	0.644828
71	A	T	ORF	S	NULL	0	0	0	0	0	0	0	0	0	0	0	0	0	0	0	0	0	0	0	0	0	0	0	0	0	0	0	0	0	0	0	0	0	0	0	0	0	0	0	0	0	0	0	0	0	0	0	0	0	0	0	0	0	0
72	A	T	ORF	S	NULL	0	0	0	0	0	0	0	0	0	0	0	0	0	0	0	0	0	0	0	0	0	0	0	0	0	0	0	0	0	0	0	0	0	0	0	0	0	0	0	0	0	0	0	0	0	0	0	0	0	0	0	0	0	0
73	A	T	ORF	S	NULL	0	0	0	0	0.564774	0.0595007	0.152887	0.270037	0.0001	0.423022	0.150421	0.441911	0.401291	0.122215	0.0001	0.332331	0.113825	0.518757	0.347065	0.295046	0.304387	0.00318952	0.171583	0.0001	0.0919648	0.256631	0.309926	0.34183	0.348578	0.541468	0.0611422	0.224678	0.009987	0.0148049	0.550604	0.551224	0.0001	0.0001	0.292693	0.000100001	0.0001	0.417492	0.488209	0.0001	0.155037	0.0001	0.555433	0.584333	0.514222	0.410935	0.440276	0.305151	0.0915989	0.114038
74	A	T	ORF	S	NULL	0	0	0	0	0	0	0	0	0	0	0	0	0	0	0	0	0	0	0	0	0	0	0	0	0	0	0	0	0	0	0	0	0	0	0	0	0	0	0	0	0	0	0	0	0	0	0	0	0	0	0	0	0	0
75	A	T	ORF	S	NULL	0	0	0	0	0	0	0	0	0	0	0	0	0	0	0	0	0	0	0	0	0	0	0	0	0	0	0	0	0	0	0	0	0	0	0	0	0	0	0	0	0	0	0	0	0	0	0	0	0	0	0	0	0	0
76	A	T	ORF	S	NULL	0	0	0	0	0	0	0	0	0	0	0	0	0	0	0	0	0	0	0	0	0	0	0	0	0	0	0	0	0	0	0	0	0	0	0	0	0	0	0	0	0	0	0	0	0	0	0	0	0	0	0	0	0	0
77	A	T	ORF	S	NULL	0	0	0	0	0	0	0	0	0	0	0	0	0	0	0	0	0	0	0	0	0	0	0	0	0	0	0	0	0	0	0	0	0	0	0	0	0	0	0	0	0	0	0	0	0	0	0	0	0	0	0	0	0	0
78	A	T	ORF	S	NULL	0	0	0	0	0.0001	0.00550181	0.0140279	0.0001	0.922084	0.0195421	0.116134	0.111431	0.0353066	0.000100003	0.982044	0.0578434	0.0454255	0.00516719	0.0274979	0.117697	0.0770324	0.368263	0.502326	0.000100003	0.197574	0.405792	0.273628	0.0319805	0.0919377	0.0001	0.256692	0.0001	0.982534	0.964467	0.0001	0.096529	0.00195366	0.000100004	0.0668256	0.82207	0.260946	0.315449	0.0001	0.999952	0.0001	0.999952	0.0001	0.0001	0.0001	0.0378812	0.0288608	0.00823454	0.0986375	0.644828
79	A	T	ORF	S	NULL	0	0	0	0	0	0	0	0	0	0	0	0	0	0	0	0	0	0	0	0	0	0	0	0	0	0	0	0	0	0	0	0	0	0	0	0	0	0	0	0	0	0	0	0	0	0	0	0	0	0	0	0	0	0
80	A	T	ORF	S	NULL	0	0	0	0	0.0001	0.00550181	0.0140279	0.0001	0.922084	0.0195421	0.116134	0.111431	0.0353066	0.000100003	0.982044	0.0578434	0.0454255	0.00516719	0.0274979	0.117697	0.0770324	0.368263	0.502326	0.000100003	0.197574	0.405792	0.273628	0.0319805	0.0919377	0.0001	0.256692	0.0001	0.982534	0.964467	0.0001	0.096529	0.00195366	0.000100004	0.0668256	0.82207	0.260946	0.315449	0.0001	0.999952	0.0001	0.999952	0.0001	0.0001	0.0001	0.0378812	0.0288608	0.00823454	0.0986375	0.644828
81	A	T	ORF	S	NULL	0	0	0	0	0	0	0	0	0	0	0	0	0	0	0	0	0	0	0	0	0	0	0	0	0	0	0	0	0	0	0	0	0	0	0	0	0	0	0	0	0	0	0	0	0	0	0	0	0	0	0	0	0	0
82	A	T	ORF	S	NULL	0	0	0	0	0	0	0	0	0	0	0	0	0	0	0	0	0	0	0	0	0	0	0	0	0	0	0	0	0	0	0	0	0	0	0	0	0	0	0	0	0	0	0	0	0	0	0	0	0	0	0	0	0	0
83	A	T	ORF	S	NULL	0	0	0	0	0	0	0	0	0	0	0	0	0	0	0	0	0	0	0	0	0	0	0	0	0	0	0	0	0	0	0	0	0	0	0	0	0	0	0	0	0	0	0	0	0	0	0	0	0	0	0	0	0	0
84	A	T	ORF	S	NULL	0	0	0	0	0.0001	0.00550181	0.0140279	0.0001	0.922084	0.0195421	0.116134	0.111431	0.0353066	0.000100003	0.982044	0.0578434	0.0454255	0.00516719	0.0274979	0.117697	0.0770324	0.368263	0.502326	0.000100003	0.197574	0.405792	0.273628	0.0319805	0.0919377	0.0001	0.256692	0.0001	0.982534	0.964467	0.0001	0.096529	0.00195366	0.000100004	0.0668256	0.82207	0.260946	0.315449	0.0001	0.999952	0.0001	0.999952	0.0001	0.0001	0.0001	0.0378812	0.0288608	0.00823454	0.0986375	0.644828
85	A	T	ORF	S	NULL	0	0	0	0	0	0	0	0	0	0	0	0	0	0	0	0	0	0	0	0	0	0	0	0	0	0	0	0	0	0	0	0	0	0	0	0	0	0	0	0	0	0	0	0	0	0	0	0	0	0	0	0	0	0
86	A	T	ORF	S	NULL	0	0	0	0	0	0	0	0	0	0	0	0	0	0	0	0	0	0	0	0	0	0	0	0	0	0	0	0	0	0	0	0	0	0	0	0	0	0	0	0	0	0	0	0	0	0	0	0	0	0	0	0	0	0
87	A	T	ORF	S	NULL	0	0	0	0	0	0	0	0	0	0	0	0	0	0	0	0	0	0	0	0	0	0	0	0	0	0	0	0	0	0	0	0	0	0	0	0	0	0	0	0	0	0	0	0	0	0	0	0	0	0	0	0	0	0
88	A	T	ORF	S	NULL	0	0	0	0	0.0001	0.0235824	0.687937	0.520897	0.0001	0.0670275	0.0596287	0.0260197	0.149889	0.0001	0.0169019	0.0001	0.00010003	0.0245374	0.0280583	0.24158	0.311375	0.624305	0.175665	0.0001	0.0364756	0.0001	0.122939	0.135701	0.0001	0.0404742	0.0242357	0.582246	0.0001	0.00577276	0.0001	0.0001	0.0001	0.100912	0.358343	0.126916	0.0001	0.0001	0.134742	0.0001	0.498201	0.0001	0.0001	0.000100002	0.000334881	0.163105	0.124895	0.380459	0.0165465	0.0118053
89	A	T	ORF	S	NULL	0	0	0	0	0	0	0	0	0	0	0	0	0	0	0	0	0	0	0	0	0	0	0	0	0	0	0	0	0	0	0	0	0	0	0	0	0	0	0	0	0	0	0	0	0	0	0	0	0	0	0	0	0	0
90	A	T	ORF	S	NULL	0	0	0	0	0.0001	0.00550181	0.0140279	0.0001	0.922084	0.0195421	0.116134	0.111431	0.0353066	0.000100003	0.982044	0.0578434	0.0454255	0.00516719	0.0274979	0.117697	0.0770324	0.368263	0.502326	0.000100003	0.197574	0.405792	0.273628	0.0319805	0.0919377	0.0001	0.256692	0.0001	0.982534	0.964467	0.0001	0.096529	0.00195366	0.000100004	0.0668256	0.82207	0.260946	0.315449	0.0001	0.999952	0.0001	0.999952	0.0001	0.0001	0.0001	0.0378812	0.0288608	0.00823454	0.0986375	0.644828
91	A	T	ORF	S	NULL	0	0	0	0	0	0	0	0	0	0	0	0	0	0	0	0	0	0	0	0	0	0	0	0	0	0	0	0	0	0	0	0	0	0	0	0	0	0	0	0	0	0	0	0	0	0	0	0	0	0	0	0	0	0
92	A	T	ORF	S	NULL	0	0	0	0	0.0001	0.00550181	0.0140279	0.0001	0.922084	0.0195421	0.116134	0.111431	0.0353066	0.000100003	0.982044	0.0578434	0.0454255	0.00516719	0.0274979	0.117697	0.0770324	0.368263	0.502326	0.000100003	0.197574	0.405792	0.273628	0.0319805	0.0919377	0.0001	0.256692	0.0001	0.982534	0.964467	0.0001	0.096529	0.00195366	0.000100004	0.0668256	0.82207	0.260946	0.315449	0.0001	0.999952	0.0001	0.999952	0.0001	0.0001	0.0001	0.0378812	0.0288608	0.00823454	0.0986375	0.644828
93	A	T	ORF	S	NULL	0	0	0	0	0	0	0	0	0	0	0	0	0	0	0	0	0	0	0	0	0	0	0	0	0	0	0	0	0	0	0	0	0	0	0	0	0	0	0	0	0	0	0	0	0	0	0	0	0	0	0	0	0	0
94	A	T	ORF	S	NULL	0	0	0	0	0	0	0	0	0	0	0	0	0	0	0	0	0	0	0	0	0	0	0	0	0	0	0	0	0	0	0	0	0	0	0	0	0	0	0	0	0	0	0	0	0	0	0	0	0	0	0	0	0	0
95	A	T	ORF	S	NULL	0	0	0	0	0	0	0	0	0	0	0	0	0	0	0	0	0	0	0	0	0	0	0	0	0	0	0	0	0	0	0	0	0	0	0	0	0	0	0	0	0	0	0	0	0	0	0	0	0	0	0	0	0	0
96	A	T	ORF	S	NULL	0	0	0	0	0	0	0	0	0	0	0	0	0	0	0	0	0	0	0	0	0	0	0	0	0	0	0	0	0	0	0	0	0	0	0	0	0	0	0	0	0	0	0	0	0	0	0	0	0	0	0	0	0	0
97	A	T	ORF	S	NULL	0	0	0	0	0	0	0	0	0	0	0	0	0	0	0	0	0	0	0	0	0	0	0	0	0	0	0	0	0	0	0	0	0	0	0	0	0	0	0	0	0	0	0	0	0	0	0	0	0	0	0	0	0	0
98	A	T	ORF	S	NULL	0	0	0	0	0	0	0	0	0	0	0	0	0	0	0	0	0	0	0	0	0	0	0	0	0	0	0	0	0	0	0	0	0	0	0	0	0	0	0	0	0	0	0	0	0	0	0	0	0	0	0	0	0	0
99	A	T	ORF	S	NULL	0	0	0	0	0.0001	0.00550181	0.0140279	0.0001	0.922084	0.0195421	0.116134	0.111431	0.0353066	0.000100003	0.982044	0.0578434	0.0454255	0.00516719	0.0274979	0.117697	0.0770324	0.368263	0.502326	0.000100003	0.197574	0.405792	0.273628	0.0319805	0.0919377	0.0001	0.256692	0.0001	0.982534	0.964467	0.0001	0.096529	0.00195366	0.000100004	0.0668256	0.82207	0.260946	0.315449	0.0001	0.999952	0.0001	0.999952	0.0001	0.0001	0.0001	0.0378812	0.0288608	0.00823454	0.0986375	0.644828
100	A	T	ORF	S	NULL	0	0	0	0	0	0	0	0	0	0	0	0	0	0	0	0	0	0	0	0	0	0	0	0	0	0	0	0	0	0	0	0	0	0	0	0	0	0	0	0	0	0	0	0	0	0	0	0	0	0	0	0	0	0
