pos	ref	alt	gene	N/S	AA	nSRAsubclonal	nSRAclonal	nSRA	nConsensus	sample0|Earth	sample1|Earth	sample2|Earth	sample3|Earth	sample4|Earth	sample5|Earth	sample6|Earth	sample7|Earth	sample8|Earth	sample9|Earth	sample10|Earth	sample11|Earth	sample12|Earth	sample13|Earth	sample14|Earth	sample15|Earth	sample16|Earth	sample17|Earth	sample18|Earth	sample19|Earth	sample20|Earth	sample21|Earth	sample22|Earth	sample23|Earth	sample24|Earth	sample25|Earth	sample26|Earth	sample27|Earth	sample28|Earth	sample29|Earth	sample30|Earth	sample31|Earth	sample32|Earth	sample33|Earth	sample34|Earth	sample35|Earth	sample36|Earth	sample37|Earth	sample38|Earth	sample39|Earth	sample40|Earth	sample41|Earth	sample42|Earth	sample43|Earth	sample44|Earth	sample45|Earth	sample46|Earth	sample47|Earth	sample48|Earth	sample49|Earth
1	A	T	ORF	S	NULL	0	0	0	0	0	0	0	0	0	0	0	0	0	0	0	0	0	0	0	0	0	0	0	0	0	0	0	0	0	0	0	0	0	0	0	0	0	0	0	0	0	0	0	0	0	0	0	0	0	0	0	0	0	0
2	A	T	ORF	S	NULL	0	0	0	0	0.0545612	0.854373	0.000147261	0.000261986	0.0774504	0.111737	0.530717	0.0459307	0.036271	0.804366	0.00027838	0.39677	0.743581	0.000263535	0.310598	0.0993907	0.0346529	0.000280279	0.000451677	0.999989	0.586356	0.172741	0.000209173	0.167288	0.270765	0.000260277	0.599358	0.000439708	0.000278336	0.000204903	0.0214408	0.000277666	0.997571	0.898378	0.035725	0.0497256	0.738375	0.000277831	0.000260619	0.0001	0.215467	0.0001	0.000262295	0.00025998	0.0442685	0.0001	0.000265912	0.0567271	0.712544	0.127663
3	A	T	ORF	S	NULL	0	0	0	0	0.0001	0.0001	0.0001	0.0001	0.922112	0.00403128	0.10208	0.11912	0.0001	0.0001	0.982085	0.0750398	0.0460371	0.0001	0.0420007	0.127021	0.0660751	0.368005	0.501033	0.000100001	0.188982	0.419085	0.245025	0.0001	0.0960191	0.0001	0.25099	0.0001	0.983085	0.963118	0.0001	0.124973	0.00199188	0.0001	0.07404	0.822137	0.260991	0.337001	0.0001	0.999969	0.0001	0.999969	0.0001	0.0001	0.0001	0.0001	0.0001	0.0240334	0.0979808	0.64215
4	A	T	ORF	S	NULL	0	0	0	0	0	0	0	0	0	0	0	0	0	0	0	0	0	0	0	0	0	0	0	0	0	0	0	0	0	0	0	0	0	0	0	0	0	0	0	0	0	0	0	0	0	0	0	0	0	0	0	0	0	0
5	A	T	ORF	S	NULL	0	0	0	0	0	0	0	0	0	0	0	0	0	0	0	0	0	0	0	0	0	0	0	0	0	0	0	0	0	0	0	0	0	0	0	0	0	0	0	0	0	0	0	0	0	0	0	0	0	0	0	0	0	0
6	A	T	ORF	S	NULL	0	0	0	0	0	0	0	0	0	0	0	0	0	0	0	0	0	0	0	0	0	0	0	0	0	0	0	0	0	0	0	0	0	0	0	0	0	0	0	0	0	0	0	0	0	0	0	0	0	0	0	0	0	0
7	A	T	ORF	S	NULL	0	0	0	0	0.0001	0.0001	0.0001	0.0001	0.922112	0.00403128	0.10208	0.11912	0.0001	0.0001	0.982085	0.0750398	0.0460371	0.0001	0.0420007	0.127021	0.0660751	0.368005	0.501033	0.000100001	0.188982	0.419085	0.245025	0.0001	0.0960191	0.0001	0.25099	0.0001	0.983085	0.963118	0.0001	0.124973	0.00199188	0.0001	0.07404	0.822137	0.260991	0.337001	0.0001	0.999969	0.0001	0.999969	0.0001	0.0001	0.0001	0.0001	0.0001	0.0240334	0.0979808	0.64215
8	A	T	ORF	S	NULL	0	0	0	0	0	0	0	0	0	0	0	0	0	0	0	0	0	0	0	0	0	0	0	0	0	0	0	0	0	0	0	0	0	0	0	0	0	0	0	0	0	0	0	0	0	0	0	0	0	0	0	0	0	0
9	A	T	ORF	S	NULL	0	0	0	0	0	0	0	0	0	0	0	0	0	0	0	0	0	0	0	0	0	0	0	0	0	0	0	0	0	0	0	0	0	0	0	0	0	0	0	0	0	0	0	0	0	0	0	0	0	0	0	0	0	0
10	A	T	ORF	S	NULL	0	0	0	0	0	0	0	0	0	0	0	0	0	0	0	0	0	0	0	0	0	0	0	0	0	0	0	0	0	0	0	0	0	0	0	0	0	0	0	0	0	0	0	0	0	0	0	0	0	0	0	0	0	0
11	A	T	ORF	S	NULL	0	0	0	0	0	0	0	0	0	0	0	0	0	0	0	0	0	0	0	0	0	0	0	0	0	0	0	0	0	0	0	0	0	0	0	0	0	0	0	0	0	0	0	0	0	0	0	0	0	0	0	0	0	0
12	A	T	ORF	S	NULL	0	0	0	0	0.140559	0.145326	0.372461	0.000310442	0.92226	0.630479	0.468702	0.373948	0.93942	0.000309078	0.982305	0.0754125	0.135699	0.537372	0.100453	0.2268	0.513707	0.376232	0.672614	0.000200002	0.413233	0.419455	0.999544	0.832408	0.330829	0.000308451	0.400232	0.178673	0.983305	0.999548	0.266681	0.125197	0.00214583	0.00030973	0.20743	0.822506	0.261216	0.337224	0.000308848	1.00007	0.103664	1.00007	0.365351	0.000308106	0.43236	1.00007	0.872412	0.0244078	0.189554	0.786742
13	A	T	ORF	S	NULL	0	0	0	0	0	0	0	0	0	0	0	0	0	0	0	0	0	0	0	0	0	0	0	0	0	0	0	0	0	0	0	0	0	0	0	0	0	0	0	0	0	0	0	0	0	0	0	0	0	0	0	0	0	0
14	A	T	ORF	S	NULL	0	0	0	0	0	0	0	0	0	0	0	0	0	0	0	0	0	0	0	0	0	0	0	0	0	0	0	0	0	0	0	0	0	0	0	0	0	0	0	0	0	0	0	0	0	0	0	0	0	0	0	0	0	0
15	A	T	ORF	S	NULL	0	0	0	0	0	0	0	0	0	0	0	0	0	0	0	0	0	0	0	0	0	0	0	0	0	0	0	0	0	0	0	0	0	0	0	0	0	0	0	0	0	0	0	0	0	0	0	0	0	0	0	0	0	0
16	A	T	ORF	S	NULL	0	0	0	0	0.0001	0.0001	0.0001	0.0001	0.922112	0.00403128	0.10208	0.11912	0.0001	0.0001	0.982085	0.0750398	0.0460371	0.0001	0.0420007	0.127021	0.0660751	0.368005	0.501033	0.000100001	0.188982	0.419085	0.245025	0.0001	0.0960191	0.0001	0.25099	0.0001	0.983085	0.963118	0.0001	0.124973	0.00199188	0.0001	0.07404	0.822137	0.260991	0.337001	0.0001	0.999969	0.0001	0.999969	0.0001	0.0001	0.0001	0.0001	0.0001	0.0240334	0.0979808	0.64215
17	A	T	ORF	S	NULL	0	0	0	0	0.804534	0.000190199	0.000100639	0.421247	0.000134258	0.257399	0.000312156	0.523613	0.0241964	0.195216	0.000197749	0.527434	0.12039	0.462254	0.501494	0.394338	0.187338	0.000197095	0.157358	0.000100002	0.000196595	0.407418	0.000147058	0.000192955	0.39362	0.844304	0.000196462	0.235364	0.0161997	0.000146114	0.691425	0.874314	0.000131931	0.000189768	0.369413	0.000364452	0.000195892	0.662285	0.761293	0.0001	0.175355	0.0001	0.634277	0.918314	0.522262	0.0001	0.12721	0.473427	0.0843469	0.0853241
18	A	T	ORF	S	NULL	0	0	0	0	0.0545612	0.854373	0.000147261	0.000261986	0.0774504	0.111737	0.530717	0.0459307	0.036271	0.804366	0.00027838	0.39677	0.743581	0.000263535	0.310598	0.0993907	0.0346529	0.000280279	0.000451677	0.999989	0.586356	0.172741	0.000209173	0.167288	0.270765	0.000260277	0.599358	0.000439708	0.000278336	0.000204903	0.0214408	0.000277666	0.997571	0.898378	0.035725	0.0497256	0.738375	0.000277831	0.000260619	0.0001	0.215467	0.0001	0.000262295	0.00025998	0.0442685	0.0001	0.000265912	0.0567271	0.712544	0.127663
19	A	T	ORF	S	NULL	0	0	0	0	0	0	0	0	0	0	0	0	0	0	0	0	0	0	0	0	0	0	0	0	0	0	0	0	0	0	0	0	0	0	0	0	0	0	0	0	0	0	0	0	0	0	0	0	0	0	0	0	0	0
20	A	T	ORF	S	NULL	0	0	0	0	0.140459	0.145226	0.372361	0.000210442	0.00014797	0.626447	0.366622	0.254828	0.93932	0.000209077	0.000220323	0.000372696	0.0896621	0.537272	0.0584527	0.0997798	0.447632	0.00822685	0.171581	0.000100002	0.224252	0.000370665	0.754519	0.832308	0.23481	0.000208451	0.149242	0.178573	0.000220232	0.0364298	0.266581	0.000224324	0.000153948	0.00020973	0.13339	0.000369103	0.000224931	0.000223312	0.000208848	0.0001	0.103564	0.0001	0.365251	0.000208106	0.43226	0.999969	0.872312	0.000374375	0.0915734	0.144592
21	A	T	ORF	S	NULL	0	0	0	0	0	0	0	0	0	0	0	0	0	0	0	0	0	0	0	0	0	0	0	0	0	0	0	0	0	0	0	0	0	0	0	0	0	0	0	0	0	0	0	0	0	0	0	0	0	0	0	0	0	0
22	A	T	ORF	S	NULL	0	0	0	0	0	0	0	0	0	0	0	0	0	0	0	0	0	0	0	0	0	0	0	0	0	0	0	0	0	0	0	0	0	0	0	0	0	0	0	0	0	0	0	0	0	0	0	0	0	0	0	0	0	0
23	A	T	ORF	S	NULL	0	0	0	0	0	0	0	0	0	0	0	0	0	0	0	0	0	0	0	0	0	0	0	0	0	0	0	0	0	0	0	0	0	0	0	0	0	0	0	0	0	0	0	0	0	0	0	0	0	0	0	0	0	0
24	A	T	ORF	S	NULL	0	0	0	0	0	0	0	0	0	0	0	0	0	0	0	0	0	0	0	0	0	0	0	0	0	0	0	0	0	0	0	0	0	0	0	0	0	0	0	0	0	0	0	0	0	0	0	0	0	0	0	0	0	0
25	A	T	ORF	S	NULL	0	0	0	0	0	0	0	0	0	0	0	0	0	0	0	0	0	0	0	0	0	0	0	0	0	0	0	0	0	0	0	0	0	0	0	0	0	0	0	0	0	0	0	0	0	0	0	0	0	0	0	0	0	0
26	A	T	ORF	S	NULL	0	0	0	0	0	0	0	0	0	0	0	0	0	0	0	0	0	0	0	0	0	0	0	0	0	0	0	0	0	0	0	0	0	0	0	0	0	0	0	0	0	0	0	0	0	0	0	0	0	0	0	0	0	0
27	A	T	ORF	S	NULL	0	0	0	0	0	0	0	0	0	0	0	0	0	0	0	0	0	0	0	0	0	0	0	0	0	0	0	0	0	0	0	0	0	0	0	0	0	0	0	0	0	0	0	0	0	0	0	0	0	0	0	0	0	0
28	A	T	ORF	S	NULL	0	0	0	0	0	0	0	0	0	0	0	0	0	0	0	0	0	0	0	0	0	0	0	0	0	0	0	0	0	0	0	0	0	0	0	0	0	0	0	0	0	0	0	0	0	0	0	0	0	0	0	0	0	0
29	A	T	ORF	S	NULL	0	0	0	0	0.0001	0.0001	0.0001	0.0001	0.922112	0.00403128	0.10208	0.11912	0.0001	0.0001	0.982085	0.0750398	0.0460371	0.0001	0.0420007	0.127021	0.0660751	0.368005	0.501033	0.000100001	0.188982	0.419085	0.245025	0.0001	0.0960191	0.0001	0.25099	0.0001	0.983085	0.963118	0.0001	0.124973	0.00199188	0.0001	0.07404	0.822137	0.260991	0.337001	0.0001	0.999969	0.0001	0.999969	0.0001	0.0001	0.0001	0.0001	0.0001	0.0240334	0.0979808	0.64215
30	A	T	ORF	S	NULL	0	0	0	0	0	0	0	0	0	0	0	0	0	0	0	0	0	0	0	0	0	0	0	0	0	0	0	0	0	0	0	0	0	0	0	0	0	0	0	0	0	0	0	0	0	0	0	0	0	0	0	0	0	0
31	A	T	ORF	S	NULL	0	0	0	0	0	0	0	0	0	0	0	0	0	0	0	0	0	0	0	0	0	0	0	0	0	0	0	0	0	0	0	0	0	0	0	0	0	0	0	0	0	0	0	0	0	0	0	0	0	0	0	0	0	0
32	A	T	ORF	S	NULL	0	0	0	0	0	0	0	0	0	0	0	0	0	0	0	0	0	0	0	0	0	0	0	0	0	0	0	0	0	0	0	0	0	0	0	0	0	0	0	0	0	0	0	0	0	0	0	0	0	0	0	0	0	0
33	A	T	ORF	S	NULL	0	0	0	0	0.804534	0.000190199	0.000100639	0.421247	0.000134258	0.257399	0.000312156	0.523613	0.0241964	0.195216	0.000197749	0.527434	0.12039	0.462254	0.501494	0.394338	0.187338	0.000197095	0.157358	0.000100002	0.000196595	0.407418	0.000147058	0.000192955	0.39362	0.844304	0.000196462	0.235364	0.0161997	0.000146114	0.691425	0.874314	0.000131931	0.000189768	0.369413	0.000364452	0.000195892	0.662285	0.761293	0.0001	0.175355	0.0001	0.634277	0.918314	0.522262	0.0001	0.12721	0.473427	0.0843469	0.0853241
34	A	T	ORF	S	NULL	0	0	0	0	0	0	0	0	0	0	0	0	0	0	0	0	0	0	0	0	0	0	0	0	0	0	0	0	0	0	0	0	0	0	0	0	0	0	0	0	0	0	0	0	0	0	0	0	0	0	0	0	0	0
35	A	T	ORF	S	NULL	0	0	0	0	0	0	0	0	0	0	0	0	0	0	0	0	0	0	0	0	0	0	0	0	0	0	0	0	0	0	0	0	0	0	0	0	0	0	0	0	0	0	0	0	0	0	0	0	0	0	0	0	0	0
36	A	T	ORF	S	NULL	0	0	0	0	0	0	0	0	0	0	0	0	0	0	0	0	0	0	0	0	0	0	0	0	0	0	0	0	0	0	0	0	0	0	0	0	0	0	0	0	0	0	0	0	0	0	0	0	0	0	0	0	0	0
37	A	T	ORF	S	NULL	0	0	0	0	0	0	0	0	0	0	0	0	0	0	0	0	0	0	0	0	0	0	0	0	0	0	0	0	0	0	0	0	0	0	0	0	0	0	0	0	0	0	0	0	0	0	0	0	0	0	0	0	0	0
38	A	T	ORF	S	NULL	0	0	0	0	0	0	0	0	0	0	0	0	0	0	0	0	0	0	0	0	0	0	0	0	0	0	0	0	0	0	0	0	0	0	0	0	0	0	0	0	0	0	0	0	0	0	0	0	0	0	0	0	0	0
39	A	T	ORF	S	NULL	0	0	0	0	0.140903	0.145436	0.999755	0.578491	0.000303656	0.626833	0.366891	0.311336	0.939532	0.000418316	0.0174393	0.00075631	0.0899916	0.537482	0.145908	0.379251	0.711934	0.631518	0.341157	0.000200004	0.224465	0.000756137	0.754622	0.832519	0.239596	0.155436	0.149456	0.764196	0.000437215	0.0365327	0.287133	0.000435716	0.000305235	0.101432	0.520822	0.127773	0.00043846	0.000436089	0.238446	0.0002	0.609177	0.0002	0.365461	0.0814259	0.433469	1.00007	0.872524	0.445813	0.105128	0.144864
40	A	T	ORF	S	NULL	0	0	0	0	0.804534	0.000190199	0.000100639	0.421247	0.000134258	0.257399	0.000312156	0.523613	0.0241964	0.195216	0.000197749	0.527434	0.12039	0.462254	0.501494	0.394338	0.187338	0.000197095	0.157358	0.000100002	0.000196595	0.407418	0.000147058	0.000192955	0.39362	0.844304	0.000196462	0.235364	0.0161997	0.000146114	0.691425	0.874314	0.000131931	0.000189768	0.369413	0.000364452	0.000195892	0.662285	0.761293	0.0001	0.175355	0.0001	0.634277	0.918314	0.522262	0.0001	0.12721	0.473427	0.0843469	0.0853241
41	A	T	ORF	S	NULL	0	0	0	0	0	0	0	0	0	0	0	0	0	0	0	0	0	0	0	0	0	0	0	0	0	0	0	0	0	0	0	0	0	0	0	0	0	0	0	0	0	0	0	0	0	0	0	0	0	0	0	0	0	0
42	A	T	ORF	S	NULL	0	0	0	0	0	0	0	0	0	0	0	0	0	0	0	0	0	0	0	0	0	0	0	0	0	0	0	0	0	0	0	0	0	0	0	0	0	0	0	0	0	0	0	0	0	0	0	0	0	0	0	0	0	0
43	A	T	ORF	S	NULL	0	0	0	0	0	0	0	0	0	0	0	0	0	0	0	0	0	0	0	0	0	0	0	0	0	0	0	0	0	0	0	0	0	0	0	0	0	0	0	0	0	0	0	0	0	0	0	0	0	0	0	0	0	0
44	A	T	ORF	S	NULL	0	0	0	0	0	0	0	0	0	0	0	0	0	0	0	0	0	0	0	0	0	0	0	0	0	0	0	0	0	0	0	0	0	0	0	0	0	0	0	0	0	0	0	0	0	0	0	0	0	0	0	0	0	0
45	A	T	ORF	S	NULL	0	0	0	0	0.804534	0.000190199	0.000100639	0.421247	0.000134258	0.257399	0.000312156	0.523613	0.0241964	0.195216	0.000197749	0.527434	0.12039	0.462254	0.501494	0.394338	0.187338	0.000197095	0.157358	0.000100002	0.000196595	0.407418	0.000147058	0.000192955	0.39362	0.844304	0.000196462	0.235364	0.0161997	0.000146114	0.691425	0.874314	0.000131931	0.000189768	0.369413	0.000364452	0.000195892	0.662285	0.761293	0.0001	0.175355	0.0001	0.634277	0.918314	0.522262	0.0001	0.12721	0.473427	0.0843469	0.0853241
46	A	T	ORF	S	NULL	0	0	0	0	0.0001	0.0001	0.0001	0.0001	0.922112	0.00403128	0.10208	0.11912	0.0001	0.0001	0.982085	0.0750398	0.0460371	0.0001	0.0420007	0.127021	0.0660751	0.368005	0.501033	0.000100001	0.188982	0.419085	0.245025	0.0001	0.0960191	0.0001	0.25099	0.0001	0.983085	0.963118	0.0001	0.124973	0.00199188	0.0001	0.07404	0.822137	0.260991	0.337001	0.0001	0.999969	0.0001	0.999969	0.0001	0.0001	0.0001	0.0001	0.0001	0.0240334	0.0979808	0.64215
47	A	T	ORF	S	NULL	0	0	0	0	0.0001	0.0001	0.0001	0.0001	0.922112	0.00403128	0.10208	0.11912	0.0001	0.0001	0.982085	0.0750398	0.0460371	0.0001	0.0420007	0.127021	0.0660751	0.368005	0.501033	0.000100001	0.188982	0.419085	0.245025	0.0001	0.0960191	0.0001	0.25099	0.0001	0.983085	0.963118	0.0001	0.124973	0.00199188	0.0001	0.07404	0.822137	0.260991	0.337001	0.0001	0.999969	0.0001	0.999969	0.0001	0.0001	0.0001	0.0001	0.0001	0.0240334	0.0979808	0.64215
48	A	T	ORF	S	NULL	0	0	0	0	0.0546612	0.854473	0.000247261	0.000361986	0.999562	0.115768	0.632796	0.165051	0.036371	0.804466	0.982363	0.47181	0.789618	0.000363535	0.352598	0.226411	0.100728	0.368285	0.501485	1.00009	0.775338	0.591826	0.245234	0.167388	0.366784	0.000360277	0.850347	0.000539708	0.983363	0.963323	0.0215408	0.125251	0.999563	0.898478	0.109765	0.871863	0.999366	0.337278	0.000360619	1.00007	0.215567	1.00007	0.000362295	0.00035998	0.0443685	0.0002	0.000365912	0.0807605	0.810525	0.769812
49	A	T	ORF	S	NULL	0	0	0	0	0	0	0	0	0	0	0	0	0	0	0	0	0	0	0	0	0	0	0	0	0	0	0	0	0	0	0	0	0	0	0	0	0	0	0	0	0	0	0	0	0	0	0	0	0	0	0	0	0	0
50	A	T	ORF	S	NULL	0	0	0	0	0	0	0	0	0	0	0	0	0	0	0	0	0	0	0	0	0	0	0	0	0	0	0	0	0	0	0	0	0	0	0	0	0	0	0	0	0	0	0	0	0	0	0	0	0	0	0	0	0	0
51	A	T	ORF	S	NULL	0	0	0	0	0	0	0	0	0	0	0	0	0	0	0	0	0	0	0	0	0	0	0	0	0	0	0	0	0	0	0	0	0	0	0	0	0	0	0	0	0	0	0	0	0	0	0	0	0	0	0	0	0	0
52	A	T	ORF	S	NULL	0	0	0	0	0	0	0	0	0	0	0	0	0	0	0	0	0	0	0	0	0	0	0	0	0	0	0	0	0	0	0	0	0	0	0	0	0	0	0	0	0	0	0	0	0	0	0	0	0	0	0	0	0	0
53	A	T	ORF	S	NULL	0	0	0	0	0	0	0	0	0	0	0	0	0	0	0	0	0	0	0	0	0	0	0	0	0	0	0	0	0	0	0	0	0	0	0	0	0	0	0	0	0	0	0	0	0	0	0	0	0	0	0	0	0	0
54	A	T	ORF	S	NULL	0	0	0	0	0	0	0	0	0	0	0	0	0	0	0	0	0	0	0	0	0	0	0	0	0	0	0	0	0	0	0	0	0	0	0	0	0	0	0	0	0	0	0	0	0	0	0	0	0	0	0	0	0	0
55	A	T	ORF	S	NULL	0	0	0	0	0	0	0	0	0	0	0	0	0	0	0	0	0	0	0	0	0	0	0	0	0	0	0	0	0	0	0	0	0	0	0	0	0	0	0	0	0	0	0	0	0	0	0	0	0	0	0	0	0	0
56	A	T	ORF	S	NULL	0	0	0	0	0	0	0	0	0	0	0	0	0	0	0	0	0	0	0	0	0	0	0	0	0	0	0	0	0	0	0	0	0	0	0	0	0	0	0	0	0	0	0	0	0	0	0	0	0	0	0	0	0	0
57	A	T	ORF	S	NULL	0	0	0	0	0	0	0	0	0	0	0	0	0	0	0	0	0	0	0	0	0	0	0	0	0	0	0	0	0	0	0	0	0	0	0	0	0	0	0	0	0	0	0	0	0	0	0	0	0	0	0	0	0	0
58	A	T	ORF	S	NULL	0	0	0	0	0	0	0	0	0	0	0	0	0	0	0	0	0	0	0	0	0	0	0	0	0	0	0	0	0	0	0	0	0	0	0	0	0	0	0	0	0	0	0	0	0	0	0	0	0	0	0	0	0	0
59	A	T	ORF	S	NULL	0	0	0	0	0.804534	0.000190199	0.000100639	0.421247	0.000134258	0.257399	0.000312156	0.523613	0.0241964	0.195216	0.000197749	0.527434	0.12039	0.462254	0.501494	0.394338	0.187338	0.000197095	0.157358	0.000100002	0.000196595	0.407418	0.000147058	0.000192955	0.39362	0.844304	0.000196462	0.235364	0.0161997	0.000146114	0.691425	0.874314	0.000131931	0.000189768	0.369413	0.000364452	0.000195892	0.662285	0.761293	0.0001	0.175355	0.0001	0.634277	0.918314	0.522262	0.0001	0.12721	0.473427	0.0843469	0.0853241
60	A	T	ORF	S	NULL	0	0	0	0	0	0	0	0	0	0	0	0	0	0	0	0	0	0	0	0	0	0	0	0	0	0	0	0	0	0	0	0	0	0	0	0	0	0	0	0	0	0	0	0	0	0	0	0	0	0	0	0	0	0
61	A	T	ORF	S	NULL	0	0	0	0	0	0	0	0	0	0	0	0	0	0	0	0	0	0	0	0	0	0	0	0	0	0	0	0	0	0	0	0	0	0	0	0	0	0	0	0	0	0	0	0	0	0	0	0	0	0	0	0	0	0
62	A	T	ORF	S	NULL	0	0	0	0	0.0001	0.0001	0.0001	0.0001	0.922112	0.00403128	0.10208	0.11912	0.0001	0.0001	0.982085	0.0750398	0.0460371	0.0001	0.0420007	0.127021	0.0660751	0.368005	0.501033	0.000100001	0.188982	0.419085	0.245025	0.0001	0.0960191	0.0001	0.25099	0.0001	0.983085	0.963118	0.0001	0.124973	0.00199188	0.0001	0.07404	0.822137	0.260991	0.337001	0.0001	0.999969	0.0001	0.999969	0.0001	0.0001	0.0001	0.0001	0.0001	0.0240334	0.0979808	0.64215
63	A	T	ORF	S	NULL	0	0	0	0	0	0	0	0	0	0	0	0	0	0	0	0	0	0	0	0	0	0	0	0	0	0	0	0	0	0	0	0	0	0	0	0	0	0	0	0	0	0	0	0	0	0	0	0	0	0	0	0	0	0
64	A	T	ORF	S	NULL	0	0	0	0	0	0	0	0	0	0	0	0	0	0	0	0	0	0	0	0	0	0	0	0	0	0	0	0	0	0	0	0	0	0	0	0	0	0	0	0	0	0	0	0	0	0	0	0	0	0	0	0	0	0
65	A	T	ORF	S	NULL	0	0	0	0	0.0001	0.0001	0.0001	0.0001	0.922112	0.00403128	0.10208	0.11912	0.0001	0.0001	0.982085	0.0750398	0.0460371	0.0001	0.0420007	0.127021	0.0660751	0.368005	0.501033	0.000100001	0.188982	0.419085	0.245025	0.0001	0.0960191	0.0001	0.25099	0.0001	0.983085	0.963118	0.0001	0.124973	0.00199188	0.0001	0.07404	0.822137	0.260991	0.337001	0.0001	0.999969	0.0001	0.999969	0.0001	0.0001	0.0001	0.0001	0.0001	0.0240334	0.0979808	0.64215
66	A	T	ORF	S	NULL	0	0	0	0	0.000443704	0.000209927	0.627394	0.57828	0.000155686	0.000385208	0.000269547	0.0565082	0.00021184	0.000209239	0.0172189	0.000383614	0.000329459	0.000210094	0.0874554	0.279471	0.264302	0.623291	0.169576	0.000100003	0.00021375	0.000385472	0.000102386	0.000211568	0.00478648	0.155227	0.000213869	0.585623	0.000216983	0.000102849	0.0205526	0.000211392	0.000151286	0.101222	0.387432	0.127404	0.000213529	0.000212776	0.238237	0.0001	0.505613	0.0001	0.000209386	0.0812178	0.00120976	0.0001	0.000211464	0.445438	0.0135549	0.000271502
67	A	T	ORF	S	NULL	0	0	0	0	0.0545612	0.854373	0.000147261	0.000261986	0.0774504	0.111737	0.530717	0.0459307	0.036271	0.804366	0.00027838	0.39677	0.743581	0.000263535	0.310598	0.0993907	0.0346529	0.000280279	0.000451677	0.999989	0.586356	0.172741	0.000209173	0.167288	0.270765	0.000260277	0.599358	0.000439708	0.000278336	0.000204903	0.0214408	0.000277666	0.997571	0.898378	0.035725	0.0497256	0.738375	0.000277831	0.000260619	0.0001	0.215467	0.0001	0.000262295	0.00025998	0.0442685	0.0001	0.000265912	0.0567271	0.712544	0.127663
68	A	T	ORF	S	NULL	0	0	0	0	0	0	0	0	0	0	0	0	0	0	0	0	0	0	0	0	0	0	0	0	0	0	0	0	0	0	0	0	0	0	0	0	0	0	0	0	0	0	0	0	0	0	0	0	0	0	0	0	0	0
69	A	T	ORF	S	NULL	0	0	0	0	0.000443704	0.000209927	0.627394	0.57828	0.000155686	0.000385208	0.000269547	0.0565082	0.00021184	0.000209239	0.0172189	0.000383614	0.000329459	0.000210094	0.0874554	0.279471	0.264302	0.623291	0.169576	0.000100003	0.00021375	0.000385472	0.000102386	0.000211568	0.00478648	0.155227	0.000213869	0.585623	0.000216983	0.000102849	0.0205526	0.000211392	0.000151286	0.101222	0.387432	0.127404	0.000213529	0.000212776	0.238237	0.0001	0.505613	0.0001	0.000209386	0.0812178	0.00120976	0.0001	0.000211464	0.445438	0.0135549	0.000271502
70	A	T	ORF	S	NULL	0	0	0	0	0.0001	0.0001	0.0001	0.0001	0.922112	0.00403128	0.10208	0.11912	0.0001	0.0001	0.982085	0.0750398	0.0460371	0.0001	0.0420007	0.127021	0.0660751	0.368005	0.501033	0.000100001	0.188982	0.419085	0.245025	0.0001	0.0960191	0.0001	0.25099	0.0001	0.983085	0.963118	0.0001	0.124973	0.00199188	0.0001	0.07404	0.822137	0.260991	0.337001	0.0001	0.999969	0.0001	0.999969	0.0001	0.0001	0.0001	0.0001	0.0001	0.0240334	0.0979808	0.64215
71	A	T	ORF	S	NULL	0	0	0	0	0	0	0	0	0	0	0	0	0	0	0	0	0	0	0	0	0	0	0	0	0	0	0	0	0	0	0	0	0	0	0	0	0	0	0	0	0	0	0	0	0	0	0	0	0	0	0	0	0	0
72	A	T	ORF	S	NULL	0	0	0	0	0	0	0	0	0	0	0	0	0	0	0	0	0	0	0	0	0	0	0	0	0	0	0	0	0	0	0	0	0	0	0	0	0	0	0	0	0	0	0	0	0	0	0	0	0	0	0	0	0	0
73	A	T	ORF	S	NULL	0	0	0	0	0.140459	0.145226	0.372361	0.000210442	0.00014797	0.626447	0.366622	0.254828	0.93932	0.000209077	0.000220323	0.000372696	0.0896621	0.537272	0.0584527	0.0997798	0.447632	0.00822685	0.171581	0.000100002	0.224252	0.000370665	0.754519	0.832308	0.23481	0.000208451	0.149242	0.178573	0.000220232	0.0364298	0.266581	0.000224324	0.000153948	0.00020973	0.13339	0.000369103	0.000224931	0.000223312	0.000208848	0.0001	0.103564	0.0001	0.365251	0.000208106	0.43226	0.999969	0.872312	0.000374375	0.0915734	0.144592
74	A	T	ORF	S	NULL	0	0	0	0	0	0	0	0	0	0	0	0	0	0	0	0	0	0	0	0	0	0	0	0	0	0	0	0	0	0	0	0	0	0	0	0	0	0	0	0	0	0	0	0	0	0	0	0	0	0	0	0	0	0
75	A	T	ORF	S	NULL	0	0	0	0	0	0	0	0	0	0	0	0	0	0	0	0	0	0	0	0	0	0	0	0	0	0	0	0	0	0	0	0	0	0	0	0	0	0	0	0	0	0	0	0	0	0	0	0	0	0	0	0	0	0
76	A	T	ORF	S	NULL	0	0	0	0	0	0	0	0	0	0	0	0	0	0	0	0	0	0	0	0	0	0	0	0	0	0	0	0	0	0	0	0	0	0	0	0	0	0	0	0	0	0	0	0	0	0	0	0	0	0	0	0	0	0
77	A	T	ORF	S	NULL	0	0	0	0	0	0	0	0	0	0	0	0	0	0	0	0	0	0	0	0	0	0	0	0	0	0	0	0	0	0	0	0	0	0	0	0	0	0	0	0	0	0	0	0	0	0	0	0	0	0	0	0	0	0
78	A	T	ORF	S	NULL	0	0	0	0	0.0001	0.0001	0.0001	0.0001	0.922112	0.00403128	0.10208	0.11912	0.0001	0.0001	0.982085	0.0750398	0.0460371	0.0001	0.0420007	0.127021	0.0660751	0.368005	0.501033	0.000100001	0.188982	0.419085	0.245025	0.0001	0.0960191	0.0001	0.25099	0.0001	0.983085	0.963118	0.0001	0.124973	0.00199188	0.0001	0.07404	0.822137	0.260991	0.337001	0.0001	0.999969	0.0001	0.999969	0.0001	0.0001	0.0001	0.0001	0.0001	0.0240334	0.0979808	0.64215
79	A	T	ORF	S	NULL	0	0	0	0	0	0	0	0	0	0	0	0	0	0	0	0	0	0	0	0	0	0	0	0	0	0	0	0	0	0	0	0	0	0	0	0	0	0	0	0	0	0	0	0	0	0	0	0	0	0	0	0	0	0
80	A	T	ORF	S	NULL	0	0	0	0	0.0001	0.0001	0.0001	0.0001	0.922112	0.00403128	0.10208	0.11912	0.0001	0.0001	0.982085	0.0750398	0.0460371	0.0001	0.0420007	0.127021	0.0660751	0.368005	0.501033	0.000100001	0.188982	0.419085	0.245025	0.0001	0.0960191	0.0001	0.25099	0.0001	0.983085	0.963118	0.0001	0.124973	0.00199188	0.0001	0.07404	0.822137	0.260991	0.337001	0.0001	0.999969	0.0001	0.999969	0.0001	0.0001	0.0001	0.0001	0.0001	0.0240334	0.0979808	0.64215
81	A	T	ORF	S	NULL	0	0	0	0	0	0	0	0	0	0	0	0	0	0	0	0	0	0	0	0	0	0	0	0	0	0	0	0	0	0	0	0	0	0	0	0	0	0	0	0	0	0	0	0	0	0	0	0	0	0	0	0	0	0
82	A	T	ORF	S	NULL	0	0	0	0	0	0	0	0	0	0	0	0	0	0	0	0	0	0	0	0	0	0	0	0	0	0	0	0	0	0	0	0	0	0	0	0	0	0	0	0	0	0	0	0	0	0	0	0	0	0	0	0	0	0
83	A	T	ORF	S	NULL	0	0	0	0	0	0	0	0	0	0	0	0	0	0	0	0	0	0	0	0	0	0	0	0	0	0	0	0	0	0	0	0	0	0	0	0	0	0	0	0	0	0	0	0	0	0	0	0	0	0	0	0	0	0
84	A	T	ORF	S	NULL	0	0	0	0	0.0001	0.0001	0.0001	0.0001	0.922112	0.00403128	0.10208	0.11912	0.0001	0.0001	0.982085	0.0750398	0.0460371	0.0001	0.0420007	0.127021	0.0660751	0.368005	0.501033	0.000100001	0.188982	0.419085	0.245025	0.0001	0.0960191	0.0001	0.25099	0.0001	0.983085	0.963118	0.0001	0.124973	0.00199188	0.0001	0.07404	0.822137	0.260991	0.337001	0.0001	0.999969	0.0001	0.999969	0.0001	0.0001	0.0001	0.0001	0.0001	0.0240334	0.0979808	0.64215
85	A	T	ORF	S	NULL	0	0	0	0	0	0	0	0	0	0	0	0	0	0	0	0	0	0	0	0	0	0	0	0	0	0	0	0	0	0	0	0	0	0	0	0	0	0	0	0	0	0	0	0	0	0	0	0	0	0	0	0	0	0
86	A	T	ORF	S	NULL	0	0	0	0	0	0	0	0	0	0	0	0	0	0	0	0	0	0	0	0	0	0	0	0	0	0	0	0	0	0	0	0	0	0	0	0	0	0	0	0	0	0	0	0	0	0	0	0	0	0	0	0	0	0
87	A	T	ORF	S	NULL	0	0	0	0	0	0	0	0	0	0	0	0	0	0	0	0	0	0	0	0	0	0	0	0	0	0	0	0	0	0	0	0	0	0	0	0	0	0	0	0	0	0	0	0	0	0	0	0	0	0	0	0	0	0
88	A	T	ORF	S	NULL	0	0	0	0	0.000443704	0.000209927	0.627394	0.57828	0.000155686	0.000385208	0.000269547	0.0565082	0.00021184	0.000209239	0.0172189	0.000383614	0.000329459	0.000210094	0.0874554	0.279471	0.264302	0.623291	0.169576	0.000100003	0.00021375	0.000385472	0.000102386	0.000211568	0.00478648	0.155227	0.000213869	0.585623	0.000216983	0.000102849	0.0205526	0.000211392	0.000151286	0.101222	0.387432	0.127404	0.000213529	0.000212776	0.238237	0.0001	0.505613	0.0001	0.000209386	0.0812178	0.00120976	0.0001	0.000211464	0.445438	0.0135549	0.000271502
89	A	T	ORF	S	NULL	0	0	0	0	0	0	0	0	0	0	0	0	0	0	0	0	0	0	0	0	0	0	0	0	0	0	0	0	0	0	0	0	0	0	0	0	0	0	0	0	0	0	0	0	0	0	0	0	0	0	0	0	0	0
90	A	T	ORF	S	NULL	0	0	0	0	0.0001	0.0001	0.0001	0.0001	0.922112	0.00403128	0.10208	0.11912	0.0001	0.0001	0.982085	0.0750398	0.0460371	0.0001	0.0420007	0.127021	0.0660751	0.368005	0.501033	0.000100001	0.188982	0.419085	0.245025	0.0001	0.0960191	0.0001	0.25099	0.0001	0.983085	0.963118	0.0001	0.124973	0.00199188	0.0001	0.07404	0.822137	0.260991	0.337001	0.0001	0.999969	0.0001	0.999969	0.0001	0.0001	0.0001	0.0001	0.0001	0.0240334	0.0979808	0.64215
91	A	T	ORF	S	NULL	0	0	0	0	0	0	0	0	0	0	0	0	0	0	0	0	0	0	0	0	0	0	0	0	0	0	0	0	0	0	0	0	0	0	0	0	0	0	0	0	0	0	0	0	0	0	0	0	0	0	0	0	0	0
92	A	T	ORF	S	NULL	0	0	0	0	0.0001	0.0001	0.0001	0.0001	0.922112	0.00403128	0.10208	0.11912	0.0001	0.0001	0.982085	0.0750398	0.0460371	0.0001	0.0420007	0.127021	0.0660751	0.368005	0.501033	0.000100001	0.188982	0.419085	0.245025	0.0001	0.0960191	0.0001	0.25099	0.0001	0.983085	0.963118	0.0001	0.124973	0.00199188	0.0001	0.07404	0.822137	0.260991	0.337001	0.0001	0.999969	0.0001	0.999969	0.0001	0.0001	0.0001	0.0001	0.0001	0.0240334	0.0979808	0.64215
93	A	T	ORF	S	NULL	0	0	0	0	0	0	0	0	0	0	0	0	0	0	0	0	0	0	0	0	0	0	0	0	0	0	0	0	0	0	0	0	0	0	0	0	0	0	0	0	0	0	0	0	0	0	0	0	0	0	0	0	0	0
94	A	T	ORF	S	NULL	0	0	0	0	0	0	0	0	0	0	0	0	0	0	0	0	0	0	0	0	0	0	0	0	0	0	0	0	0	0	0	0	0	0	0	0	0	0	0	0	0	0	0	0	0	0	0	0	0	0	0	0	0	0
95	A	T	ORF	S	NULL	0	0	0	0	0	0	0	0	0	0	0	0	0	0	0	0	0	0	0	0	0	0	0	0	0	0	0	0	0	0	0	0	0	0	0	0	0	0	0	0	0	0	0	0	0	0	0	0	0	0	0	0	0	0
96	A	T	ORF	S	NULL	0	0	0	0	0	0	0	0	0	0	0	0	0	0	0	0	0	0	0	0	0	0	0	0	0	0	0	0	0	0	0	0	0	0	0	0	0	0	0	0	0	0	0	0	0	0	0	0	0	0	0	0	0	0
97	A	T	ORF	S	NULL	0	0	0	0	0	0	0	0	0	0	0	0	0	0	0	0	0	0	0	0	0	0	0	0	0	0	0	0	0	0	0	0	0	0	0	0	0	0	0	0	0	0	0	0	0	0	0	0	0	0	0	0	0	0
98	A	T	ORF	S	NULL	0	0	0	0	0	0	0	0	0	0	0	0	0	0	0	0	0	0	0	0	0	0	0	0	0	0	0	0	0	0	0	0	0	0	0	0	0	0	0	0	0	0	0	0	0	0	0	0	0	0	0	0	0	0
99	A	T	ORF	S	NULL	0	0	0	0	0.0001	0.0001	0.0001	0.0001	0.922112	0.00403128	0.10208	0.11912	0.0001	0.0001	0.982085	0.0750398	0.0460371	0.0001	0.0420007	0.127021	0.0660751	0.368005	0.501033	0.000100001	0.188982	0.419085	0.245025	0.0001	0.0960191	0.0001	0.25099	0.0001	0.983085	0.963118	0.0001	0.124973	0.00199188	0.0001	0.07404	0.822137	0.260991	0.337001	0.0001	0.999969	0.0001	0.999969	0.0001	0.0001	0.0001	0.0001	0.0001	0.0240334	0.0979808	0.64215
100	A	T	ORF	S	NULL	0	0	0	0	0	0	0	0	0	0	0	0	0	0	0	0	0	0	0	0	0	0	0	0	0	0	0	0	0	0	0	0	0	0	0	0	0	0	0	0	0	0	0	0	0	0	0	0	0	0	0	0	0	0
