pos	ref	alt	gene	N/S	AA	nSRAsubclonal	nSRAclonal	nSRA	nConsensus	sample0|Earth	sample1|Earth	sample2|Earth	sample3|Earth	sample4|Earth	sample5|Earth	sample6|Earth	sample7|Earth	sample8|Earth	sample9|Earth	sample10|Earth	sample11|Earth	sample12|Earth	sample13|Earth	sample14|Earth	sample15|Earth	sample16|Earth	sample17|Earth	sample18|Earth	sample19|Earth	sample20|Earth	sample21|Earth	sample22|Earth	sample23|Earth	sample24|Earth	sample25|Earth	sample26|Earth	sample27|Earth	sample28|Earth	sample29|Earth	sample30|Earth	sample31|Earth	sample32|Earth	sample33|Earth	sample34|Earth	sample35|Earth	sample36|Earth	sample37|Earth	sample38|Earth	sample39|Earth	sample40|Earth	sample41|Earth	sample42|Earth	sample43|Earth	sample44|Earth	sample45|Earth	sample46|Earth	sample47|Earth	sample48|Earth	sample49|Earth
1	A	T	ORF	S	NULL	0	0	0	0	0	0	0	0	0	0	0	0	0	0	0	0	0	0	0	0	0	0	0	0	0	0	0	0	0	0	0	0	0	0	0	0	0	0	0	0	0	0	0	0	0	0	0	0	0	0	0	0	0	0
2	A	T	ORF	S	NULL	0	0	0	0	0	0	0	0	0	0	0	0	0	0	0	0	0	0	0	0	0	0	0	0	0	0	0	0	0	0	0	0	0	0	0	0	0	0	0	0	0	0	0	0	0	0	0	0	0	0	0	0	0	0
3	A	T	ORF	S	NULL	0	0	0	0	0.0001	0.0001	0.0001	0.256937	0.0001	0.00419592	0.0001	0.0239039	0.00475821	0.0001	0.44597	0.0268876	0.487494	0.0001	0.288341	0.242699	0.516968	0.0001	0.299979	0.0001	0.0001	0.00316111	0.413974	0.0001	0.0001	0.00324176	0.0001	0.141035	0.0001	0.14698	0.787002	0.00685129	0.0001	0.0001	0.0001	0.702934	0.0158481	0.0274419	0.0097253	0.0001	0.999909	0.0001	0.0001	0.0172172	0.0158988	0.011311	0.865216	0.0249946	0.626053	0.00616891
4	A	T	ORF	S	NULL	0	0	0	0	0.0001	0.132146	0.19925	0.0001	0.0001	0.0241793	0.0001	0.0001	0.898006	0.0001	0.0001	0.0134482	0.0154382	0.000100001	0.0487622	0.0548937	0.0001	0.219081	0.0001	0.475194	0.0001	0.587124	0.022294	0.137397	0.0001	0.00974904	0.487953	0.0001	0.0001	0.0001	0.0001	0.0211556	0.0001	0.0001	0.0001	0.0001	0.0824234	0.0359502	0.000235087	0.86503	0.0001	0.770992	0.0260023	0.0280554	0.530474	0.284932	0.0205537	0.462094	0.0001	0.0001
5	A	T	ORF	S	NULL	0	0	0	0	0	0	0	0	0	0	0	0	0	0	0	0	0	0	0	0	0	0	0	0	0	0	0	0	0	0	0	0	0	0	0	0	0	0	0	0	0	0	0	0	0	0	0	0	0	0	0	0	0	0
6	A	T	ORF	S	NULL	0	0	0	0	0	0	0	0	0	0	0	0	0	0	0	0	0	0	0	0	0	0	0	0	0	0	0	0	0	0	0	0	0	0	0	0	0	0	0	0	0	0	0	0	0	0	0	0	0	0	0	0	0	0
7	A	T	ORF	S	NULL	0	0	0	0	0.0001	0.0001	0.0001	0.256937	0.0001	0.00419592	0.0001	0.0239039	0.00475821	0.0001	0.44597	0.0268876	0.487494	0.0001	0.288341	0.242699	0.516968	0.0001	0.299979	0.0001	0.0001	0.00316111	0.413974	0.0001	0.0001	0.00324176	0.0001	0.141035	0.0001	0.14698	0.787002	0.00685129	0.0001	0.0001	0.0001	0.702934	0.0158481	0.0274419	0.0097253	0.0001	0.999909	0.0001	0.0001	0.0172172	0.0158988	0.011311	0.865216	0.0249946	0.626053	0.00616891
8	A	T	ORF	S	NULL	0	0	0	0	0	0	0	0	0	0	0	0	0	0	0	0	0	0	0	0	0	0	0	0	0	0	0	0	0	0	0	0	0	0	0	0	0	0	0	0	0	0	0	0	0	0	0	0	0	0	0	0	0	0
9	A	T	ORF	S	NULL	0	0	0	0	0	0	0	0	0	0	0	0	0	0	0	0	0	0	0	0	0	0	0	0	0	0	0	0	0	0	0	0	0	0	0	0	0	0	0	0	0	0	0	0	0	0	0	0	0	0	0	0	0	0
10	A	T	ORF	S	NULL	0	0	0	0	0.0001	0.0640152	0.105009	0.0001	0.0001	0.315319	0.0001	0.392945	0.0001	0.0001	0.379955	0.342398	0.0102858	0.0001	0.0290236	0.0476432	0.0001	0.0001	0.0819048	0.332063	0.999025	0.0001	0.0239917	0.276858	0.94801	0.52396	0.0001	0.476081	0.0001	0.0610364	0.0001	0.237547	0.0001	0.0001	0.0979136	0.0001	0.162886	0.0229697	0.286511	0.118924	0.000100009	0.0001	0.0001	0.0001	0.116	0.0001	0.0140594	0.0638823	0.373089	0.193036
11	A	T	ORF	S	NULL	0	0	0	0	0	0	0	0	0	0	0	0	0	0	0	0	0	0	0	0	0	0	0	0	0	0	0	0	0	0	0	0	0	0	0	0	0	0	0	0	0	0	0	0	0	0	0	0	0	0	0	0	0	0
12	A	T	ORF	S	NULL	0	0	0	0	0.178023	0.590174	0.0002	0.274882	0.00913999	0.00429592	0.492275	0.0240039	0.00485821	0.0002	0.44607	0.231823	0.507695	0.0002	0.288441	0.275376	0.517068	0.0002	0.803449	0.191025	0.0002	0.00326111	0.85572	0.107719	0.0002	0.411598	0.0870111	0.225192	0.0002	0.14708	0.787102	0.455206	0.0002	1.00003	0.0510099	0.703034	0.0159481	0.0712763	0.0098253	0.0002	1.00001	0.0002	0.0002	0.199531	0.0807961	0.011411	0.892879	0.145365	0.626153	0.0435696
13	A	T	ORF	S	NULL	0	0	0	0	0.0001	0.0001	0.237924	0.519953	0.0001	0.232923	0.0001	0.273925	0.0001	0.999977	0.0001	0.0098939	0.0001	0.00890091	0.0001	0.0001	0.0001	0.0001	0.0001	0.0001	0.0001	0.0001	0.0001	0.0418984	0.0509052	0.00889039	0.422943	0.0001	0.0001	0.0001	0.0001	0.0001	0.0001	0.0001	0.0001	0.0001	0.255924	0.0001	0.375937	0.0001	0.0001	0.0001	0.0001	0.0579027	0.0001	0.0001	0.0001	0.0001	0.0001	0.0538917
14	A	T	ORF	S	NULL	0	0	0	0	0	0	0	0	0	0	0	0	0	0	0	0	0	0	0	0	0	0	0	0	0	0	0	0	0	0	0	0	0	0	0	0	0	0	0	0	0	0	0	0	0	0	0	0	0	0	0	0	0	0
15	A	T	ORF	S	NULL	0	0	0	0	0	0	0	0	0	0	0	0	0	0	0	0	0	0	0	0	0	0	0	0	0	0	0	0	0	0	0	0	0	0	0	0	0	0	0	0	0	0	0	0	0	0	0	0	0	0	0	0	0	0
16	A	T	ORF	S	NULL	0	0	0	0	0.0001	0.0001	0.0001	0.256937	0.0001	0.00419592	0.0001	0.0239039	0.00475821	0.0001	0.44597	0.0268876	0.487494	0.0001	0.288341	0.242699	0.516968	0.0001	0.299979	0.0001	0.0001	0.00316111	0.413974	0.0001	0.0001	0.00324176	0.0001	0.141035	0.0001	0.14698	0.787002	0.00685129	0.0001	0.0001	0.0001	0.702934	0.0158481	0.0274419	0.0097253	0.0001	0.999909	0.0001	0.0001	0.0172172	0.0158988	0.011311	0.865216	0.0249946	0.626053	0.00616891
17	A	T	ORF	S	NULL	0	0	0	0	0.820973	0.0001	0.276081	0.0001	0.0001	0.0770712	0.0001	0.0178991	0.0001	0.0001	0.0001	0.0001	0.117816	0.0001	0.0001	0.0569221	0.0001	0.0001	0.0001	0.0001	0.0001	0.362125	0.0001	0.0001	0.0001	0.0001	0.0001	0.0509045	0.678961	0.210917	0.104909	0.189674	0.998989	0.0001	0.0001	0.120911	0.0001	0.0001	0.19787	0.0001	0.0001	0.0001	0.0001	0.469129	0.0607797	0.0001	0.0001	0.0001	0.0001	0.0001
18	A	T	ORF	S	NULL	0	0	0	0	0	0	0	0	0	0	0	0	0	0	0	0	0	0	0	0	0	0	0	0	0	0	0	0	0	0	0	0	0	0	0	0	0	0	0	0	0	0	0	0	0	0	0	0	0	0	0	0	0	0
19	A	T	ORF	S	NULL	0	0	0	0	0	0	0	0	0	0	0	0	0	0	0	0	0	0	0	0	0	0	0	0	0	0	0	0	0	0	0	0	0	0	0	0	0	0	0	0	0	0	0	0	0	0	0	0	0	0	0	0	0	0
20	A	T	ORF	S	NULL	0	0	0	0	0.177923	0.590074	0.0001	0.0179445	0.00903999	0.0001	0.492175	0.0001	0.0001	0.0001	0.0001	0.204935	0.0202011	0.0001	0.0001	0.0326766	0.0001	0.0001	0.50347	0.190925	0.0001	0.0001	0.441746	0.107619	0.0001	0.408356	0.0869111	0.0841575	0.0001	0.0001	0.0001	0.448355	0.0001	0.999932	0.0509099	0.0001	0.0001	0.0438344	0.0001	0.0001	0.0001	0.0001	0.0001	0.182314	0.0648972	0.0001	0.027663	0.12037	0.0001	0.0374007
21	A	T	ORF	S	NULL	0	0	0	0	0	0	0	0	0	0	0	0	0	0	0	0	0	0	0	0	0	0	0	0	0	0	0	0	0	0	0	0	0	0	0	0	0	0	0	0	0	0	0	0	0	0	0	0	0	0	0	0	0	0
22	A	T	ORF	S	NULL	0	0	0	0	0.0001	0.0640152	0.105009	0.0001	0.0001	0.315319	0.0001	0.392945	0.0001	0.0001	0.379955	0.342398	0.0102858	0.0001	0.0290236	0.0476432	0.0001	0.0001	0.0819048	0.332063	0.999025	0.0001	0.0239917	0.276858	0.94801	0.52396	0.0001	0.476081	0.0001	0.0610364	0.0001	0.237547	0.0001	0.0001	0.0979136	0.0001	0.162886	0.0229697	0.286511	0.118924	0.000100009	0.0001	0.0001	0.0001	0.116	0.0001	0.0140594	0.0638823	0.373089	0.193036
23	A	T	ORF	S	NULL	0	0	0	0	0.0001	0.0001	0.237924	0.519953	0.0001	0.232923	0.0001	0.273925	0.0001	0.999977	0.0001	0.0098939	0.0001	0.00890091	0.0001	0.0001	0.0001	0.0001	0.0001	0.0001	0.0001	0.0001	0.0001	0.0418984	0.0509052	0.00889039	0.422943	0.0001	0.0001	0.0001	0.0001	0.0001	0.0001	0.0001	0.0001	0.0001	0.255924	0.0001	0.375937	0.0001	0.0001	0.0001	0.0001	0.0579027	0.0001	0.0001	0.0001	0.0001	0.0001	0.0538917
24	A	T	ORF	S	NULL	0	0	0	0	0	0	0	0	0	0	0	0	0	0	0	0	0	0	0	0	0	0	0	0	0	0	0	0	0	0	0	0	0	0	0	0	0	0	0	0	0	0	0	0	0	0	0	0	0	0	0	0	0	0
25	A	T	ORF	S	NULL	0	0	0	0	0	0	0	0	0	0	0	0	0	0	0	0	0	0	0	0	0	0	0	0	0	0	0	0	0	0	0	0	0	0	0	0	0	0	0	0	0	0	0	0	0	0	0	0	0	0	0	0	0	0
26	A	T	ORF	S	NULL	0	0	0	0	0	0	0	0	0	0	0	0	0	0	0	0	0	0	0	0	0	0	0	0	0	0	0	0	0	0	0	0	0	0	0	0	0	0	0	0	0	0	0	0	0	0	0	0	0	0	0	0	0	0
27	A	T	ORF	S	NULL	0	0	0	0	0	0	0	0	0	0	0	0	0	0	0	0	0	0	0	0	0	0	0	0	0	0	0	0	0	0	0	0	0	0	0	0	0	0	0	0	0	0	0	0	0	0	0	0	0	0	0	0	0	0
28	A	T	ORF	S	NULL	0	0	0	0	0	0	0	0	0	0	0	0	0	0	0	0	0	0	0	0	0	0	0	0	0	0	0	0	0	0	0	0	0	0	0	0	0	0	0	0	0	0	0	0	0	0	0	0	0	0	0	0	0	0
29	A	T	ORF	S	NULL	0	0	0	0	0.0001	0.0001	0.0001	0.256937	0.0001	0.00419592	0.0001	0.0239039	0.00475821	0.0001	0.44597	0.0268876	0.487494	0.0001	0.288341	0.242699	0.516968	0.0001	0.299979	0.0001	0.0001	0.00316111	0.413974	0.0001	0.0001	0.00324176	0.0001	0.141035	0.0001	0.14698	0.787002	0.00685129	0.0001	0.0001	0.0001	0.702934	0.0158481	0.0274419	0.0097253	0.0001	0.999909	0.0001	0.0001	0.0172172	0.0158988	0.011311	0.865216	0.0249946	0.626053	0.00616891
30	A	T	ORF	S	NULL	0	0	0	0	0	0	0	0	0	0	0	0	0	0	0	0	0	0	0	0	0	0	0	0	0	0	0	0	0	0	0	0	0	0	0	0	0	0	0	0	0	0	0	0	0	0	0	0	0	0	0	0	0	0
31	A	T	ORF	S	NULL	0	0	0	0	0.0001	0.0001	0.237924	0.519953	0.0001	0.232923	0.0001	0.273925	0.0001	0.999977	0.0001	0.0098939	0.0001	0.00890091	0.0001	0.0001	0.0001	0.0001	0.0001	0.0001	0.0001	0.0001	0.0001	0.0418984	0.0509052	0.00889039	0.422943	0.0001	0.0001	0.0001	0.0001	0.0001	0.0001	0.0001	0.0001	0.0001	0.255924	0.0001	0.375937	0.0001	0.0001	0.0001	0.0001	0.0579027	0.0001	0.0001	0.0001	0.0001	0.0001	0.0538917
32	A	T	ORF	S	NULL	0	0	0	0	0	0	0	0	0	0	0	0	0	0	0	0	0	0	0	0	0	0	0	0	0	0	0	0	0	0	0	0	0	0	0	0	0	0	0	0	0	0	0	0	0	0	0	0	0	0	0	0	0	0
33	A	T	ORF	S	NULL	0	0	0	0	0.820973	0.0001	0.276081	0.0001	0.0001	0.0770712	0.0001	0.0178991	0.0001	0.0001	0.0001	0.0001	0.117816	0.0001	0.0001	0.0569221	0.0001	0.0001	0.0001	0.0001	0.0001	0.362125	0.0001	0.0001	0.0001	0.0001	0.0001	0.0509045	0.678961	0.210917	0.104909	0.189674	0.998989	0.0001	0.0001	0.120911	0.0001	0.0001	0.19787	0.0001	0.0001	0.0001	0.0001	0.469129	0.0607797	0.0001	0.0001	0.0001	0.0001	0.0001
34	A	T	ORF	S	NULL	0	0	0	0	0	0	0	0	0	0	0	0	0	0	0	0	0	0	0	0	0	0	0	0	0	0	0	0	0	0	0	0	0	0	0	0	0	0	0	0	0	0	0	0	0	0	0	0	0	0	0	0	0	0
35	A	T	ORF	S	NULL	0	0	0	0	0	0	0	0	0	0	0	0	0	0	0	0	0	0	0	0	0	0	0	0	0	0	0	0	0	0	0	0	0	0	0	0	0	0	0	0	0	0	0	0	0	0	0	0	0	0	0	0	0	0
36	A	T	ORF	S	NULL	0	0	0	0	0	0	0	0	0	0	0	0	0	0	0	0	0	0	0	0	0	0	0	0	0	0	0	0	0	0	0	0	0	0	0	0	0	0	0	0	0	0	0	0	0	0	0	0	0	0	0	0	0	0
37	A	T	ORF	S	NULL	0	0	0	0	0	0	0	0	0	0	0	0	0	0	0	0	0	0	0	0	0	0	0	0	0	0	0	0	0	0	0	0	0	0	0	0	0	0	0	0	0	0	0	0	0	0	0	0	0	0	0	0	0	0
38	A	T	ORF	S	NULL	0	0	0	0	0	0	0	0	0	0	0	0	0	0	0	0	0	0	0	0	0	0	0	0	0	0	0	0	0	0	0	0	0	0	0	0	0	0	0	0	0	0	0	0	0	0	0	0	0	0	0	0	0	0
39	A	T	ORF	S	NULL	0	0	0	0	0.178023	0.612686	0.0002	0.221885	0.936521	0.0002	0.999351	0.0002	0.000200027	0.0002	0.17302	0.50801	0.114562	0.0002	0.0002	0.211668	0.482063	0.780445	0.615521	0.191025	0.0002	0.000200002	0.474631	0.451818	0.0002	0.42248	0.0870111	0.0842575	0.320042	0.579069	0.106017	0.476874	0.0002	1.00003	0.223904	0.0002	0.242177	0.0886147	0.0002	0.0150323	0.0002	0.00020001	0.0205061	0.182414	0.114965	0.000200001	0.0505027	0.224397	0.0002	0.686234
40	A	T	ORF	S	NULL	0	0	0	0	0.820973	0.0001	0.276081	0.0001	0.0001	0.0770712	0.0001	0.0178991	0.0001	0.0001	0.0001	0.0001	0.117816	0.0001	0.0001	0.0569221	0.0001	0.0001	0.0001	0.0001	0.0001	0.362125	0.0001	0.0001	0.0001	0.0001	0.0001	0.0509045	0.678961	0.210917	0.104909	0.189674	0.998989	0.0001	0.0001	0.120911	0.0001	0.0001	0.19787	0.0001	0.0001	0.0001	0.0001	0.469129	0.0607797	0.0001	0.0001	0.0001	0.0001	0.0001
41	A	T	ORF	S	NULL	0	0	0	0	0	0	0	0	0	0	0	0	0	0	0	0	0	0	0	0	0	0	0	0	0	0	0	0	0	0	0	0	0	0	0	0	0	0	0	0	0	0	0	0	0	0	0	0	0	0	0	0	0	0
42	A	T	ORF	S	NULL	0	0	0	0	0	0	0	0	0	0	0	0	0	0	0	0	0	0	0	0	0	0	0	0	0	0	0	0	0	0	0	0	0	0	0	0	0	0	0	0	0	0	0	0	0	0	0	0	0	0	0	0	0	0
43	A	T	ORF	S	NULL	0	0	0	0	0	0	0	0	0	0	0	0	0	0	0	0	0	0	0	0	0	0	0	0	0	0	0	0	0	0	0	0	0	0	0	0	0	0	0	0	0	0	0	0	0	0	0	0	0	0	0	0	0	0
44	A	T	ORF	S	NULL	0	0	0	0	0	0	0	0	0	0	0	0	0	0	0	0	0	0	0	0	0	0	0	0	0	0	0	0	0	0	0	0	0	0	0	0	0	0	0	0	0	0	0	0	0	0	0	0	0	0	0	0	0	0
45	A	T	ORF	S	NULL	0	0	0	0	0.821073	0.132246	0.475331	0.0002	0.0002	0.101251	0.0002	0.0179991	0.898106	0.0002	0.0002	0.0135482	0.133254	0.000200001	0.0488622	0.111816	0.0002	0.219181	0.0002	0.475294	0.0002	0.949249	0.022394	0.137497	0.0002	0.00984904	0.488053	0.0510045	0.679061	0.211017	0.105009	0.21083	0.999089	0.0002	0.0002	0.121011	0.0825234	0.0360502	0.198105	0.86513	0.0002	0.771092	0.0261023	0.497184	0.591254	0.285032	0.0206537	0.462194	0.0002	0.0002
46	A	T	ORF	S	NULL	0	0	0	0	0.0001	0.0001	0.0001	0.256937	0.0001	0.00419592	0.0001	0.0239039	0.00475821	0.0001	0.44597	0.0268876	0.487494	0.0001	0.288341	0.242699	0.516968	0.0001	0.299979	0.0001	0.0001	0.00316111	0.413974	0.0001	0.0001	0.00324176	0.0001	0.141035	0.0001	0.14698	0.787002	0.00685129	0.0001	0.0001	0.0001	0.702934	0.0158481	0.0274419	0.0097253	0.0001	0.999909	0.0001	0.0001	0.0172172	0.0158988	0.011311	0.865216	0.0249946	0.626053	0.00616891
47	A	T	ORF	S	NULL	0	0	0	0	0.0002	0.0641152	0.105109	0.257037	0.0002	0.319515	0.0002	0.416848	0.00485821	0.0002	0.825925	0.369286	0.49778	0.0002	0.317365	0.290342	0.517068	0.0002	0.381884	0.332163	0.999125	0.00326111	0.437966	0.276958	0.94811	0.527202	0.0002	0.617116	0.0002	0.208016	0.787102	0.244399	0.0002	0.0002	0.0980136	0.703034	0.178734	0.0504115	0.296236	0.119024	1.00001	0.0002	0.0002	0.0173172	0.131899	0.011411	0.879275	0.0888769	0.999142	0.199205
48	A	T	ORF	S	NULL	0	0	0	0	0.0001	0.0001	0.0001	0.256937	0.0001	0.00419592	0.0001	0.0239039	0.00475821	0.0001	0.44597	0.0268876	0.487494	0.0001	0.288341	0.242699	0.516968	0.0001	0.299979	0.0001	0.0001	0.00316111	0.413974	0.0001	0.0001	0.00324176	0.0001	0.141035	0.0001	0.14698	0.787002	0.00685129	0.0001	0.0001	0.0001	0.702934	0.0158481	0.0274419	0.0097253	0.0001	0.999909	0.0001	0.0001	0.0172172	0.0158988	0.011311	0.865216	0.0249946	0.626053	0.00616891
49	A	T	ORF	S	NULL	0	0	0	0	0	0	0	0	0	0	0	0	0	0	0	0	0	0	0	0	0	0	0	0	0	0	0	0	0	0	0	0	0	0	0	0	0	0	0	0	0	0	0	0	0	0	0	0	0	0	0	0	0	0
50	A	T	ORF	S	NULL	0	0	0	0	0	0	0	0	0	0	0	0	0	0	0	0	0	0	0	0	0	0	0	0	0	0	0	0	0	0	0	0	0	0	0	0	0	0	0	0	0	0	0	0	0	0	0	0	0	0	0	0	0	0
51	A	T	ORF	S	NULL	0	0	0	0	0	0	0	0	0	0	0	0	0	0	0	0	0	0	0	0	0	0	0	0	0	0	0	0	0	0	0	0	0	0	0	0	0	0	0	0	0	0	0	0	0	0	0	0	0	0	0	0	0	0
52	A	T	ORF	S	NULL	0	0	0	0	0.0001	0.189011	0.178914	0.0001	0.0621286	0.278921	0.0001	0.0001	0.0269013	0.0001	0.0001	0.0776428	0.209569	0.989969	0.353885	0.0049033	0.0001	0.0001	0.0001	0.0001	0.0001	0.0001	0.0001	0.0001	0.0001	0.0001	0.0001	0.244912	0.0001	0.0001	0.0001	0.0001	0.0001	0.0001	0.676963	0.0001	0.0001	0.506722	0.0001	0.0001	0.0001	0.227911	0.952115	0.0001	0.0001	0.519936	0.0001	0.0001	0.0001	0.0001
53	A	T	ORF	S	NULL	0	0	0	0	0	0	0	0	0	0	0	0	0	0	0	0	0	0	0	0	0	0	0	0	0	0	0	0	0	0	0	0	0	0	0	0	0	0	0	0	0	0	0	0	0	0	0	0	0	0	0	0	0	0
54	A	T	ORF	S	NULL	0	0	0	0	0	0	0	0	0	0	0	0	0	0	0	0	0	0	0	0	0	0	0	0	0	0	0	0	0	0	0	0	0	0	0	0	0	0	0	0	0	0	0	0	0	0	0	0	0	0	0	0	0	0
55	A	T	ORF	S	NULL	0	0	0	0	0.0001	0.0640152	0.105009	0.0001	0.0001	0.315319	0.0001	0.392945	0.0001	0.0001	0.379955	0.342398	0.0102858	0.0001	0.0290236	0.0476432	0.0001	0.0001	0.0819048	0.332063	0.999025	0.0001	0.0239917	0.276858	0.94801	0.52396	0.0001	0.476081	0.0001	0.0610364	0.0001	0.237547	0.0001	0.0001	0.0979136	0.0001	0.162886	0.0229697	0.286511	0.118924	0.000100009	0.0001	0.0001	0.0001	0.116	0.0001	0.0140594	0.0638823	0.373089	0.193036
56	A	T	ORF	S	NULL	0	0	0	0	0.0001	0.189011	0.178914	0.0001	0.0621286	0.278921	0.0001	0.0001	0.0269013	0.0001	0.0001	0.0776428	0.209569	0.989969	0.353885	0.0049033	0.0001	0.0001	0.0001	0.0001	0.0001	0.0001	0.0001	0.0001	0.0001	0.0001	0.0001	0.244912	0.0001	0.0001	0.0001	0.0001	0.0001	0.0001	0.676963	0.0001	0.0001	0.506722	0.0001	0.0001	0.0001	0.227911	0.952115	0.0001	0.0001	0.519936	0.0001	0.0001	0.0001	0.0001
57	A	T	ORF	S	NULL	0	0	0	0	0	0	0	0	0	0	0	0	0	0	0	0	0	0	0	0	0	0	0	0	0	0	0	0	0	0	0	0	0	0	0	0	0	0	0	0	0	0	0	0	0	0	0	0	0	0	0	0	0	0
58	A	T	ORF	S	NULL	0	0	0	0	0.0001	0.0640152	0.105009	0.0001	0.0001	0.315319	0.0001	0.392945	0.0001	0.0001	0.379955	0.342398	0.0102858	0.0001	0.0290236	0.0476432	0.0001	0.0001	0.0819048	0.332063	0.999025	0.0001	0.0239917	0.276858	0.94801	0.52396	0.0001	0.476081	0.0001	0.0610364	0.0001	0.237547	0.0001	0.0001	0.0979136	0.0001	0.162886	0.0229697	0.286511	0.118924	0.000100009	0.0001	0.0001	0.0001	0.116	0.0001	0.0140594	0.0638823	0.373089	0.193036
59	A	T	ORF	S	NULL	0	0	0	0	0.820973	0.0001	0.276081	0.0001	0.0001	0.0770712	0.0001	0.0178991	0.0001	0.0001	0.0001	0.0001	0.117816	0.0001	0.0001	0.0569221	0.0001	0.0001	0.0001	0.0001	0.0001	0.362125	0.0001	0.0001	0.0001	0.0001	0.0001	0.0509045	0.678961	0.210917	0.104909	0.189674	0.998989	0.0001	0.0001	0.120911	0.0001	0.0001	0.19787	0.0001	0.0001	0.0001	0.0001	0.469129	0.0607797	0.0001	0.0001	0.0001	0.0001	0.0001
60	A	T	ORF	S	NULL	0	0	0	0	0	0	0	0	0	0	0	0	0	0	0	0	0	0	0	0	0	0	0	0	0	0	0	0	0	0	0	0	0	0	0	0	0	0	0	0	0	0	0	0	0	0	0	0	0	0	0	0	0	0
61	A	T	ORF	S	NULL	0	0	0	0	0	0	0	0	0	0	0	0	0	0	0	0	0	0	0	0	0	0	0	0	0	0	0	0	0	0	0	0	0	0	0	0	0	0	0	0	0	0	0	0	0	0	0	0	0	0	0	0	0	0
62	A	T	ORF	S	NULL	0	0	0	0	0.0001	0.0001	0.0001	0.256937	0.0001	0.00419592	0.0001	0.0239039	0.00475821	0.0001	0.44597	0.0268876	0.487494	0.0001	0.288341	0.242699	0.516968	0.0001	0.299979	0.0001	0.0001	0.00316111	0.413974	0.0001	0.0001	0.00324176	0.0001	0.141035	0.0001	0.14698	0.787002	0.00685129	0.0001	0.0001	0.0001	0.702934	0.0158481	0.0274419	0.0097253	0.0001	0.999909	0.0001	0.0001	0.0172172	0.0158988	0.011311	0.865216	0.0249946	0.626053	0.00616891
63	A	T	ORF	S	NULL	0	0	0	0	0	0	0	0	0	0	0	0	0	0	0	0	0	0	0	0	0	0	0	0	0	0	0	0	0	0	0	0	0	0	0	0	0	0	0	0	0	0	0	0	0	0	0	0	0	0	0	0	0	0
64	A	T	ORF	S	NULL	0	0	0	0	0	0	0	0	0	0	0	0	0	0	0	0	0	0	0	0	0	0	0	0	0	0	0	0	0	0	0	0	0	0	0	0	0	0	0	0	0	0	0	0	0	0	0	0	0	0	0	0	0	0
65	A	T	ORF	S	NULL	0	0	0	0	0.0001	0.0001	0.0001	0.256937	0.0001	0.00419592	0.0001	0.0239039	0.00475821	0.0001	0.44597	0.0268876	0.487494	0.0001	0.288341	0.242699	0.516968	0.0001	0.299979	0.0001	0.0001	0.00316111	0.413974	0.0001	0.0001	0.00324176	0.0001	0.141035	0.0001	0.14698	0.787002	0.00685129	0.0001	0.0001	0.0001	0.702934	0.0158481	0.0274419	0.0097253	0.0001	0.999909	0.0001	0.0001	0.0172172	0.0158988	0.011311	0.865216	0.0249946	0.626053	0.00616891
66	A	T	ORF	S	NULL	0	0	0	0	0.0001	0.0226121	0.0001	0.20394	0.927481	0.0001	0.507177	0.0001	0.000100027	0.0001	0.17292	0.303075	0.0943606	0.0001	0.0001	0.178991	0.481963	0.780345	0.112051	0.0001	0.0001	0.000100002	0.0328857	0.344199	0.0001	0.0141235	0.0001	0.0001	0.319942	0.578969	0.105917	0.028519	0.0001	0.0001	0.172994	0.0001	0.242077	0.0447803	0.0001	0.0149323	0.0001	0.00010001	0.0204061	0.0001	0.0500674	0.000100001	0.0228397	0.104027	0.0001	0.648833
67	A	T	ORF	S	NULL	0	0	0	0	0	0	0	0	0	0	0	0	0	0	0	0	0	0	0	0	0	0	0	0	0	0	0	0	0	0	0	0	0	0	0	0	0	0	0	0	0	0	0	0	0	0	0	0	0	0	0	0	0	0
68	A	T	ORF	S	NULL	0	0	0	0	0.0001	0.132146	0.19925	0.0001	0.0001	0.0241793	0.0001	0.0001	0.898006	0.0001	0.0001	0.0134482	0.0154382	0.000100001	0.0487622	0.0548937	0.0001	0.219081	0.0001	0.475194	0.0001	0.587124	0.022294	0.137397	0.0001	0.00974904	0.487953	0.0001	0.0001	0.0001	0.0001	0.0211556	0.0001	0.0001	0.0001	0.0001	0.0824234	0.0359502	0.000235087	0.86503	0.0001	0.770992	0.0260023	0.0280554	0.530474	0.284932	0.0205537	0.462094	0.0001	0.0001
69	A	T	ORF	S	NULL	0	0	0	0	0.0002	0.154758	0.19935	0.20404	0.927581	0.0242793	0.507277	0.0002	0.898106	0.0002	0.17302	0.316523	0.109799	0.000200001	0.0488622	0.233885	0.482063	0.999426	0.112151	0.475294	0.0002	0.587224	0.0551798	0.481596	0.0002	0.0238726	0.488053	0.0002	0.320042	0.579069	0.106017	0.0496746	0.0002	0.0002	0.173094	0.0002	0.3245	0.0807305	0.000335087	0.879963	0.0002	0.771092	0.0464084	0.0281554	0.580542	0.285032	0.0433933	0.566121	0.0002	0.648933
70	A	T	ORF	S	NULL	0	0	0	0	0.0001	0.0001	0.0001	0.256937	0.0001	0.00419592	0.0001	0.0239039	0.00475821	0.0001	0.44597	0.0268876	0.487494	0.0001	0.288341	0.242699	0.516968	0.0001	0.299979	0.0001	0.0001	0.00316111	0.413974	0.0001	0.0001	0.00324176	0.0001	0.141035	0.0001	0.14698	0.787002	0.00685129	0.0001	0.0001	0.0001	0.702934	0.0158481	0.0274419	0.0097253	0.0001	0.999909	0.0001	0.0001	0.0172172	0.0158988	0.011311	0.865216	0.0249946	0.626053	0.00616891
71	A	T	ORF	S	NULL	0	0	0	0	0	0	0	0	0	0	0	0	0	0	0	0	0	0	0	0	0	0	0	0	0	0	0	0	0	0	0	0	0	0	0	0	0	0	0	0	0	0	0	0	0	0	0	0	0	0	0	0	0	0
72	A	T	ORF	S	NULL	0	0	0	0	0	0	0	0	0	0	0	0	0	0	0	0	0	0	0	0	0	0	0	0	0	0	0	0	0	0	0	0	0	0	0	0	0	0	0	0	0	0	0	0	0	0	0	0	0	0	0	0	0	0
73	A	T	ORF	S	NULL	0	0	0	0	0.177923	0.590074	0.0001	0.0179445	0.00903999	0.0001	0.492175	0.0001	0.0001	0.0001	0.0001	0.204935	0.0202011	0.0001	0.0001	0.0326766	0.0001	0.0001	0.50347	0.190925	0.0001	0.0001	0.441746	0.107619	0.0001	0.408356	0.0869111	0.0841575	0.0001	0.0001	0.0001	0.448355	0.0001	0.999932	0.0509099	0.0001	0.0001	0.0438344	0.0001	0.0001	0.0001	0.0001	0.0001	0.182314	0.0648972	0.0001	0.027663	0.12037	0.0001	0.0374007
74	A	T	ORF	S	NULL	0	0	0	0	0	0	0	0	0	0	0	0	0	0	0	0	0	0	0	0	0	0	0	0	0	0	0	0	0	0	0	0	0	0	0	0	0	0	0	0	0	0	0	0	0	0	0	0	0	0	0	0	0	0
75	A	T	ORF	S	NULL	0	0	0	0	0	0	0	0	0	0	0	0	0	0	0	0	0	0	0	0	0	0	0	0	0	0	0	0	0	0	0	0	0	0	0	0	0	0	0	0	0	0	0	0	0	0	0	0	0	0	0	0	0	0
76	A	T	ORF	S	NULL	0	0	0	0	0	0	0	0	0	0	0	0	0	0	0	0	0	0	0	0	0	0	0	0	0	0	0	0	0	0	0	0	0	0	0	0	0	0	0	0	0	0	0	0	0	0	0	0	0	0	0	0	0	0
77	A	T	ORF	S	NULL	0	0	0	0	0	0	0	0	0	0	0	0	0	0	0	0	0	0	0	0	0	0	0	0	0	0	0	0	0	0	0	0	0	0	0	0	0	0	0	0	0	0	0	0	0	0	0	0	0	0	0	0	0	0
78	A	T	ORF	S	NULL	0	0	0	0	0.0001	0.0001	0.0001	0.256937	0.0001	0.00419592	0.0001	0.0239039	0.00475821	0.0001	0.44597	0.0268876	0.487494	0.0001	0.288341	0.242699	0.516968	0.0001	0.299979	0.0001	0.0001	0.00316111	0.413974	0.0001	0.0001	0.00324176	0.0001	0.141035	0.0001	0.14698	0.787002	0.00685129	0.0001	0.0001	0.0001	0.702934	0.0158481	0.0274419	0.0097253	0.0001	0.999909	0.0001	0.0001	0.0172172	0.0158988	0.011311	0.865216	0.0249946	0.626053	0.00616891
79	A	T	ORF	S	NULL	0	0	0	0	0	0	0	0	0	0	0	0	0	0	0	0	0	0	0	0	0	0	0	0	0	0	0	0	0	0	0	0	0	0	0	0	0	0	0	0	0	0	0	0	0	0	0	0	0	0	0	0	0	0
80	A	T	ORF	S	NULL	0	0	0	0	0.0001	0.0001	0.0001	0.256937	0.0001	0.00419592	0.0001	0.0239039	0.00475821	0.0001	0.44597	0.0268876	0.487494	0.0001	0.288341	0.242699	0.516968	0.0001	0.299979	0.0001	0.0001	0.00316111	0.413974	0.0001	0.0001	0.00324176	0.0001	0.141035	0.0001	0.14698	0.787002	0.00685129	0.0001	0.0001	0.0001	0.702934	0.0158481	0.0274419	0.0097253	0.0001	0.999909	0.0001	0.0001	0.0172172	0.0158988	0.011311	0.865216	0.0249946	0.626053	0.00616891
81	A	T	ORF	S	NULL	0	0	0	0	0.0001	0.189011	0.178914	0.0001	0.0621286	0.278921	0.0001	0.0001	0.0269013	0.0001	0.0001	0.0776428	0.209569	0.989969	0.353885	0.0049033	0.0001	0.0001	0.0001	0.0001	0.0001	0.0001	0.0001	0.0001	0.0001	0.0001	0.0001	0.244912	0.0001	0.0001	0.0001	0.0001	0.0001	0.0001	0.676963	0.0001	0.0001	0.506722	0.0001	0.0001	0.0001	0.227911	0.952115	0.0001	0.0001	0.519936	0.0001	0.0001	0.0001	0.0001
82	A	T	ORF	S	NULL	0	0	0	0	0.0001	0.0640152	0.105009	0.0001	0.0001	0.315319	0.0001	0.392945	0.0001	0.0001	0.379955	0.342398	0.0102858	0.0001	0.0290236	0.0476432	0.0001	0.0001	0.0819048	0.332063	0.999025	0.0001	0.0239917	0.276858	0.94801	0.52396	0.0001	0.476081	0.0001	0.0610364	0.0001	0.237547	0.0001	0.0001	0.0979136	0.0001	0.162886	0.0229697	0.286511	0.118924	0.000100009	0.0001	0.0001	0.0001	0.116	0.0001	0.0140594	0.0638823	0.373089	0.193036
83	A	T	ORF	S	NULL	0	0	0	0	0.0001	0.0001	0.237924	0.519953	0.0001	0.232923	0.0001	0.273925	0.0001	0.999977	0.0001	0.0098939	0.0001	0.00890091	0.0001	0.0001	0.0001	0.0001	0.0001	0.0001	0.0001	0.0001	0.0001	0.0418984	0.0509052	0.00889039	0.422943	0.0001	0.0001	0.0001	0.0001	0.0001	0.0001	0.0001	0.0001	0.0001	0.255924	0.0001	0.375937	0.0001	0.0001	0.0001	0.0001	0.0579027	0.0001	0.0001	0.0001	0.0001	0.0001	0.0538917
84	A	T	ORF	S	NULL	0	0	0	0	0.0001	0.0001	0.0001	0.256937	0.0001	0.00419592	0.0001	0.0239039	0.00475821	0.0001	0.44597	0.0268876	0.487494	0.0001	0.288341	0.242699	0.516968	0.0001	0.299979	0.0001	0.0001	0.00316111	0.413974	0.0001	0.0001	0.00324176	0.0001	0.141035	0.0001	0.14698	0.787002	0.00685129	0.0001	0.0001	0.0001	0.702934	0.0158481	0.0274419	0.0097253	0.0001	0.999909	0.0001	0.0001	0.0172172	0.0158988	0.011311	0.865216	0.0249946	0.626053	0.00616891
85	A	T	ORF	S	NULL	0	0	0	0	0	0	0	0	0	0	0	0	0	0	0	0	0	0	0	0	0	0	0	0	0	0	0	0	0	0	0	0	0	0	0	0	0	0	0	0	0	0	0	0	0	0	0	0	0	0	0	0	0	0
86	A	T	ORF	S	NULL	0	0	0	0	0	0	0	0	0	0	0	0	0	0	0	0	0	0	0	0	0	0	0	0	0	0	0	0	0	0	0	0	0	0	0	0	0	0	0	0	0	0	0	0	0	0	0	0	0	0	0	0	0	0
87	A	T	ORF	S	NULL	0	0	0	0	0	0	0	0	0	0	0	0	0	0	0	0	0	0	0	0	0	0	0	0	0	0	0	0	0	0	0	0	0	0	0	0	0	0	0	0	0	0	0	0	0	0	0	0	0	0	0	0	0	0
88	A	T	ORF	S	NULL	0	0	0	0	0.0002	0.211623	0.179014	0.20404	0.98961	0.279021	0.507277	0.0002	0.0270013	0.0002	0.17302	0.380718	0.30393	0.990069	0.353985	0.183895	0.482063	0.780445	0.112151	0.0002	0.0002	0.000200002	0.0329857	0.344299	0.0002	0.0142235	0.0002	0.245012	0.320042	0.579069	0.106017	0.028619	0.0002	0.0002	0.849957	0.0002	0.242177	0.551503	0.0002	0.0150323	0.0002	0.228011	0.972522	0.0002	0.0501674	0.520036	0.0229397	0.104127	0.0002	0.648933
89	A	T	ORF	S	NULL	0	0	0	0	0.0001	0.0640152	0.105009	0.0001	0.0001	0.315319	0.0001	0.392945	0.0001	0.0001	0.379955	0.342398	0.0102858	0.0001	0.0290236	0.0476432	0.0001	0.0001	0.0819048	0.332063	0.999025	0.0001	0.0239917	0.276858	0.94801	0.52396	0.0001	0.476081	0.0001	0.0610364	0.0001	0.237547	0.0001	0.0001	0.0979136	0.0001	0.162886	0.0229697	0.286511	0.118924	0.000100009	0.0001	0.0001	0.0001	0.116	0.0001	0.0140594	0.0638823	0.373089	0.193036
90	A	T	ORF	S	NULL	0	0	0	0	0.0001	0.0001	0.0001	0.256937	0.0001	0.00419592	0.0001	0.0239039	0.00475821	0.0001	0.44597	0.0268876	0.487494	0.0001	0.288341	0.242699	0.516968	0.0001	0.299979	0.0001	0.0001	0.00316111	0.413974	0.0001	0.0001	0.00324176	0.0001	0.141035	0.0001	0.14698	0.787002	0.00685129	0.0001	0.0001	0.0001	0.702934	0.0158481	0.0274419	0.0097253	0.0001	0.999909	0.0001	0.0001	0.0172172	0.0158988	0.011311	0.865216	0.0249946	0.626053	0.00616891
91	A	T	ORF	S	NULL	0	0	0	0	0.0002	0.196161	0.30426	0.0002	0.0002	0.339498	0.0002	0.393045	0.898106	0.0002	0.380055	0.355846	0.025724	0.000200001	0.0777857	0.102537	0.0002	0.219181	0.0820048	0.807257	0.999125	0.587224	0.0462857	0.414254	0.94811	0.533709	0.488053	0.476181	0.0002	0.0611364	0.0002	0.258703	0.0002	0.0002	0.0980136	0.0002	0.245309	0.0589199	0.286746	0.983954	0.000200009	0.771092	0.0261023	0.0281554	0.646474	0.285032	0.0346131	0.525976	0.373189	0.193136
92	A	T	ORF	S	NULL	0	0	0	0	0.0001	0.0001	0.0001	0.256937	0.0001	0.00419592	0.0001	0.0239039	0.00475821	0.0001	0.44597	0.0268876	0.487494	0.0001	0.288341	0.242699	0.516968	0.0001	0.299979	0.0001	0.0001	0.00316111	0.413974	0.0001	0.0001	0.00324176	0.0001	0.141035	0.0001	0.14698	0.787002	0.00685129	0.0001	0.0001	0.0001	0.702934	0.0158481	0.0274419	0.0097253	0.0001	0.999909	0.0001	0.0001	0.0172172	0.0158988	0.011311	0.865216	0.0249946	0.626053	0.00616891
93	A	T	ORF	S	NULL	0	0	0	0	0.0001	0.132146	0.19925	0.0001	0.0001	0.0241793	0.0001	0.0001	0.898006	0.0001	0.0001	0.0134482	0.0154382	0.000100001	0.0487622	0.0548937	0.0001	0.219081	0.0001	0.475194	0.0001	0.587124	0.022294	0.137397	0.0001	0.00974904	0.487953	0.0001	0.0001	0.0001	0.0001	0.0211556	0.0001	0.0001	0.0001	0.0001	0.0824234	0.0359502	0.000235087	0.86503	0.0001	0.770992	0.0260023	0.0280554	0.530474	0.284932	0.0205537	0.462094	0.0001	0.0001
94	A	T	ORF	S	NULL	0	0	0	0	0	0	0	0	0	0	0	0	0	0	0	0	0	0	0	0	0	0	0	0	0	0	0	0	0	0	0	0	0	0	0	0	0	0	0	0	0	0	0	0	0	0	0	0	0	0	0	0	0	0
95	A	T	ORF	S	NULL	0	0	0	0	0	0	0	0	0	0	0	0	0	0	0	0	0	0	0	0	0	0	0	0	0	0	0	0	0	0	0	0	0	0	0	0	0	0	0	0	0	0	0	0	0	0	0	0	0	0	0	0	0	0
96	A	T	ORF	S	NULL	0	0	0	0	0	0	0	0	0	0	0	0	0	0	0	0	0	0	0	0	0	0	0	0	0	0	0	0	0	0	0	0	0	0	0	0	0	0	0	0	0	0	0	0	0	0	0	0	0	0	0	0	0	0
97	A	T	ORF	S	NULL	0	0	0	0	0	0	0	0	0	0	0	0	0	0	0	0	0	0	0	0	0	0	0	0	0	0	0	0	0	0	0	0	0	0	0	0	0	0	0	0	0	0	0	0	0	0	0	0	0	0	0	0	0	0
98	A	T	ORF	S	NULL	0	0	0	0	0	0	0	0	0	0	0	0	0	0	0	0	0	0	0	0	0	0	0	0	0	0	0	0	0	0	0	0	0	0	0	0	0	0	0	0	0	0	0	0	0	0	0	0	0	0	0	0	0	0
99	A	T	ORF	S	NULL	0	0	0	0	0.0001	0.0001	0.0001	0.256937	0.0001	0.00419592	0.0001	0.0239039	0.00475821	0.0001	0.44597	0.0268876	0.487494	0.0001	0.288341	0.242699	0.516968	0.0001	0.299979	0.0001	0.0001	0.00316111	0.413974	0.0001	0.0001	0.00324176	0.0001	0.141035	0.0001	0.14698	0.787002	0.00685129	0.0001	0.0001	0.0001	0.702934	0.0158481	0.0274419	0.0097253	0.0001	0.999909	0.0001	0.0001	0.0172172	0.0158988	0.011311	0.865216	0.0249946	0.626053	0.00616891
100	A	T	ORF	S	NULL	0	0	0	0	0	0	0	0	0	0	0	0	0	0	0	0	0	0	0	0	0	0	0	0	0	0	0	0	0	0	0	0	0	0	0	0	0	0	0	0	0	0	0	0	0	0	0	0	0	0	0	0	0	0
