pos	ref	alt	gene	N/S	AA	nSRAsubclonal	nSRAclonal	nSRA	nConsensus	sample0|Earth	sample1|Earth	sample2|Earth	sample3|Earth	sample4|Earth	sample5|Earth	sample6|Earth	sample7|Earth	sample8|Earth	sample9|Earth	sample10|Earth	sample11|Earth	sample12|Earth	sample13|Earth	sample14|Earth	sample15|Earth	sample16|Earth	sample17|Earth	sample18|Earth	sample19|Earth	sample20|Earth	sample21|Earth	sample22|Earth	sample23|Earth	sample24|Earth	sample25|Earth	sample26|Earth	sample27|Earth	sample28|Earth	sample29|Earth	sample30|Earth	sample31|Earth	sample32|Earth	sample33|Earth	sample34|Earth	sample35|Earth	sample36|Earth	sample37|Earth	sample38|Earth	sample39|Earth	sample40|Earth	sample41|Earth	sample42|Earth	sample43|Earth	sample44|Earth	sample45|Earth	sample46|Earth	sample47|Earth	sample48|Earth	sample49|Earth
1	A	T	ORF	S	NULL	0	0	0	0	0	0	0	0	0	0	0	0	0	0	0	0	0	0	0	0	0	0	0	0	0	0	0	0	0	0	0	0	0	0	0	0	0	0	0	0	0	0	0	0	0	0	0	0	0	0	0	0	0	0
2	A	T	ORF	S	NULL	0	0	0	0	0	0	0	0	0	0	0	0	0	0	0	0	0	0	0	0	0	0	0	0	0	0	0	0	0	0	0	0	0	0	0	0	0	0	0	0	0	0	0	0	0	0	0	0	0	0	0	0	0	0
3	A	T	ORF	S	NULL	0	0	0	0	0.0574016	0.231305	0.116696	0.499336	0.179704	0.0001	0.606554	0.000475826	0.0152721	0.000271544	0.000191062	0.000272926	0.0001	0.0367656	0.000274587	0.958394	0.000277099	0.0804881	0.0001	0.000194269	0.999992	0.00047734	0.372322	0.0266852	0.0001	0.000274772	0.815376	0.000270932	0.000271664	0.501336	0.895387	0.000271387	0.137577	0.695362	0.0862873	0.000195021	0.25351	0.000270796	0.000273509	0.022684	0.304801	0.140496	0.209298	0.000476341	0.653355	0.999399	0.493823	0.000275134	0.000270293	0.999399
4	A	T	ORF	S	NULL	0	0	0	0	0.0574016	0.231305	0.116696	0.499336	0.179704	0.0001	0.606554	0.000475826	0.0152721	0.000271544	0.000191062	0.000272926	0.0001	0.0367656	0.000274587	0.958394	0.000277099	0.0804881	0.0001	0.000194269	0.999992	0.00047734	0.372322	0.0266852	0.0001	0.000274772	0.815376	0.000270932	0.000271664	0.501336	0.895387	0.000271387	0.137577	0.695362	0.0862873	0.000195021	0.25351	0.000270796	0.000273509	0.022684	0.304801	0.140496	0.209298	0.000476341	0.653355	0.999399	0.493823	0.000275134	0.000270293	0.999399
5	A	T	ORF	S	NULL	0	0	0	0	0	0	0	0	0	0	0	0	0	0	0	0	0	0	0	0	0	0	0	0	0	0	0	0	0	0	0	0	0	0	0	0	0	0	0	0	0	0	0	0	0	0	0	0	0	0	0	0	0	0
6	A	T	ORF	S	NULL	0	0	0	0	0.295612	0.000149063	0.157756	0.000148411	0.244768	0.0001	0.289481	0.0484475	0.000147242	0.000147552	0.998406	0.284184	0.0001	0.00560462	0.528214	0.000149896	0.000148792	0.21147	0.999978	0.254312	0.000100002	0.558513	0.0911604	0.170758	0.0001	0.000145718	0.184172	0.000147281	0.56922	0.498212	0.000149822	0.448204	0.15933	0.000149735	0.000147775	0.0762894	0.318484	0.205173	0.000147576	0.00373726	0.256638	0.0574505	0.308187	0.785542	0.000148848	0.000149726	0.173628	0.000145568	0.000147228	0.000149726
7	A	T	ORF	S	NULL	0	0	0	0	0	0	0	0	0	0	0	0	0	0	0	0	0	0	0	0	0	0	0	0	0	0	0	0	0	0	0	0	0	0	0	0	0	0	0	0	0	0	0	0	0	0	0	0	0	0	0	0	0	0
8	A	T	ORF	S	NULL	0	0	0	0	0.15732	0.000127053	0.556534	0.150143	0.268498	0.0001	0.000211602	0.326418	0.000123221	0.13714	0.001214	0.000124806	0.0001	0.433594	0.408176	0.000125858	0.000127421	0.052218	0.0001	0.0001	0.000100002	0.136228	0.000126619	0.60054	0.999986	0.776222	0.000125519	0.0841331	0.000123972	0.00012508	0.000125966	0.000123807	0.432342	0.0591327	0.396176	0.0001	0.00021209	0.000123539	0.239154	0.301502	0.192565	0.0343825	0.000124201	0.0543837	0.000124804	0.000125644	0.0725489	0.842231	0.000123138	0.000125644
9	A	T	ORF	S	NULL	0	0	0	0	0	0	0	0	0	0	0	0	0	0	0	0	0	0	0	0	0	0	0	0	0	0	0	0	0	0	0	0	0	0	0	0	0	0	0	0	0	0	0	0	0	0	0	0	0	0	0	0	0	0
10	A	T	ORF	S	NULL	0	0	0	0	0	0	0	0	0	0	0	0	0	0	0	0	0	0	0	0	0	0	0	0	0	0	0	0	0	0	0	0	0	0	0	0	0	0	0	0	0	0	0	0	0	0	0	0	0	0	0	0	0	0
11	A	T	ORF	S	NULL	0	0	0	0	0	0	0	0	0	0	0	0	0	0	0	0	0	0	0	0	0	0	0	0	0	0	0	0	0	0	0	0	0	0	0	0	0	0	0	0	0	0	0	0	0	0	0	0	0	0	0	0	0	0
12	A	T	ORF	S	NULL	0	0	0	0	0	0	0	0	0	0	0	0	0	0	0	0	0	0	0	0	0	0	0	0	0	0	0	0	0	0	0	0	0	0	0	0	0	0	0	0	0	0	0	0	0	0	0	0	0	0	0	0	0	0
13	A	T	ORF	S	NULL	0	0	0	0	0.295612	0.000149063	0.157756	0.000148411	0.244768	0.0001	0.289481	0.0484475	0.000147242	0.000147552	0.998406	0.284184	0.0001	0.00560462	0.528214	0.000149896	0.000148792	0.21147	0.999978	0.254312	0.000100002	0.558513	0.0911604	0.170758	0.0001	0.000145718	0.184172	0.000147281	0.56922	0.498212	0.000149822	0.448204	0.15933	0.000149735	0.000147775	0.0762894	0.318484	0.205173	0.000147576	0.00373726	0.256638	0.0574505	0.308187	0.785542	0.000148848	0.000149726	0.173628	0.000145568	0.000147228	0.000149726
14	A	T	ORF	S	NULL	0	0	0	0	0	0	0	0	0	0	0	0	0	0	0	0	0	0	0	0	0	0	0	0	0	0	0	0	0	0	0	0	0	0	0	0	0	0	0	0	0	0	0	0	0	0	0	0	0	0	0	0	0	0
15	A	T	ORF	S	NULL	0	0	0	0	0.482363	0.000201481	0.111541	0.350248	0.146545	0.0001	0.00036243	0.624448	0.984334	0.856317	0.000133306	0.459263	0.0001	0.523662	0.000199946	0.000200159	0.000201896	0.205391	0.0001	0.000135846	0.000100002	0.114378	0.000200974	0.0745359	0.0001	0.223231	0.000199645	0.915325	0.430258	0.000199138	0.000200273	0.551274	0.0214312	0.000200845	0.000201618	0.000136467	0.000362971	0.794308	0.543275	0.333572	0.0425962	0.278402	0.482265	0.130379	0.346247	0.000199948	0.259626	0.157222	0.999336	0.000199948
16	A	T	ORF	S	NULL	0	0	0	0	0.00730313	0.768217	0.0574727	0.000125212	0.160485	0.999987	0.103392	0.000210966	0.00012322	0.0061237	0.0001	0.256156	0.999987	0.000373576	0.0631356	0.0411297	0.999245	0.450433	0.0001	0.745306	0.000100002	0.190403	0.53619	0.127481	0.0001	0.000126452	0.000126567	0.000123674	0.000127222	0.000127924	0.104137	0.000126364	0.249319	0.245154	0.517188	0.923326	0.427431	0.000124707	0.21715	0.338505	0.2034	0.48927	0.000125958	0.0292183	0.000124803	0.000125643	0.000374443	0.000126733	0.000123137	0.000125643
17	A	T	ORF	S	NULL	0	0	0	0	0.452932	0.000276116	0.71429	0.150291	0.513266	0.0002	0.289692	0.374865	0.000270463	0.137288	0.99962	0.284309	0.0002	0.439199	0.93639	0.000275753	0.000276213	0.263688	1.00008	0.254412	0.000200004	0.694741	0.0912871	0.771298	1.00009	0.776368	0.184298	0.0842804	0.569344	0.498337	0.000275787	0.448328	0.591672	0.0592825	0.396323	0.0763894	0.318696	0.205297	0.239302	0.305239	0.449203	0.091833	0.308311	0.839926	0.000273652	0.000275371	0.246177	0.842376	0.000270366	0.000275371
18	A	T	ORF	S	NULL	0	0	0	0	0	0	0	0	0	0	0	0	0	0	0	0	0	0	0	0	0	0	0	0	0	0	0	0	0	0	0	0	0	0	0	0	0	0	0	0	0	0	0	0	0	0	0	0	0	0	0	0	0	0
19	A	T	ORF	S	NULL	0	0	0	0	0	0	0	0	0	0	0	0	0	0	0	0	0	0	0	0	0	0	0	0	0	0	0	0	0	0	0	0	0	0	0	0	0	0	0	0	0	0	0	0	0	0	0	0	0	0	0	0	0	0
20	A	T	ORF	S	NULL	0	0	0	0	0	0	0	0	0	0	0	0	0	0	0	0	0	0	0	0	0	0	0	0	0	0	0	0	0	0	0	0	0	0	0	0	0	0	0	0	0	0	0	0	0	0	0	0	0	0	0	0	0	0
21	A	T	ORF	S	NULL	0	0	0	0	0	0	0	0	0	0	0	0	0	0	0	0	0	0	0	0	0	0	0	0	0	0	0	0	0	0	0	0	0	0	0	0	0	0	0	0	0	0	0	0	0	0	0	0	0	0	0	0	0	0
22	A	T	ORF	S	NULL	0	0	0	0	0	0	0	0	0	0	0	0	0	0	0	0	0	0	0	0	0	0	0	0	0	0	0	0	0	0	0	0	0	0	0	0	0	0	0	0	0	0	0	0	0	0	0	0	0	0	0	0	0	0
23	A	T	ORF	S	NULL	0	0	0	0	0	0	0	0	0	0	0	0	0	0	0	0	0	0	0	0	0	0	0	0	0	0	0	0	0	0	0	0	0	0	0	0	0	0	0	0	0	0	0	0	0	0	0	0	0	0	0	0	0	0
24	A	T	ORF	S	NULL	0	0	0	0	0	0	0	0	0	0	0	0	0	0	0	0	0	0	0	0	0	0	0	0	0	0	0	0	0	0	0	0	0	0	0	0	0	0	0	0	0	0	0	0	0	0	0	0	0	0	0	0	0	0
25	A	T	ORF	S	NULL	0	0	0	0	0	0	0	0	0	0	0	0	0	0	0	0	0	0	0	0	0	0	0	0	0	0	0	0	0	0	0	0	0	0	0	0	0	0	0	0	0	0	0	0	0	0	0	0	0	0	0	0	0	0
26	A	T	ORF	S	NULL	0	0	0	0	0	0	0	0	0	0	0	0	0	0	0	0	0	0	0	0	0	0	0	0	0	0	0	0	0	0	0	0	0	0	0	0	0	0	0	0	0	0	0	0	0	0	0	0	0	0	0	0	0	0
27	A	T	ORF	S	NULL	0	0	0	0	0.00730313	0.768217	0.0574727	0.000125212	0.160485	0.999987	0.103392	0.000210966	0.00012322	0.0061237	0.0001	0.256156	0.999987	0.000373576	0.0631356	0.0411297	0.999245	0.450433	0.0001	0.745306	0.000100002	0.190403	0.53619	0.127481	0.0001	0.000126452	0.000126567	0.000123674	0.000127222	0.000127924	0.104137	0.000126364	0.249319	0.245154	0.517188	0.923326	0.427431	0.000124707	0.21715	0.338505	0.2034	0.48927	0.000125958	0.0292183	0.000124803	0.000125643	0.000374443	0.000126733	0.000123137	0.000125643
28	A	T	ORF	S	NULL	0	0	0	0	0	0	0	0	0	0	0	0	0	0	0	0	0	0	0	0	0	0	0	0	0	0	0	0	0	0	0	0	0	0	0	0	0	0	0	0	0	0	0	0	0	0	0	0	0	0	0	0	0	0
29	A	T	ORF	S	NULL	0	0	0	0	0	0	0	0	0	0	0	0	0	0	0	0	0	0	0	0	0	0	0	0	0	0	0	0	0	0	0	0	0	0	0	0	0	0	0	0	0	0	0	0	0	0	0	0	0	0	0	0	0	0
30	A	T	ORF	S	NULL	0	0	0	0	0	0	0	0	0	0	0	0	0	0	0	0	0	0	0	0	0	0	0	0	0	0	0	0	0	0	0	0	0	0	0	0	0	0	0	0	0	0	0	0	0	0	0	0	0	0	0	0	0	0
31	A	T	ORF	S	NULL	0	0	0	0	0	0	0	0	0	0	0	0	0	0	0	0	0	0	0	0	0	0	0	0	0	0	0	0	0	0	0	0	0	0	0	0	0	0	0	0	0	0	0	0	0	0	0	0	0	0	0	0	0	0
32	A	T	ORF	S	NULL	0	0	0	0	0.482363	0.000201481	0.111541	0.350248	0.146545	0.0001	0.00036243	0.624448	0.984334	0.856317	0.000133306	0.459263	0.0001	0.523662	0.000199946	0.000200159	0.000201896	0.205391	0.0001	0.000135846	0.000100002	0.114378	0.000200974	0.0745359	0.0001	0.223231	0.000199645	0.915325	0.430258	0.000199138	0.000200273	0.551274	0.0214312	0.000200845	0.000201618	0.000136467	0.000362971	0.794308	0.543275	0.333572	0.0425962	0.278402	0.482265	0.130379	0.346247	0.000199948	0.259626	0.157222	0.999336	0.000199948
33	A	T	ORF	S	NULL	0	0	0	0	0.0574016	0.231305	0.116696	0.499336	0.179704	0.0001	0.606554	0.000475826	0.0152721	0.000271544	0.000191062	0.000272926	0.0001	0.0367656	0.000274587	0.958394	0.000277099	0.0804881	0.0001	0.000194269	0.999992	0.00047734	0.372322	0.0266852	0.0001	0.000274772	0.815376	0.000270932	0.000271664	0.501336	0.895387	0.000271387	0.137577	0.695362	0.0862873	0.000195021	0.25351	0.000270796	0.000273509	0.022684	0.304801	0.140496	0.209298	0.000476341	0.653355	0.999399	0.493823	0.000275134	0.000270293	0.999399
34	A	T	ORF	S	NULL	0	0	0	0	0	0	0	0	0	0	0	0	0	0	0	0	0	0	0	0	0	0	0	0	0	0	0	0	0	0	0	0	0	0	0	0	0	0	0	0	0	0	0	0	0	0	0	0	0	0	0	0	0	0
35	A	T	ORF	S	NULL	0	0	0	0	0	0	0	0	0	0	0	0	0	0	0	0	0	0	0	0	0	0	0	0	0	0	0	0	0	0	0	0	0	0	0	0	0	0	0	0	0	0	0	0	0	0	0	0	0	0	0	0	0	0
36	A	T	ORF	S	NULL	0	0	0	0	0	0	0	0	0	0	0	0	0	0	0	0	0	0	0	0	0	0	0	0	0	0	0	0	0	0	0	0	0	0	0	0	0	0	0	0	0	0	0	0	0	0	0	0	0	0	0	0	0	0
37	A	T	ORF	S	NULL	0	0	0	0	0	0	0	0	0	0	0	0	0	0	0	0	0	0	0	0	0	0	0	0	0	0	0	0	0	0	0	0	0	0	0	0	0	0	0	0	0	0	0	0	0	0	0	0	0	0	0	0	0	0
38	A	T	ORF	S	NULL	0	0	0	0	0	0	0	0	0	0	0	0	0	0	0	0	0	0	0	0	0	0	0	0	0	0	0	0	0	0	0	0	0	0	0	0	0	0	0	0	0	0	0	0	0	0	0	0	0	0	0	0	0	0
39	A	T	ORF	S	NULL	0	0	0	0	0	0	0	0	0	0	0	0	0	0	0	0	0	0	0	0	0	0	0	0	0	0	0	0	0	0	0	0	0	0	0	0	0	0	0	0	0	0	0	0	0	0	0	0	0	0	0	0	0	0
40	A	T	ORF	S	NULL	0	0	0	0	0	0	0	0	0	0	0	0	0	0	0	0	0	0	0	0	0	0	0	0	0	0	0	0	0	0	0	0	0	0	0	0	0	0	0	0	0	0	0	0	0	0	0	0	0	0	0	0	0	0
41	A	T	ORF	S	NULL	0	0	0	0	0	0	0	0	0	0	0	0	0	0	0	0	0	0	0	0	0	0	0	0	0	0	0	0	0	0	0	0	0	0	0	0	0	0	0	0	0	0	0	0	0	0	0	0	0	0	0	0	0	0
42	A	T	ORF	S	NULL	0	0	0	0	0.15732	0.000127053	0.556534	0.150143	0.268498	0.0001	0.000211602	0.326418	0.000123221	0.13714	0.001214	0.000124806	0.0001	0.433594	0.408176	0.000125858	0.000127421	0.052218	0.0001	0.0001	0.000100002	0.136228	0.000126619	0.60054	0.999986	0.776222	0.000125519	0.0841331	0.000123972	0.00012508	0.000125966	0.000123807	0.432342	0.0591327	0.396176	0.0001	0.00021209	0.000123539	0.239154	0.301502	0.192565	0.0343825	0.000124201	0.0543837	0.000124804	0.000125644	0.0725489	0.842231	0.000123138	0.000125644
43	A	T	ORF	S	NULL	0	0	0	0	0	0	0	0	0	0	0	0	0	0	0	0	0	0	0	0	0	0	0	0	0	0	0	0	0	0	0	0	0	0	0	0	0	0	0	0	0	0	0	0	0	0	0	0	0	0	0	0	0	0
44	A	T	ORF	S	NULL	0	0	0	0	0.15732	0.000127053	0.556534	0.150143	0.268498	0.0001	0.000211602	0.326418	0.000123221	0.13714	0.001214	0.000124806	0.0001	0.433594	0.408176	0.000125858	0.000127421	0.052218	0.0001	0.0001	0.000100002	0.136228	0.000126619	0.60054	0.999986	0.776222	0.000125519	0.0841331	0.000123972	0.00012508	0.000125966	0.000123807	0.432342	0.0591327	0.396176	0.0001	0.00021209	0.000123539	0.239154	0.301502	0.192565	0.0343825	0.000124201	0.0543837	0.000124804	0.000125644	0.0725489	0.842231	0.000123138	0.000125644
45	A	T	ORF	S	NULL	0	0	0	0	0	0	0	0	0	0	0	0	0	0	0	0	0	0	0	0	0	0	0	0	0	0	0	0	0	0	0	0	0	0	0	0	0	0	0	0	0	0	0	0	0	0	0	0	0	0	0	0	0	0
46	A	T	ORF	S	NULL	0	0	0	0	0.302915	0.768366	0.215229	0.000273623	0.405253	1.00009	0.392872	0.0486585	0.000270462	0.00627125	0.998506	0.54034	1.00009	0.00597819	0.59135	0.0412796	0.999394	0.661903	1.00008	0.999618	0.000200004	0.748917	0.62735	0.298239	0.0002	0.000272169	0.184299	0.000270955	0.569347	0.49834	0.104287	0.44833	0.408649	0.245304	0.517335	0.999616	0.745915	0.205298	0.217298	0.342242	0.460038	0.54672	0.308313	0.814761	0.000273651	0.000275369	0.174002	0.000272302	0.000270365	0.000275369
47	A	T	ORF	S	NULL	0	0	0	0	0	0	0	0	0	0	0	0	0	0	0	0	0	0	0	0	0	0	0	0	0	0	0	0	0	0	0	0	0	0	0	0	0	0	0	0	0	0	0	0	0	0	0	0	0	0	0	0	0	0
48	A	T	ORF	S	NULL	0	0	0	0	0	0	0	0	0	0	0	0	0	0	0	0	0	0	0	0	0	0	0	0	0	0	0	0	0	0	0	0	0	0	0	0	0	0	0	0	0	0	0	0	0	0	0	0	0	0	0	0	0	0
49	A	T	ORF	S	NULL	0	0	0	0	0	0	0	0	0	0	0	0	0	0	0	0	0	0	0	0	0	0	0	0	0	0	0	0	0	0	0	0	0	0	0	0	0	0	0	0	0	0	0	0	0	0	0	0	0	0	0	0	0	0
50	A	T	ORF	S	NULL	0	0	0	0	0	0	0	0	0	0	0	0	0	0	0	0	0	0	0	0	0	0	0	0	0	0	0	0	0	0	0	0	0	0	0	0	0	0	0	0	0	0	0	0	0	0	0	0	0	0	0	0	0	0
51	A	T	ORF	S	NULL	0	0	0	0	0.00730313	0.768217	0.0574727	0.000125212	0.160485	0.999987	0.103392	0.000210966	0.00012322	0.0061237	0.0001	0.256156	0.999987	0.000373576	0.0631356	0.0411297	0.999245	0.450433	0.0001	0.745306	0.000100002	0.190403	0.53619	0.127481	0.0001	0.000126452	0.000126567	0.000123674	0.000127222	0.000127924	0.104137	0.000126364	0.249319	0.245154	0.517188	0.923326	0.427431	0.000124707	0.21715	0.338505	0.2034	0.48927	0.000125958	0.0292183	0.000124803	0.000125643	0.000374443	0.000126733	0.000123137	0.000125643
52	A	T	ORF	S	NULL	0	0	0	0	0.15732	0.000127053	0.556534	0.150143	0.268498	0.0001	0.000211602	0.326418	0.000123221	0.13714	0.001214	0.000124806	0.0001	0.433594	0.408176	0.000125858	0.000127421	0.052218	0.0001	0.0001	0.000100002	0.136228	0.000126619	0.60054	0.999986	0.776222	0.000125519	0.0841331	0.000123972	0.00012508	0.000125966	0.000123807	0.432342	0.0591327	0.396176	0.0001	0.00021209	0.000123539	0.239154	0.301502	0.192565	0.0343825	0.000124201	0.0543837	0.000124804	0.000125644	0.0725489	0.842231	0.000123138	0.000125644
53	A	T	ORF	S	NULL	0	0	0	0	0	0	0	0	0	0	0	0	0	0	0	0	0	0	0	0	0	0	0	0	0	0	0	0	0	0	0	0	0	0	0	0	0	0	0	0	0	0	0	0	0	0	0	0	0	0	0	0	0	0
54	A	T	ORF	S	NULL	0	0	0	0	0.295612	0.000149063	0.157756	0.000148411	0.244768	0.0001	0.289481	0.0484475	0.000147242	0.000147552	0.998406	0.284184	0.0001	0.00560462	0.528214	0.000149896	0.000148792	0.21147	0.999978	0.254312	0.000100002	0.558513	0.0911604	0.170758	0.0001	0.000145718	0.184172	0.000147281	0.56922	0.498212	0.000149822	0.448204	0.15933	0.000149735	0.000147775	0.0762894	0.318484	0.205173	0.000147576	0.00373726	0.256638	0.0574505	0.308187	0.785542	0.000148848	0.000149726	0.173628	0.000145568	0.000147228	0.000149726
55	A	T	ORF	S	NULL	0	0	0	0	0.0574016	0.231305	0.116696	0.499336	0.179704	0.0001	0.606554	0.000475826	0.0152721	0.000271544	0.000191062	0.000272926	0.0001	0.0367656	0.000274587	0.958394	0.000277099	0.0804881	0.0001	0.000194269	0.999992	0.00047734	0.372322	0.0266852	0.0001	0.000274772	0.815376	0.000270932	0.000271664	0.501336	0.895387	0.000271387	0.137577	0.695362	0.0862873	0.000195021	0.25351	0.000270796	0.000273509	0.022684	0.304801	0.140496	0.209298	0.000476341	0.653355	0.999399	0.493823	0.000275134	0.000270293	0.999399
56	A	T	ORF	S	NULL	0	0	0	0	0	0	0	0	0	0	0	0	0	0	0	0	0	0	0	0	0	0	0	0	0	0	0	0	0	0	0	0	0	0	0	0	0	0	0	0	0	0	0	0	0	0	0	0	0	0	0	0	0	0
57	A	T	ORF	S	NULL	0	0	0	0	0	0	0	0	0	0	0	0	0	0	0	0	0	0	0	0	0	0	0	0	0	0	0	0	0	0	0	0	0	0	0	0	0	0	0	0	0	0	0	0	0	0	0	0	0	0	0	0	0	0
58	A	T	ORF	S	NULL	0	0	0	0	0	0	0	0	0	0	0	0	0	0	0	0	0	0	0	0	0	0	0	0	0	0	0	0	0	0	0	0	0	0	0	0	0	0	0	0	0	0	0	0	0	0	0	0	0	0	0	0	0	0
59	A	T	ORF	S	NULL	0	0	0	0	0	0	0	0	0	0	0	0	0	0	0	0	0	0	0	0	0	0	0	0	0	0	0	0	0	0	0	0	0	0	0	0	0	0	0	0	0	0	0	0	0	0	0	0	0	0	0	0	0	0
60	A	T	ORF	S	NULL	0	0	0	0	0	0	0	0	0	0	0	0	0	0	0	0	0	0	0	0	0	0	0	0	0	0	0	0	0	0	0	0	0	0	0	0	0	0	0	0	0	0	0	0	0	0	0	0	0	0	0	0	0	0
61	A	T	ORF	S	NULL	0	0	0	0	0	0	0	0	0	0	0	0	0	0	0	0	0	0	0	0	0	0	0	0	0	0	0	0	0	0	0	0	0	0	0	0	0	0	0	0	0	0	0	0	0	0	0	0	0	0	0	0	0	0
62	A	T	ORF	S	NULL	0	0	0	0	0	0	0	0	0	0	0	0	0	0	0	0	0	0	0	0	0	0	0	0	0	0	0	0	0	0	0	0	0	0	0	0	0	0	0	0	0	0	0	0	0	0	0	0	0	0	0	0	0	0
63	A	T	ORF	S	NULL	0	0	0	0	0	0	0	0	0	0	0	0	0	0	0	0	0	0	0	0	0	0	0	0	0	0	0	0	0	0	0	0	0	0	0	0	0	0	0	0	0	0	0	0	0	0	0	0	0	0	0	0	0	0
64	A	T	ORF	S	NULL	0	0	0	0	0	0	0	0	0	0	0	0	0	0	0	0	0	0	0	0	0	0	0	0	0	0	0	0	0	0	0	0	0	0	0	0	0	0	0	0	0	0	0	0	0	0	0	0	0	0	0	0	0	0
65	A	T	ORF	S	NULL	0	0	0	0	0	0	0	0	0	0	0	0	0	0	0	0	0	0	0	0	0	0	0	0	0	0	0	0	0	0	0	0	0	0	0	0	0	0	0	0	0	0	0	0	0	0	0	0	0	0	0	0	0	0
66	A	T	ORF	S	NULL	0	0	0	0	0	0	0	0	0	0	0	0	0	0	0	0	0	0	0	0	0	0	0	0	0	0	0	0	0	0	0	0	0	0	0	0	0	0	0	0	0	0	0	0	0	0	0	0	0	0	0	0	0	0
67	A	T	ORF	S	NULL	0	0	0	0	0	0	0	0	0	0	0	0	0	0	0	0	0	0	0	0	0	0	0	0	0	0	0	0	0	0	0	0	0	0	0	0	0	0	0	0	0	0	0	0	0	0	0	0	0	0	0	0	0	0
68	A	T	ORF	S	NULL	0	0	0	0	0	0	0	0	0	0	0	0	0	0	0	0	0	0	0	0	0	0	0	0	0	0	0	0	0	0	0	0	0	0	0	0	0	0	0	0	0	0	0	0	0	0	0	0	0	0	0	0	0	0
69	A	T	ORF	S	NULL	0	0	0	0	0	0	0	0	0	0	0	0	0	0	0	0	0	0	0	0	0	0	0	0	0	0	0	0	0	0	0	0	0	0	0	0	0	0	0	0	0	0	0	0	0	0	0	0	0	0	0	0	0	0
70	A	T	ORF	S	NULL	0	0	0	0	0.00730313	0.768217	0.0574727	0.000125212	0.160485	0.999987	0.103392	0.000210966	0.00012322	0.0061237	0.0001	0.256156	0.999987	0.000373576	0.0631356	0.0411297	0.999245	0.450433	0.0001	0.745306	0.000100002	0.190403	0.53619	0.127481	0.0001	0.000126452	0.000126567	0.000123674	0.000127222	0.000127924	0.104137	0.000126364	0.249319	0.245154	0.517188	0.923326	0.427431	0.000124707	0.21715	0.338505	0.2034	0.48927	0.000125958	0.0292183	0.000124803	0.000125643	0.000374443	0.000126733	0.000123137	0.000125643
71	A	T	ORF	S	NULL	0	0	0	0	0	0	0	0	0	0	0	0	0	0	0	0	0	0	0	0	0	0	0	0	0	0	0	0	0	0	0	0	0	0	0	0	0	0	0	0	0	0	0	0	0	0	0	0	0	0	0	0	0	0
72	A	T	ORF	S	NULL	0	0	0	0	0	0	0	0	0	0	0	0	0	0	0	0	0	0	0	0	0	0	0	0	0	0	0	0	0	0	0	0	0	0	0	0	0	0	0	0	0	0	0	0	0	0	0	0	0	0	0	0	0	0
73	A	T	ORF	S	NULL	0	0	0	0	0.15732	0.000127053	0.556534	0.150143	0.268498	0.0001	0.000211602	0.326418	0.000123221	0.13714	0.001214	0.000124806	0.0001	0.433594	0.408176	0.000125858	0.000127421	0.052218	0.0001	0.0001	0.000100002	0.136228	0.000126619	0.60054	0.999986	0.776222	0.000125519	0.0841331	0.000123972	0.00012508	0.000125966	0.000123807	0.432342	0.0591327	0.396176	0.0001	0.00021209	0.000123539	0.239154	0.301502	0.192565	0.0343825	0.000124201	0.0543837	0.000124804	0.000125644	0.0725489	0.842231	0.000123138	0.000125644
74	A	T	ORF	S	NULL	0	0	0	0	0	0	0	0	0	0	0	0	0	0	0	0	0	0	0	0	0	0	0	0	0	0	0	0	0	0	0	0	0	0	0	0	0	0	0	0	0	0	0	0	0	0	0	0	0	0	0	0	0	0
75	A	T	ORF	S	NULL	0	0	0	0	0	0	0	0	0	0	0	0	0	0	0	0	0	0	0	0	0	0	0	0	0	0	0	0	0	0	0	0	0	0	0	0	0	0	0	0	0	0	0	0	0	0	0	0	0	0	0	0	0	0
76	A	T	ORF	S	NULL	0	0	0	0	0	0	0	0	0	0	0	0	0	0	0	0	0	0	0	0	0	0	0	0	0	0	0	0	0	0	0	0	0	0	0	0	0	0	0	0	0	0	0	0	0	0	0	0	0	0	0	0	0	0
77	A	T	ORF	S	NULL	0	0	0	0	0	0	0	0	0	0	0	0	0	0	0	0	0	0	0	0	0	0	0	0	0	0	0	0	0	0	0	0	0	0	0	0	0	0	0	0	0	0	0	0	0	0	0	0	0	0	0	0	0	0
78	A	T	ORF	S	NULL	0	0	0	0	0	0	0	0	0	0	0	0	0	0	0	0	0	0	0	0	0	0	0	0	0	0	0	0	0	0	0	0	0	0	0	0	0	0	0	0	0	0	0	0	0	0	0	0	0	0	0	0	0	0
79	A	T	ORF	S	NULL	0	0	0	0	0	0	0	0	0	0	0	0	0	0	0	0	0	0	0	0	0	0	0	0	0	0	0	0	0	0	0	0	0	0	0	0	0	0	0	0	0	0	0	0	0	0	0	0	0	0	0	0	0	0
80	A	T	ORF	S	NULL	0	0	0	0	0	0	0	0	0	0	0	0	0	0	0	0	0	0	0	0	0	0	0	0	0	0	0	0	0	0	0	0	0	0	0	0	0	0	0	0	0	0	0	0	0	0	0	0	0	0	0	0	0	0
81	A	T	ORF	S	NULL	0	0	0	0	0	0	0	0	0	0	0	0	0	0	0	0	0	0	0	0	0	0	0	0	0	0	0	0	0	0	0	0	0	0	0	0	0	0	0	0	0	0	0	0	0	0	0	0	0	0	0	0	0	0
82	A	T	ORF	S	NULL	0	0	0	0	0	0	0	0	0	0	0	0	0	0	0	0	0	0	0	0	0	0	0	0	0	0	0	0	0	0	0	0	0	0	0	0	0	0	0	0	0	0	0	0	0	0	0	0	0	0	0	0	0	0
83	A	T	ORF	S	NULL	0	0	0	0	0	0	0	0	0	0	0	0	0	0	0	0	0	0	0	0	0	0	0	0	0	0	0	0	0	0	0	0	0	0	0	0	0	0	0	0	0	0	0	0	0	0	0	0	0	0	0	0	0	0
84	A	T	ORF	S	NULL	0	0	0	0	0	0	0	0	0	0	0	0	0	0	0	0	0	0	0	0	0	0	0	0	0	0	0	0	0	0	0	0	0	0	0	0	0	0	0	0	0	0	0	0	0	0	0	0	0	0	0	0	0	0
85	A	T	ORF	S	NULL	0	0	0	0	0.00730313	0.768217	0.0574727	0.000125212	0.160485	0.999987	0.103392	0.000210966	0.00012322	0.0061237	0.0001	0.256156	0.999987	0.000373576	0.0631356	0.0411297	0.999245	0.450433	0.0001	0.745306	0.000100002	0.190403	0.53619	0.127481	0.0001	0.000126452	0.000126567	0.000123674	0.000127222	0.000127924	0.104137	0.000126364	0.249319	0.245154	0.517188	0.923326	0.427431	0.000124707	0.21715	0.338505	0.2034	0.48927	0.000125958	0.0292183	0.000124803	0.000125643	0.000374443	0.000126733	0.000123137	0.000125643
86	A	T	ORF	S	NULL	0	0	0	0	0	0	0	0	0	0	0	0	0	0	0	0	0	0	0	0	0	0	0	0	0	0	0	0	0	0	0	0	0	0	0	0	0	0	0	0	0	0	0	0	0	0	0	0	0	0	0	0	0	0
87	A	T	ORF	S	NULL	0	0	0	0	0	0	0	0	0	0	0	0	0	0	0	0	0	0	0	0	0	0	0	0	0	0	0	0	0	0	0	0	0	0	0	0	0	0	0	0	0	0	0	0	0	0	0	0	0	0	0	0	0	0
88	A	T	ORF	S	NULL	0	0	0	0	0	0	0	0	0	0	0	0	0	0	0	0	0	0	0	0	0	0	0	0	0	0	0	0	0	0	0	0	0	0	0	0	0	0	0	0	0	0	0	0	0	0	0	0	0	0	0	0	0	0
89	A	T	ORF	S	NULL	0	0	0	0	0	0	0	0	0	0	0	0	0	0	0	0	0	0	0	0	0	0	0	0	0	0	0	0	0	0	0	0	0	0	0	0	0	0	0	0	0	0	0	0	0	0	0	0	0	0	0	0	0	0
90	A	T	ORF	S	NULL	0	0	0	0	0	0	0	0	0	0	0	0	0	0	0	0	0	0	0	0	0	0	0	0	0	0	0	0	0	0	0	0	0	0	0	0	0	0	0	0	0	0	0	0	0	0	0	0	0	0	0	0	0	0
91	A	T	ORF	S	NULL	0	0	0	0	0	0	0	0	0	0	0	0	0	0	0	0	0	0	0	0	0	0	0	0	0	0	0	0	0	0	0	0	0	0	0	0	0	0	0	0	0	0	0	0	0	0	0	0	0	0	0	0	0	0
92	A	T	ORF	S	NULL	0	0	0	0	0	0	0	0	0	0	0	0	0	0	0	0	0	0	0	0	0	0	0	0	0	0	0	0	0	0	0	0	0	0	0	0	0	0	0	0	0	0	0	0	0	0	0	0	0	0	0	0	0	0
93	A	T	ORF	S	NULL	0	0	0	0	0.482363	0.000201481	0.111541	0.350248	0.146545	0.0001	0.00036243	0.624448	0.984334	0.856317	0.000133306	0.459263	0.0001	0.523662	0.000199946	0.000200159	0.000201896	0.205391	0.0001	0.000135846	0.000100002	0.114378	0.000200974	0.0745359	0.0001	0.223231	0.000199645	0.915325	0.430258	0.000199138	0.000200273	0.551274	0.0214312	0.000200845	0.000201618	0.000136467	0.000362971	0.794308	0.543275	0.333572	0.0425962	0.278402	0.482265	0.130379	0.346247	0.000199948	0.259626	0.157222	0.999336	0.000199948
94	A	T	ORF	S	NULL	0	0	0	0	0	0	0	0	0	0	0	0	0	0	0	0	0	0	0	0	0	0	0	0	0	0	0	0	0	0	0	0	0	0	0	0	0	0	0	0	0	0	0	0	0	0	0	0	0	0	0	0	0	0
95	A	T	ORF	S	NULL	0	0	0	0	0.482363	0.000201481	0.111541	0.350248	0.146545	0.0001	0.00036243	0.624448	0.984334	0.856317	0.000133306	0.459263	0.0001	0.523662	0.000199946	0.000200159	0.000201896	0.205391	0.0001	0.000135846	0.000100002	0.114378	0.000200974	0.0745359	0.0001	0.223231	0.000199645	0.915325	0.430258	0.000199138	0.000200273	0.551274	0.0214312	0.000200845	0.000201618	0.000136467	0.000362971	0.794308	0.543275	0.333572	0.0425962	0.278402	0.482265	0.130379	0.346247	0.000199948	0.259626	0.157222	0.999336	0.000199948
96	A	T	ORF	S	NULL	0	0	0	0	0.482363	0.000201481	0.111541	0.350248	0.146545	0.0001	0.00036243	0.624448	0.984334	0.856317	0.000133306	0.459263	0.0001	0.523662	0.000199946	0.000200159	0.000201896	0.205391	0.0001	0.000135846	0.000100002	0.114378	0.000200974	0.0745359	0.0001	0.223231	0.000199645	0.915325	0.430258	0.000199138	0.000200273	0.551274	0.0214312	0.000200845	0.000201618	0.000136467	0.000362971	0.794308	0.543275	0.333572	0.0425962	0.278402	0.482265	0.130379	0.346247	0.000199948	0.259626	0.157222	0.999336	0.000199948
97	A	T	ORF	S	NULL	0	0	0	0	0	0	0	0	0	0	0	0	0	0	0	0	0	0	0	0	0	0	0	0	0	0	0	0	0	0	0	0	0	0	0	0	0	0	0	0	0	0	0	0	0	0	0	0	0	0	0	0	0	0
98	A	T	ORF	S	NULL	0	0	0	0	0	0	0	0	0	0	0	0	0	0	0	0	0	0	0	0	0	0	0	0	0	0	0	0	0	0	0	0	0	0	0	0	0	0	0	0	0	0	0	0	0	0	0	0	0	0	0	0	0	0
99	A	T	ORF	S	NULL	0	0	0	0	0	0	0	0	0	0	0	0	0	0	0	0	0	0	0	0	0	0	0	0	0	0	0	0	0	0	0	0	0	0	0	0	0	0	0	0	0	0	0	0	0	0	0	0	0	0	0	0	0	0
100	A	T	ORF	S	NULL	0	0	0	0	0	0	0	0	0	0	0	0	0	0	0	0	0	0	0	0	0	0	0	0	0	0	0	0	0	0	0	0	0	0	0	0	0	0	0	0	0	0	0	0	0	0	0	0	0	0	0	0	0	0
