pos	ref	alt	gene	N/S	AA	nSRAsubclonal	nSRAclonal	nSRA	nConsensus	sample0|Earth	sample1|Earth	sample2|Earth	sample3|Earth	sample4|Earth	sample5|Earth	sample6|Earth	sample7|Earth	sample8|Earth	sample9|Earth	sample10|Earth	sample11|Earth	sample12|Earth	sample13|Earth	sample14|Earth	sample15|Earth	sample16|Earth	sample17|Earth	sample18|Earth	sample19|Earth	sample20|Earth	sample21|Earth	sample22|Earth	sample23|Earth	sample24|Earth	sample25|Earth	sample26|Earth	sample27|Earth	sample28|Earth	sample29|Earth	sample30|Earth	sample31|Earth	sample32|Earth	sample33|Earth	sample34|Earth	sample35|Earth	sample36|Earth	sample37|Earth	sample38|Earth	sample39|Earth	sample40|Earth	sample41|Earth	sample42|Earth	sample43|Earth	sample44|Earth	sample45|Earth	sample46|Earth	sample47|Earth	sample48|Earth	sample49|Earth
1	A	T	ORF	S	NULL	0	0	0	0	0	0	0	0	0	0	0	0	0	0	0	0	0	0	0	0	0	0	0	0	0	0	0	0	0	0	0	0	0	0	0	0	0	0	0	0	0	0	0	0	0	0	0	0	0	0	0	0	0	0
2	A	T	ORF	S	NULL	0	0	0	0	0	0	0	0	0	0	0	0	0	0	0	0	0	0	0	0	0	0	0	0	0	0	0	0	0	0	0	0	0	0	0	0	0	0	0	0	0	0	0	0	0	0	0	0	0	0	0	0	0	0
3	A	T	ORF	S	NULL	0	0	0	0	0.0573661	0.23129	0.116538	0.49931	0.179804	0.0001	0.606499	0.000389433	0.0152543	0.000287906	0.000171686	0.000245844	0.0001	0.0367401	0.000245852	0.958401	0.000273998	0.0804337	0.0001	0.000198811	0.999987	0.000425686	0.372328	0.0267859	0.000100022	0.000364401	0.815381	0.000244388	0.000309312	0.501312	0.895462	0.000340574	0.137564	0.695358	0.0862738	0.000194461	0.253513	0.000262462	0.00021266	0.0226627	0.305123	0.140457	0.209268	0.000387345	0.653341	0.999345	0.493733	0.000282039	0.000274175	0.999376
4	A	T	ORF	S	NULL	0	0	0	0	0.0573661	0.23129	0.116538	0.49931	0.179804	0.0001	0.606499	0.000389433	0.0152543	0.000287906	0.000171686	0.000245844	0.0001	0.0367401	0.000245852	0.958401	0.000273998	0.0804337	0.0001	0.000198811	0.999987	0.000425686	0.372328	0.0267859	0.000100022	0.000364401	0.815381	0.000244388	0.000309312	0.501312	0.895462	0.000340574	0.137564	0.695358	0.0862738	0.000194461	0.253513	0.000262462	0.00021266	0.0226627	0.305123	0.140457	0.209268	0.000387345	0.653341	0.999345	0.493733	0.000282039	0.000274175	0.999376
5	A	T	ORF	S	NULL	0	0	0	0	0	0	0	0	0	0	0	0	0	0	0	0	0	0	0	0	0	0	0	0	0	0	0	0	0	0	0	0	0	0	0	0	0	0	0	0	0	0	0	0	0	0	0	0	0	0	0	0	0	0
6	A	T	ORF	S	NULL	0	0	0	0	0.295567	0.000194245	0.157644	0.000195107	0.244653	0.0001	0.289555	0.0485129	0.000190491	0.000166193	0.998423	0.284168	0.0001	0.0055655	0.528206	0.000148778	0.000139464	0.211547	0.999986	0.254323	0.0001	0.558481	0.0911653	0.170676	0.00010006	0.000135086	0.184176	0.000173943	0.569275	0.498187	0.000117147	0.448185	0.159313	0.000134866	0.000142518	0.0762868	0.318494	0.205165	0.000100006	0.00370334	0.256398	0.057418	0.308239	0.78544	0.000137497	0.000182868	0.173536	0.000154327	0.000149501	0.000172307
7	A	T	ORF	S	NULL	0	0	0	0	0	0	0	0	0	0	0	0	0	0	0	0	0	0	0	0	0	0	0	0	0	0	0	0	0	0	0	0	0	0	0	0	0	0	0	0	0	0	0	0	0	0	0	0	0	0	0	0	0	0
8	A	T	ORF	S	NULL	0	0	0	0	0.157375	0.000107662	0.556784	0.150111	0.268678	0.0001	0.000209228	0.326584	0.000144056	0.137113	0.00119429	0.000107848	0.0001	0.433697	0.408144	0.000124069	0.000126385	0.0522183	0.0001	0.0001	0.0001	0.136193	0.000126535	0.600455	0.999968	0.776183	0.000121778	0.0841488	0.000100059	0.000211053	0.000142619	0.000100479	0.432398	0.0591707	0.396155	0.0001	0.000209577	0.000161302	0.239314	0.301485	0.192516	0.0343599	0.000100062	0.0545544	0.000112899	0.0002109	0.0726171	0.842209	0.000124915	0.000139151
9	A	T	ORF	S	NULL	0	0	0	0	0	0	0	0	0	0	0	0	0	0	0	0	0	0	0	0	0	0	0	0	0	0	0	0	0	0	0	0	0	0	0	0	0	0	0	0	0	0	0	0	0	0	0	0	0	0	0	0	0	0
10	A	T	ORF	S	NULL	0	0	0	0	0	0	0	0	0	0	0	0	0	0	0	0	0	0	0	0	0	0	0	0	0	0	0	0	0	0	0	0	0	0	0	0	0	0	0	0	0	0	0	0	0	0	0	0	0	0	0	0	0	0
11	A	T	ORF	S	NULL	0	0	0	0	0	0	0	0	0	0	0	0	0	0	0	0	0	0	0	0	0	0	0	0	0	0	0	0	0	0	0	0	0	0	0	0	0	0	0	0	0	0	0	0	0	0	0	0	0	0	0	0	0	0
12	A	T	ORF	S	NULL	0	0	0	0	0	0	0	0	0	0	0	0	0	0	0	0	0	0	0	0	0	0	0	0	0	0	0	0	0	0	0	0	0	0	0	0	0	0	0	0	0	0	0	0	0	0	0	0	0	0	0	0	0	0
13	A	T	ORF	S	NULL	0	0	0	0	0.295567	0.000194245	0.157644	0.000195107	0.244653	0.0001	0.289555	0.0485129	0.000190491	0.000166193	0.998423	0.284168	0.0001	0.0055655	0.528206	0.000148778	0.000139464	0.211547	0.999986	0.254323	0.0001	0.558481	0.0911653	0.170676	0.00010006	0.000135086	0.184176	0.000173943	0.569275	0.498187	0.000117147	0.448185	0.159313	0.000134866	0.000142518	0.0762868	0.318494	0.205165	0.000100006	0.00370334	0.256398	0.057418	0.308239	0.78544	0.000137497	0.000182868	0.173536	0.000154327	0.000149501	0.000172307
14	A	T	ORF	S	NULL	0	0	0	0	0	0	0	0	0	0	0	0	0	0	0	0	0	0	0	0	0	0	0	0	0	0	0	0	0	0	0	0	0	0	0	0	0	0	0	0	0	0	0	0	0	0	0	0	0	0	0	0	0	0
15	A	T	ORF	S	NULL	0	0	0	0	0.482328	0.000187617	0.111412	0.350287	0.146446	0.0001	0.00031437	0.624371	0.984307	0.856242	0.000171603	0.459303	0.0001	0.523635	0.000245785	0.000198412	0.000199313	0.205345	0.0001	0.000139232	0.0001	0.114441	0.000202857	0.0745717	0.000100067	0.223207	0.00019742	0.915292	0.4302	0.000176329	0.00016622	0.551235	0.0214192	0.000192355	0.000262422	0.000135815	0.000363705	0.794291	0.543284	0.33355	0.0423772	0.278473	0.482304	0.130306	0.346296	0.000149169	0.259701	0.157226	0.999327	0.000173759
16	A	T	ORF	S	NULL	0	0	0	0	0.00736364	0.76822	0.0576226	0.000100083	0.160419	0.999956	0.103422	0.000142615	0.000104147	0.00619138	0.0001	0.256175	0.999956	0.000362787	0.0631587	0.0411275	0.999261	0.450456	0.0001	0.745288	0.0001	0.19046	0.536177	0.127511	0.000100008	0.000110187	0.000123679	0.000140771	0.000145763	0.000112885	0.104112	0.000142244	0.249306	0.245144	0.517166	0.923303	0.427419	0.000120072	0.217116	0.338599	0.203586	0.489293	0.00010032	0.0293122	0.000112866	0.000112372	0.000412411	0.000129262	0.000124792	0.000139153
17	A	T	ORF	S	NULL	0	0	0	0	0.452942	0.000301906	0.714428	0.150306	0.513331	0.0002	0.289764	0.375097	0.000334546	0.137279	0.999617	0.284276	0.0002	0.439262	0.93635	0.000272847	0.000265849	0.263765	1.00009	0.254423	0.0002	0.694674	0.0912919	0.771131	1.00007	0.776318	0.184298	0.0843228	0.569375	0.498399	0.000259766	0.448285	0.591711	0.0593056	0.396298	0.0763868	0.318704	0.205326	0.239414	0.305188	0.448914	0.0917778	0.308339	0.839994	0.000250395	0.000393767	0.246153	0.842363	0.000274416	0.000311458
18	A	T	ORF	S	NULL	0	0	0	0	0	0	0	0	0	0	0	0	0	0	0	0	0	0	0	0	0	0	0	0	0	0	0	0	0	0	0	0	0	0	0	0	0	0	0	0	0	0	0	0	0	0	0	0	0	0	0	0	0	0
19	A	T	ORF	S	NULL	0	0	0	0	0	0	0	0	0	0	0	0	0	0	0	0	0	0	0	0	0	0	0	0	0	0	0	0	0	0	0	0	0	0	0	0	0	0	0	0	0	0	0	0	0	0	0	0	0	0	0	0	0	0
20	A	T	ORF	S	NULL	0	0	0	0	0	0	0	0	0	0	0	0	0	0	0	0	0	0	0	0	0	0	0	0	0	0	0	0	0	0	0	0	0	0	0	0	0	0	0	0	0	0	0	0	0	0	0	0	0	0	0	0	0	0
21	A	T	ORF	S	NULL	0	0	0	0	0	0	0	0	0	0	0	0	0	0	0	0	0	0	0	0	0	0	0	0	0	0	0	0	0	0	0	0	0	0	0	0	0	0	0	0	0	0	0	0	0	0	0	0	0	0	0	0	0	0
22	A	T	ORF	S	NULL	0	0	0	0	0	0	0	0	0	0	0	0	0	0	0	0	0	0	0	0	0	0	0	0	0	0	0	0	0	0	0	0	0	0	0	0	0	0	0	0	0	0	0	0	0	0	0	0	0	0	0	0	0	0
23	A	T	ORF	S	NULL	0	0	0	0	0	0	0	0	0	0	0	0	0	0	0	0	0	0	0	0	0	0	0	0	0	0	0	0	0	0	0	0	0	0	0	0	0	0	0	0	0	0	0	0	0	0	0	0	0	0	0	0	0	0
24	A	T	ORF	S	NULL	0	0	0	0	0	0	0	0	0	0	0	0	0	0	0	0	0	0	0	0	0	0	0	0	0	0	0	0	0	0	0	0	0	0	0	0	0	0	0	0	0	0	0	0	0	0	0	0	0	0	0	0	0	0
25	A	T	ORF	S	NULL	0	0	0	0	0	0	0	0	0	0	0	0	0	0	0	0	0	0	0	0	0	0	0	0	0	0	0	0	0	0	0	0	0	0	0	0	0	0	0	0	0	0	0	0	0	0	0	0	0	0	0	0	0	0
26	A	T	ORF	S	NULL	0	0	0	0	0	0	0	0	0	0	0	0	0	0	0	0	0	0	0	0	0	0	0	0	0	0	0	0	0	0	0	0	0	0	0	0	0	0	0	0	0	0	0	0	0	0	0	0	0	0	0	0	0	0
27	A	T	ORF	S	NULL	0	0	0	0	0.00736364	0.76822	0.0576226	0.000100083	0.160419	0.999956	0.103422	0.000142615	0.000104147	0.00619138	0.0001	0.256175	0.999956	0.000362787	0.0631587	0.0411275	0.999261	0.450456	0.0001	0.745288	0.0001	0.19046	0.536177	0.127511	0.000100008	0.000110187	0.000123679	0.000140771	0.000145763	0.000112885	0.104112	0.000142244	0.249306	0.245144	0.517166	0.923303	0.427419	0.000120072	0.217116	0.338599	0.203586	0.489293	0.00010032	0.0293122	0.000112866	0.000112372	0.000412411	0.000129262	0.000124792	0.000139153
28	A	T	ORF	S	NULL	0	0	0	0	0	0	0	0	0	0	0	0	0	0	0	0	0	0	0	0	0	0	0	0	0	0	0	0	0	0	0	0	0	0	0	0	0	0	0	0	0	0	0	0	0	0	0	0	0	0	0	0	0	0
29	A	T	ORF	S	NULL	0	0	0	0	0	0	0	0	0	0	0	0	0	0	0	0	0	0	0	0	0	0	0	0	0	0	0	0	0	0	0	0	0	0	0	0	0	0	0	0	0	0	0	0	0	0	0	0	0	0	0	0	0	0
30	A	T	ORF	S	NULL	0	0	0	0	0	0	0	0	0	0	0	0	0	0	0	0	0	0	0	0	0	0	0	0	0	0	0	0	0	0	0	0	0	0	0	0	0	0	0	0	0	0	0	0	0	0	0	0	0	0	0	0	0	0
31	A	T	ORF	S	NULL	0	0	0	0	0	0	0	0	0	0	0	0	0	0	0	0	0	0	0	0	0	0	0	0	0	0	0	0	0	0	0	0	0	0	0	0	0	0	0	0	0	0	0	0	0	0	0	0	0	0	0	0	0	0
32	A	T	ORF	S	NULL	0	0	0	0	0.482328	0.000187617	0.111412	0.350287	0.146446	0.0001	0.00031437	0.624371	0.984307	0.856242	0.000171603	0.459303	0.0001	0.523635	0.000245785	0.000198412	0.000199313	0.205345	0.0001	0.000139232	0.0001	0.114441	0.000202857	0.0745717	0.000100067	0.223207	0.00019742	0.915292	0.4302	0.000176329	0.00016622	0.551235	0.0214192	0.000192355	0.000262422	0.000135815	0.000363705	0.794291	0.543284	0.33355	0.0423772	0.278473	0.482304	0.130306	0.346296	0.000149169	0.259701	0.157226	0.999327	0.000173759
33	A	T	ORF	S	NULL	0	0	0	0	0.0573661	0.23129	0.116538	0.49931	0.179804	0.0001	0.606499	0.000389433	0.0152543	0.000287906	0.000171686	0.000245844	0.0001	0.0367401	0.000245852	0.958401	0.000273998	0.0804337	0.0001	0.000198811	0.999987	0.000425686	0.372328	0.0267859	0.000100022	0.000364401	0.815381	0.000244388	0.000309312	0.501312	0.895462	0.000340574	0.137564	0.695358	0.0862738	0.000194461	0.253513	0.000262462	0.00021266	0.0226627	0.305123	0.140457	0.209268	0.000387345	0.653341	0.999345	0.493733	0.000282039	0.000274175	0.999376
34	A	T	ORF	S	NULL	0	0	0	0	0	0	0	0	0	0	0	0	0	0	0	0	0	0	0	0	0	0	0	0	0	0	0	0	0	0	0	0	0	0	0	0	0	0	0	0	0	0	0	0	0	0	0	0	0	0	0	0	0	0
35	A	T	ORF	S	NULL	0	0	0	0	0	0	0	0	0	0	0	0	0	0	0	0	0	0	0	0	0	0	0	0	0	0	0	0	0	0	0	0	0	0	0	0	0	0	0	0	0	0	0	0	0	0	0	0	0	0	0	0	0	0
36	A	T	ORF	S	NULL	0	0	0	0	0	0	0	0	0	0	0	0	0	0	0	0	0	0	0	0	0	0	0	0	0	0	0	0	0	0	0	0	0	0	0	0	0	0	0	0	0	0	0	0	0	0	0	0	0	0	0	0	0	0
37	A	T	ORF	S	NULL	0	0	0	0	0	0	0	0	0	0	0	0	0	0	0	0	0	0	0	0	0	0	0	0	0	0	0	0	0	0	0	0	0	0	0	0	0	0	0	0	0	0	0	0	0	0	0	0	0	0	0	0	0	0
38	A	T	ORF	S	NULL	0	0	0	0	0	0	0	0	0	0	0	0	0	0	0	0	0	0	0	0	0	0	0	0	0	0	0	0	0	0	0	0	0	0	0	0	0	0	0	0	0	0	0	0	0	0	0	0	0	0	0	0	0	0
39	A	T	ORF	S	NULL	0	0	0	0	0	0	0	0	0	0	0	0	0	0	0	0	0	0	0	0	0	0	0	0	0	0	0	0	0	0	0	0	0	0	0	0	0	0	0	0	0	0	0	0	0	0	0	0	0	0	0	0	0	0
40	A	T	ORF	S	NULL	0	0	0	0	0	0	0	0	0	0	0	0	0	0	0	0	0	0	0	0	0	0	0	0	0	0	0	0	0	0	0	0	0	0	0	0	0	0	0	0	0	0	0	0	0	0	0	0	0	0	0	0	0	0
41	A	T	ORF	S	NULL	0	0	0	0	0	0	0	0	0	0	0	0	0	0	0	0	0	0	0	0	0	0	0	0	0	0	0	0	0	0	0	0	0	0	0	0	0	0	0	0	0	0	0	0	0	0	0	0	0	0	0	0	0	0
42	A	T	ORF	S	NULL	0	0	0	0	0.157375	0.000107662	0.556784	0.150111	0.268678	0.0001	0.000209228	0.326584	0.000144056	0.137113	0.00119429	0.000107848	0.0001	0.433697	0.408144	0.000124069	0.000126385	0.0522183	0.0001	0.0001	0.0001	0.136193	0.000126535	0.600455	0.999968	0.776183	0.000121778	0.0841488	0.000100059	0.000211053	0.000142619	0.000100479	0.432398	0.0591707	0.396155	0.0001	0.000209577	0.000161302	0.239314	0.301485	0.192516	0.0343599	0.000100062	0.0545544	0.000112899	0.0002109	0.0726171	0.842209	0.000124915	0.000139151
43	A	T	ORF	S	NULL	0	0	0	0	0	0	0	0	0	0	0	0	0	0	0	0	0	0	0	0	0	0	0	0	0	0	0	0	0	0	0	0	0	0	0	0	0	0	0	0	0	0	0	0	0	0	0	0	0	0	0	0	0	0
44	A	T	ORF	S	NULL	0	0	0	0	0.157375	0.000107662	0.556784	0.150111	0.268678	0.0001	0.000209228	0.326584	0.000144056	0.137113	0.00119429	0.000107848	0.0001	0.433697	0.408144	0.000124069	0.000126385	0.0522183	0.0001	0.0001	0.0001	0.136193	0.000126535	0.600455	0.999968	0.776183	0.000121778	0.0841488	0.000100059	0.000211053	0.000142619	0.000100479	0.432398	0.0591707	0.396155	0.0001	0.000209577	0.000161302	0.239314	0.301485	0.192516	0.0343599	0.000100062	0.0545544	0.000112899	0.0002109	0.0726171	0.842209	0.000124915	0.000139151
45	A	T	ORF	S	NULL	0	0	0	0	0	0	0	0	0	0	0	0	0	0	0	0	0	0	0	0	0	0	0	0	0	0	0	0	0	0	0	0	0	0	0	0	0	0	0	0	0	0	0	0	0	0	0	0	0	0	0	0	0	0
46	A	T	ORF	S	NULL	0	0	0	0	0.302931	0.768415	0.215266	0.00029519	0.405072	1.00006	0.392977	0.0486555	0.000294637	0.00635757	0.998523	0.540343	1.00006	0.00592829	0.591365	0.0412763	0.9994	0.662003	1.00009	0.999611	0.0002	0.748941	0.627342	0.298187	0.000200068	0.000245273	0.1843	0.000314714	0.569421	0.4983	0.104229	0.448327	0.408618	0.245279	0.517308	0.99959	0.745913	0.205285	0.217216	0.342302	0.459984	0.546711	0.308339	0.814752	0.000250363	0.00029524	0.173948	0.000283589	0.000274294	0.000311459
47	A	T	ORF	S	NULL	0	0	0	0	0	0	0	0	0	0	0	0	0	0	0	0	0	0	0	0	0	0	0	0	0	0	0	0	0	0	0	0	0	0	0	0	0	0	0	0	0	0	0	0	0	0	0	0	0	0	0	0	0	0
48	A	T	ORF	S	NULL	0	0	0	0	0	0	0	0	0	0	0	0	0	0	0	0	0	0	0	0	0	0	0	0	0	0	0	0	0	0	0	0	0	0	0	0	0	0	0	0	0	0	0	0	0	0	0	0	0	0	0	0	0	0
49	A	T	ORF	S	NULL	0	0	0	0	0	0	0	0	0	0	0	0	0	0	0	0	0	0	0	0	0	0	0	0	0	0	0	0	0	0	0	0	0	0	0	0	0	0	0	0	0	0	0	0	0	0	0	0	0	0	0	0	0	0
50	A	T	ORF	S	NULL	0	0	0	0	0	0	0	0	0	0	0	0	0	0	0	0	0	0	0	0	0	0	0	0	0	0	0	0	0	0	0	0	0	0	0	0	0	0	0	0	0	0	0	0	0	0	0	0	0	0	0	0	0	0
51	A	T	ORF	S	NULL	0	0	0	0	0.00736364	0.76822	0.0576226	0.000100083	0.160419	0.999956	0.103422	0.000142615	0.000104147	0.00619138	0.0001	0.256175	0.999956	0.000362787	0.0631587	0.0411275	0.999261	0.450456	0.0001	0.745288	0.0001	0.19046	0.536177	0.127511	0.000100008	0.000110187	0.000123679	0.000140771	0.000145763	0.000112885	0.104112	0.000142244	0.249306	0.245144	0.517166	0.923303	0.427419	0.000120072	0.217116	0.338599	0.203586	0.489293	0.00010032	0.0293122	0.000112866	0.000112372	0.000412411	0.000129262	0.000124792	0.000139153
52	A	T	ORF	S	NULL	0	0	0	0	0.157375	0.000107662	0.556784	0.150111	0.268678	0.0001	0.000209228	0.326584	0.000144056	0.137113	0.00119429	0.000107848	0.0001	0.433697	0.408144	0.000124069	0.000126385	0.0522183	0.0001	0.0001	0.0001	0.136193	0.000126535	0.600455	0.999968	0.776183	0.000121778	0.0841488	0.000100059	0.000211053	0.000142619	0.000100479	0.432398	0.0591707	0.396155	0.0001	0.000209577	0.000161302	0.239314	0.301485	0.192516	0.0343599	0.000100062	0.0545544	0.000112899	0.0002109	0.0726171	0.842209	0.000124915	0.000139151
53	A	T	ORF	S	NULL	0	0	0	0	0	0	0	0	0	0	0	0	0	0	0	0	0	0	0	0	0	0	0	0	0	0	0	0	0	0	0	0	0	0	0	0	0	0	0	0	0	0	0	0	0	0	0	0	0	0	0	0	0	0
54	A	T	ORF	S	NULL	0	0	0	0	0.295567	0.000194245	0.157644	0.000195107	0.244653	0.0001	0.289555	0.0485129	0.000190491	0.000166193	0.998423	0.284168	0.0001	0.0055655	0.528206	0.000148778	0.000139464	0.211547	0.999986	0.254323	0.0001	0.558481	0.0911653	0.170676	0.00010006	0.000135086	0.184176	0.000173943	0.569275	0.498187	0.000117147	0.448185	0.159313	0.000134866	0.000142518	0.0762868	0.318494	0.205165	0.000100006	0.00370334	0.256398	0.057418	0.308239	0.78544	0.000137497	0.000182868	0.173536	0.000154327	0.000149501	0.000172307
55	A	T	ORF	S	NULL	0	0	0	0	0.0573661	0.23129	0.116538	0.49931	0.179804	0.0001	0.606499	0.000389433	0.0152543	0.000287906	0.000171686	0.000245844	0.0001	0.0367401	0.000245852	0.958401	0.000273998	0.0804337	0.0001	0.000198811	0.999987	0.000425686	0.372328	0.0267859	0.000100022	0.000364401	0.815381	0.000244388	0.000309312	0.501312	0.895462	0.000340574	0.137564	0.695358	0.0862738	0.000194461	0.253513	0.000262462	0.00021266	0.0226627	0.305123	0.140457	0.209268	0.000387345	0.653341	0.999345	0.493733	0.000282039	0.000274175	0.999376
56	A	T	ORF	S	NULL	0	0	0	0	0	0	0	0	0	0	0	0	0	0	0	0	0	0	0	0	0	0	0	0	0	0	0	0	0	0	0	0	0	0	0	0	0	0	0	0	0	0	0	0	0	0	0	0	0	0	0	0	0	0
57	A	T	ORF	S	NULL	0	0	0	0	0	0	0	0	0	0	0	0	0	0	0	0	0	0	0	0	0	0	0	0	0	0	0	0	0	0	0	0	0	0	0	0	0	0	0	0	0	0	0	0	0	0	0	0	0	0	0	0	0	0
58	A	T	ORF	S	NULL	0	0	0	0	0	0	0	0	0	0	0	0	0	0	0	0	0	0	0	0	0	0	0	0	0	0	0	0	0	0	0	0	0	0	0	0	0	0	0	0	0	0	0	0	0	0	0	0	0	0	0	0	0	0
59	A	T	ORF	S	NULL	0	0	0	0	0	0	0	0	0	0	0	0	0	0	0	0	0	0	0	0	0	0	0	0	0	0	0	0	0	0	0	0	0	0	0	0	0	0	0	0	0	0	0	0	0	0	0	0	0	0	0	0	0	0
60	A	T	ORF	S	NULL	0	0	0	0	0	0	0	0	0	0	0	0	0	0	0	0	0	0	0	0	0	0	0	0	0	0	0	0	0	0	0	0	0	0	0	0	0	0	0	0	0	0	0	0	0	0	0	0	0	0	0	0	0	0
61	A	T	ORF	S	NULL	0	0	0	0	0	0	0	0	0	0	0	0	0	0	0	0	0	0	0	0	0	0	0	0	0	0	0	0	0	0	0	0	0	0	0	0	0	0	0	0	0	0	0	0	0	0	0	0	0	0	0	0	0	0
62	A	T	ORF	S	NULL	0	0	0	0	0	0	0	0	0	0	0	0	0	0	0	0	0	0	0	0	0	0	0	0	0	0	0	0	0	0	0	0	0	0	0	0	0	0	0	0	0	0	0	0	0	0	0	0	0	0	0	0	0	0
63	A	T	ORF	S	NULL	0	0	0	0	0	0	0	0	0	0	0	0	0	0	0	0	0	0	0	0	0	0	0	0	0	0	0	0	0	0	0	0	0	0	0	0	0	0	0	0	0	0	0	0	0	0	0	0	0	0	0	0	0	0
64	A	T	ORF	S	NULL	0	0	0	0	0	0	0	0	0	0	0	0	0	0	0	0	0	0	0	0	0	0	0	0	0	0	0	0	0	0	0	0	0	0	0	0	0	0	0	0	0	0	0	0	0	0	0	0	0	0	0	0	0	0
65	A	T	ORF	S	NULL	0	0	0	0	0	0	0	0	0	0	0	0	0	0	0	0	0	0	0	0	0	0	0	0	0	0	0	0	0	0	0	0	0	0	0	0	0	0	0	0	0	0	0	0	0	0	0	0	0	0	0	0	0	0
66	A	T	ORF	S	NULL	0	0	0	0	0	0	0	0	0	0	0	0	0	0	0	0	0	0	0	0	0	0	0	0	0	0	0	0	0	0	0	0	0	0	0	0	0	0	0	0	0	0	0	0	0	0	0	0	0	0	0	0	0	0
67	A	T	ORF	S	NULL	0	0	0	0	0	0	0	0	0	0	0	0	0	0	0	0	0	0	0	0	0	0	0	0	0	0	0	0	0	0	0	0	0	0	0	0	0	0	0	0	0	0	0	0	0	0	0	0	0	0	0	0	0	0
68	A	T	ORF	S	NULL	0	0	0	0	0	0	0	0	0	0	0	0	0	0	0	0	0	0	0	0	0	0	0	0	0	0	0	0	0	0	0	0	0	0	0	0	0	0	0	0	0	0	0	0	0	0	0	0	0	0	0	0	0	0
69	A	T	ORF	S	NULL	0	0	0	0	0	0	0	0	0	0	0	0	0	0	0	0	0	0	0	0	0	0	0	0	0	0	0	0	0	0	0	0	0	0	0	0	0	0	0	0	0	0	0	0	0	0	0	0	0	0	0	0	0	0
70	A	T	ORF	S	NULL	0	0	0	0	0.00736364	0.76822	0.0576226	0.000100083	0.160419	0.999956	0.103422	0.000142615	0.000104147	0.00619138	0.0001	0.256175	0.999956	0.000362787	0.0631587	0.0411275	0.999261	0.450456	0.0001	0.745288	0.0001	0.19046	0.536177	0.127511	0.000100008	0.000110187	0.000123679	0.000140771	0.000145763	0.000112885	0.104112	0.000142244	0.249306	0.245144	0.517166	0.923303	0.427419	0.000120072	0.217116	0.338599	0.203586	0.489293	0.00010032	0.0293122	0.000112866	0.000112372	0.000412411	0.000129262	0.000124792	0.000139153
71	A	T	ORF	S	NULL	0	0	0	0	0	0	0	0	0	0	0	0	0	0	0	0	0	0	0	0	0	0	0	0	0	0	0	0	0	0	0	0	0	0	0	0	0	0	0	0	0	0	0	0	0	0	0	0	0	0	0	0	0	0
72	A	T	ORF	S	NULL	0	0	0	0	0	0	0	0	0	0	0	0	0	0	0	0	0	0	0	0	0	0	0	0	0	0	0	0	0	0	0	0	0	0	0	0	0	0	0	0	0	0	0	0	0	0	0	0	0	0	0	0	0	0
73	A	T	ORF	S	NULL	0	0	0	0	0.157375	0.000107662	0.556784	0.150111	0.268678	0.0001	0.000209228	0.326584	0.000144056	0.137113	0.00119429	0.000107848	0.0001	0.433697	0.408144	0.000124069	0.000126385	0.0522183	0.0001	0.0001	0.0001	0.136193	0.000126535	0.600455	0.999968	0.776183	0.000121778	0.0841488	0.000100059	0.000211053	0.000142619	0.000100479	0.432398	0.0591707	0.396155	0.0001	0.000209577	0.000161302	0.239314	0.301485	0.192516	0.0343599	0.000100062	0.0545544	0.000112899	0.0002109	0.0726171	0.842209	0.000124915	0.000139151
74	A	T	ORF	S	NULL	0	0	0	0	0	0	0	0	0	0	0	0	0	0	0	0	0	0	0	0	0	0	0	0	0	0	0	0	0	0	0	0	0	0	0	0	0	0	0	0	0	0	0	0	0	0	0	0	0	0	0	0	0	0
75	A	T	ORF	S	NULL	0	0	0	0	0	0	0	0	0	0	0	0	0	0	0	0	0	0	0	0	0	0	0	0	0	0	0	0	0	0	0	0	0	0	0	0	0	0	0	0	0	0	0	0	0	0	0	0	0	0	0	0	0	0
76	A	T	ORF	S	NULL	0	0	0	0	0	0	0	0	0	0	0	0	0	0	0	0	0	0	0	0	0	0	0	0	0	0	0	0	0	0	0	0	0	0	0	0	0	0	0	0	0	0	0	0	0	0	0	0	0	0	0	0	0	0
77	A	T	ORF	S	NULL	0	0	0	0	0	0	0	0	0	0	0	0	0	0	0	0	0	0	0	0	0	0	0	0	0	0	0	0	0	0	0	0	0	0	0	0	0	0	0	0	0	0	0	0	0	0	0	0	0	0	0	0	0	0
78	A	T	ORF	S	NULL	0	0	0	0	0	0	0	0	0	0	0	0	0	0	0	0	0	0	0	0	0	0	0	0	0	0	0	0	0	0	0	0	0	0	0	0	0	0	0	0	0	0	0	0	0	0	0	0	0	0	0	0	0	0
79	A	T	ORF	S	NULL	0	0	0	0	0	0	0	0	0	0	0	0	0	0	0	0	0	0	0	0	0	0	0	0	0	0	0	0	0	0	0	0	0	0	0	0	0	0	0	0	0	0	0	0	0	0	0	0	0	0	0	0	0	0
80	A	T	ORF	S	NULL	0	0	0	0	0	0	0	0	0	0	0	0	0	0	0	0	0	0	0	0	0	0	0	0	0	0	0	0	0	0	0	0	0	0	0	0	0	0	0	0	0	0	0	0	0	0	0	0	0	0	0	0	0	0
81	A	T	ORF	S	NULL	0	0	0	0	0	0	0	0	0	0	0	0	0	0	0	0	0	0	0	0	0	0	0	0	0	0	0	0	0	0	0	0	0	0	0	0	0	0	0	0	0	0	0	0	0	0	0	0	0	0	0	0	0	0
82	A	T	ORF	S	NULL	0	0	0	0	0	0	0	0	0	0	0	0	0	0	0	0	0	0	0	0	0	0	0	0	0	0	0	0	0	0	0	0	0	0	0	0	0	0	0	0	0	0	0	0	0	0	0	0	0	0	0	0	0	0
83	A	T	ORF	S	NULL	0	0	0	0	0	0	0	0	0	0	0	0	0	0	0	0	0	0	0	0	0	0	0	0	0	0	0	0	0	0	0	0	0	0	0	0	0	0	0	0	0	0	0	0	0	0	0	0	0	0	0	0	0	0
84	A	T	ORF	S	NULL	0	0	0	0	0	0	0	0	0	0	0	0	0	0	0	0	0	0	0	0	0	0	0	0	0	0	0	0	0	0	0	0	0	0	0	0	0	0	0	0	0	0	0	0	0	0	0	0	0	0	0	0	0	0
85	A	T	ORF	S	NULL	0	0	0	0	0.00736364	0.76822	0.0576226	0.000100083	0.160419	0.999956	0.103422	0.000142615	0.000104147	0.00619138	0.0001	0.256175	0.999956	0.000362787	0.0631587	0.0411275	0.999261	0.450456	0.0001	0.745288	0.0001	0.19046	0.536177	0.127511	0.000100008	0.000110187	0.000123679	0.000140771	0.000145763	0.000112885	0.104112	0.000142244	0.249306	0.245144	0.517166	0.923303	0.427419	0.000120072	0.217116	0.338599	0.203586	0.489293	0.00010032	0.0293122	0.000112866	0.000112372	0.000412411	0.000129262	0.000124792	0.000139153
86	A	T	ORF	S	NULL	0	0	0	0	0	0	0	0	0	0	0	0	0	0	0	0	0	0	0	0	0	0	0	0	0	0	0	0	0	0	0	0	0	0	0	0	0	0	0	0	0	0	0	0	0	0	0	0	0	0	0	0	0	0
87	A	T	ORF	S	NULL	0	0	0	0	0	0	0	0	0	0	0	0	0	0	0	0	0	0	0	0	0	0	0	0	0	0	0	0	0	0	0	0	0	0	0	0	0	0	0	0	0	0	0	0	0	0	0	0	0	0	0	0	0	0
88	A	T	ORF	S	NULL	0	0	0	0	0	0	0	0	0	0	0	0	0	0	0	0	0	0	0	0	0	0	0	0	0	0	0	0	0	0	0	0	0	0	0	0	0	0	0	0	0	0	0	0	0	0	0	0	0	0	0	0	0	0
89	A	T	ORF	S	NULL	0	0	0	0	0	0	0	0	0	0	0	0	0	0	0	0	0	0	0	0	0	0	0	0	0	0	0	0	0	0	0	0	0	0	0	0	0	0	0	0	0	0	0	0	0	0	0	0	0	0	0	0	0	0
90	A	T	ORF	S	NULL	0	0	0	0	0	0	0	0	0	0	0	0	0	0	0	0	0	0	0	0	0	0	0	0	0	0	0	0	0	0	0	0	0	0	0	0	0	0	0	0	0	0	0	0	0	0	0	0	0	0	0	0	0	0
91	A	T	ORF	S	NULL	0	0	0	0	0	0	0	0	0	0	0	0	0	0	0	0	0	0	0	0	0	0	0	0	0	0	0	0	0	0	0	0	0	0	0	0	0	0	0	0	0	0	0	0	0	0	0	0	0	0	0	0	0	0
92	A	T	ORF	S	NULL	0	0	0	0	0	0	0	0	0	0	0	0	0	0	0	0	0	0	0	0	0	0	0	0	0	0	0	0	0	0	0	0	0	0	0	0	0	0	0	0	0	0	0	0	0	0	0	0	0	0	0	0	0	0
93	A	T	ORF	S	NULL	0	0	0	0	0.482328	0.000187617	0.111412	0.350287	0.146446	0.0001	0.00031437	0.624371	0.984307	0.856242	0.000171603	0.459303	0.0001	0.523635	0.000245785	0.000198412	0.000199313	0.205345	0.0001	0.000139232	0.0001	0.114441	0.000202857	0.0745717	0.000100067	0.223207	0.00019742	0.915292	0.4302	0.000176329	0.00016622	0.551235	0.0214192	0.000192355	0.000262422	0.000135815	0.000363705	0.794291	0.543284	0.33355	0.0423772	0.278473	0.482304	0.130306	0.346296	0.000149169	0.259701	0.157226	0.999327	0.000173759
94	A	T	ORF	S	NULL	0	0	0	0	0	0	0	0	0	0	0	0	0	0	0	0	0	0	0	0	0	0	0	0	0	0	0	0	0	0	0	0	0	0	0	0	0	0	0	0	0	0	0	0	0	0	0	0	0	0	0	0	0	0
95	A	T	ORF	S	NULL	0	0	0	0	0.482328	0.000187617	0.111412	0.350287	0.146446	0.0001	0.00031437	0.624371	0.984307	0.856242	0.000171603	0.459303	0.0001	0.523635	0.000245785	0.000198412	0.000199313	0.205345	0.0001	0.000139232	0.0001	0.114441	0.000202857	0.0745717	0.000100067	0.223207	0.00019742	0.915292	0.4302	0.000176329	0.00016622	0.551235	0.0214192	0.000192355	0.000262422	0.000135815	0.000363705	0.794291	0.543284	0.33355	0.0423772	0.278473	0.482304	0.130306	0.346296	0.000149169	0.259701	0.157226	0.999327	0.000173759
96	A	T	ORF	S	NULL	0	0	0	0	0.482328	0.000187617	0.111412	0.350287	0.146446	0.0001	0.00031437	0.624371	0.984307	0.856242	0.000171603	0.459303	0.0001	0.523635	0.000245785	0.000198412	0.000199313	0.205345	0.0001	0.000139232	0.0001	0.114441	0.000202857	0.0745717	0.000100067	0.223207	0.00019742	0.915292	0.4302	0.000176329	0.00016622	0.551235	0.0214192	0.000192355	0.000262422	0.000135815	0.000363705	0.794291	0.543284	0.33355	0.0423772	0.278473	0.482304	0.130306	0.346296	0.000149169	0.259701	0.157226	0.999327	0.000173759
97	A	T	ORF	S	NULL	0	0	0	0	0	0	0	0	0	0	0	0	0	0	0	0	0	0	0	0	0	0	0	0	0	0	0	0	0	0	0	0	0	0	0	0	0	0	0	0	0	0	0	0	0	0	0	0	0	0	0	0	0	0
98	A	T	ORF	S	NULL	0	0	0	0	0	0	0	0	0	0	0	0	0	0	0	0	0	0	0	0	0	0	0	0	0	0	0	0	0	0	0	0	0	0	0	0	0	0	0	0	0	0	0	0	0	0	0	0	0	0	0	0	0	0
99	A	T	ORF	S	NULL	0	0	0	0	0	0	0	0	0	0	0	0	0	0	0	0	0	0	0	0	0	0	0	0	0	0	0	0	0	0	0	0	0	0	0	0	0	0	0	0	0	0	0	0	0	0	0	0	0	0	0	0	0	0
100	A	T	ORF	S	NULL	0	0	0	0	0	0	0	0	0	0	0	0	0	0	0	0	0	0	0	0	0	0	0	0	0	0	0	0	0	0	0	0	0	0	0	0	0	0	0	0	0	0	0	0	0	0	0	0	0	0	0	0	0	0
