pos	ref	alt	gene	N/S	AA	nSRAsubclonal	nSRAclonal	nSRA	nConsensus	sample0|Earth	sample1|Earth	sample2|Earth	sample3|Earth	sample4|Earth	sample5|Earth	sample6|Earth	sample7|Earth	sample8|Earth	sample9|Earth	sample10|Earth	sample11|Earth	sample12|Earth	sample13|Earth	sample14|Earth	sample15|Earth	sample16|Earth	sample17|Earth	sample18|Earth	sample19|Earth	sample20|Earth	sample21|Earth	sample22|Earth	sample23|Earth	sample24|Earth	sample25|Earth	sample26|Earth	sample27|Earth	sample28|Earth	sample29|Earth	sample30|Earth	sample31|Earth	sample32|Earth	sample33|Earth	sample34|Earth	sample35|Earth	sample36|Earth	sample37|Earth	sample38|Earth	sample39|Earth	sample40|Earth	sample41|Earth	sample42|Earth	sample43|Earth	sample44|Earth	sample45|Earth	sample46|Earth	sample47|Earth	sample48|Earth	sample49|Earth
1	A	T	ORF	S	NULL	0	0	0	0	0	0	0	0	0	0	0	0	0	0	0	0	0	0	0	0	0	0	0	0	0	0	0	0	0	0	0	0	0	0	0	0	0	0	0	0	0	0	0	0	0	0	0	0	0	0	0	0	0	0
2	A	T	ORF	S	NULL	0	0	0	0	0	0	0	0	0	0	0	0	0	0	0	0	0	0	0	0	0	0	0	0	0	0	0	0	0	0	0	0	0	0	0	0	0	0	0	0	0	0	0	0	0	0	0	0	0	0	0	0	0	0
3	A	T	ORF	S	NULL	0	0	0	0	0.0573662	0.231282	0.116534	0.499306	0.1798	0.0001	0.606495	0.000388072	0.0152545	0.000287239	0.000176522	0.000245404	0.0001	0.0367369	0.000245286	0.958395	0.000264328	0.0804298	0.000100006	0.000193242	0.999984	0.000425969	0.372322	0.0267804	0.0001	0.000357092	0.815377	0.000244274	0.000311613	0.501311	0.895456	0.000343655	0.137558	0.695351	0.086266	0.000186748	0.25351	0.0002638	0.000210226	0.0226577	0.305117	0.140452	0.209268	0.000392173	0.653336	0.999338	0.493731	0.000275581	0.000274542	0.999369
4	A	T	ORF	S	NULL	0	0	0	0	0.0573662	0.231282	0.116534	0.499306	0.1798	0.0001	0.606495	0.000388072	0.0152545	0.000287239	0.000176522	0.000245404	0.0001	0.0367369	0.000245286	0.958395	0.000264328	0.0804298	0.000100006	0.000193242	0.999984	0.000425969	0.372322	0.0267804	0.0001	0.000357092	0.815377	0.000244274	0.000311613	0.501311	0.895456	0.000343655	0.137558	0.695351	0.086266	0.000186748	0.25351	0.0002638	0.000210226	0.0226577	0.305117	0.140452	0.209268	0.000392173	0.653336	0.999338	0.493731	0.000275581	0.000274542	0.999369
5	A	T	ORF	S	NULL	0	0	0	0	0	0	0	0	0	0	0	0	0	0	0	0	0	0	0	0	0	0	0	0	0	0	0	0	0	0	0	0	0	0	0	0	0	0	0	0	0	0	0	0	0	0	0	0	0	0	0	0	0	0
6	A	T	ORF	S	NULL	0	0	0	0	0.295561	0.000190964	0.157637	0.000194827	0.244647	0.000100001	0.289551	0.0485094	0.00019053	0.000165568	0.998403	0.284162	0.000100001	0.00556297	0.528193	0.000149876	0.000135578	0.211541	0.999983	0.254316	0.0001	0.558469	0.0911624	0.170669	0.0001	0.000130681	0.184174	0.000173592	0.569265	0.498178	0.000118158	0.448176	0.159306	0.000134843	0.000139056	0.0762827	0.318487	0.205161	0.0001	0.00370099	0.256392	0.0574152	0.308234	0.78542	0.000137983	0.000184329	0.173533	0.000149212	0.000149628	0.000173634
7	A	T	ORF	S	NULL	0	0	0	0	0	0	0	0	0	0	0	0	0	0	0	0	0	0	0	0	0	0	0	0	0	0	0	0	0	0	0	0	0	0	0	0	0	0	0	0	0	0	0	0	0	0	0	0	0	0	0	0	0	0
8	A	T	ORF	S	NULL	0	0	0	0	0.157382	0.000104423	0.556796	0.150115	0.268686	0.0001	0.000212066	0.326591	0.000144319	0.137116	0.00120303	0.000109625	0.0001	0.433707	0.408158	0.000125393	0.00012097	0.052219	0.000100007	0.000100001	0.0001	0.1362	0.000125196	0.600471	0.999982	0.776202	0.000124753	0.0841509	0.000100003	0.000218383	0.000143319	0.000102533	0.432409	0.0591716	0.396162	0.0001	0.000210573	0.000163659	0.239316	0.30149	0.192523	0.0343589	0.000100029	0.0545623	0.00011385	0.000212727	0.0726216	0.842229	0.000125324	0.000140678
9	A	T	ORF	S	NULL	0	0	0	0	0	0	0	0	0	0	0	0	0	0	0	0	0	0	0	0	0	0	0	0	0	0	0	0	0	0	0	0	0	0	0	0	0	0	0	0	0	0	0	0	0	0	0	0	0	0	0	0	0	0
10	A	T	ORF	S	NULL	0	0	0	0	0	0	0	0	0	0	0	0	0	0	0	0	0	0	0	0	0	0	0	0	0	0	0	0	0	0	0	0	0	0	0	0	0	0	0	0	0	0	0	0	0	0	0	0	0	0	0	0	0	0
11	A	T	ORF	S	NULL	0	0	0	0	0	0	0	0	0	0	0	0	0	0	0	0	0	0	0	0	0	0	0	0	0	0	0	0	0	0	0	0	0	0	0	0	0	0	0	0	0	0	0	0	0	0	0	0	0	0	0	0	0	0
12	A	T	ORF	S	NULL	0	0	0	0	0	0	0	0	0	0	0	0	0	0	0	0	0	0	0	0	0	0	0	0	0	0	0	0	0	0	0	0	0	0	0	0	0	0	0	0	0	0	0	0	0	0	0	0	0	0	0	0	0	0
13	A	T	ORF	S	NULL	0	0	0	0	0.295561	0.000190964	0.157637	0.000194827	0.244647	0.000100001	0.289551	0.0485094	0.00019053	0.000165568	0.998403	0.284162	0.000100001	0.00556297	0.528193	0.000149876	0.000135578	0.211541	0.999983	0.254316	0.0001	0.558469	0.0911624	0.170669	0.0001	0.000130681	0.184174	0.000173592	0.569265	0.498178	0.000118158	0.448176	0.159306	0.000134843	0.000139056	0.0762827	0.318487	0.205161	0.0001	0.00370099	0.256392	0.0574152	0.308234	0.78542	0.000137983	0.000184329	0.173533	0.000149212	0.000149628	0.000173634
14	A	T	ORF	S	NULL	0	0	0	0	0	0	0	0	0	0	0	0	0	0	0	0	0	0	0	0	0	0	0	0	0	0	0	0	0	0	0	0	0	0	0	0	0	0	0	0	0	0	0	0	0	0	0	0	0	0	0	0	0	0
15	A	T	ORF	S	NULL	0	0	0	0	0.482328	0.000182434	0.11141	0.350286	0.146445	0.0001	0.000315675	0.624369	0.984306	0.85624	0.000176355	0.459301	0.0001	0.523632	0.000245132	0.000199946	0.00019169	0.205342	0.000100003	0.000134998	0.0001	0.11444	0.00020016	0.0745673	0.0001	0.223202	0.000199723	0.91529	0.430201	0.00017901	0.000167307	0.551235	0.0214156	0.00019169	0.000255374	0.000129967	0.000362516	0.794291	0.543279	0.333546	0.042377	0.278468	0.482304	0.13031	0.346298	0.000151067	0.259702	0.15722	0.999325	0.000175678
16	A	T	ORF	S	NULL	0	0	0	0	0.00736341	0.768241	0.0576226	0.000100186	0.160422	0.99997	0.103425	0.000142553	0.000104684	0.00619105	0.000100012	0.256183	0.99997	0.000361313	0.0631581	0.0411298	0.999287	0.450469	0.000100011	0.745306	0.0001	0.190464	0.536191	0.127512	0.0001	0.000107867	0.000125069	0.000140842	0.000147324	0.000113834	0.104115	0.000142528	0.24931	0.24515	0.517177	0.923326	0.42743	0.00012069	0.217121	0.338605	0.203591	0.489306	0.000100081	0.0293154	0.00011385	0.000113752	0.000413083	0.000126172	0.000125325	0.000140678
17	A	T	ORF	S	NULL	0	0	0	0	0.452942	0.000295387	0.714433	0.15031	0.513333	0.000200001	0.289763	0.375101	0.000334849	0.137282	0.999606	0.284271	0.000200001	0.43927	0.936351	0.00027527	0.000256548	0.26376	1.00008	0.254416	0.0002	0.694669	0.0912876	0.77114	1.00008	0.776333	0.184298	0.0843245	0.569366	0.498396	0.000261477	0.448279	0.591715	0.0593065	0.396301	0.0763827	0.318698	0.205325	0.239416	0.305191	0.448915	0.0917741	0.308335	0.839983	0.000251832	0.000397056	0.246154	0.842378	0.000274952	0.000314312
18	A	T	ORF	S	NULL	0	0	0	0	0	0	0	0	0	0	0	0	0	0	0	0	0	0	0	0	0	0	0	0	0	0	0	0	0	0	0	0	0	0	0	0	0	0	0	0	0	0	0	0	0	0	0	0	0	0	0	0	0	0
19	A	T	ORF	S	NULL	0	0	0	0	0	0	0	0	0	0	0	0	0	0	0	0	0	0	0	0	0	0	0	0	0	0	0	0	0	0	0	0	0	0	0	0	0	0	0	0	0	0	0	0	0	0	0	0	0	0	0	0	0	0
20	A	T	ORF	S	NULL	0	0	0	0	0	0	0	0	0	0	0	0	0	0	0	0	0	0	0	0	0	0	0	0	0	0	0	0	0	0	0	0	0	0	0	0	0	0	0	0	0	0	0	0	0	0	0	0	0	0	0	0	0	0
21	A	T	ORF	S	NULL	0	0	0	0	0	0	0	0	0	0	0	0	0	0	0	0	0	0	0	0	0	0	0	0	0	0	0	0	0	0	0	0	0	0	0	0	0	0	0	0	0	0	0	0	0	0	0	0	0	0	0	0	0	0
22	A	T	ORF	S	NULL	0	0	0	0	0	0	0	0	0	0	0	0	0	0	0	0	0	0	0	0	0	0	0	0	0	0	0	0	0	0	0	0	0	0	0	0	0	0	0	0	0	0	0	0	0	0	0	0	0	0	0	0	0	0
23	A	T	ORF	S	NULL	0	0	0	0	0	0	0	0	0	0	0	0	0	0	0	0	0	0	0	0	0	0	0	0	0	0	0	0	0	0	0	0	0	0	0	0	0	0	0	0	0	0	0	0	0	0	0	0	0	0	0	0	0	0
24	A	T	ORF	S	NULL	0	0	0	0	0	0	0	0	0	0	0	0	0	0	0	0	0	0	0	0	0	0	0	0	0	0	0	0	0	0	0	0	0	0	0	0	0	0	0	0	0	0	0	0	0	0	0	0	0	0	0	0	0	0
25	A	T	ORF	S	NULL	0	0	0	0	0	0	0	0	0	0	0	0	0	0	0	0	0	0	0	0	0	0	0	0	0	0	0	0	0	0	0	0	0	0	0	0	0	0	0	0	0	0	0	0	0	0	0	0	0	0	0	0	0	0
26	A	T	ORF	S	NULL	0	0	0	0	0	0	0	0	0	0	0	0	0	0	0	0	0	0	0	0	0	0	0	0	0	0	0	0	0	0	0	0	0	0	0	0	0	0	0	0	0	0	0	0	0	0	0	0	0	0	0	0	0	0
27	A	T	ORF	S	NULL	0	0	0	0	0.00736341	0.768241	0.0576226	0.000100186	0.160422	0.99997	0.103425	0.000142553	0.000104684	0.00619105	0.000100012	0.256183	0.99997	0.000361313	0.0631581	0.0411298	0.999287	0.450469	0.000100011	0.745306	0.0001	0.190464	0.536191	0.127512	0.0001	0.000107867	0.000125069	0.000140842	0.000147324	0.000113834	0.104115	0.000142528	0.24931	0.24515	0.517177	0.923326	0.42743	0.00012069	0.217121	0.338605	0.203591	0.489306	0.000100081	0.0293154	0.00011385	0.000113752	0.000413083	0.000126172	0.000125325	0.000140678
28	A	T	ORF	S	NULL	0	0	0	0	0	0	0	0	0	0	0	0	0	0	0	0	0	0	0	0	0	0	0	0	0	0	0	0	0	0	0	0	0	0	0	0	0	0	0	0	0	0	0	0	0	0	0	0	0	0	0	0	0	0
29	A	T	ORF	S	NULL	0	0	0	0	0	0	0	0	0	0	0	0	0	0	0	0	0	0	0	0	0	0	0	0	0	0	0	0	0	0	0	0	0	0	0	0	0	0	0	0	0	0	0	0	0	0	0	0	0	0	0	0	0	0
30	A	T	ORF	S	NULL	0	0	0	0	0	0	0	0	0	0	0	0	0	0	0	0	0	0	0	0	0	0	0	0	0	0	0	0	0	0	0	0	0	0	0	0	0	0	0	0	0	0	0	0	0	0	0	0	0	0	0	0	0	0
31	A	T	ORF	S	NULL	0	0	0	0	0	0	0	0	0	0	0	0	0	0	0	0	0	0	0	0	0	0	0	0	0	0	0	0	0	0	0	0	0	0	0	0	0	0	0	0	0	0	0	0	0	0	0	0	0	0	0	0	0	0
32	A	T	ORF	S	NULL	0	0	0	0	0.482328	0.000182434	0.11141	0.350286	0.146445	0.0001	0.000315675	0.624369	0.984306	0.85624	0.000176355	0.459301	0.0001	0.523632	0.000245132	0.000199946	0.00019169	0.205342	0.000100003	0.000134998	0.0001	0.11444	0.00020016	0.0745673	0.0001	0.223202	0.000199723	0.91529	0.430201	0.00017901	0.000167307	0.551235	0.0214156	0.00019169	0.000255374	0.000129967	0.000362516	0.794291	0.543279	0.333546	0.042377	0.278468	0.482304	0.13031	0.346298	0.000151067	0.259702	0.15722	0.999325	0.000175678
33	A	T	ORF	S	NULL	0	0	0	0	0.0573662	0.231282	0.116534	0.499306	0.1798	0.0001	0.606495	0.000388072	0.0152545	0.000287239	0.000176522	0.000245404	0.0001	0.0367369	0.000245286	0.958395	0.000264328	0.0804298	0.000100006	0.000193242	0.999984	0.000425969	0.372322	0.0267804	0.0001	0.000357092	0.815377	0.000244274	0.000311613	0.501311	0.895456	0.000343655	0.137558	0.695351	0.086266	0.000186748	0.25351	0.0002638	0.000210226	0.0226577	0.305117	0.140452	0.209268	0.000392173	0.653336	0.999338	0.493731	0.000275581	0.000274542	0.999369
34	A	T	ORF	S	NULL	0	0	0	0	0	0	0	0	0	0	0	0	0	0	0	0	0	0	0	0	0	0	0	0	0	0	0	0	0	0	0	0	0	0	0	0	0	0	0	0	0	0	0	0	0	0	0	0	0	0	0	0	0	0
35	A	T	ORF	S	NULL	0	0	0	0	0	0	0	0	0	0	0	0	0	0	0	0	0	0	0	0	0	0	0	0	0	0	0	0	0	0	0	0	0	0	0	0	0	0	0	0	0	0	0	0	0	0	0	0	0	0	0	0	0	0
36	A	T	ORF	S	NULL	0	0	0	0	0	0	0	0	0	0	0	0	0	0	0	0	0	0	0	0	0	0	0	0	0	0	0	0	0	0	0	0	0	0	0	0	0	0	0	0	0	0	0	0	0	0	0	0	0	0	0	0	0	0
37	A	T	ORF	S	NULL	0	0	0	0	0	0	0	0	0	0	0	0	0	0	0	0	0	0	0	0	0	0	0	0	0	0	0	0	0	0	0	0	0	0	0	0	0	0	0	0	0	0	0	0	0	0	0	0	0	0	0	0	0	0
38	A	T	ORF	S	NULL	0	0	0	0	0	0	0	0	0	0	0	0	0	0	0	0	0	0	0	0	0	0	0	0	0	0	0	0	0	0	0	0	0	0	0	0	0	0	0	0	0	0	0	0	0	0	0	0	0	0	0	0	0	0
39	A	T	ORF	S	NULL	0	0	0	0	0	0	0	0	0	0	0	0	0	0	0	0	0	0	0	0	0	0	0	0	0	0	0	0	0	0	0	0	0	0	0	0	0	0	0	0	0	0	0	0	0	0	0	0	0	0	0	0	0	0
40	A	T	ORF	S	NULL	0	0	0	0	0	0	0	0	0	0	0	0	0	0	0	0	0	0	0	0	0	0	0	0	0	0	0	0	0	0	0	0	0	0	0	0	0	0	0	0	0	0	0	0	0	0	0	0	0	0	0	0	0	0
41	A	T	ORF	S	NULL	0	0	0	0	0	0	0	0	0	0	0	0	0	0	0	0	0	0	0	0	0	0	0	0	0	0	0	0	0	0	0	0	0	0	0	0	0	0	0	0	0	0	0	0	0	0	0	0	0	0	0	0	0	0
42	A	T	ORF	S	NULL	0	0	0	0	0.157382	0.000104423	0.556796	0.150115	0.268686	0.0001	0.000212066	0.326591	0.000144319	0.137116	0.00120303	0.000109625	0.0001	0.433707	0.408158	0.000125393	0.00012097	0.052219	0.000100007	0.000100001	0.0001	0.1362	0.000125196	0.600471	0.999982	0.776202	0.000124753	0.0841509	0.000100003	0.000218383	0.000143319	0.000102533	0.432409	0.0591716	0.396162	0.0001	0.000210573	0.000163659	0.239316	0.30149	0.192523	0.0343589	0.000100029	0.0545623	0.00011385	0.000212727	0.0726216	0.842229	0.000125324	0.000140678
43	A	T	ORF	S	NULL	0	0	0	0	0	0	0	0	0	0	0	0	0	0	0	0	0	0	0	0	0	0	0	0	0	0	0	0	0	0	0	0	0	0	0	0	0	0	0	0	0	0	0	0	0	0	0	0	0	0	0	0	0	0
44	A	T	ORF	S	NULL	0	0	0	0	0.157382	0.000104423	0.556796	0.150115	0.268686	0.0001	0.000212066	0.326591	0.000144319	0.137116	0.00120303	0.000109625	0.0001	0.433707	0.408158	0.000125393	0.00012097	0.052219	0.000100007	0.000100001	0.0001	0.1362	0.000125196	0.600471	0.999982	0.776202	0.000124753	0.0841509	0.000100003	0.000218383	0.000143319	0.000102533	0.432409	0.0591716	0.396162	0.0001	0.000210573	0.000163659	0.239316	0.30149	0.192523	0.0343589	0.000100029	0.0545623	0.00011385	0.000212727	0.0726216	0.842229	0.000125324	0.000140678
45	A	T	ORF	S	NULL	0	0	0	0	0	0	0	0	0	0	0	0	0	0	0	0	0	0	0	0	0	0	0	0	0	0	0	0	0	0	0	0	0	0	0	0	0	0	0	0	0	0	0	0	0	0	0	0	0	0	0	0	0	0
46	A	T	ORF	S	NULL	0	0	0	0	0.302924	0.768432	0.21526	0.000295013	0.405069	1.00007	0.392977	0.048652	0.000295214	0.00635662	0.998503	0.540344	1.00007	0.00592429	0.591351	0.0412796	0.999423	0.66201	1.00008	0.999622	0.0002	0.748934	0.627353	0.298182	0.0002	0.000238548	0.184299	0.000314434	0.569413	0.498291	0.104233	0.448319	0.408617	0.245285	0.517316	0.999608	0.745917	0.205282	0.217221	0.342306	0.459983	0.546721	0.308335	0.814736	0.000251833	0.00029808	0.173946	0.000275385	0.000274953	0.000314313
47	A	T	ORF	S	NULL	0	0	0	0	0	0	0	0	0	0	0	0	0	0	0	0	0	0	0	0	0	0	0	0	0	0	0	0	0	0	0	0	0	0	0	0	0	0	0	0	0	0	0	0	0	0	0	0	0	0	0	0	0	0
48	A	T	ORF	S	NULL	0	0	0	0	0	0	0	0	0	0	0	0	0	0	0	0	0	0	0	0	0	0	0	0	0	0	0	0	0	0	0	0	0	0	0	0	0	0	0	0	0	0	0	0	0	0	0	0	0	0	0	0	0	0
49	A	T	ORF	S	NULL	0	0	0	0	0	0	0	0	0	0	0	0	0	0	0	0	0	0	0	0	0	0	0	0	0	0	0	0	0	0	0	0	0	0	0	0	0	0	0	0	0	0	0	0	0	0	0	0	0	0	0	0	0	0
50	A	T	ORF	S	NULL	0	0	0	0	0	0	0	0	0	0	0	0	0	0	0	0	0	0	0	0	0	0	0	0	0	0	0	0	0	0	0	0	0	0	0	0	0	0	0	0	0	0	0	0	0	0	0	0	0	0	0	0	0	0
51	A	T	ORF	S	NULL	0	0	0	0	0.00736341	0.768241	0.0576226	0.000100186	0.160422	0.99997	0.103425	0.000142553	0.000104684	0.00619105	0.000100012	0.256183	0.99997	0.000361313	0.0631581	0.0411298	0.999287	0.450469	0.000100011	0.745306	0.0001	0.190464	0.536191	0.127512	0.0001	0.000107867	0.000125069	0.000140842	0.000147324	0.000113834	0.104115	0.000142528	0.24931	0.24515	0.517177	0.923326	0.42743	0.00012069	0.217121	0.338605	0.203591	0.489306	0.000100081	0.0293154	0.00011385	0.000113752	0.000413083	0.000126172	0.000125325	0.000140678
52	A	T	ORF	S	NULL	0	0	0	0	0.157382	0.000104423	0.556796	0.150115	0.268686	0.0001	0.000212066	0.326591	0.000144319	0.137116	0.00120303	0.000109625	0.0001	0.433707	0.408158	0.000125393	0.00012097	0.052219	0.000100007	0.000100001	0.0001	0.1362	0.000125196	0.600471	0.999982	0.776202	0.000124753	0.0841509	0.000100003	0.000218383	0.000143319	0.000102533	0.432409	0.0591716	0.396162	0.0001	0.000210573	0.000163659	0.239316	0.30149	0.192523	0.0343589	0.000100029	0.0545623	0.00011385	0.000212727	0.0726216	0.842229	0.000125324	0.000140678
53	A	T	ORF	S	NULL	0	0	0	0	0	0	0	0	0	0	0	0	0	0	0	0	0	0	0	0	0	0	0	0	0	0	0	0	0	0	0	0	0	0	0	0	0	0	0	0	0	0	0	0	0	0	0	0	0	0	0	0	0	0
54	A	T	ORF	S	NULL	0	0	0	0	0.295561	0.000190964	0.157637	0.000194827	0.244647	0.000100001	0.289551	0.0485094	0.00019053	0.000165568	0.998403	0.284162	0.000100001	0.00556297	0.528193	0.000149876	0.000135578	0.211541	0.999983	0.254316	0.0001	0.558469	0.0911624	0.170669	0.0001	0.000130681	0.184174	0.000173592	0.569265	0.498178	0.000118158	0.448176	0.159306	0.000134843	0.000139056	0.0762827	0.318487	0.205161	0.0001	0.00370099	0.256392	0.0574152	0.308234	0.78542	0.000137983	0.000184329	0.173533	0.000149212	0.000149628	0.000173634
55	A	T	ORF	S	NULL	0	0	0	0	0.0573662	0.231282	0.116534	0.499306	0.1798	0.0001	0.606495	0.000388072	0.0152545	0.000287239	0.000176522	0.000245404	0.0001	0.0367369	0.000245286	0.958395	0.000264328	0.0804298	0.000100006	0.000193242	0.999984	0.000425969	0.372322	0.0267804	0.0001	0.000357092	0.815377	0.000244274	0.000311613	0.501311	0.895456	0.000343655	0.137558	0.695351	0.086266	0.000186748	0.25351	0.0002638	0.000210226	0.0226577	0.305117	0.140452	0.209268	0.000392173	0.653336	0.999338	0.493731	0.000275581	0.000274542	0.999369
56	A	T	ORF	S	NULL	0	0	0	0	0	0	0	0	0	0	0	0	0	0	0	0	0	0	0	0	0	0	0	0	0	0	0	0	0	0	0	0	0	0	0	0	0	0	0	0	0	0	0	0	0	0	0	0	0	0	0	0	0	0
57	A	T	ORF	S	NULL	0	0	0	0	0	0	0	0	0	0	0	0	0	0	0	0	0	0	0	0	0	0	0	0	0	0	0	0	0	0	0	0	0	0	0	0	0	0	0	0	0	0	0	0	0	0	0	0	0	0	0	0	0	0
58	A	T	ORF	S	NULL	0	0	0	0	0	0	0	0	0	0	0	0	0	0	0	0	0	0	0	0	0	0	0	0	0	0	0	0	0	0	0	0	0	0	0	0	0	0	0	0	0	0	0	0	0	0	0	0	0	0	0	0	0	0
59	A	T	ORF	S	NULL	0	0	0	0	0	0	0	0	0	0	0	0	0	0	0	0	0	0	0	0	0	0	0	0	0	0	0	0	0	0	0	0	0	0	0	0	0	0	0	0	0	0	0	0	0	0	0	0	0	0	0	0	0	0
60	A	T	ORF	S	NULL	0	0	0	0	0	0	0	0	0	0	0	0	0	0	0	0	0	0	0	0	0	0	0	0	0	0	0	0	0	0	0	0	0	0	0	0	0	0	0	0	0	0	0	0	0	0	0	0	0	0	0	0	0	0
61	A	T	ORF	S	NULL	0	0	0	0	0	0	0	0	0	0	0	0	0	0	0	0	0	0	0	0	0	0	0	0	0	0	0	0	0	0	0	0	0	0	0	0	0	0	0	0	0	0	0	0	0	0	0	0	0	0	0	0	0	0
62	A	T	ORF	S	NULL	0	0	0	0	0	0	0	0	0	0	0	0	0	0	0	0	0	0	0	0	0	0	0	0	0	0	0	0	0	0	0	0	0	0	0	0	0	0	0	0	0	0	0	0	0	0	0	0	0	0	0	0	0	0
63	A	T	ORF	S	NULL	0	0	0	0	0	0	0	0	0	0	0	0	0	0	0	0	0	0	0	0	0	0	0	0	0	0	0	0	0	0	0	0	0	0	0	0	0	0	0	0	0	0	0	0	0	0	0	0	0	0	0	0	0	0
64	A	T	ORF	S	NULL	0	0	0	0	0	0	0	0	0	0	0	0	0	0	0	0	0	0	0	0	0	0	0	0	0	0	0	0	0	0	0	0	0	0	0	0	0	0	0	0	0	0	0	0	0	0	0	0	0	0	0	0	0	0
65	A	T	ORF	S	NULL	0	0	0	0	0	0	0	0	0	0	0	0	0	0	0	0	0	0	0	0	0	0	0	0	0	0	0	0	0	0	0	0	0	0	0	0	0	0	0	0	0	0	0	0	0	0	0	0	0	0	0	0	0	0
66	A	T	ORF	S	NULL	0	0	0	0	0	0	0	0	0	0	0	0	0	0	0	0	0	0	0	0	0	0	0	0	0	0	0	0	0	0	0	0	0	0	0	0	0	0	0	0	0	0	0	0	0	0	0	0	0	0	0	0	0	0
67	A	T	ORF	S	NULL	0	0	0	0	0	0	0	0	0	0	0	0	0	0	0	0	0	0	0	0	0	0	0	0	0	0	0	0	0	0	0	0	0	0	0	0	0	0	0	0	0	0	0	0	0	0	0	0	0	0	0	0	0	0
68	A	T	ORF	S	NULL	0	0	0	0	0	0	0	0	0	0	0	0	0	0	0	0	0	0	0	0	0	0	0	0	0	0	0	0	0	0	0	0	0	0	0	0	0	0	0	0	0	0	0	0	0	0	0	0	0	0	0	0	0	0
69	A	T	ORF	S	NULL	0	0	0	0	0	0	0	0	0	0	0	0	0	0	0	0	0	0	0	0	0	0	0	0	0	0	0	0	0	0	0	0	0	0	0	0	0	0	0	0	0	0	0	0	0	0	0	0	0	0	0	0	0	0
70	A	T	ORF	S	NULL	0	0	0	0	0.00736341	0.768241	0.0576226	0.000100186	0.160422	0.99997	0.103425	0.000142553	0.000104684	0.00619105	0.000100012	0.256183	0.99997	0.000361313	0.0631581	0.0411298	0.999287	0.450469	0.000100011	0.745306	0.0001	0.190464	0.536191	0.127512	0.0001	0.000107867	0.000125069	0.000140842	0.000147324	0.000113834	0.104115	0.000142528	0.24931	0.24515	0.517177	0.923326	0.42743	0.00012069	0.217121	0.338605	0.203591	0.489306	0.000100081	0.0293154	0.00011385	0.000113752	0.000413083	0.000126172	0.000125325	0.000140678
71	A	T	ORF	S	NULL	0	0	0	0	0	0	0	0	0	0	0	0	0	0	0	0	0	0	0	0	0	0	0	0	0	0	0	0	0	0	0	0	0	0	0	0	0	0	0	0	0	0	0	0	0	0	0	0	0	0	0	0	0	0
72	A	T	ORF	S	NULL	0	0	0	0	0	0	0	0	0	0	0	0	0	0	0	0	0	0	0	0	0	0	0	0	0	0	0	0	0	0	0	0	0	0	0	0	0	0	0	0	0	0	0	0	0	0	0	0	0	0	0	0	0	0
73	A	T	ORF	S	NULL	0	0	0	0	0.157382	0.000104423	0.556796	0.150115	0.268686	0.0001	0.000212066	0.326591	0.000144319	0.137116	0.00120303	0.000109625	0.0001	0.433707	0.408158	0.000125393	0.00012097	0.052219	0.000100007	0.000100001	0.0001	0.1362	0.000125196	0.600471	0.999982	0.776202	0.000124753	0.0841509	0.000100003	0.000218383	0.000143319	0.000102533	0.432409	0.0591716	0.396162	0.0001	0.000210573	0.000163659	0.239316	0.30149	0.192523	0.0343589	0.000100029	0.0545623	0.00011385	0.000212727	0.0726216	0.842229	0.000125324	0.000140678
74	A	T	ORF	S	NULL	0	0	0	0	0	0	0	0	0	0	0	0	0	0	0	0	0	0	0	0	0	0	0	0	0	0	0	0	0	0	0	0	0	0	0	0	0	0	0	0	0	0	0	0	0	0	0	0	0	0	0	0	0	0
75	A	T	ORF	S	NULL	0	0	0	0	0	0	0	0	0	0	0	0	0	0	0	0	0	0	0	0	0	0	0	0	0	0	0	0	0	0	0	0	0	0	0	0	0	0	0	0	0	0	0	0	0	0	0	0	0	0	0	0	0	0
76	A	T	ORF	S	NULL	0	0	0	0	0	0	0	0	0	0	0	0	0	0	0	0	0	0	0	0	0	0	0	0	0	0	0	0	0	0	0	0	0	0	0	0	0	0	0	0	0	0	0	0	0	0	0	0	0	0	0	0	0	0
77	A	T	ORF	S	NULL	0	0	0	0	0	0	0	0	0	0	0	0	0	0	0	0	0	0	0	0	0	0	0	0	0	0	0	0	0	0	0	0	0	0	0	0	0	0	0	0	0	0	0	0	0	0	0	0	0	0	0	0	0	0
78	A	T	ORF	S	NULL	0	0	0	0	0	0	0	0	0	0	0	0	0	0	0	0	0	0	0	0	0	0	0	0	0	0	0	0	0	0	0	0	0	0	0	0	0	0	0	0	0	0	0	0	0	0	0	0	0	0	0	0	0	0
79	A	T	ORF	S	NULL	0	0	0	0	0	0	0	0	0	0	0	0	0	0	0	0	0	0	0	0	0	0	0	0	0	0	0	0	0	0	0	0	0	0	0	0	0	0	0	0	0	0	0	0	0	0	0	0	0	0	0	0	0	0
80	A	T	ORF	S	NULL	0	0	0	0	0	0	0	0	0	0	0	0	0	0	0	0	0	0	0	0	0	0	0	0	0	0	0	0	0	0	0	0	0	0	0	0	0	0	0	0	0	0	0	0	0	0	0	0	0	0	0	0	0	0
81	A	T	ORF	S	NULL	0	0	0	0	0	0	0	0	0	0	0	0	0	0	0	0	0	0	0	0	0	0	0	0	0	0	0	0	0	0	0	0	0	0	0	0	0	0	0	0	0	0	0	0	0	0	0	0	0	0	0	0	0	0
82	A	T	ORF	S	NULL	0	0	0	0	0	0	0	0	0	0	0	0	0	0	0	0	0	0	0	0	0	0	0	0	0	0	0	0	0	0	0	0	0	0	0	0	0	0	0	0	0	0	0	0	0	0	0	0	0	0	0	0	0	0
83	A	T	ORF	S	NULL	0	0	0	0	0	0	0	0	0	0	0	0	0	0	0	0	0	0	0	0	0	0	0	0	0	0	0	0	0	0	0	0	0	0	0	0	0	0	0	0	0	0	0	0	0	0	0	0	0	0	0	0	0	0
84	A	T	ORF	S	NULL	0	0	0	0	0	0	0	0	0	0	0	0	0	0	0	0	0	0	0	0	0	0	0	0	0	0	0	0	0	0	0	0	0	0	0	0	0	0	0	0	0	0	0	0	0	0	0	0	0	0	0	0	0	0
85	A	T	ORF	S	NULL	0	0	0	0	0.00736341	0.768241	0.0576226	0.000100186	0.160422	0.99997	0.103425	0.000142553	0.000104684	0.00619105	0.000100012	0.256183	0.99997	0.000361313	0.0631581	0.0411298	0.999287	0.450469	0.000100011	0.745306	0.0001	0.190464	0.536191	0.127512	0.0001	0.000107867	0.000125069	0.000140842	0.000147324	0.000113834	0.104115	0.000142528	0.24931	0.24515	0.517177	0.923326	0.42743	0.00012069	0.217121	0.338605	0.203591	0.489306	0.000100081	0.0293154	0.00011385	0.000113752	0.000413083	0.000126172	0.000125325	0.000140678
86	A	T	ORF	S	NULL	0	0	0	0	0	0	0	0	0	0	0	0	0	0	0	0	0	0	0	0	0	0	0	0	0	0	0	0	0	0	0	0	0	0	0	0	0	0	0	0	0	0	0	0	0	0	0	0	0	0	0	0	0	0
87	A	T	ORF	S	NULL	0	0	0	0	0	0	0	0	0	0	0	0	0	0	0	0	0	0	0	0	0	0	0	0	0	0	0	0	0	0	0	0	0	0	0	0	0	0	0	0	0	0	0	0	0	0	0	0	0	0	0	0	0	0
88	A	T	ORF	S	NULL	0	0	0	0	0	0	0	0	0	0	0	0	0	0	0	0	0	0	0	0	0	0	0	0	0	0	0	0	0	0	0	0	0	0	0	0	0	0	0	0	0	0	0	0	0	0	0	0	0	0	0	0	0	0
89	A	T	ORF	S	NULL	0	0	0	0	0	0	0	0	0	0	0	0	0	0	0	0	0	0	0	0	0	0	0	0	0	0	0	0	0	0	0	0	0	0	0	0	0	0	0	0	0	0	0	0	0	0	0	0	0	0	0	0	0	0
90	A	T	ORF	S	NULL	0	0	0	0	0	0	0	0	0	0	0	0	0	0	0	0	0	0	0	0	0	0	0	0	0	0	0	0	0	0	0	0	0	0	0	0	0	0	0	0	0	0	0	0	0	0	0	0	0	0	0	0	0	0
91	A	T	ORF	S	NULL	0	0	0	0	0	0	0	0	0	0	0	0	0	0	0	0	0	0	0	0	0	0	0	0	0	0	0	0	0	0	0	0	0	0	0	0	0	0	0	0	0	0	0	0	0	0	0	0	0	0	0	0	0	0
92	A	T	ORF	S	NULL	0	0	0	0	0	0	0	0	0	0	0	0	0	0	0	0	0	0	0	0	0	0	0	0	0	0	0	0	0	0	0	0	0	0	0	0	0	0	0	0	0	0	0	0	0	0	0	0	0	0	0	0	0	0
93	A	T	ORF	S	NULL	0	0	0	0	0.482328	0.000182434	0.11141	0.350286	0.146445	0.0001	0.000315675	0.624369	0.984306	0.85624	0.000176355	0.459301	0.0001	0.523632	0.000245132	0.000199946	0.00019169	0.205342	0.000100003	0.000134998	0.0001	0.11444	0.00020016	0.0745673	0.0001	0.223202	0.000199723	0.91529	0.430201	0.00017901	0.000167307	0.551235	0.0214156	0.00019169	0.000255374	0.000129967	0.000362516	0.794291	0.543279	0.333546	0.042377	0.278468	0.482304	0.13031	0.346298	0.000151067	0.259702	0.15722	0.999325	0.000175678
94	A	T	ORF	S	NULL	0	0	0	0	0	0	0	0	0	0	0	0	0	0	0	0	0	0	0	0	0	0	0	0	0	0	0	0	0	0	0	0	0	0	0	0	0	0	0	0	0	0	0	0	0	0	0	0	0	0	0	0	0	0
95	A	T	ORF	S	NULL	0	0	0	0	0.482328	0.000182434	0.11141	0.350286	0.146445	0.0001	0.000315675	0.624369	0.984306	0.85624	0.000176355	0.459301	0.0001	0.523632	0.000245132	0.000199946	0.00019169	0.205342	0.000100003	0.000134998	0.0001	0.11444	0.00020016	0.0745673	0.0001	0.223202	0.000199723	0.91529	0.430201	0.00017901	0.000167307	0.551235	0.0214156	0.00019169	0.000255374	0.000129967	0.000362516	0.794291	0.543279	0.333546	0.042377	0.278468	0.482304	0.13031	0.346298	0.000151067	0.259702	0.15722	0.999325	0.000175678
96	A	T	ORF	S	NULL	0	0	0	0	0.482328	0.000182434	0.11141	0.350286	0.146445	0.0001	0.000315675	0.624369	0.984306	0.85624	0.000176355	0.459301	0.0001	0.523632	0.000245132	0.000199946	0.00019169	0.205342	0.000100003	0.000134998	0.0001	0.11444	0.00020016	0.0745673	0.0001	0.223202	0.000199723	0.91529	0.430201	0.00017901	0.000167307	0.551235	0.0214156	0.00019169	0.000255374	0.000129967	0.000362516	0.794291	0.543279	0.333546	0.042377	0.278468	0.482304	0.13031	0.346298	0.000151067	0.259702	0.15722	0.999325	0.000175678
97	A	T	ORF	S	NULL	0	0	0	0	0	0	0	0	0	0	0	0	0	0	0	0	0	0	0	0	0	0	0	0	0	0	0	0	0	0	0	0	0	0	0	0	0	0	0	0	0	0	0	0	0	0	0	0	0	0	0	0	0	0
98	A	T	ORF	S	NULL	0	0	0	0	0	0	0	0	0	0	0	0	0	0	0	0	0	0	0	0	0	0	0	0	0	0	0	0	0	0	0	0	0	0	0	0	0	0	0	0	0	0	0	0	0	0	0	0	0	0	0	0	0	0
99	A	T	ORF	S	NULL	0	0	0	0	0	0	0	0	0	0	0	0	0	0	0	0	0	0	0	0	0	0	0	0	0	0	0	0	0	0	0	0	0	0	0	0	0	0	0	0	0	0	0	0	0	0	0	0	0	0	0	0	0	0
100	A	T	ORF	S	NULL	0	0	0	0	0	0	0	0	0	0	0	0	0	0	0	0	0	0	0	0	0	0	0	0	0	0	0	0	0	0	0	0	0	0	0	0	0	0	0	0	0	0	0	0	0	0	0	0	0	0	0	0	0	0
