pos	ref	alt	gene	N/S	AA	nSRAsubclonal	nSRAclonal	nSRA	nConsensus	sample0|Earth	sample1|Earth	sample2|Earth	sample3|Earth	sample4|Earth	sample5|Earth	sample6|Earth	sample7|Earth	sample8|Earth	sample9|Earth	sample10|Earth	sample11|Earth	sample12|Earth	sample13|Earth	sample14|Earth	sample15|Earth	sample16|Earth	sample17|Earth	sample18|Earth	sample19|Earth	sample20|Earth	sample21|Earth	sample22|Earth	sample23|Earth	sample24|Earth	sample25|Earth	sample26|Earth	sample27|Earth	sample28|Earth	sample29|Earth	sample30|Earth	sample31|Earth	sample32|Earth	sample33|Earth	sample34|Earth	sample35|Earth	sample36|Earth	sample37|Earth	sample38|Earth	sample39|Earth	sample40|Earth	sample41|Earth	sample42|Earth	sample43|Earth	sample44|Earth	sample45|Earth	sample46|Earth	sample47|Earth	sample48|Earth	sample49|Earth
1	A	T	ORF	S	NULL	0	0	0	0	0	0	0	0	0	0	0	0	0	0	0	0	0	0	0	0	0	0	0	0	0	0	0	0	0	0	0	0	0	0	0	0	0	0	0	0	0	0	0	0	0	0	0	0	0	0	0	0	0	0
2	A	T	ORF	S	NULL	0	0	0	0	0	0	0	0	0	0	0	0	0	0	0	0	0	0	0	0	0	0	0	0	0	0	0	0	0	0	0	0	0	0	0	0	0	0	0	0	0	0	0	0	0	0	0	0	0	0	0	0	0	0
3	A	T	ORF	S	NULL	0	0	0	0	0.0297492	0.0001	0.0001	0.609972	0.00589791	0.0001	0.528935	0.0001	0.0001	0.0001	0.0001	0.0001	0.0001	0.0001	0.0001	0.466839	0.0001	0.0001	0.0001	0.454937	0.0001	0.0001	0.387902	0.0939387	0.0001	0.0001	0.100143	0.00766827	0.0001	0.41278	0.0001	0.0001	0.0001	0.999945	0.161912	0.33942	0.0001	0.0001	0.0001	0.00264449	0.0001	0.0001	0.0001	0.123009	0.0001	0.0001	0.090902	0.0001	0.0001	0.0001
4	A	T	ORF	S	NULL	0	0	0	0	0.0297492	0.0001	0.0001	0.609972	0.00589791	0.0001	0.528935	0.0001	0.0001	0.0001	0.0001	0.0001	0.0001	0.0001	0.0001	0.466839	0.0001	0.0001	0.0001	0.454937	0.0001	0.0001	0.387902	0.0939387	0.0001	0.0001	0.100143	0.00766827	0.0001	0.41278	0.0001	0.0001	0.0001	0.999945	0.161912	0.33942	0.0001	0.0001	0.0001	0.00264449	0.0001	0.0001	0.0001	0.123009	0.0001	0.0001	0.090902	0.0001	0.0001	0.0001
5	A	T	ORF	S	NULL	0	0	0	0	0	0	0	0	0	0	0	0	0	0	0	0	0	0	0	0	0	0	0	0	0	0	0	0	0	0	0	0	0	0	0	0	0	0	0	0	0	0	0	0	0	0	0	0	0	0	0	0	0	0
6	A	T	ORF	S	NULL	0	0	0	0	0.0146752	0.38228	0.0002	0.144967	0.131597	0.0002	0.364449	0.0002	0.181528	0.310069	0.961033	0.0002	0.298746	0.181644	0.398634	0.401005	0.770457	0.775493	0.0830076	0.0002	0.0002	0.142749	0.612098	0.0002	0.0414164	0.0002	0.0002	0.391675	0.193466	0.375736	0.818013	0.493568	0.0002	0.0002	0.0557704	0.157453	0.00611652	0.0861806	0.0002	0.351808	0.303693	0.0002	0.00148521	0.0148954	0.164358	0.0193078	0.774811	1	0.429039	1
7	A	T	ORF	S	NULL	0	0	0	0	0	0	0	0	0	0	0	0	0	0	0	0	0	0	0	0	0	0	0	0	0	0	0	0	0	0	0	0	0	0	0	0	0	0	0	0	0	0	0	0	0	0	0	0	0	0	0	0	0	0
8	A	T	ORF	S	NULL	0	0	0	0	0.0145752	0.38218	0.0001	0.144867	0.117404	0.0001	0.364349	0.0001	0.131258	0.294433	0.110597	0.0001	0.138155	0.0134043	0.178522	0.0682638	0.668347	0.775393	0.0001	0.0001	0.0001	0.142649	0.0639086	0.0001	0.0001	0.0001	0.0001	0.00640321	0.175142	0.288064	0.189336	0.476467	0.0001	0.0001	0.0556704	0.00436092	0.0001	0.0355706	0.0001	0.258987	0.292613	0.0001	0.00138521	0.0001	0.164258	0.0001	0.641989	0.977047	0.0001	0.976577
9	A	T	ORF	S	NULL	0	0	0	0	0	0	0	0	0	0	0	0	0	0	0	0	0	0	0	0	0	0	0	0	0	0	0	0	0	0	0	0	0	0	0	0	0	0	0	0	0	0	0	0	0	0	0	0	0	0	0	0	0	0
10	A	T	ORF	S	NULL	0	0	0	0	0	0	0	0	0	0	0	0	0	0	0	0	0	0	0	0	0	0	0	0	0	0	0	0	0	0	0	0	0	0	0	0	0	0	0	0	0	0	0	0	0	0	0	0	0	0	0	0	0	0
11	A	T	ORF	S	NULL	0	0	0	0	0	0	0	0	0	0	0	0	0	0	0	0	0	0	0	0	0	0	0	0	0	0	0	0	0	0	0	0	0	0	0	0	0	0	0	0	0	0	0	0	0	0	0	0	0	0	0	0	0	0
12	A	T	ORF	S	NULL	0	0	0	0	0.806976	0.0001	0.0001	0.0001	0.0001	0.646962	0.0001	0.0001	0.0001	0.0001	0.0001	0.753972	0.0001	0.0001	0.0001	0.0001	0.0001	0.0001	0.915987	0.400938	0.548952	0.0001	0.0001	0.0379036	0.0416972	0.999977	0.0001	0.0001	0.0001	0.0338888	0.0001	0.444998	0.0001	0.0001	0.193916	0.0001	0.0309207	0.0001	0.976993	0.306916	0.0001	0.0001	0.0001	0.0001	0.532951	0.0001	0.0001	0.0001	0.569954	0.0001
13	A	T	ORF	S	NULL	0	0	0	0	0.0146752	0.38228	0.0002	0.144967	0.131597	0.0002	0.364449	0.0002	0.181528	0.310069	0.961033	0.0002	0.298746	0.181644	0.398634	0.401005	0.770457	0.775493	0.0830076	0.0002	0.0002	0.142749	0.612098	0.0002	0.0414164	0.0002	0.0002	0.391675	0.193466	0.375736	0.818013	0.493568	0.0002	0.0002	0.0557704	0.157453	0.00611652	0.0861806	0.0002	0.351808	0.303693	0.0002	0.00148521	0.0148954	0.164358	0.0193078	0.774811	1	0.429039	1
14	A	T	ORF	S	NULL	0	0	0	0	0	0	0	0	0	0	0	0	0	0	0	0	0	0	0	0	0	0	0	0	0	0	0	0	0	0	0	0	0	0	0	0	0	0	0	0	0	0	0	0	0	0	0	0	0	0	0	0	0	0
15	A	T	ORF	S	NULL	0	0	0	0	0	0	0	0	0	0	0	0	0	0	0	0	0	0	0	0	0	0	0	0	0	0	0	0	0	0	0	0	0	0	0	0	0	0	0	0	0	0	0	0	0	0	0	0	0	0	0	0	0	0
16	A	T	ORF	S	NULL	0	0	0	0	0.100715	0.0001	0.0001	0.0001	0.325376	0.168783	0.0001	0.982022	0.517055	0.0001	0.0018459	0.0001	0.568802	0.344199	0.112438	0.132154	0.0121576	0.0001	0.0001	0.0001	0.0001	0.765378	0.0001	0.0001	0.892139	0.0001	0.0001	0.166288	0.806534	0.068329	0.144432	0.0573203	0.941276	0.0001	0.0001	0.490218	0.116094	0.584798	0.0001	0.208075	0.591793	0.0001	0.0001	0.514411	0.265464	0.269685	0.00544239	0.0001	0.0001	0.0001
17	A	T	ORF	S	NULL	0	0	0	0	0.0146752	0.38228	0.0002	0.144967	0.131597	0.0002	0.364449	0.0002	0.181528	0.310069	0.961033	0.0002	0.298746	0.181644	0.398634	0.401005	0.770457	0.775493	0.0830076	0.0002	0.0002	0.142749	0.612098	0.0002	0.0414164	0.0002	0.0002	0.391675	0.193466	0.375736	0.818013	0.493568	0.0002	0.0002	0.0557704	0.157453	0.00611652	0.0861806	0.0002	0.351808	0.303693	0.0002	0.00148521	0.0148954	0.164358	0.0193078	0.774811	1	0.429039	1
18	A	T	ORF	S	NULL	0	0	0	0	0	0	0	0	0	0	0	0	0	0	0	0	0	0	0	0	0	0	0	0	0	0	0	0	0	0	0	0	0	0	0	0	0	0	0	0	0	0	0	0	0	0	0	0	0	0	0	0	0	0
19	A	T	ORF	S	NULL	0	0	0	0	0.0145752	0.38218	0.0001	0.144867	0.117404	0.0001	0.364349	0.0001	0.131258	0.294433	0.110597	0.0001	0.138155	0.0134043	0.178522	0.0682638	0.668347	0.775393	0.0001	0.0001	0.0001	0.142649	0.0639086	0.0001	0.0001	0.0001	0.0001	0.00640321	0.175142	0.288064	0.189336	0.476467	0.0001	0.0001	0.0556704	0.00436092	0.0001	0.0355706	0.0001	0.258987	0.292613	0.0001	0.00138521	0.0001	0.164258	0.0001	0.641989	0.977047	0.0001	0.976577
20	A	T	ORF	S	NULL	0	0	0	0	0	0	0	0	0	0	0	0	0	0	0	0	0	0	0	0	0	0	0	0	0	0	0	0	0	0	0	0	0	0	0	0	0	0	0	0	0	0	0	0	0	0	0	0	0	0	0	0	0	0
21	A	T	ORF	S	NULL	0	0	0	0	0	0	0	0	0	0	0	0	0	0	0	0	0	0	0	0	0	0	0	0	0	0	0	0	0	0	0	0	0	0	0	0	0	0	0	0	0	0	0	0	0	0	0	0	0	0	0	0	0	0
22	A	T	ORF	S	NULL	0	0	0	0	0	0	0	0	0	0	0	0	0	0	0	0	0	0	0	0	0	0	0	0	0	0	0	0	0	0	0	0	0	0	0	0	0	0	0	0	0	0	0	0	0	0	0	0	0	0	0	0	0	0
23	A	T	ORF	S	NULL	0	0	0	0	0.0145752	0.38218	0.0001	0.144867	0.117404	0.0001	0.364349	0.0001	0.131258	0.294433	0.110597	0.0001	0.138155	0.0134043	0.178522	0.0682638	0.668347	0.775393	0.0001	0.0001	0.0001	0.142649	0.0639086	0.0001	0.0001	0.0001	0.0001	0.00640321	0.175142	0.288064	0.189336	0.476467	0.0001	0.0001	0.0556704	0.00436092	0.0001	0.0355706	0.0001	0.258987	0.292613	0.0001	0.00138521	0.0001	0.164258	0.0001	0.641989	0.977047	0.0001	0.976577
24	A	T	ORF	S	NULL	0	0	0	0	0	0	0	0	0	0	0	0	0	0	0	0	0	0	0	0	0	0	0	0	0	0	0	0	0	0	0	0	0	0	0	0	0	0	0	0	0	0	0	0	0	0	0	0	0	0	0	0	0	0
25	A	T	ORF	S	NULL	0	0	0	0	0.00861286	0.0001	0.532976	0.201935	0.0001	0.013217	0.0001	0.0179783	0.0001	0.240932	0.0001	0.0001	0.00757199	0.13566	0.214994	0.0001	0.0001	0.0001	0.0001	0.000100001	0.449959	0.0190458	0.0001	0.867022	0.0248478	0.0001	0.122083	0.0129312	0.0001	0.00459027	0.0001	0.00411437	0.040837	0.0001	0.0001	0.0100339	0.000100005	0.0001	0.0219029	0.0001	0.0452358	0.000100003	0.000100004	0.0166684	0.0208312	0.000100002	0.0001	0.0001	0.0001	0.0001
26	A	T	ORF	S	NULL	0	0	0	0	0.0282071	0.0002	0.884944	0.202035	0.000200001	0.013317	0.0002	0.0180783	0.0420006	0.241032	0.0002	0.0002	0.00767199	0.18974	0.215094	0.0002	0.0002	0.0002	0.0002	0.143009	0.450059	0.0664221	0.0002	0.867122	0.0249478	0.0002	0.898496	0.0130312	0.0002	0.00469027	0.0002	0.00421437	0.040937	0.0002	0.0002	0.0101339	0.847068	0.000200001	0.0220029	0.0259876	0.0453358	0.459027	0.624037	0.347784	0.0209312	0.34302	0.0002	0.0002	0.0002	0.0002
27	A	T	ORF	S	NULL	0	0	0	0	0.100715	0.0001	0.0001	0.0001	0.325376	0.168783	0.0001	0.982022	0.517055	0.0001	0.0018459	0.0001	0.568802	0.344199	0.112438	0.132154	0.0121576	0.0001	0.0001	0.0001	0.0001	0.765378	0.0001	0.0001	0.892139	0.0001	0.0001	0.166288	0.806534	0.068329	0.144432	0.0573203	0.941276	0.0001	0.0001	0.490218	0.116094	0.584798	0.0001	0.208075	0.591793	0.0001	0.0001	0.514411	0.265464	0.269685	0.00544239	0.0001	0.0001	0.0001
28	A	T	ORF	S	NULL	0	0	0	0	0	0	0	0	0	0	0	0	0	0	0	0	0	0	0	0	0	0	0	0	0	0	0	0	0	0	0	0	0	0	0	0	0	0	0	0	0	0	0	0	0	0	0	0	0	0	0	0	0	0
29	A	T	ORF	S	NULL	0	0	0	0	0.0195942	0.0001	0.351967	0.0001	0.000100001	0.0001	0.0001	0.0001	0.0419006	0.0001	0.0001	0.0001	0.0001	0.0540799	0.0001	0.0001	0.0001	0.0001	0.0001	0.142909	0.0001	0.0473763	0.0001	0.0001	0.0001	0.0001	0.776413	0.0001	0.0001	0.0001	0.0001	0.0001	0.0001	0.0001	0.0001	0.0001	0.846968	0.000100001	0.0001	0.0258876	0.0001	0.458927	0.623937	0.331116	0.0001	0.34292	0.0001	0.0001	0.0001	0.0001
30	A	T	ORF	S	NULL	0	0	0	0	0	0	0	0	0	0	0	0	0	0	0	0	0	0	0	0	0	0	0	0	0	0	0	0	0	0	0	0	0	0	0	0	0	0	0	0	0	0	0	0	0	0	0	0	0	0	0	0	0	0
31	A	T	ORF	S	NULL	0	0	0	0	0.00861286	0.0001	0.532976	0.201935	0.0001	0.013217	0.0001	0.0179783	0.0001	0.240932	0.0001	0.0001	0.00757199	0.13566	0.214994	0.0001	0.0001	0.0001	0.0001	0.000100001	0.449959	0.0190458	0.0001	0.867022	0.0248478	0.0001	0.122083	0.0129312	0.0001	0.00459027	0.0001	0.00411437	0.040837	0.0001	0.0001	0.0100339	0.000100005	0.0001	0.0219029	0.0001	0.0452358	0.000100003	0.000100004	0.0166684	0.0208312	0.000100002	0.0001	0.0001	0.0001	0.0001
32	A	T	ORF	S	NULL	0	0	0	0	0	0	0	0	0	0	0	0	0	0	0	0	0	0	0	0	0	0	0	0	0	0	0	0	0	0	0	0	0	0	0	0	0	0	0	0	0	0	0	0	0	0	0	0	0	0	0	0	0	0
33	A	T	ORF	S	NULL	0	0	0	0	0.0297492	0.0001	0.0001	0.609972	0.00589791	0.0001	0.528935	0.0001	0.0001	0.0001	0.0001	0.0001	0.0001	0.0001	0.0001	0.466839	0.0001	0.0001	0.0001	0.454937	0.0001	0.0001	0.387902	0.0939387	0.0001	0.0001	0.100143	0.00766827	0.0001	0.41278	0.0001	0.0001	0.0001	0.999945	0.161912	0.33942	0.0001	0.0001	0.0001	0.00264449	0.0001	0.0001	0.0001	0.123009	0.0001	0.0001	0.090902	0.0001	0.0001	0.0001
34	A	T	ORF	S	NULL	0	0	0	0	0	0	0	0	0	0	0	0	0	0	0	0	0	0	0	0	0	0	0	0	0	0	0	0	0	0	0	0	0	0	0	0	0	0	0	0	0	0	0	0	0	0	0	0	0	0	0	0	0	0
35	A	T	ORF	S	NULL	0	0	0	0	0	0	0	0	0	0	0	0	0	0	0	0	0	0	0	0	0	0	0	0	0	0	0	0	0	0	0	0	0	0	0	0	0	0	0	0	0	0	0	0	0	0	0	0	0	0	0	0	0	0
36	A	T	ORF	S	NULL	0	0	0	0	0.00861286	0.0001	0.532976	0.201935	0.0001	0.013217	0.0001	0.0179783	0.0001	0.240932	0.0001	0.0001	0.00757199	0.13566	0.214994	0.0001	0.0001	0.0001	0.0001	0.000100001	0.449959	0.0190458	0.0001	0.867022	0.0248478	0.0001	0.122083	0.0129312	0.0001	0.00459027	0.0001	0.00411437	0.040837	0.0001	0.0001	0.0100339	0.000100005	0.0001	0.0219029	0.0001	0.0452358	0.000100003	0.000100004	0.0166684	0.0208312	0.000100002	0.0001	0.0001	0.0001	0.0001
37	A	T	ORF	S	NULL	0	0	0	0	0	0	0	0	0	0	0	0	0	0	0	0	0	0	0	0	0	0	0	0	0	0	0	0	0	0	0	0	0	0	0	0	0	0	0	0	0	0	0	0	0	0	0	0	0	0	0	0	0	0
38	A	T	ORF	S	NULL	0	0	0	0	0	0	0	0	0	0	0	0	0	0	0	0	0	0	0	0	0	0	0	0	0	0	0	0	0	0	0	0	0	0	0	0	0	0	0	0	0	0	0	0	0	0	0	0	0	0	0	0	0	0
39	A	T	ORF	S	NULL	0	0	0	0	0	0	0	0	0	0	0	0	0	0	0	0	0	0	0	0	0	0	0	0	0	0	0	0	0	0	0	0	0	0	0	0	0	0	0	0	0	0	0	0	0	0	0	0	0	0	0	0	0	0
40	A	T	ORF	S	NULL	0	0	0	0	0	0	0	0	0	0	0	0	0	0	0	0	0	0	0	0	0	0	0	0	0	0	0	0	0	0	0	0	0	0	0	0	0	0	0	0	0	0	0	0	0	0	0	0	0	0	0	0	0	0
41	A	T	ORF	S	NULL	0	0	0	0	0	0	0	0	0	0	0	0	0	0	0	0	0	0	0	0	0	0	0	0	0	0	0	0	0	0	0	0	0	0	0	0	0	0	0	0	0	0	0	0	0	0	0	0	0	0	0	0	0	0
42	A	T	ORF	S	NULL	0	0	0	0	0.0145752	0.38218	0.0001	0.144867	0.117404	0.0001	0.364349	0.0001	0.131258	0.294433	0.110597	0.0001	0.138155	0.0134043	0.178522	0.0682638	0.668347	0.775393	0.0001	0.0001	0.0001	0.142649	0.0639086	0.0001	0.0001	0.0001	0.0001	0.00640321	0.175142	0.288064	0.189336	0.476467	0.0001	0.0001	0.0556704	0.00436092	0.0001	0.0355706	0.0001	0.258987	0.292613	0.0001	0.00138521	0.0001	0.164258	0.0001	0.641989	0.977047	0.0001	0.976577
43	A	T	ORF	S	NULL	0	0	0	0	0	0	0	0	0	0	0	0	0	0	0	0	0	0	0	0	0	0	0	0	0	0	0	0	0	0	0	0	0	0	0	0	0	0	0	0	0	0	0	0	0	0	0	0	0	0	0	0	0	0
44	A	T	ORF	S	NULL	0	0	0	0	0.0145752	0.38218	0.0001	0.144867	0.117404	0.0001	0.364349	0.0001	0.131258	0.294433	0.110597	0.0001	0.138155	0.0134043	0.178522	0.0682638	0.668347	0.775393	0.0001	0.0001	0.0001	0.142649	0.0639086	0.0001	0.0001	0.0001	0.0001	0.00640321	0.175142	0.288064	0.189336	0.476467	0.0001	0.0001	0.0556704	0.00436092	0.0001	0.0355706	0.0001	0.258987	0.292613	0.0001	0.00138521	0.0001	0.164258	0.0001	0.641989	0.977047	0.0001	0.976577
45	A	T	ORF	S	NULL	0	0	0	0	0.0145752	0.38218	0.0001	0.144867	0.117404	0.0001	0.364349	0.0001	0.131258	0.294433	0.110597	0.0001	0.138155	0.0134043	0.178522	0.0682638	0.668347	0.775393	0.0001	0.0001	0.0001	0.142649	0.0639086	0.0001	0.0001	0.0001	0.0001	0.00640321	0.175142	0.288064	0.189336	0.476467	0.0001	0.0001	0.0556704	0.00436092	0.0001	0.0355706	0.0001	0.258987	0.292613	0.0001	0.00138521	0.0001	0.164258	0.0001	0.641989	0.977047	0.0001	0.976577
46	A	T	ORF	S	NULL	0	0	0	0	0.0001	0.0001	0.0001	0.0001	0.0141929	0.0001	0.0001	0.0001	0.0502705	0.0156361	0.850435	0.0001	0.160592	0.16824	0.220112	0.332741	0.10211	0.0001	0.0829076	0.0001	0.0001	0.0001	0.548189	0.0001	0.0413164	0.0001	0.0001	0.385272	0.0183233	0.0876719	0.628676	0.0171004	0.0001	0.0001	0.0001	0.153092	0.00601652	0.05061	0.0001	0.0928209	0.0110804	0.0001	0.0001	0.0147954	0.0001	0.0192078	0.132823	0.0229529	0.428939	0.0234228
47	A	T	ORF	S	NULL	0	0	0	0	0.0145752	0.38218	0.0001	0.144867	0.117404	0.0001	0.364349	0.0001	0.131258	0.294433	0.110597	0.0001	0.138155	0.0134043	0.178522	0.0682638	0.668347	0.775393	0.0001	0.0001	0.0001	0.142649	0.0639086	0.0001	0.0001	0.0001	0.0001	0.00640321	0.175142	0.288064	0.189336	0.476467	0.0001	0.0001	0.0556704	0.00436092	0.0001	0.0355706	0.0001	0.258987	0.292613	0.0001	0.00138521	0.0001	0.164258	0.0001	0.641989	0.977047	0.0001	0.976577
48	A	T	ORF	S	NULL	0	0	0	0	0	0	0	0	0	0	0	0	0	0	0	0	0	0	0	0	0	0	0	0	0	0	0	0	0	0	0	0	0	0	0	0	0	0	0	0	0	0	0	0	0	0	0	0	0	0	0	0	0	0
49	A	T	ORF	S	NULL	0	0	0	0	0	0	0	0	0	0	0	0	0	0	0	0	0	0	0	0	0	0	0	0	0	0	0	0	0	0	0	0	0	0	0	0	0	0	0	0	0	0	0	0	0	0	0	0	0	0	0	0	0	0
50	A	T	ORF	S	NULL	0	0	0	0	0	0	0	0	0	0	0	0	0	0	0	0	0	0	0	0	0	0	0	0	0	0	0	0	0	0	0	0	0	0	0	0	0	0	0	0	0	0	0	0	0	0	0	0	0	0	0	0	0	0
51	A	T	ORF	S	NULL	0	0	0	0	0.100715	0.0001	0.0001	0.0001	0.325376	0.168783	0.0001	0.982022	0.517055	0.0001	0.0018459	0.0001	0.568802	0.344199	0.112438	0.132154	0.0121576	0.0001	0.0001	0.0001	0.0001	0.765378	0.0001	0.0001	0.892139	0.0001	0.0001	0.166288	0.806534	0.068329	0.144432	0.0573203	0.941276	0.0001	0.0001	0.490218	0.116094	0.584798	0.0001	0.208075	0.591793	0.0001	0.0001	0.514411	0.265464	0.269685	0.00544239	0.0001	0.0001	0.0001
52	A	T	ORF	S	NULL	0	0	0	0	0.0145752	0.38218	0.0001	0.144867	0.117404	0.0001	0.364349	0.0001	0.131258	0.294433	0.110597	0.0001	0.138155	0.0134043	0.178522	0.0682638	0.668347	0.775393	0.0001	0.0001	0.0001	0.142649	0.0639086	0.0001	0.0001	0.0001	0.0001	0.00640321	0.175142	0.288064	0.189336	0.476467	0.0001	0.0001	0.0556704	0.00436092	0.0001	0.0355706	0.0001	0.258987	0.292613	0.0001	0.00138521	0.0001	0.164258	0.0001	0.641989	0.977047	0.0001	0.976577
53	A	T	ORF	S	NULL	0	0	0	0	0	0	0	0	0	0	0	0	0	0	0	0	0	0	0	0	0	0	0	0	0	0	0	0	0	0	0	0	0	0	0	0	0	0	0	0	0	0	0	0	0	0	0	0	0	0	0	0	0	0
54	A	T	ORF	S	NULL	0	0	0	0	0.0001	0.0001	0.0001	0.0001	0.0141929	0.0001	0.0001	0.0001	0.0502705	0.0156361	0.850435	0.0001	0.160592	0.16824	0.220112	0.332741	0.10211	0.0001	0.0829076	0.0001	0.0001	0.0001	0.548189	0.0001	0.0413164	0.0001	0.0001	0.385272	0.0183233	0.0876719	0.628676	0.0171004	0.0001	0.0001	0.0001	0.153092	0.00601652	0.05061	0.0001	0.0928209	0.0110804	0.0001	0.0001	0.0147954	0.0001	0.0192078	0.132823	0.0229529	0.428939	0.0234228
55	A	T	ORF	S	NULL	0	0	0	0	0.0383621	0.0002	0.533076	0.811907	0.00599791	0.013317	0.529035	0.0180783	0.0002	0.241032	0.0002	0.0002	0.00767199	0.13576	0.215094	0.466939	0.0002	0.0002	0.0002	0.455037	0.450059	0.0191458	0.388002	0.960961	0.0249478	0.0002	0.222226	0.0205994	0.0002	0.417371	0.0002	0.00421437	0.040937	1.00005	0.162012	0.349454	0.000200005	0.0002	0.0220029	0.00274449	0.0453358	0.000200003	0.000200004	0.139677	0.0209312	0.000200002	0.091002	0.0002	0.0002	0.0002
56	A	T	ORF	S	NULL	0	0	0	0	0	0	0	0	0	0	0	0	0	0	0	0	0	0	0	0	0	0	0	0	0	0	0	0	0	0	0	0	0	0	0	0	0	0	0	0	0	0	0	0	0	0	0	0	0	0	0	0	0	0
57	A	T	ORF	S	NULL	0	0	0	0	0	0	0	0	0	0	0	0	0	0	0	0	0	0	0	0	0	0	0	0	0	0	0	0	0	0	0	0	0	0	0	0	0	0	0	0	0	0	0	0	0	0	0	0	0	0	0	0	0	0
58	A	T	ORF	S	NULL	0	0	0	0	0	0	0	0	0	0	0	0	0	0	0	0	0	0	0	0	0	0	0	0	0	0	0	0	0	0	0	0	0	0	0	0	0	0	0	0	0	0	0	0	0	0	0	0	0	0	0	0	0	0
59	A	T	ORF	S	NULL	0	0	0	0	0	0	0	0	0	0	0	0	0	0	0	0	0	0	0	0	0	0	0	0	0	0	0	0	0	0	0	0	0	0	0	0	0	0	0	0	0	0	0	0	0	0	0	0	0	0	0	0	0	0
60	A	T	ORF	S	NULL	0	0	0	0	0.00861286	0.0001	0.532976	0.201935	0.0001	0.013217	0.0001	0.0179783	0.0001	0.240932	0.0001	0.0001	0.00757199	0.13566	0.214994	0.0001	0.0001	0.0001	0.0001	0.000100001	0.449959	0.0190458	0.0001	0.867022	0.0248478	0.0001	0.122083	0.0129312	0.0001	0.00459027	0.0001	0.00411437	0.040837	0.0001	0.0001	0.0100339	0.000100005	0.0001	0.0219029	0.0001	0.0452358	0.000100003	0.000100004	0.0166684	0.0208312	0.000100002	0.0001	0.0001	0.0001	0.0001
61	A	T	ORF	S	NULL	0	0	0	0	0	0	0	0	0	0	0	0	0	0	0	0	0	0	0	0	0	0	0	0	0	0	0	0	0	0	0	0	0	0	0	0	0	0	0	0	0	0	0	0	0	0	0	0	0	0	0	0	0	0
62	A	T	ORF	S	NULL	0	0	0	0	0	0	0	0	0	0	0	0	0	0	0	0	0	0	0	0	0	0	0	0	0	0	0	0	0	0	0	0	0	0	0	0	0	0	0	0	0	0	0	0	0	0	0	0	0	0	0	0	0	0
63	A	T	ORF	S	NULL	0	0	0	0	0	0	0	0	0	0	0	0	0	0	0	0	0	0	0	0	0	0	0	0	0	0	0	0	0	0	0	0	0	0	0	0	0	0	0	0	0	0	0	0	0	0	0	0	0	0	0	0	0	0
64	A	T	ORF	S	NULL	0	0	0	0	0	0	0	0	0	0	0	0	0	0	0	0	0	0	0	0	0	0	0	0	0	0	0	0	0	0	0	0	0	0	0	0	0	0	0	0	0	0	0	0	0	0	0	0	0	0	0	0	0	0
65	A	T	ORF	S	NULL	0	0	0	0	0	0	0	0	0	0	0	0	0	0	0	0	0	0	0	0	0	0	0	0	0	0	0	0	0	0	0	0	0	0	0	0	0	0	0	0	0	0	0	0	0	0	0	0	0	0	0	0	0	0
66	A	T	ORF	S	NULL	0	0	0	0	0	0	0	0	0	0	0	0	0	0	0	0	0	0	0	0	0	0	0	0	0	0	0	0	0	0	0	0	0	0	0	0	0	0	0	0	0	0	0	0	0	0	0	0	0	0	0	0	0	0
67	A	T	ORF	S	NULL	0	0	0	0	0	0	0	0	0	0	0	0	0	0	0	0	0	0	0	0	0	0	0	0	0	0	0	0	0	0	0	0	0	0	0	0	0	0	0	0	0	0	0	0	0	0	0	0	0	0	0	0	0	0
68	A	T	ORF	S	NULL	0	0	0	0	0	0	0	0	0	0	0	0	0	0	0	0	0	0	0	0	0	0	0	0	0	0	0	0	0	0	0	0	0	0	0	0	0	0	0	0	0	0	0	0	0	0	0	0	0	0	0	0	0	0
69	A	T	ORF	S	NULL	0	0	0	0	0	0	0	0	0	0	0	0	0	0	0	0	0	0	0	0	0	0	0	0	0	0	0	0	0	0	0	0	0	0	0	0	0	0	0	0	0	0	0	0	0	0	0	0	0	0	0	0	0	0
70	A	T	ORF	S	NULL	0	0	0	0	0.100715	0.0001	0.0001	0.0001	0.325376	0.168783	0.0001	0.982022	0.517055	0.0001	0.0018459	0.0001	0.568802	0.344199	0.112438	0.132154	0.0121576	0.0001	0.0001	0.0001	0.0001	0.765378	0.0001	0.0001	0.892139	0.0001	0.0001	0.166288	0.806534	0.068329	0.144432	0.0573203	0.941276	0.0001	0.0001	0.490218	0.116094	0.584798	0.0001	0.208075	0.591793	0.0001	0.0001	0.514411	0.265464	0.269685	0.00544239	0.0001	0.0001	0.0001
71	A	T	ORF	S	NULL	0	0	0	0	0	0	0	0	0	0	0	0	0	0	0	0	0	0	0	0	0	0	0	0	0	0	0	0	0	0	0	0	0	0	0	0	0	0	0	0	0	0	0	0	0	0	0	0	0	0	0	0	0	0
72	A	T	ORF	S	NULL	0	0	0	0	0	0	0	0	0	0	0	0	0	0	0	0	0	0	0	0	0	0	0	0	0	0	0	0	0	0	0	0	0	0	0	0	0	0	0	0	0	0	0	0	0	0	0	0	0	0	0	0	0	0
73	A	T	ORF	S	NULL	0	0	0	0	0.0145752	0.38218	0.0001	0.144867	0.117404	0.0001	0.364349	0.0001	0.131258	0.294433	0.110597	0.0001	0.138155	0.0134043	0.178522	0.0682638	0.668347	0.775393	0.0001	0.0001	0.0001	0.142649	0.0639086	0.0001	0.0001	0.0001	0.0001	0.00640321	0.175142	0.288064	0.189336	0.476467	0.0001	0.0001	0.0556704	0.00436092	0.0001	0.0355706	0.0001	0.258987	0.292613	0.0001	0.00138521	0.0001	0.164258	0.0001	0.641989	0.977047	0.0001	0.976577
74	A	T	ORF	S	NULL	0	0	0	0	0	0	0	0	0	0	0	0	0	0	0	0	0	0	0	0	0	0	0	0	0	0	0	0	0	0	0	0	0	0	0	0	0	0	0	0	0	0	0	0	0	0	0	0	0	0	0	0	0	0
75	A	T	ORF	S	NULL	0	0	0	0	0	0	0	0	0	0	0	0	0	0	0	0	0	0	0	0	0	0	0	0	0	0	0	0	0	0	0	0	0	0	0	0	0	0	0	0	0	0	0	0	0	0	0	0	0	0	0	0	0	0
76	A	T	ORF	S	NULL	0	0	0	0	0	0	0	0	0	0	0	0	0	0	0	0	0	0	0	0	0	0	0	0	0	0	0	0	0	0	0	0	0	0	0	0	0	0	0	0	0	0	0	0	0	0	0	0	0	0	0	0	0	0
77	A	T	ORF	S	NULL	0	0	0	0	0	0	0	0	0	0	0	0	0	0	0	0	0	0	0	0	0	0	0	0	0	0	0	0	0	0	0	0	0	0	0	0	0	0	0	0	0	0	0	0	0	0	0	0	0	0	0	0	0	0
78	A	T	ORF	S	NULL	0	0	0	0	0	0	0	0	0	0	0	0	0	0	0	0	0	0	0	0	0	0	0	0	0	0	0	0	0	0	0	0	0	0	0	0	0	0	0	0	0	0	0	0	0	0	0	0	0	0	0	0	0	0
79	A	T	ORF	S	NULL	0	0	0	0	0	0	0	0	0	0	0	0	0	0	0	0	0	0	0	0	0	0	0	0	0	0	0	0	0	0	0	0	0	0	0	0	0	0	0	0	0	0	0	0	0	0	0	0	0	0	0	0	0	0
80	A	T	ORF	S	NULL	0	0	0	0	0	0	0	0	0	0	0	0	0	0	0	0	0	0	0	0	0	0	0	0	0	0	0	0	0	0	0	0	0	0	0	0	0	0	0	0	0	0	0	0	0	0	0	0	0	0	0	0	0	0
81	A	T	ORF	S	NULL	0	0	0	0	0	0	0	0	0	0	0	0	0	0	0	0	0	0	0	0	0	0	0	0	0	0	0	0	0	0	0	0	0	0	0	0	0	0	0	0	0	0	0	0	0	0	0	0	0	0	0	0	0	0
82	A	T	ORF	S	NULL	0	0	0	0	0	0	0	0	0	0	0	0	0	0	0	0	0	0	0	0	0	0	0	0	0	0	0	0	0	0	0	0	0	0	0	0	0	0	0	0	0	0	0	0	0	0	0	0	0	0	0	0	0	0
83	A	T	ORF	S	NULL	0	0	0	0	0.0145752	0.38218	0.0001	0.144867	0.117404	0.0001	0.364349	0.0001	0.131258	0.294433	0.110597	0.0001	0.138155	0.0134043	0.178522	0.0682638	0.668347	0.775393	0.0001	0.0001	0.0001	0.142649	0.0639086	0.0001	0.0001	0.0001	0.0001	0.00640321	0.175142	0.288064	0.189336	0.476467	0.0001	0.0001	0.0556704	0.00436092	0.0001	0.0355706	0.0001	0.258987	0.292613	0.0001	0.00138521	0.0001	0.164258	0.0001	0.641989	0.977047	0.0001	0.976577
84	A	T	ORF	S	NULL	0	0	0	0	0	0	0	0	0	0	0	0	0	0	0	0	0	0	0	0	0	0	0	0	0	0	0	0	0	0	0	0	0	0	0	0	0	0	0	0	0	0	0	0	0	0	0	0	0	0	0	0	0	0
85	A	T	ORF	S	NULL	0	0	0	0	0.100715	0.0001	0.0001	0.0001	0.325376	0.168783	0.0001	0.982022	0.517055	0.0001	0.0018459	0.0001	0.568802	0.344199	0.112438	0.132154	0.0121576	0.0001	0.0001	0.0001	0.0001	0.765378	0.0001	0.0001	0.892139	0.0001	0.0001	0.166288	0.806534	0.068329	0.144432	0.0573203	0.941276	0.0001	0.0001	0.490218	0.116094	0.584798	0.0001	0.208075	0.591793	0.0001	0.0001	0.514411	0.265464	0.269685	0.00544239	0.0001	0.0001	0.0001
86	A	T	ORF	S	NULL	0	0	0	0	0	0	0	0	0	0	0	0	0	0	0	0	0	0	0	0	0	0	0	0	0	0	0	0	0	0	0	0	0	0	0	0	0	0	0	0	0	0	0	0	0	0	0	0	0	0	0	0	0	0
87	A	T	ORF	S	NULL	0	0	0	0	0	0	0	0	0	0	0	0	0	0	0	0	0	0	0	0	0	0	0	0	0	0	0	0	0	0	0	0	0	0	0	0	0	0	0	0	0	0	0	0	0	0	0	0	0	0	0	0	0	0
88	A	T	ORF	S	NULL	0	0	0	0	0	0	0	0	0	0	0	0	0	0	0	0	0	0	0	0	0	0	0	0	0	0	0	0	0	0	0	0	0	0	0	0	0	0	0	0	0	0	0	0	0	0	0	0	0	0	0	0	0	0
89	A	T	ORF	S	NULL	0	0	0	0	0	0	0	0	0	0	0	0	0	0	0	0	0	0	0	0	0	0	0	0	0	0	0	0	0	0	0	0	0	0	0	0	0	0	0	0	0	0	0	0	0	0	0	0	0	0	0	0	0	0
90	A	T	ORF	S	NULL	0	0	0	0	0	0	0	0	0	0	0	0	0	0	0	0	0	0	0	0	0	0	0	0	0	0	0	0	0	0	0	0	0	0	0	0	0	0	0	0	0	0	0	0	0	0	0	0	0	0	0	0	0	0
91	A	T	ORF	S	NULL	0	0	0	0	0	0	0	0	0	0	0	0	0	0	0	0	0	0	0	0	0	0	0	0	0	0	0	0	0	0	0	0	0	0	0	0	0	0	0	0	0	0	0	0	0	0	0	0	0	0	0	0	0	0
92	A	T	ORF	S	NULL	0	0	0	0	0	0	0	0	0	0	0	0	0	0	0	0	0	0	0	0	0	0	0	0	0	0	0	0	0	0	0	0	0	0	0	0	0	0	0	0	0	0	0	0	0	0	0	0	0	0	0	0	0	0
93	A	T	ORF	S	NULL	0	0	0	0	0	0	0	0	0	0	0	0	0	0	0	0	0	0	0	0	0	0	0	0	0	0	0	0	0	0	0	0	0	0	0	0	0	0	0	0	0	0	0	0	0	0	0	0	0	0	0	0	0	0
94	A	T	ORF	S	NULL	0	0	0	0	0.806976	0.0001	0.0001	0.0001	0.0001	0.646962	0.0001	0.0001	0.0001	0.0001	0.0001	0.753972	0.0001	0.0001	0.0001	0.0001	0.0001	0.0001	0.915987	0.400938	0.548952	0.0001	0.0001	0.0379036	0.0416972	0.999977	0.0001	0.0001	0.0001	0.0338888	0.0001	0.444998	0.0001	0.0001	0.193916	0.0001	0.0309207	0.0001	0.976993	0.306916	0.0001	0.0001	0.0001	0.0001	0.532951	0.0001	0.0001	0.0001	0.569954	0.0001
95	A	T	ORF	S	NULL	0	0	0	0	0	0	0	0	0	0	0	0	0	0	0	0	0	0	0	0	0	0	0	0	0	0	0	0	0	0	0	0	0	0	0	0	0	0	0	0	0	0	0	0	0	0	0	0	0	0	0	0	0	0
96	A	T	ORF	S	NULL	0	0	0	0	0.00861286	0.0001	0.532976	0.201935	0.0001	0.013217	0.0001	0.0179783	0.0001	0.240932	0.0001	0.0001	0.00757199	0.13566	0.214994	0.0001	0.0001	0.0001	0.0001	0.000100001	0.449959	0.0190458	0.0001	0.867022	0.0248478	0.0001	0.122083	0.0129312	0.0001	0.00459027	0.0001	0.00411437	0.040837	0.0001	0.0001	0.0100339	0.000100005	0.0001	0.0219029	0.0001	0.0452358	0.000100003	0.000100004	0.0166684	0.0208312	0.000100002	0.0001	0.0001	0.0001	0.0001
97	A	T	ORF	S	NULL	0	0	0	0	0.00861286	0.0001	0.532976	0.201935	0.0001	0.013217	0.0001	0.0179783	0.0001	0.240932	0.0001	0.0001	0.00757199	0.13566	0.214994	0.0001	0.0001	0.0001	0.0001	0.000100001	0.449959	0.0190458	0.0001	0.867022	0.0248478	0.0001	0.122083	0.0129312	0.0001	0.00459027	0.0001	0.00411437	0.040837	0.0001	0.0001	0.0100339	0.000100005	0.0001	0.0219029	0.0001	0.0452358	0.000100003	0.000100004	0.0166684	0.0208312	0.000100002	0.0001	0.0001	0.0001	0.0001
98	A	T	ORF	S	NULL	0	0	0	0	0	0	0	0	0	0	0	0	0	0	0	0	0	0	0	0	0	0	0	0	0	0	0	0	0	0	0	0	0	0	0	0	0	0	0	0	0	0	0	0	0	0	0	0	0	0	0	0	0	0
99	A	T	ORF	S	NULL	0	0	0	0	0	0	0	0	0	0	0	0	0	0	0	0	0	0	0	0	0	0	0	0	0	0	0	0	0	0	0	0	0	0	0	0	0	0	0	0	0	0	0	0	0	0	0	0	0	0	0	0	0	0
100	A	T	ORF	S	NULL	0	0	0	0	0.00861286	0.0001	0.532976	0.201935	0.0001	0.013217	0.0001	0.0179783	0.0001	0.240932	0.0001	0.0001	0.00757199	0.13566	0.214994	0.0001	0.0001	0.0001	0.0001	0.000100001	0.449959	0.0190458	0.0001	0.867022	0.0248478	0.0001	0.122083	0.0129312	0.0001	0.00459027	0.0001	0.00411437	0.040837	0.0001	0.0001	0.0100339	0.000100005	0.0001	0.0219029	0.0001	0.0452358	0.000100003	0.000100004	0.0166684	0.0208312	0.000100002	0.0001	0.0001	0.0001	0.0001
