pos	ref	alt	gene	N/S	AA	nSRAsubclonal	nSRAclonal	nSRA	nConsensus	sample0|Earth	sample1|Earth	sample2|Earth	sample3|Earth	sample4|Earth	sample5|Earth	sample6|Earth	sample7|Earth	sample8|Earth	sample9|Earth	sample10|Earth	sample11|Earth	sample12|Earth	sample13|Earth	sample14|Earth	sample15|Earth	sample16|Earth	sample17|Earth	sample18|Earth	sample19|Earth	sample20|Earth	sample21|Earth	sample22|Earth	sample23|Earth	sample24|Earth	sample25|Earth	sample26|Earth	sample27|Earth	sample28|Earth	sample29|Earth	sample30|Earth	sample31|Earth	sample32|Earth	sample33|Earth	sample34|Earth	sample35|Earth	sample36|Earth	sample37|Earth	sample38|Earth	sample39|Earth	sample40|Earth	sample41|Earth	sample42|Earth	sample43|Earth	sample44|Earth	sample45|Earth	sample46|Earth	sample47|Earth	sample48|Earth	sample49|Earth
1	A	T	ORF	S	NULL	0	0	0	0	0	0	0	0	0	0	0	0	0	0	0	0	0	0	0	0	0	0	0	0	0	0	0	0	0	0	0	0	0	0	0	0	0	0	0	0	0	0	0	0	0	0	0	0	0	0	0	0	0	0
2	A	T	ORF	S	NULL	0	0	0	0	0	0	0	0	0	0	0	0	0	0	0	0	0	0	0	0	0	0	0	0	0	0	0	0	0	0	0	0	0	0	0	0	0	0	0	0	0	0	0	0	0	0	0	0	0	0	0	0	0	0
3	A	T	ORF	S	NULL	0	0	0	0	0	0	0	0	0	0	0	0	0	0	0	0	0	0	0	0	0	0	0	0	0	0	0	0	0	0	0	0	0	0	0	0	0	0	0	0	0	0	0	0	0	0	0	0	0	0	0	0	0	0
4	A	T	ORF	S	NULL	0	0	0	0	0	0	0	0	0	0	0	0	0	0	0	0	0	0	0	0	0	0	0	0	0	0	0	0	0	0	0	0	0	0	0	0	0	0	0	0	0	0	0	0	0	0	0	0	0	0	0	0	0	0
5	A	T	ORF	S	NULL	0	0	0	0	0	0	0	0	0	0	0	0	0	0	0	0	0	0	0	0	0	0	0	0	0	0	0	0	0	0	0	0	0	0	0	0	0	0	0	0	0	0	0	0	0	0	0	0	0	0	0	0	0	0
6	A	T	ORF	S	NULL	0	0	0	0	0	0	0	0	0	0	0	0	0	0	0	0	0	0	0	0	0	0	0	0	0	0	0	0	0	0	0	0	0	0	0	0	0	0	0	0	0	0	0	0	0	0	0	0	0	0	0	0	0	0
7	A	T	ORF	S	NULL	0	0	0	0	0	0	0	0	0	0	0	0	0	0	0	0	0	0	0	0	0	0	0	0	0	0	0	0	0	0	0	0	0	0	0	0	0	0	0	0	0	0	0	0	0	0	0	0	0	0	0	0	0	0
8	A	T	ORF	S	NULL	0	0	0	0	0	0	0	0	0	0	0	0	0	0	0	0	0	0	0	0	0	0	0	0	0	0	0	0	0	0	0	0	0	0	0	0	0	0	0	0	0	0	0	0	0	0	0	0	0	0	0	0	0	0
9	A	T	ORF	S	NULL	0	0	0	0	0.0001	0.0001	0.0498753	0.0108268	0.0881615	0.454704	0.0001	0.0001	0.59138	0.0884531	0.0360502	0.425541	0.0134027	0.194457	0.115753	0.0286724	0.00717463	0.290903	0.11793	0.185422	0.0319979	0.0001	0.0524977	0.20804	0.0001	0.0146456	0.032035	0.211602	0.0001	0.02555	0.0315703	0.0001	0.0001	0.0001	0.547386	0.00929031	0.123681	0.0001	0.10368	0.367767	0.00192738	0.186358	0.055523	0.0001	0.42864	0.0001	0.0027382	0.0001	0.168156	0.0001
10	A	T	ORF	S	NULL	0	0	0	0	0	0	0	0	0	0	0	0	0	0	0	0	0	0	0	0	0	0	0	0	0	0	0	0	0	0	0	0	0	0	0	0	0	0	0	0	0	0	0	0	0	0	0	0	0	0	0	0	0	0
11	A	T	ORF	S	NULL	0	0	0	0	0.437948	0.0002	0.0002	0.0513422	0.0002	0.10824	0.228032	0.0002	0.000399836	0.0002	0.413566	0.000731531	0.337105	0.157107	0.0002	0.00020048	0.00945767	0.000243963	0.000200029	0.0144299	0.107901	0.651051	0.0310805	0.00066254	0.0002	0.015222	0.0447864	0.139326	0.806051	0.761139	0.285111	0.923978	0.236997	0.844976	0.0002	0.792206	0.000206129	0.0002	0.102793	0.00101363	0.451148	0.0002	0.109588	0.0002	0.0002	0.0002	0.0111829	0.0002	0.0865939	0.00105902
12	A	T	ORF	S	NULL	0	0	0	0	0	0	0	0	0	0	0	0	0	0	0	0	0	0	0	0	0	0	0	0	0	0	0	0	0	0	0	0	0	0	0	0	0	0	0	0	0	0	0	0	0	0	0	0	0	0	0	0	0	0
13	A	T	ORF	S	NULL	0	0	0	0	0	0	0	0	0	0	0	0	0	0	0	0	0	0	0	0	0	0	0	0	0	0	0	0	0	0	0	0	0	0	0	0	0	0	0	0	0	0	0	0	0	0	0	0	0	0	0	0	0	0
14	A	T	ORF	S	NULL	0	0	0	0	0.129614	0.0001	0.0001	0.0249835	0.0406157	0.000166939	0.0001	0.0001	0.000209249	0.0001	0.0001	0.114493	0.205128	0.0001	0.809003	0.0238288	0.0001	0.148348	0.0657121	0.0192871	0.0001	0.0839256	0.199919	0.00219524	0.0001	0.117367	0.00862123	0.0445912	0.0001	0.00011612	0.00011357	0.0749125	0.0001	0.0001	0.0001	0.0001	0.000104151	0.999922	0.0001	0.000913674	0.376897	0.0001	0.0001	0.0001	0.0001	0.0001	0.935002	0.538952	0.000287646	0.901324
15	A	T	ORF	S	NULL	0	0	0	0	0.000563898	0.000100001	0.0001	0.166715	0.325619	0.00021138	0.00450521	0.829711	0.00746057	0.0001	0.270691	0.0102954	0.095152	0.00768499	0.000973536	0.192425	0.287786	0.0001	0.14347	0.0138576	0.300904	0.0766199	0.14335	0.0191445	0.0001	0.00241307	0.0849299	0.111952	0.0001	0.0480106	0.175956	0.0001	0.0792338	0.000100005	0.0001	0.0570371	0.134562	0.0001	0.192247	0.0001	0.0156338	0.0001	0.11866	0.169245	0.0407981	0.0001	0.0209148	0.0001	0.116774	0.000103924
16	A	T	ORF	S	NULL	0	0	0	0	0	0	0	0	0	0	0	0	0	0	0	0	0	0	0	0	0	0	0	0	0	0	0	0	0	0	0	0	0	0	0	0	0	0	0	0	0	0	0	0	0	0	0	0	0	0	0	0	0	0
17	A	T	ORF	S	NULL	0	0	0	0	0	0	0	0	0	0	0	0	0	0	0	0	0	0	0	0	0	0	0	0	0	0	0	0	0	0	0	0	0	0	0	0	0	0	0	0	0	0	0	0	0	0	0	0	0	0	0	0	0	0
18	A	T	ORF	S	NULL	0	0	0	0	0.0002	0.0002	0.922822	0.0536295	0.00262165	0.046283	0.0002	0.0002	0.114872	0.0193952	0.0002	0.0023368	0.094911	0.0319906	0.0248249	0.183176	0.0298855	0.0767256	0.0682341	0.161455	0.186521	0.111632	0.109684	0.000269408	0.0002	0.0002	0.287571	0.0792212	0.0002	0.000756866	0.217398	0.0002	0.0002	0.0002	0.137954	0.0619517	0.310793	0.0002	0.0002	0.00302283	0.0148313	0.730366	0.118672	0.0002	0.0002	0.999963	0.018926	0.220116	0.099043	0.000200003
19	A	T	ORF	S	NULL	0	0	0	0	0	0	0	0	0	0	0	0	0	0	0	0	0	0	0	0	0	0	0	0	0	0	0	0	0	0	0	0	0	0	0	0	0	0	0	0	0	0	0	0	0	0	0	0	0	0	0	0	0	0
20	A	T	ORF	S	NULL	0	0	0	0	0.0001	0.0001	0.0498753	0.0108268	0.0881615	0.454704	0.0001	0.0001	0.59138	0.0884531	0.0360502	0.425541	0.0134027	0.194457	0.115753	0.0286724	0.00717463	0.290903	0.11793	0.185422	0.0319979	0.0001	0.0524977	0.20804	0.0001	0.0146456	0.032035	0.211602	0.0001	0.02555	0.0315703	0.0001	0.0001	0.0001	0.547386	0.00929031	0.123681	0.0001	0.10368	0.367767	0.00192738	0.186358	0.055523	0.0001	0.42864	0.0001	0.0027382	0.0001	0.168156	0.0001
21	A	T	ORF	S	NULL	0	0	0	0	0	0	0	0	0	0	0	0	0	0	0	0	0	0	0	0	0	0	0	0	0	0	0	0	0	0	0	0	0	0	0	0	0	0	0	0	0	0	0	0	0	0	0	0	0	0	0	0	0	0
22	A	T	ORF	S	NULL	0	0	0	0	0	0	0	0	0	0	0	0	0	0	0	0	0	0	0	0	0	0	0	0	0	0	0	0	0	0	0	0	0	0	0	0	0	0	0	0	0	0	0	0	0	0	0	0	0	0	0	0	0	0
23	A	T	ORF	S	NULL	0	0	0	0	0	0	0	0	0	0	0	0	0	0	0	0	0	0	0	0	0	0	0	0	0	0	0	0	0	0	0	0	0	0	0	0	0	0	0	0	0	0	0	0	0	0	0	0	0	0	0	0	0	0
24	A	T	ORF	S	NULL	0	0	0	0	0	0	0	0	0	0	0	0	0	0	0	0	0	0	0	0	0	0	0	0	0	0	0	0	0	0	0	0	0	0	0	0	0	0	0	0	0	0	0	0	0	0	0	0	0	0	0	0	0	0
25	A	T	ORF	S	NULL	0	0	0	0	0	0	0	0	0	0	0	0	0	0	0	0	0	0	0	0	0	0	0	0	0	0	0	0	0	0	0	0	0	0	0	0	0	0	0	0	0	0	0	0	0	0	0	0	0	0	0	0	0	0
26	A	T	ORF	S	NULL	0	0	0	0	0	0	0	0	0	0	0	0	0	0	0	0	0	0	0	0	0	0	0	0	0	0	0	0	0	0	0	0	0	0	0	0	0	0	0	0	0	0	0	0	0	0	0	0	0	0	0	0	0	0
27	A	T	ORF	S	NULL	0	0	0	0	0.000563898	0.000100001	0.0001	0.166715	0.325619	0.00021138	0.00450521	0.829711	0.00746057	0.0001	0.270691	0.0102954	0.095152	0.00768499	0.000973536	0.192425	0.287786	0.0001	0.14347	0.0138576	0.300904	0.0766199	0.14335	0.0191445	0.0001	0.00241307	0.0849299	0.111952	0.0001	0.0480106	0.175956	0.0001	0.0792338	0.000100005	0.0001	0.0570371	0.134562	0.0001	0.192247	0.0001	0.0156338	0.0001	0.11866	0.169245	0.0407981	0.0001	0.0209148	0.0001	0.116774	0.000103924
28	A	T	ORF	S	NULL	0	0	0	0	0	0	0	0	0	0	0	0	0	0	0	0	0	0	0	0	0	0	0	0	0	0	0	0	0	0	0	0	0	0	0	0	0	0	0	0	0	0	0	0	0	0	0	0	0	0	0	0	0	0
29	A	T	ORF	S	NULL	0	0	0	0	0.0001	0.0001	0.0001	0.271832	0.0147256	0.0347728	0.0001	0.039838	0.0083095	0.843187	0.00871918	0.0110797	0.0001	0.5151	0.0001	0.0001	0.0001	0.0001	0.00526123	0.397098	0.184604	0.0001	0.0502655	0.498039	0.999884	0.791037	0.393261	0.0001	0.0001	0.0001	0.0001	0.0001	0.630029	0.0001	0.0001	0.0001	0.093577	0.0001	0.407122	0.0705082	0.0001	0.0001	0.0001	0.745297	0.088574	0.0001	0.0001	0.240927	0.191453	0.0928145
30	A	T	ORF	S	NULL	0	0	0	0	0	0	0	0	0	0	0	0	0	0	0	0	0	0	0	0	0	0	0	0	0	0	0	0	0	0	0	0	0	0	0	0	0	0	0	0	0	0	0	0	0	0	0	0	0	0	0	0	0	0
31	A	T	ORF	S	NULL	0	0	0	0	0	0	0	0	0	0	0	0	0	0	0	0	0	0	0	0	0	0	0	0	0	0	0	0	0	0	0	0	0	0	0	0	0	0	0	0	0	0	0	0	0	0	0	0	0	0	0	0	0	0
32	A	T	ORF	S	NULL	0	0	0	0	0.000563898	0.000100001	0.0001	0.166715	0.325619	0.00021138	0.00450521	0.829711	0.00746057	0.0001	0.270691	0.0102954	0.095152	0.00768499	0.000973536	0.192425	0.287786	0.0001	0.14347	0.0138576	0.300904	0.0766199	0.14335	0.0191445	0.0001	0.00241307	0.0849299	0.111952	0.0001	0.0480106	0.175956	0.0001	0.0792338	0.000100005	0.0001	0.0570371	0.134562	0.0001	0.192247	0.0001	0.0156338	0.0001	0.11866	0.169245	0.0407981	0.0001	0.0209148	0.0001	0.116774	0.000103924
33	A	T	ORF	S	NULL	0	0	0	0	0	0	0	0	0	0	0	0	0	0	0	0	0	0	0	0	0	0	0	0	0	0	0	0	0	0	0	0	0	0	0	0	0	0	0	0	0	0	0	0	0	0	0	0	0	0	0	0	0	0
34	A	T	ORF	S	NULL	0	0	0	0	0	0	0	0	0	0	0	0	0	0	0	0	0	0	0	0	0	0	0	0	0	0	0	0	0	0	0	0	0	0	0	0	0	0	0	0	0	0	0	0	0	0	0	0	0	0	0	0	0	0
35	A	T	ORF	S	NULL	0	0	0	0	0.000563898	0.000100001	0.0001	0.166715	0.325619	0.00021138	0.00450521	0.829711	0.00746057	0.0001	0.270691	0.0102954	0.095152	0.00768499	0.000973536	0.192425	0.287786	0.0001	0.14347	0.0138576	0.300904	0.0766199	0.14335	0.0191445	0.0001	0.00241307	0.0849299	0.111952	0.0001	0.0480106	0.175956	0.0001	0.0792338	0.000100005	0.0001	0.0570371	0.134562	0.0001	0.192247	0.0001	0.0156338	0.0001	0.11866	0.169245	0.0407981	0.0001	0.0209148	0.0001	0.116774	0.000103924
36	A	T	ORF	S	NULL	0	0	0	0	0.0001	0.0001	0.0498753	0.0108268	0.0881615	0.454704	0.0001	0.0001	0.59138	0.0884531	0.0360502	0.425541	0.0134027	0.194457	0.115753	0.0286724	0.00717463	0.290903	0.11793	0.185422	0.0319979	0.0001	0.0524977	0.20804	0.0001	0.0146456	0.032035	0.211602	0.0001	0.02555	0.0315703	0.0001	0.0001	0.0001	0.547386	0.00929031	0.123681	0.0001	0.10368	0.367767	0.00192738	0.186358	0.055523	0.0001	0.42864	0.0001	0.0027382	0.0001	0.168156	0.0001
37	A	T	ORF	S	NULL	0	0	0	0	0	0	0	0	0	0	0	0	0	0	0	0	0	0	0	0	0	0	0	0	0	0	0	0	0	0	0	0	0	0	0	0	0	0	0	0	0	0	0	0	0	0	0	0	0	0	0	0	0	0
38	A	T	ORF	S	NULL	0	0	0	0	0.0002	0.0002	0.972597	0.0643564	0.0906832	0.500887	0.0002	0.0002	0.706151	0.107748	0.0361502	0.425641	0.108214	0.226347	0.140477	0.211749	0.0369602	0.367529	0.186065	0.262438	0.218419	0.111632	0.162082	0.20814	0.0002	0.0147456	0.319506	0.290723	0.0002	0.02565	0.248868	0.0002	0.0002	0.0002	0.68524	0.071142	0.358695	0.0002	0.10378	0.367867	0.0166587	0.916624	0.174095	0.0002	0.42874	0.0620232	0.0215642	0.219018	0.266081	0.0002
39	A	T	ORF	S	NULL	0	0	0	0	0.000563898	0.000100001	0.0001	0.166715	0.325619	0.00021138	0.00450521	0.829711	0.00746057	0.0001	0.270691	0.0102954	0.095152	0.00768499	0.000973536	0.192425	0.287786	0.0001	0.14347	0.0138576	0.300904	0.0766199	0.14335	0.0191445	0.0001	0.00241307	0.0849299	0.111952	0.0001	0.0480106	0.175956	0.0001	0.0792338	0.000100005	0.0001	0.0570371	0.134562	0.0001	0.192247	0.0001	0.0156338	0.0001	0.11866	0.169245	0.0407981	0.0001	0.0209148	0.0001	0.116774	0.000103924
40	A	T	ORF	S	NULL	0	0	0	0	0.000563898	0.000100001	0.0001	0.166715	0.325619	0.00021138	0.00450521	0.829711	0.00746057	0.0001	0.270691	0.0102954	0.095152	0.00768499	0.000973536	0.192425	0.287786	0.0001	0.14347	0.0138576	0.300904	0.0766199	0.14335	0.0191445	0.0001	0.00241307	0.0849299	0.111952	0.0001	0.0480106	0.175956	0.0001	0.0792338	0.000100005	0.0001	0.0570371	0.134562	0.0001	0.192247	0.0001	0.0156338	0.0001	0.11866	0.169245	0.0407981	0.0001	0.0209148	0.0001	0.116774	0.000103924
41	A	T	ORF	S	NULL	0	0	0	0	0	0	0	0	0	0	0	0	0	0	0	0	0	0	0	0	0	0	0	0	0	0	0	0	0	0	0	0	0	0	0	0	0	0	0	0	0	0	0	0	0	0	0	0	0	0	0	0	0	0
42	A	T	ORF	S	NULL	0	0	0	0	0	0	0	0	0	0	0	0	0	0	0	0	0	0	0	0	0	0	0	0	0	0	0	0	0	0	0	0	0	0	0	0	0	0	0	0	0	0	0	0	0	0	0	0	0	0	0	0	0	0
43	A	T	ORF	S	NULL	0	0	0	0	0	0	0	0	0	0	0	0	0	0	0	0	0	0	0	0	0	0	0	0	0	0	0	0	0	0	0	0	0	0	0	0	0	0	0	0	0	0	0	0	0	0	0	0	0	0	0	0	0	0
44	A	T	ORF	S	NULL	0	0	0	0	0	0	0	0	0	0	0	0	0	0	0	0	0	0	0	0	0	0	0	0	0	0	0	0	0	0	0	0	0	0	0	0	0	0	0	0	0	0	0	0	0	0	0	0	0	0	0	0	0	0
45	A	T	ORF	S	NULL	0	0	0	0	0.0001	0.0001	0.0498753	0.0108268	0.0881615	0.454704	0.0001	0.0001	0.59138	0.0884531	0.0360502	0.425541	0.0134027	0.194457	0.115753	0.0286724	0.00717463	0.290903	0.11793	0.185422	0.0319979	0.0001	0.0524977	0.20804	0.0001	0.0146456	0.032035	0.211602	0.0001	0.02555	0.0315703	0.0001	0.0001	0.0001	0.547386	0.00929031	0.123681	0.0001	0.10368	0.367767	0.00192738	0.186358	0.055523	0.0001	0.42864	0.0001	0.0027382	0.0001	0.168156	0.0001
46	A	T	ORF	S	NULL	0	0	0	0	0	0	0	0	0	0	0	0	0	0	0	0	0	0	0	0	0	0	0	0	0	0	0	0	0	0	0	0	0	0	0	0	0	0	0	0	0	0	0	0	0	0	0	0	0	0	0	0	0	0
47	A	T	ORF	S	NULL	0	0	0	0	0.0001	0.0001	0.0498753	0.0108268	0.0881615	0.454704	0.0001	0.0001	0.59138	0.0884531	0.0360502	0.425541	0.0134027	0.194457	0.115753	0.0286724	0.00717463	0.290903	0.11793	0.185422	0.0319979	0.0001	0.0524977	0.20804	0.0001	0.0146456	0.032035	0.211602	0.0001	0.02555	0.0315703	0.0001	0.0001	0.0001	0.547386	0.00929031	0.123681	0.0001	0.10368	0.367767	0.00192738	0.186358	0.055523	0.0001	0.42864	0.0001	0.0027382	0.0001	0.168156	0.0001
48	A	T	ORF	S	NULL	0	0	0	0	0	0	0	0	0	0	0	0	0	0	0	0	0	0	0	0	0	0	0	0	0	0	0	0	0	0	0	0	0	0	0	0	0	0	0	0	0	0	0	0	0	0	0	0	0	0	0	0	0	0
49	A	T	ORF	S	NULL	0	0	0	0	0.0001	0.0001	0.0001	0.271832	0.0147256	0.0347728	0.0001	0.039838	0.0083095	0.843187	0.00871918	0.0110797	0.0001	0.5151	0.0001	0.0001	0.0001	0.0001	0.00526123	0.397098	0.184604	0.0001	0.0502655	0.498039	0.999884	0.791037	0.393261	0.0001	0.0001	0.0001	0.0001	0.0001	0.630029	0.0001	0.0001	0.0001	0.093577	0.0001	0.407122	0.0705082	0.0001	0.0001	0.0001	0.745297	0.088574	0.0001	0.0001	0.240927	0.191453	0.0928145
50	A	T	ORF	S	NULL	0	0	0	0	0.000563898	0.000100001	0.0001	0.166715	0.325619	0.00021138	0.00450521	0.829711	0.00746057	0.0001	0.270691	0.0102954	0.095152	0.00768499	0.000973536	0.192425	0.287786	0.0001	0.14347	0.0138576	0.300904	0.0766199	0.14335	0.0191445	0.0001	0.00241307	0.0849299	0.111952	0.0001	0.0480106	0.175956	0.0001	0.0792338	0.000100005	0.0001	0.0570371	0.134562	0.0001	0.192247	0.0001	0.0156338	0.0001	0.11866	0.169245	0.0407981	0.0001	0.0209148	0.0001	0.116774	0.000103924
51	A	T	ORF	S	NULL	0	0	0	0	0.000663898	0.000200001	0.0002	0.438547	0.340345	0.0349842	0.00460521	0.869549	0.0157701	0.843287	0.27941	0.0213751	0.095252	0.522785	0.00107354	0.192525	0.287886	0.0002	0.148732	0.410955	0.485509	0.0767199	0.193616	0.517183	0.999984	0.79345	0.478191	0.112052	0.0002	0.0481106	0.176056	0.0002	0.709263	0.000200005	0.0002	0.0571371	0.228139	0.0002	0.599368	0.0706082	0.0157338	0.0002	0.11876	0.914542	0.129372	0.0002	0.0210148	0.241027	0.308226	0.0929184
52	A	T	ORF	S	NULL	0	0	0	0	0.129614	0.0001	0.0001	0.0249835	0.0406157	0.000166939	0.0001	0.0001	0.000209249	0.0001	0.0001	0.114493	0.205128	0.0001	0.809003	0.0238288	0.0001	0.148348	0.0657121	0.0192871	0.0001	0.0839256	0.199919	0.00219524	0.0001	0.117367	0.00862123	0.0445912	0.0001	0.00011612	0.00011357	0.0749125	0.0001	0.0001	0.0001	0.0001	0.000104151	0.999922	0.0001	0.000913674	0.376897	0.0001	0.0001	0.0001	0.0001	0.0001	0.935002	0.538952	0.000287646	0.901324
53	A	T	ORF	S	NULL	0	0	0	0	0	0	0	0	0	0	0	0	0	0	0	0	0	0	0	0	0	0	0	0	0	0	0	0	0	0	0	0	0	0	0	0	0	0	0	0	0	0	0	0	0	0	0	0	0	0	0	0	0	0
54	A	T	ORF	S	NULL	0	0	0	0	0.437948	0.0002	0.0002	0.0513422	0.0002	0.10824	0.228032	0.0002	0.000399836	0.0002	0.413566	0.000731531	0.337105	0.157107	0.0002	0.00020048	0.00945767	0.000243963	0.000200029	0.0144299	0.107901	0.651051	0.0310805	0.00066254	0.0002	0.015222	0.0447864	0.139326	0.806051	0.761139	0.285111	0.923978	0.236997	0.844976	0.0002	0.792206	0.000206129	0.0002	0.102793	0.00101363	0.451148	0.0002	0.109588	0.0002	0.0002	0.0002	0.0111829	0.0002	0.0865939	0.00105902
55	A	T	ORF	S	NULL	0	0	0	0	0	0	0	0	0	0	0	0	0	0	0	0	0	0	0	0	0	0	0	0	0	0	0	0	0	0	0	0	0	0	0	0	0	0	0	0	0	0	0	0	0	0	0	0	0	0	0	0	0	0
56	A	T	ORF	S	NULL	0	0	0	0	0	0	0	0	0	0	0	0	0	0	0	0	0	0	0	0	0	0	0	0	0	0	0	0	0	0	0	0	0	0	0	0	0	0	0	0	0	0	0	0	0	0	0	0	0	0	0	0	0	0
57	A	T	ORF	S	NULL	0	0	0	0	0.0001	0.0001	0.0001	0.271832	0.0147256	0.0347728	0.0001	0.039838	0.0083095	0.843187	0.00871918	0.0110797	0.0001	0.5151	0.0001	0.0001	0.0001	0.0001	0.00526123	0.397098	0.184604	0.0001	0.0502655	0.498039	0.999884	0.791037	0.393261	0.0001	0.0001	0.0001	0.0001	0.0001	0.630029	0.0001	0.0001	0.0001	0.093577	0.0001	0.407122	0.0705082	0.0001	0.0001	0.0001	0.745297	0.088574	0.0001	0.0001	0.240927	0.191453	0.0928145
58	A	T	ORF	S	NULL	0	0	0	0	0.000663898	0.000200001	0.0002	0.438547	0.340345	0.0349842	0.00460521	0.869549	0.0157701	0.843287	0.27941	0.0213751	0.095252	0.522785	0.00107354	0.192525	0.287886	0.0002	0.148732	0.410955	0.485509	0.0767199	0.193616	0.517183	0.999984	0.79345	0.478191	0.112052	0.0002	0.0481106	0.176056	0.0002	0.709263	0.000200005	0.0002	0.0571371	0.228139	0.0002	0.599368	0.0706082	0.0157338	0.0002	0.11876	0.914542	0.129372	0.0002	0.0210148	0.241027	0.308226	0.0929184
59	A	T	ORF	S	NULL	0	0	0	0	0.0002	0.0002	0.0499753	0.282659	0.102887	0.489477	0.0002	0.039938	0.599689	0.93164	0.0447694	0.43662	0.0135027	0.709557	0.115853	0.0287724	0.00727463	0.291003	0.123192	0.58252	0.216602	0.0002	0.102763	0.706079	0.999984	0.805683	0.425296	0.211702	0.0002	0.02565	0.0316703	0.0002	0.630129	0.0002	0.547486	0.00939031	0.217258	0.0002	0.510802	0.438275	0.00202738	0.186458	0.055623	0.745397	0.517214	0.0002	0.0028382	0.241027	0.359609	0.0929145
60	A	T	ORF	S	NULL	0	0	0	0	0.000563898	0.000100001	0.0001	0.166715	0.325619	0.00021138	0.00450521	0.829711	0.00746057	0.0001	0.270691	0.0102954	0.095152	0.00768499	0.000973536	0.192425	0.287786	0.0001	0.14347	0.0138576	0.300904	0.0766199	0.14335	0.0191445	0.0001	0.00241307	0.0849299	0.111952	0.0001	0.0480106	0.175956	0.0001	0.0792338	0.000100005	0.0001	0.0570371	0.134562	0.0001	0.192247	0.0001	0.0156338	0.0001	0.11866	0.169245	0.0407981	0.0001	0.0209148	0.0001	0.116774	0.000103924
61	A	T	ORF	S	NULL	0	0	0	0	0	0	0	0	0	0	0	0	0	0	0	0	0	0	0	0	0	0	0	0	0	0	0	0	0	0	0	0	0	0	0	0	0	0	0	0	0	0	0	0	0	0	0	0	0	0	0	0	0	0
62	A	T	ORF	S	NULL	0	0	0	0	0.000563898	0.000100001	0.0001	0.166715	0.325619	0.00021138	0.00450521	0.829711	0.00746057	0.0001	0.270691	0.0102954	0.095152	0.00768499	0.000973536	0.192425	0.287786	0.0001	0.14347	0.0138576	0.300904	0.0766199	0.14335	0.0191445	0.0001	0.00241307	0.0849299	0.111952	0.0001	0.0480106	0.175956	0.0001	0.0792338	0.000100005	0.0001	0.0570371	0.134562	0.0001	0.192247	0.0001	0.0156338	0.0001	0.11866	0.169245	0.0407981	0.0001	0.0209148	0.0001	0.116774	0.000103924
63	A	T	ORF	S	NULL	0	0	0	0	0.0001	0.0001	0.0498753	0.0108268	0.0881615	0.454704	0.0001	0.0001	0.59138	0.0884531	0.0360502	0.425541	0.0134027	0.194457	0.115753	0.0286724	0.00717463	0.290903	0.11793	0.185422	0.0319979	0.0001	0.0524977	0.20804	0.0001	0.0146456	0.032035	0.211602	0.0001	0.02555	0.0315703	0.0001	0.0001	0.0001	0.547386	0.00929031	0.123681	0.0001	0.10368	0.367767	0.00192738	0.186358	0.055523	0.0001	0.42864	0.0001	0.0027382	0.0001	0.168156	0.0001
64	A	T	ORF	S	NULL	0	0	0	0	0	0	0	0	0	0	0	0	0	0	0	0	0	0	0	0	0	0	0	0	0	0	0	0	0	0	0	0	0	0	0	0	0	0	0	0	0	0	0	0	0	0	0	0	0	0	0	0	0	0
65	A	T	ORF	S	NULL	0	0	0	0	0	0	0	0	0	0	0	0	0	0	0	0	0	0	0	0	0	0	0	0	0	0	0	0	0	0	0	0	0	0	0	0	0	0	0	0	0	0	0	0	0	0	0	0	0	0	0	0	0	0
66	A	T	ORF	S	NULL	0	0	0	0	0.437948	0.0002	0.0002	0.0513422	0.0002	0.10824	0.228032	0.0002	0.000399836	0.0002	0.413566	0.000731531	0.337105	0.157107	0.0002	0.00020048	0.00945767	0.000243963	0.000200029	0.0144299	0.107901	0.651051	0.0310805	0.00066254	0.0002	0.015222	0.0447864	0.139326	0.806051	0.761139	0.285111	0.923978	0.236997	0.844976	0.0002	0.792206	0.000206129	0.0002	0.102793	0.00101363	0.451148	0.0002	0.109588	0.0002	0.0002	0.0002	0.0111829	0.0002	0.0865939	0.00105902
67	A	T	ORF	S	NULL	0	0	0	0	0.0001	0.0001	0.922722	0.0535295	0.00252165	0.046183	0.0001	0.0001	0.114772	0.0192952	0.0001	0.000100001	0.094811	0.0318906	0.0247249	0.183076	0.0297855	0.0766256	0.0681341	0.0770159	0.186421	0.111532	0.109584	0.0001	0.0001	0.0001	0.287471	0.0791212	0.0001	0.0001	0.217298	0.0001	0.0001	0.0001	0.137854	0.0618517	0.235014	0.0001	0.0001	0.0001	0.0147313	0.730266	0.118572	0.0001	0.0001	0.0619232	0.018826	0.218918	0.0979247	0.0001
68	A	T	ORF	S	NULL	0	0	0	0	0	0	0	0	0	0	0	0	0	0	0	0	0	0	0	0	0	0	0	0	0	0	0	0	0	0	0	0	0	0	0	0	0	0	0	0	0	0	0	0	0	0	0	0	0	0	0	0	0	0
69	A	T	ORF	S	NULL	0	0	0	0	0.129614	0.0001	0.0001	0.0249835	0.0406157	0.000166939	0.0001	0.0001	0.000209249	0.0001	0.0001	0.114493	0.205128	0.0001	0.809003	0.0238288	0.0001	0.148348	0.0657121	0.0192871	0.0001	0.0839256	0.199919	0.00219524	0.0001	0.117367	0.00862123	0.0445912	0.0001	0.00011612	0.00011357	0.0749125	0.0001	0.0001	0.0001	0.0001	0.000104151	0.999922	0.0001	0.000913674	0.376897	0.0001	0.0001	0.0001	0.0001	0.0001	0.935002	0.538952	0.000287646	0.901324
70	A	T	ORF	S	NULL	0	0	0	0	0	0	0	0	0	0	0	0	0	0	0	0	0	0	0	0	0	0	0	0	0	0	0	0	0	0	0	0	0	0	0	0	0	0	0	0	0	0	0	0	0	0	0	0	0	0	0	0	0	0
71	A	T	ORF	S	NULL	0	0	0	0	0	0	0	0	0	0	0	0	0	0	0	0	0	0	0	0	0	0	0	0	0	0	0	0	0	0	0	0	0	0	0	0	0	0	0	0	0	0	0	0	0	0	0	0	0	0	0	0	0	0
72	A	T	ORF	S	NULL	0	0	0	0	0	0	0	0	0	0	0	0	0	0	0	0	0	0	0	0	0	0	0	0	0	0	0	0	0	0	0	0	0	0	0	0	0	0	0	0	0	0	0	0	0	0	0	0	0	0	0	0	0	0
73	A	T	ORF	S	NULL	0	0	0	0	0.0001	0.0001	0.0001	0.271832	0.0147256	0.0347728	0.0001	0.039838	0.0083095	0.843187	0.00871918	0.0110797	0.0001	0.5151	0.0001	0.0001	0.0001	0.0001	0.00526123	0.397098	0.184604	0.0001	0.0502655	0.498039	0.999884	0.791037	0.393261	0.0001	0.0001	0.0001	0.0001	0.0001	0.630029	0.0001	0.0001	0.0001	0.093577	0.0001	0.407122	0.0705082	0.0001	0.0001	0.0001	0.745297	0.088574	0.0001	0.0001	0.240927	0.191453	0.0928145
74	A	T	ORF	S	NULL	0	0	0	0	0	0	0	0	0	0	0	0	0	0	0	0	0	0	0	0	0	0	0	0	0	0	0	0	0	0	0	0	0	0	0	0	0	0	0	0	0	0	0	0	0	0	0	0	0	0	0	0	0	0
75	A	T	ORF	S	NULL	0	0	0	0	0	0	0	0	0	0	0	0	0	0	0	0	0	0	0	0	0	0	0	0	0	0	0	0	0	0	0	0	0	0	0	0	0	0	0	0	0	0	0	0	0	0	0	0	0	0	0	0	0	0
76	A	T	ORF	S	NULL	0	0	0	0	0.0001	0.999939	0.0001	0.359213	0.000151095	0.000639111	0.418668	0.130453	0.0659792	0.000194944	0.271073	0.00223695	0.139514	0.00023503	0.0490999	0.249579	0.665906	0.32277	0.000101571	0.0001	0.0711755	0.0769657	0.367882	0.0410838	0.0001	0.0001	0.0327684	0.0001	0.192926	0.0256403	0.0846036	0.0001	0.0538396	0.0001	0.312026	0.000345528	0.31775	0.0001	0.194258	0.00292445	0.0001	0.000368529	0.177202	0.0854581	0.438343	0.0001	0.0001	0.0001	0.00103339	0.0001
77	A	T	ORF	S	NULL	0	0	0	0	0	0	0	0	0	0	0	0	0	0	0	0	0	0	0	0	0	0	0	0	0	0	0	0	0	0	0	0	0	0	0	0	0	0	0	0	0	0	0	0	0	0	0	0	0	0	0	0	0	0
78	A	T	ORF	S	NULL	0	0	0	0	0.000563898	0.000100001	0.0001	0.166715	0.325619	0.00021138	0.00450521	0.829711	0.00746057	0.0001	0.270691	0.0102954	0.095152	0.00768499	0.000973536	0.192425	0.287786	0.0001	0.14347	0.0138576	0.300904	0.0766199	0.14335	0.0191445	0.0001	0.00241307	0.0849299	0.111952	0.0001	0.0480106	0.175956	0.0001	0.0792338	0.000100005	0.0001	0.0570371	0.134562	0.0001	0.192247	0.0001	0.0156338	0.0001	0.11866	0.169245	0.0407981	0.0001	0.0209148	0.0001	0.116774	0.000103924
79	A	T	ORF	S	NULL	0	0	0	0	0.129614	0.0001	0.0001	0.0249835	0.0406157	0.000166939	0.0001	0.0001	0.000209249	0.0001	0.0001	0.114493	0.205128	0.0001	0.809003	0.0238288	0.0001	0.148348	0.0657121	0.0192871	0.0001	0.0839256	0.199919	0.00219524	0.0001	0.117367	0.00862123	0.0445912	0.0001	0.00011612	0.00011357	0.0749125	0.0001	0.0001	0.0001	0.0001	0.000104151	0.999922	0.0001	0.000913674	0.376897	0.0001	0.0001	0.0001	0.0001	0.0001	0.935002	0.538952	0.000287646	0.901324
80	A	T	ORF	S	NULL	0	0	0	0	0	0	0	0	0	0	0	0	0	0	0	0	0	0	0	0	0	0	0	0	0	0	0	0	0	0	0	0	0	0	0	0	0	0	0	0	0	0	0	0	0	0	0	0	0	0	0	0	0	0
81	A	T	ORF	S	NULL	0	0	0	0	0	0	0	0	0	0	0	0	0	0	0	0	0	0	0	0	0	0	0	0	0	0	0	0	0	0	0	0	0	0	0	0	0	0	0	0	0	0	0	0	0	0	0	0	0	0	0	0	0	0
82	A	T	ORF	S	NULL	0	0	0	0	0	0	0	0	0	0	0	0	0	0	0	0	0	0	0	0	0	0	0	0	0	0	0	0	0	0	0	0	0	0	0	0	0	0	0	0	0	0	0	0	0	0	0	0	0	0	0	0	0	0
83	A	T	ORF	S	NULL	0	0	0	0	0.000563898	0.000100001	0.0001	0.166715	0.325619	0.00021138	0.00450521	0.829711	0.00746057	0.0001	0.270691	0.0102954	0.095152	0.00768499	0.000973536	0.192425	0.287786	0.0001	0.14347	0.0138576	0.300904	0.0766199	0.14335	0.0191445	0.0001	0.00241307	0.0849299	0.111952	0.0001	0.0480106	0.175956	0.0001	0.0792338	0.000100005	0.0001	0.0570371	0.134562	0.0001	0.192247	0.0001	0.0156338	0.0001	0.11866	0.169245	0.0407981	0.0001	0.0209148	0.0001	0.116774	0.000103924
84	A	T	ORF	S	NULL	0	0	0	0	0	0	0	0	0	0	0	0	0	0	0	0	0	0	0	0	0	0	0	0	0	0	0	0	0	0	0	0	0	0	0	0	0	0	0	0	0	0	0	0	0	0	0	0	0	0	0	0	0	0
85	A	T	ORF	S	NULL	0	0	0	0	0	0	0	0	0	0	0	0	0	0	0	0	0	0	0	0	0	0	0	0	0	0	0	0	0	0	0	0	0	0	0	0	0	0	0	0	0	0	0	0	0	0	0	0	0	0	0	0	0	0
86	A	T	ORF	S	NULL	0	0	0	0	0.437848	0.0001	0.0001	0.0512422	0.0001	0.0001	0.227932	0.0001	0.0001	0.0001	0.0001	0.000349687	0.280907	0.0001	0.0001	0.00010048	0.00935767	0.0001	0.000100029	0.0143299	0.107801	0.000100001	0.0309805	0.000544494	0.0001	0.015122	0.0446864	0.139226	0.0001	0.131232	0.285011	0.212675	0.0001	0.150894	0.0001	0.747856	0.0001	0.0001	0.0001	0.0001	0.18981	0.0001	0.109488	0.0001	0.0001	0.0001	0.0110829	0.0001	0.0864939	0.000959023
87	A	T	ORF	S	NULL	0	0	0	0	0	0	0	0	0	0	0	0	0	0	0	0	0	0	0	0	0	0	0	0	0	0	0	0	0	0	0	0	0	0	0	0	0	0	0	0	0	0	0	0	0	0	0	0	0	0	0	0	0	0
88	A	T	ORF	S	NULL	0	0	0	0	0	0	0	0	0	0	0	0	0	0	0	0	0	0	0	0	0	0	0	0	0	0	0	0	0	0	0	0	0	0	0	0	0	0	0	0	0	0	0	0	0	0	0	0	0	0	0	0	0	0
89	A	T	ORF	S	NULL	0	0	0	0	0	0	0	0	0	0	0	0	0	0	0	0	0	0	0	0	0	0	0	0	0	0	0	0	0	0	0	0	0	0	0	0	0	0	0	0	0	0	0	0	0	0	0	0	0	0	0	0	0	0
90	A	T	ORF	S	NULL	0	0	0	0	0	0	0	0	0	0	0	0	0	0	0	0	0	0	0	0	0	0	0	0	0	0	0	0	0	0	0	0	0	0	0	0	0	0	0	0	0	0	0	0	0	0	0	0	0	0	0	0	0	0
91	A	T	ORF	S	NULL	0	0	0	0	0	0	0	0	0	0	0	0	0	0	0	0	0	0	0	0	0	0	0	0	0	0	0	0	0	0	0	0	0	0	0	0	0	0	0	0	0	0	0	0	0	0	0	0	0	0	0	0	0	0
92	A	T	ORF	S	NULL	0	0	0	0	0	0	0	0	0	0	0	0	0	0	0	0	0	0	0	0	0	0	0	0	0	0	0	0	0	0	0	0	0	0	0	0	0	0	0	0	0	0	0	0	0	0	0	0	0	0	0	0	0	0
93	A	T	ORF	S	NULL	0	0	0	0	0.0001	0.0001	0.0498753	0.0108268	0.0881615	0.454704	0.0001	0.0001	0.59138	0.0884531	0.0360502	0.425541	0.0134027	0.194457	0.115753	0.0286724	0.00717463	0.290903	0.11793	0.185422	0.0319979	0.0001	0.0524977	0.20804	0.0001	0.0146456	0.032035	0.211602	0.0001	0.02555	0.0315703	0.0001	0.0001	0.0001	0.547386	0.00929031	0.123681	0.0001	0.10368	0.367767	0.00192738	0.186358	0.055523	0.0001	0.42864	0.0001	0.0027382	0.0001	0.168156	0.0001
94	A	T	ORF	S	NULL	0	0	0	0	0.000663898	0.000200001	0.0499753	0.177542	0.413781	0.454915	0.00460521	0.829811	0.59884	0.0885531	0.306741	0.435836	0.108555	0.202142	0.116726	0.221098	0.294961	0.291003	0.261401	0.19928	0.332902	0.0767199	0.195848	0.227184	0.0002	0.0170586	0.116965	0.323554	0.0002	0.0735606	0.207526	0.0002	0.0793338	0.000200005	0.547486	0.0663274	0.258243	0.0002	0.295927	0.367867	0.0175612	0.186458	0.174183	0.169345	0.469438	0.0002	0.023653	0.0002	0.28493	0.000203924
95	A	T	ORF	S	NULL	0	0	0	0	0.0001	0.0001	0.0001	0.271832	0.0147256	0.0347728	0.0001	0.039838	0.0083095	0.843187	0.00871918	0.0110797	0.0001	0.5151	0.0001	0.0001	0.0001	0.0001	0.00526123	0.397098	0.184604	0.0001	0.0502655	0.498039	0.999884	0.791037	0.393261	0.0001	0.0001	0.0001	0.0001	0.0001	0.630029	0.0001	0.0001	0.0001	0.093577	0.0001	0.407122	0.0705082	0.0001	0.0001	0.0001	0.745297	0.088574	0.0001	0.0001	0.240927	0.191453	0.0928145
96	A	T	ORF	S	NULL	0	0	0	0	0	0	0	0	0	0	0	0	0	0	0	0	0	0	0	0	0	0	0	0	0	0	0	0	0	0	0	0	0	0	0	0	0	0	0	0	0	0	0	0	0	0	0	0	0	0	0	0	0	0
97	A	T	ORF	S	NULL	0	0	0	0	0	0	0	0	0	0	0	0	0	0	0	0	0	0	0	0	0	0	0	0	0	0	0	0	0	0	0	0	0	0	0	0	0	0	0	0	0	0	0	0	0	0	0	0	0	0	0	0	0	0
98	A	T	ORF	S	NULL	0	0	0	0	0	0	0	0	0	0	0	0	0	0	0	0	0	0	0	0	0	0	0	0	0	0	0	0	0	0	0	0	0	0	0	0	0	0	0	0	0	0	0	0	0	0	0	0	0	0	0	0	0	0
99	A	T	ORF	S	NULL	0	0	0	0	0.437948	0.0002	0.0002	0.0513422	0.0002	0.10824	0.228032	0.0002	0.000399836	0.0002	0.413566	0.000731531	0.337105	0.157107	0.0002	0.00020048	0.00945767	0.000243963	0.000200029	0.0144299	0.107901	0.651051	0.0310805	0.00066254	0.0002	0.015222	0.0447864	0.139326	0.806051	0.761139	0.285111	0.923978	0.236997	0.844976	0.0002	0.792206	0.000206129	0.0002	0.102793	0.00101363	0.451148	0.0002	0.109588	0.0002	0.0002	0.0002	0.0111829	0.0002	0.0865939	0.00105902
100	A	T	ORF	S	NULL	0	0	0	0	0.0001	0.0001	0.0001	0.271832	0.0147256	0.0347728	0.0001	0.039838	0.0083095	0.843187	0.00871918	0.0110797	0.0001	0.5151	0.0001	0.0001	0.0001	0.0001	0.00526123	0.397098	0.184604	0.0001	0.0502655	0.498039	0.999884	0.791037	0.393261	0.0001	0.0001	0.0001	0.0001	0.0001	0.630029	0.0001	0.0001	0.0001	0.093577	0.0001	0.407122	0.0705082	0.0001	0.0001	0.0001	0.745297	0.088574	0.0001	0.0001	0.240927	0.191453	0.0928145
