pos	ref	alt	gene	N/S	AA	nSRAsubclonal	nSRAclonal	nSRA	nConsensus	sample0|Earth	sample1|Earth	sample2|Earth	sample3|Earth	sample4|Earth	sample5|Earth	sample6|Earth	sample7|Earth	sample8|Earth	sample9|Earth	sample10|Earth	sample11|Earth	sample12|Earth	sample13|Earth	sample14|Earth	sample15|Earth	sample16|Earth	sample17|Earth	sample18|Earth	sample19|Earth	sample20|Earth	sample21|Earth	sample22|Earth	sample23|Earth	sample24|Earth	sample25|Earth	sample26|Earth	sample27|Earth	sample28|Earth	sample29|Earth	sample30|Earth	sample31|Earth	sample32|Earth	sample33|Earth	sample34|Earth	sample35|Earth	sample36|Earth	sample37|Earth	sample38|Earth	sample39|Earth	sample40|Earth	sample41|Earth	sample42|Earth	sample43|Earth	sample44|Earth	sample45|Earth	sample46|Earth	sample47|Earth	sample48|Earth	sample49|Earth
1	A	T	ORF	S	NULL	0	0	0	0	0	0	0	0	0	0	0	0	0	0	0	0	0	0	0	0	0	0	0	0	0	0	0	0	0	0	0	0	0	0	0	0	0	0	0	0	0	0	0	0	0	0	0	0	0	0	0	0	0	0
2	A	T	ORF	S	NULL	0	0	0	0	0	0	0	0	0	0	0	0	0	0	0	0	0	0	0	0	0	0	0	0	0	0	0	0	0	0	0	0	0	0	0	0	0	0	0	0	0	0	0	0	0	0	0	0	0	0	0	0	0	0
3	A	T	ORF	S	NULL	0	0	0	0	0	0	0	0	0	0	0	0	0	0	0	0	0	0	0	0	0	0	0	0	0	0	0	0	0	0	0	0	0	0	0	0	0	0	0	0	0	0	0	0	0	0	0	0	0	0	0	0	0	0
4	A	T	ORF	S	NULL	0	0	0	0	0	0	0	0	0	0	0	0	0	0	0	0	0	0	0	0	0	0	0	0	0	0	0	0	0	0	0	0	0	0	0	0	0	0	0	0	0	0	0	0	0	0	0	0	0	0	0	0	0	0
5	A	T	ORF	S	NULL	0	0	0	0	0	0	0	0	0	0	0	0	0	0	0	0	0	0	0	0	0	0	0	0	0	0	0	0	0	0	0	0	0	0	0	0	0	0	0	0	0	0	0	0	0	0	0	0	0	0	0	0	0	0
6	A	T	ORF	S	NULL	0	0	0	0	0	0	0	0	0	0	0	0	0	0	0	0	0	0	0	0	0	0	0	0	0	0	0	0	0	0	0	0	0	0	0	0	0	0	0	0	0	0	0	0	0	0	0	0	0	0	0	0	0	0
7	A	T	ORF	S	NULL	0	0	0	0	0	0	0	0	0	0	0	0	0	0	0	0	0	0	0	0	0	0	0	0	0	0	0	0	0	0	0	0	0	0	0	0	0	0	0	0	0	0	0	0	0	0	0	0	0	0	0	0	0	0
8	A	T	ORF	S	NULL	0	0	0	0	0	0	0	0	0	0	0	0	0	0	0	0	0	0	0	0	0	0	0	0	0	0	0	0	0	0	0	0	0	0	0	0	0	0	0	0	0	0	0	0	0	0	0	0	0	0	0	0	0	0
9	A	T	ORF	S	NULL	0	0	0	0	0	0	0	0	0	0	0	0	0	0	0	0	0	0	0	0	0	0	0	0	0	0	0	0	0	0	0	0	0	0	0	0	0	0	0	0	0	0	0	0	0	0	0	0	0	0	0	0	0	0
10	A	T	ORF	S	NULL	0	0	0	0	0	0	0	0	0	0	0	0	0	0	0	0	0	0	0	0	0	0	0	0	0	0	0	0	0	0	0	0	0	0	0	0	0	0	0	0	0	0	0	0	0	0	0	0	0	0	0	0	0	0
11	A	T	ORF	S	NULL	0	0	0	0	0.238101	0.0547772	0.0783889	0.780433	0.045478	0.557693	0.000326683	0.174052	0.304287	1	0.442632	0.188437	0.360726	0.25583	0.196466	0.169452	0.164851	0.0581852	0.342309	0.313957	0.235224	0.821702	0.000495642	0.0758958	0.636223	0.70268	0.0885613	0.270962	0.0343696	0.0655118	0.00309842	0.261878	0.0001	0.0269776	0.243717	0.000446163	0.0368245	0.230667	0.374506	0.0001	0.0903974	0.000485686	1	0.866258	0.386607	0.00039039	0.0001	0.471249	0.0987163	0.112406
12	A	T	ORF	S	NULL	0	0	0	0	0	0	0	0	0	0	0	0	0	0	0	0	0	0	0	0	0	0	0	0	0	0	0	0	0	0	0	0	0	0	0	0	0	0	0	0	0	0	0	0	0	0	0	0	0	0	0	0	0	0
13	A	T	ORF	S	NULL	0	0	0	0	0	0	0	0	0	0	0	0	0	0	0	0	0	0	0	0	0	0	0	0	0	0	0	0	0	0	0	0	0	0	0	0	0	0	0	0	0	0	0	0	0	0	0	0	0	0	0	0	0	0
14	A	T	ORF	S	NULL	0	0	0	0	0	0	0	0	0	0	0	0	0	0	0	0	0	0	0	0	0	0	0	0	0	0	0	0	0	0	0	0	0	0	0	0	0	0	0	0	0	0	0	0	0	0	0	0	0	0	0	0	0	0
15	A	T	ORF	S	NULL	0	0	0	0	0.119973	0.145534	0.0482307	0.0735381	0.901327	0.112221	0.0670572	0.0800406	0.52796	0.000100002	0.1007	0.0844551	0.0702833	0.0760584	0.285406	0.395844	0.454605	0.235199	0.176739	0.216609	0.216526	0.178298	0.151183	0.323884	0.134871	0.0842863	0.498608	0.0257992	0.338804	0.0216319	0.390459	0.0001	0.0001	0.26852	0.0379445	0.811154	0.023068	0.0001	0.401556	0.0001	0.0110713	0.0110212	0.000100002	0.0365515	0.351925	0.900005	0.0001	0.156456	0.624876	0.532079
16	A	T	ORF	S	NULL	0	0	0	0	0	0	0	0	0	0	0	0	0	0	0	0	0	0	0	0	0	0	0	0	0	0	0	0	0	0	0	0	0	0	0	0	0	0	0	0	0	0	0	0	0	0	0	0	0	0	0	0	0	0
17	A	T	ORF	S	NULL	0	0	0	0	0	0	0	0	0	0	0	0	0	0	0	0	0	0	0	0	0	0	0	0	0	0	0	0	0	0	0	0	0	0	0	0	0	0	0	0	0	0	0	0	0	0	0	0	0	0	0	0	0	0
18	A	T	ORF	S	NULL	0	0	0	0	0	0	0	0	0	0	0	0	0	0	0	0	0	0	0	0	0	0	0	0	0	0	0	0	0	0	0	0	0	0	0	0	0	0	0	0	0	0	0	0	0	0	0	0	0	0	0	0	0	0
19	A	T	ORF	S	NULL	0	0	0	0	0	0	0	0	0	0	0	0	0	0	0	0	0	0	0	0	0	0	0	0	0	0	0	0	0	0	0	0	0	0	0	0	0	0	0	0	0	0	0	0	0	0	0	0	0	0	0	0	0	0
20	A	T	ORF	S	NULL	0	0	0	0	0	0	0	0	0	0	0	0	0	0	0	0	0	0	0	0	0	0	0	0	0	0	0	0	0	0	0	0	0	0	0	0	0	0	0	0	0	0	0	0	0	0	0	0	0	0	0	0	0	0
21	A	T	ORF	S	NULL	0	0	0	0	0	0	0	0	0	0	0	0	0	0	0	0	0	0	0	0	0	0	0	0	0	0	0	0	0	0	0	0	0	0	0	0	0	0	0	0	0	0	0	0	0	0	0	0	0	0	0	0	0	0
22	A	T	ORF	S	NULL	0	0	0	0	0	0	0	0	0	0	0	0	0	0	0	0	0	0	0	0	0	0	0	0	0	0	0	0	0	0	0	0	0	0	0	0	0	0	0	0	0	0	0	0	0	0	0	0	0	0	0	0	0	0
23	A	T	ORF	S	NULL	0	0	0	0	0	0	0	0	0	0	0	0	0	0	0	0	0	0	0	0	0	0	0	0	0	0	0	0	0	0	0	0	0	0	0	0	0	0	0	0	0	0	0	0	0	0	0	0	0	0	0	0	0	0
24	A	T	ORF	S	NULL	0	0	0	0	0	0	0	0	0	0	0	0	0	0	0	0	0	0	0	0	0	0	0	0	0	0	0	0	0	0	0	0	0	0	0	0	0	0	0	0	0	0	0	0	0	0	0	0	0	0	0	0	0	0
25	A	T	ORF	S	NULL	0	0	0	0	0	0	0	0	0	0	0	0	0	0	0	0	0	0	0	0	0	0	0	0	0	0	0	0	0	0	0	0	0	0	0	0	0	0	0	0	0	0	0	0	0	0	0	0	0	0	0	0	0	0
26	A	T	ORF	S	NULL	0	0	0	0	0	0	0	0	0	0	0	0	0	0	0	0	0	0	0	0	0	0	0	0	0	0	0	0	0	0	0	0	0	0	0	0	0	0	0	0	0	0	0	0	0	0	0	0	0	0	0	0	0	0
27	A	T	ORF	S	NULL	0	0	0	0	0.119973	0.145534	0.0482307	0.0735381	0.901327	0.112221	0.0670572	0.0800406	0.52796	0.000100002	0.1007	0.0844551	0.0702833	0.0760584	0.285406	0.395844	0.454605	0.235199	0.176739	0.216609	0.216526	0.178298	0.151183	0.323884	0.134871	0.0842863	0.498608	0.0257992	0.338804	0.0216319	0.390459	0.0001	0.0001	0.26852	0.0379445	0.811154	0.023068	0.0001	0.401556	0.0001	0.0110713	0.0110212	0.000100002	0.0365515	0.351925	0.900005	0.0001	0.156456	0.624876	0.532079
28	A	T	ORF	S	NULL	0	0	0	0	0	0	0	0	0	0	0	0	0	0	0	0	0	0	0	0	0	0	0	0	0	0	0	0	0	0	0	0	0	0	0	0	0	0	0	0	0	0	0	0	0	0	0	0	0	0	0	0	0	0
29	A	T	ORF	S	NULL	0	0	0	0	0	0	0	0	0	0	0	0	0	0	0	0	0	0	0	0	0	0	0	0	0	0	0	0	0	0	0	0	0	0	0	0	0	0	0	0	0	0	0	0	0	0	0	0	0	0	0	0	0	0
30	A	T	ORF	S	NULL	0	0	0	0	0	0	0	0	0	0	0	0	0	0	0	0	0	0	0	0	0	0	0	0	0	0	0	0	0	0	0	0	0	0	0	0	0	0	0	0	0	0	0	0	0	0	0	0	0	0	0	0	0	0
31	A	T	ORF	S	NULL	0	0	0	0	0	0	0	0	0	0	0	0	0	0	0	0	0	0	0	0	0	0	0	0	0	0	0	0	0	0	0	0	0	0	0	0	0	0	0	0	0	0	0	0	0	0	0	0	0	0	0	0	0	0
32	A	T	ORF	S	NULL	0	0	0	0	0.102418	0.0182107	0.0637551	0.0726612	0.0532954	0.296589	0.690273	0.677792	0.0002	0.0002	0.275967	0.727208	0.2766	0.550263	0.438604	0.00741733	0.238117	0.42807	0.342407	0.0574164	0.194099	0.0002	0.311006	0.0306196	0.112568	0.0724007	0.137433	0.0324716	0.626926	0.490269	0.00262002	0.738222	1.00003	0.119144	0.421081	0.188216	0.415528	0.769433	0.0142575	1.00003	0.0174101	0.988351	0.0002	0.0555508	0.213773	0.00040098	0.0002	0.310044	0.158265	0.0610585
33	A	T	ORF	S	NULL	0	0	0	0	0	0	0	0	0	0	0	0	0	0	0	0	0	0	0	0	0	0	0	0	0	0	0	0	0	0	0	0	0	0	0	0	0	0	0	0	0	0	0	0	0	0	0	0	0	0	0	0	0	0
34	A	T	ORF	S	NULL	0	0	0	0	0	0	0	0	0	0	0	0	0	0	0	0	0	0	0	0	0	0	0	0	0	0	0	0	0	0	0	0	0	0	0	0	0	0	0	0	0	0	0	0	0	0	0	0	0	0	0	0	0	0
35	A	T	ORF	S	NULL	0	0	0	0	0.119973	0.145534	0.0482307	0.0735381	0.901327	0.112221	0.0670572	0.0800406	0.52796	0.000100002	0.1007	0.0844551	0.0702833	0.0760584	0.285406	0.395844	0.454605	0.235199	0.176739	0.216609	0.216526	0.178298	0.151183	0.323884	0.134871	0.0842863	0.498608	0.0257992	0.338804	0.0216319	0.390459	0.0001	0.0001	0.26852	0.0379445	0.811154	0.023068	0.0001	0.401556	0.0001	0.0110713	0.0110212	0.000100002	0.0365515	0.351925	0.900005	0.0001	0.156456	0.624876	0.532079
36	A	T	ORF	S	NULL	0	0	0	0	0	0	0	0	0	0	0	0	0	0	0	0	0	0	0	0	0	0	0	0	0	0	0	0	0	0	0	0	0	0	0	0	0	0	0	0	0	0	0	0	0	0	0	0	0	0	0	0	0	0
37	A	T	ORF	S	NULL	0	0	0	0	0	0	0	0	0	0	0	0	0	0	0	0	0	0	0	0	0	0	0	0	0	0	0	0	0	0	0	0	0	0	0	0	0	0	0	0	0	0	0	0	0	0	0	0	0	0	0	0	0	0
38	A	T	ORF	S	NULL	0	0	0	0	0.102418	0.0182107	0.0637551	0.0726612	0.0532954	0.296589	0.690273	0.677792	0.0002	0.0002	0.275967	0.727208	0.2766	0.550263	0.438604	0.00741733	0.238117	0.42807	0.342407	0.0574164	0.194099	0.0002	0.311006	0.0306196	0.112568	0.0724007	0.137433	0.0324716	0.626926	0.490269	0.00262002	0.738222	1.00003	0.119144	0.421081	0.188216	0.415528	0.769433	0.0142575	1.00003	0.0174101	0.988351	0.0002	0.0555508	0.213773	0.00040098	0.0002	0.310044	0.158265	0.0610585
39	A	T	ORF	S	NULL	0	0	0	0	0.00290663	0.0001	0.0001	0.0001	0.0531954	0.296489	0.689923	0.610931	0.0001	0.0001	0.275867	0.727108	0.230911	0.469921	0.334926	0.00490036	0.215911	0.40292	0.161911	0.0179021	0.100908	0.0001	0.309919	0.0001	0.0001	0.0001	0.136906	0.0001	0.626826	0.470923	0.0001	0.738122	0.999925	0.109905	0.41892	0.187909	0.414914	0.769333	0.0001	0.999927	0.0001	0.55208	0.0001	0.0001	0.213673	0.0001	0.0001	0.309944	0.157907	0.0609585
40	A	T	ORF	S	NULL	0	0	0	0	0.102418	0.0182107	0.0637551	0.0726612	0.0532954	0.296589	0.690273	0.677792	0.0002	0.0002	0.275967	0.727208	0.2766	0.550263	0.438604	0.00741733	0.238117	0.42807	0.342407	0.0574164	0.194099	0.0002	0.311006	0.0306196	0.112568	0.0724007	0.137433	0.0324716	0.626926	0.490269	0.00262002	0.738222	1.00003	0.119144	0.421081	0.188216	0.415528	0.769433	0.0142575	1.00003	0.0174101	0.988351	0.0002	0.0555508	0.213773	0.00040098	0.0002	0.310044	0.158265	0.0610585
41	A	T	ORF	S	NULL	0	0	0	0	0	0	0	0	0	0	0	0	0	0	0	0	0	0	0	0	0	0	0	0	0	0	0	0	0	0	0	0	0	0	0	0	0	0	0	0	0	0	0	0	0	0	0	0	0	0	0	0	0	0
42	A	T	ORF	S	NULL	0	0	0	0	0	0	0	0	0	0	0	0	0	0	0	0	0	0	0	0	0	0	0	0	0	0	0	0	0	0	0	0	0	0	0	0	0	0	0	0	0	0	0	0	0	0	0	0	0	0	0	0	0	0
43	A	T	ORF	S	NULL	0	0	0	0	0	0	0	0	0	0	0	0	0	0	0	0	0	0	0	0	0	0	0	0	0	0	0	0	0	0	0	0	0	0	0	0	0	0	0	0	0	0	0	0	0	0	0	0	0	0	0	0	0	0
44	A	T	ORF	S	NULL	0	0	0	0	0	0	0	0	0	0	0	0	0	0	0	0	0	0	0	0	0	0	0	0	0	0	0	0	0	0	0	0	0	0	0	0	0	0	0	0	0	0	0	0	0	0	0	0	0	0	0	0	0	0
45	A	T	ORF	S	NULL	0	0	0	0	0	0	0	0	0	0	0	0	0	0	0	0	0	0	0	0	0	0	0	0	0	0	0	0	0	0	0	0	0	0	0	0	0	0	0	0	0	0	0	0	0	0	0	0	0	0	0	0	0	0
46	A	T	ORF	S	NULL	0	0	0	0	0	0	0	0	0	0	0	0	0	0	0	0	0	0	0	0	0	0	0	0	0	0	0	0	0	0	0	0	0	0	0	0	0	0	0	0	0	0	0	0	0	0	0	0	0	0	0	0	0	0
47	A	T	ORF	S	NULL	0	0	0	0	0	0	0	0	0	0	0	0	0	0	0	0	0	0	0	0	0	0	0	0	0	0	0	0	0	0	0	0	0	0	0	0	0	0	0	0	0	0	0	0	0	0	0	0	0	0	0	0	0	0
48	A	T	ORF	S	NULL	0	0	0	0	0	0	0	0	0	0	0	0	0	0	0	0	0	0	0	0	0	0	0	0	0	0	0	0	0	0	0	0	0	0	0	0	0	0	0	0	0	0	0	0	0	0	0	0	0	0	0	0	0	0
49	A	T	ORF	S	NULL	0	0	0	0	0	0	0	0	0	0	0	0	0	0	0	0	0	0	0	0	0	0	0	0	0	0	0	0	0	0	0	0	0	0	0	0	0	0	0	0	0	0	0	0	0	0	0	0	0	0	0	0	0	0
50	A	T	ORF	S	NULL	0	0	0	0	0.119973	0.145534	0.0482307	0.0735381	0.901327	0.112221	0.0670572	0.0800406	0.52796	0.000100002	0.1007	0.0844551	0.0702833	0.0760584	0.285406	0.395844	0.454605	0.235199	0.176739	0.216609	0.216526	0.178298	0.151183	0.323884	0.134871	0.0842863	0.498608	0.0257992	0.338804	0.0216319	0.390459	0.0001	0.0001	0.26852	0.0379445	0.811154	0.023068	0.0001	0.401556	0.0001	0.0110713	0.0110212	0.000100002	0.0365515	0.351925	0.900005	0.0001	0.156456	0.624876	0.532079
51	A	T	ORF	S	NULL	0	0	0	0	0.119973	0.145534	0.0482307	0.0735381	0.901327	0.112221	0.0670572	0.0800406	0.52796	0.000100002	0.1007	0.0844551	0.0702833	0.0760584	0.285406	0.395844	0.454605	0.235199	0.176739	0.216609	0.216526	0.178298	0.151183	0.323884	0.134871	0.0842863	0.498608	0.0257992	0.338804	0.0216319	0.390459	0.0001	0.0001	0.26852	0.0379445	0.811154	0.023068	0.0001	0.401556	0.0001	0.0110713	0.0110212	0.000100002	0.0365515	0.351925	0.900005	0.0001	0.156456	0.624876	0.532079
52	A	T	ORF	S	NULL	0	0	0	0	0	0	0	0	0	0	0	0	0	0	0	0	0	0	0	0	0	0	0	0	0	0	0	0	0	0	0	0	0	0	0	0	0	0	0	0	0	0	0	0	0	0	0	0	0	0	0	0	0	0
53	A	T	ORF	S	NULL	0	0	0	0	0	0	0	0	0	0	0	0	0	0	0	0	0	0	0	0	0	0	0	0	0	0	0	0	0	0	0	0	0	0	0	0	0	0	0	0	0	0	0	0	0	0	0	0	0	0	0	0	0	0
54	A	T	ORF	S	NULL	0	0	0	0	0.238101	0.0547772	0.0783889	0.780433	0.045478	0.557693	0.000326683	0.174052	0.304287	1	0.442632	0.188437	0.360726	0.25583	0.196466	0.169452	0.164851	0.0581852	0.342309	0.313957	0.235224	0.821702	0.000495642	0.0758958	0.636223	0.70268	0.0885613	0.270962	0.0343696	0.0655118	0.00309842	0.261878	0.0001	0.0269776	0.243717	0.000446163	0.0368245	0.230667	0.374506	0.0001	0.0903974	0.000485686	1	0.866258	0.386607	0.00039039	0.0001	0.471249	0.0987163	0.112406
55	A	T	ORF	S	NULL	0	0	0	0	0	0	0	0	0	0	0	0	0	0	0	0	0	0	0	0	0	0	0	0	0	0	0	0	0	0	0	0	0	0	0	0	0	0	0	0	0	0	0	0	0	0	0	0	0	0	0	0	0	0
56	A	T	ORF	S	NULL	0	0	0	0	0	0	0	0	0	0	0	0	0	0	0	0	0	0	0	0	0	0	0	0	0	0	0	0	0	0	0	0	0	0	0	0	0	0	0	0	0	0	0	0	0	0	0	0	0	0	0	0	0	0
57	A	T	ORF	S	NULL	0	0	0	0	0	0	0	0	0	0	0	0	0	0	0	0	0	0	0	0	0	0	0	0	0	0	0	0	0	0	0	0	0	0	0	0	0	0	0	0	0	0	0	0	0	0	0	0	0	0	0	0	0	0
58	A	T	ORF	S	NULL	0	0	0	0	0.119973	0.145534	0.0482307	0.0735381	0.901327	0.112221	0.0670572	0.0800406	0.52796	0.000100002	0.1007	0.0844551	0.0702833	0.0760584	0.285406	0.395844	0.454605	0.235199	0.176739	0.216609	0.216526	0.178298	0.151183	0.323884	0.134871	0.0842863	0.498608	0.0257992	0.338804	0.0216319	0.390459	0.0001	0.0001	0.26852	0.0379445	0.811154	0.023068	0.0001	0.401556	0.0001	0.0110713	0.0110212	0.000100002	0.0365515	0.351925	0.900005	0.0001	0.156456	0.624876	0.532079
59	A	T	ORF	S	NULL	0	0	0	0	0	0	0	0	0	0	0	0	0	0	0	0	0	0	0	0	0	0	0	0	0	0	0	0	0	0	0	0	0	0	0	0	0	0	0	0	0	0	0	0	0	0	0	0	0	0	0	0	0	0
60	A	T	ORF	S	NULL	0	0	0	0	0.119973	0.145534	0.0482307	0.0735381	0.901327	0.112221	0.0670572	0.0800406	0.52796	0.000100002	0.1007	0.0844551	0.0702833	0.0760584	0.285406	0.395844	0.454605	0.235199	0.176739	0.216609	0.216526	0.178298	0.151183	0.323884	0.134871	0.0842863	0.498608	0.0257992	0.338804	0.0216319	0.390459	0.0001	0.0001	0.26852	0.0379445	0.811154	0.023068	0.0001	0.401556	0.0001	0.0110713	0.0110212	0.000100002	0.0365515	0.351925	0.900005	0.0001	0.156456	0.624876	0.532079
61	A	T	ORF	S	NULL	0	0	0	0	0	0	0	0	0	0	0	0	0	0	0	0	0	0	0	0	0	0	0	0	0	0	0	0	0	0	0	0	0	0	0	0	0	0	0	0	0	0	0	0	0	0	0	0	0	0	0	0	0	0
62	A	T	ORF	S	NULL	0	0	0	0	0.119973	0.145534	0.0482307	0.0735381	0.901327	0.112221	0.0670572	0.0800406	0.52796	0.000100002	0.1007	0.0844551	0.0702833	0.0760584	0.285406	0.395844	0.454605	0.235199	0.176739	0.216609	0.216526	0.178298	0.151183	0.323884	0.134871	0.0842863	0.498608	0.0257992	0.338804	0.0216319	0.390459	0.0001	0.0001	0.26852	0.0379445	0.811154	0.023068	0.0001	0.401556	0.0001	0.0110713	0.0110212	0.000100002	0.0365515	0.351925	0.900005	0.0001	0.156456	0.624876	0.532079
63	A	T	ORF	S	NULL	0	0	0	0	0	0	0	0	0	0	0	0	0	0	0	0	0	0	0	0	0	0	0	0	0	0	0	0	0	0	0	0	0	0	0	0	0	0	0	0	0	0	0	0	0	0	0	0	0	0	0	0	0	0
64	A	T	ORF	S	NULL	0	0	0	0	0	0	0	0	0	0	0	0	0	0	0	0	0	0	0	0	0	0	0	0	0	0	0	0	0	0	0	0	0	0	0	0	0	0	0	0	0	0	0	0	0	0	0	0	0	0	0	0	0	0
65	A	T	ORF	S	NULL	0	0	0	0	0	0	0	0	0	0	0	0	0	0	0	0	0	0	0	0	0	0	0	0	0	0	0	0	0	0	0	0	0	0	0	0	0	0	0	0	0	0	0	0	0	0	0	0	0	0	0	0	0	0
66	A	T	ORF	S	NULL	0	0	0	0	0.238101	0.0547772	0.0783889	0.780433	0.045478	0.557693	0.000326683	0.174052	0.304287	1	0.442632	0.188437	0.360726	0.25583	0.196466	0.169452	0.164851	0.0581852	0.342309	0.313957	0.235224	0.821702	0.000495642	0.0758958	0.636223	0.70268	0.0885613	0.270962	0.0343696	0.0655118	0.00309842	0.261878	0.0001	0.0269776	0.243717	0.000446163	0.0368245	0.230667	0.374506	0.0001	0.0903974	0.000485686	1	0.866258	0.386607	0.00039039	0.0001	0.471249	0.0987163	0.112406
67	A	T	ORF	S	NULL	0	0	0	0	0	0	0	0	0	0	0	0	0	0	0	0	0	0	0	0	0	0	0	0	0	0	0	0	0	0	0	0	0	0	0	0	0	0	0	0	0	0	0	0	0	0	0	0	0	0	0	0	0	0
68	A	T	ORF	S	NULL	0	0	0	0	0.539509	0.781578	0.809725	0.0734672	0.0001	0.0335972	0.242343	0.0681159	0.167754	0.0001	0.180801	0.0001	0.29239	0.117848	0.079524	0.427287	0.142427	0.278545	0.138546	0.412018	0.354152	0.0001	0.537315	0.5697	0.116437	0.140733	0.275398	0.670867	0.0001	0.422588	0.603922	0.0001	0.0001	0.585358	0.297257	0.000184376	0.524579	0.0001	0.209781	0.0001	0.881221	0.000165297	0.0001	0.04174	0.0477958	0.0993038	0.999996	0.0623508	0.118143	0.294556
69	A	T	ORF	S	NULL	0	0	0	0	0	0	0	0	0	0	0	0	0	0	0	0	0	0	0	0	0	0	0	0	0	0	0	0	0	0	0	0	0	0	0	0	0	0	0	0	0	0	0	0	0	0	0	0	0	0	0	0	0	0
70	A	T	ORF	S	NULL	0	0	0	0	0	0	0	0	0	0	0	0	0	0	0	0	0	0	0	0	0	0	0	0	0	0	0	0	0	0	0	0	0	0	0	0	0	0	0	0	0	0	0	0	0	0	0	0	0	0	0	0	0	0
71	A	T	ORF	S	NULL	0	0	0	0	0	0	0	0	0	0	0	0	0	0	0	0	0	0	0	0	0	0	0	0	0	0	0	0	0	0	0	0	0	0	0	0	0	0	0	0	0	0	0	0	0	0	0	0	0	0	0	0	0	0
72	A	T	ORF	S	NULL	0	0	0	0	0	0	0	0	0	0	0	0	0	0	0	0	0	0	0	0	0	0	0	0	0	0	0	0	0	0	0	0	0	0	0	0	0	0	0	0	0	0	0	0	0	0	0	0	0	0	0	0	0	0
73	A	T	ORF	S	NULL	0	0	0	0	0	0	0	0	0	0	0	0	0	0	0	0	0	0	0	0	0	0	0	0	0	0	0	0	0	0	0	0	0	0	0	0	0	0	0	0	0	0	0	0	0	0	0	0	0	0	0	0	0	0
74	A	T	ORF	S	NULL	0	0	0	0	0	0	0	0	0	0	0	0	0	0	0	0	0	0	0	0	0	0	0	0	0	0	0	0	0	0	0	0	0	0	0	0	0	0	0	0	0	0	0	0	0	0	0	0	0	0	0	0	0	0
75	A	T	ORF	S	NULL	0	0	0	0	0	0	0	0	0	0	0	0	0	0	0	0	0	0	0	0	0	0	0	0	0	0	0	0	0	0	0	0	0	0	0	0	0	0	0	0	0	0	0	0	0	0	0	0	0	0	0	0	0	0
76	A	T	ORF	S	NULL	0	0	0	0	0.119973	0.145534	0.0482307	0.0735381	0.901327	0.112221	0.0670572	0.0800406	0.52796	0.000100002	0.1007	0.0844551	0.0702833	0.0760584	0.285406	0.395844	0.454605	0.235199	0.176739	0.216609	0.216526	0.178298	0.151183	0.323884	0.134871	0.0842863	0.498608	0.0257992	0.338804	0.0216319	0.390459	0.0001	0.0001	0.26852	0.0379445	0.811154	0.023068	0.0001	0.401556	0.0001	0.0110713	0.0110212	0.000100002	0.0365515	0.351925	0.900005	0.0001	0.156456	0.624876	0.532079
77	A	T	ORF	S	NULL	0	0	0	0	0	0	0	0	0	0	0	0	0	0	0	0	0	0	0	0	0	0	0	0	0	0	0	0	0	0	0	0	0	0	0	0	0	0	0	0	0	0	0	0	0	0	0	0	0	0	0	0	0	0
78	A	T	ORF	S	NULL	0	0	0	0	0.119973	0.145534	0.0482307	0.0735381	0.901327	0.112221	0.0670572	0.0800406	0.52796	0.000100002	0.1007	0.0844551	0.0702833	0.0760584	0.285406	0.395844	0.454605	0.235199	0.176739	0.216609	0.216526	0.178298	0.151183	0.323884	0.134871	0.0842863	0.498608	0.0257992	0.338804	0.0216319	0.390459	0.0001	0.0001	0.26852	0.0379445	0.811154	0.023068	0.0001	0.401556	0.0001	0.0110713	0.0110212	0.000100002	0.0365515	0.351925	0.900005	0.0001	0.156456	0.624876	0.532079
79	A	T	ORF	S	NULL	0	0	0	0	0.539509	0.781578	0.809725	0.0734672	0.0001	0.0335972	0.242343	0.0681159	0.167754	0.0001	0.180801	0.0001	0.29239	0.117848	0.079524	0.427287	0.142427	0.278545	0.138546	0.412018	0.354152	0.0001	0.537315	0.5697	0.116437	0.140733	0.275398	0.670867	0.0001	0.422588	0.603922	0.0001	0.0001	0.585358	0.297257	0.000184376	0.524579	0.0001	0.209781	0.0001	0.881221	0.000165297	0.0001	0.04174	0.0477958	0.0993038	0.999996	0.0623508	0.118143	0.294556
80	A	T	ORF	S	NULL	0	0	0	0	0.539509	0.781578	0.809725	0.0734672	0.0001	0.0335972	0.242343	0.0681159	0.167754	0.0001	0.180801	0.0001	0.29239	0.117848	0.079524	0.427287	0.142427	0.278545	0.138546	0.412018	0.354152	0.0001	0.537315	0.5697	0.116437	0.140733	0.275398	0.670867	0.0001	0.422588	0.603922	0.0001	0.0001	0.585358	0.297257	0.000184376	0.524579	0.0001	0.209781	0.0001	0.881221	0.000165297	0.0001	0.04174	0.0477958	0.0993038	0.999996	0.0623508	0.118143	0.294556
81	A	T	ORF	S	NULL	0	0	0	0	0	0	0	0	0	0	0	0	0	0	0	0	0	0	0	0	0	0	0	0	0	0	0	0	0	0	0	0	0	0	0	0	0	0	0	0	0	0	0	0	0	0	0	0	0	0	0	0	0	0
82	A	T	ORF	S	NULL	0	0	0	0	0	0	0	0	0	0	0	0	0	0	0	0	0	0	0	0	0	0	0	0	0	0	0	0	0	0	0	0	0	0	0	0	0	0	0	0	0	0	0	0	0	0	0	0	0	0	0	0	0	0
83	A	T	ORF	S	NULL	0	0	0	0	0.102418	0.0182107	0.0637551	0.0726612	0.0532954	0.296589	0.690273	0.677792	0.0002	0.0002	0.275967	0.727208	0.2766	0.550263	0.438604	0.00741733	0.238117	0.42807	0.342407	0.0574164	0.194099	0.0002	0.311006	0.0306196	0.112568	0.0724007	0.137433	0.0324716	0.626926	0.490269	0.00262002	0.738222	1.00003	0.119144	0.421081	0.188216	0.415528	0.769433	0.0142575	1.00003	0.0174101	0.988351	0.0002	0.0555508	0.213773	0.00040098	0.0002	0.310044	0.158265	0.0610585
84	A	T	ORF	S	NULL	0	0	0	0	0	0	0	0	0	0	0	0	0	0	0	0	0	0	0	0	0	0	0	0	0	0	0	0	0	0	0	0	0	0	0	0	0	0	0	0	0	0	0	0	0	0	0	0	0	0	0	0	0	0
85	A	T	ORF	S	NULL	0	0	0	0	0	0	0	0	0	0	0	0	0	0	0	0	0	0	0	0	0	0	0	0	0	0	0	0	0	0	0	0	0	0	0	0	0	0	0	0	0	0	0	0	0	0	0	0	0	0	0	0	0	0
86	A	T	ORF	S	NULL	0	0	0	0	0.641926	0.799788	0.87348	0.146128	0.0533954	0.330186	0.932616	0.745908	0.167954	0.0003	0.456768	0.727308	0.56899	0.668111	0.518128	0.434705	0.380545	0.706615	0.480953	0.469434	0.54825	0.0003	0.848321	0.60032	0.229006	0.213133	0.412831	0.703339	0.627026	0.912856	0.606542	0.738322	1.00013	0.704502	0.718338	0.1884	0.940108	0.769533	0.224038	1.00013	0.898631	0.988517	0.0003	0.0972908	0.261568	0.0997048	1.0002	0.372395	0.276408	0.355614
87	A	T	ORF	S	NULL	0	0	0	0	0	0	0	0	0	0	0	0	0	0	0	0	0	0	0	0	0	0	0	0	0	0	0	0	0	0	0	0	0	0	0	0	0	0	0	0	0	0	0	0	0	0	0	0	0	0	0	0	0	0
88	A	T	ORF	S	NULL	0	0	0	0	0.00290663	0.0001	0.0001	0.0001	0.0531954	0.296489	0.689923	0.610931	0.0001	0.0001	0.275867	0.727108	0.230911	0.469921	0.334926	0.00490036	0.215911	0.40292	0.161911	0.0179021	0.100908	0.0001	0.309919	0.0001	0.0001	0.0001	0.136906	0.0001	0.626826	0.470923	0.0001	0.738122	0.999925	0.109905	0.41892	0.187909	0.414914	0.769333	0.0001	0.999927	0.0001	0.55208	0.0001	0.0001	0.213673	0.0001	0.0001	0.309944	0.157907	0.0609585
89	A	T	ORF	S	NULL	0	0	0	0	0	0	0	0	0	0	0	0	0	0	0	0	0	0	0	0	0	0	0	0	0	0	0	0	0	0	0	0	0	0	0	0	0	0	0	0	0	0	0	0	0	0	0	0	0	0	0	0	0	0
90	A	T	ORF	S	NULL	0	0	0	0	0	0	0	0	0	0	0	0	0	0	0	0	0	0	0	0	0	0	0	0	0	0	0	0	0	0	0	0	0	0	0	0	0	0	0	0	0	0	0	0	0	0	0	0	0	0	0	0	0	0
91	A	T	ORF	S	NULL	0	0	0	0	0	0	0	0	0	0	0	0	0	0	0	0	0	0	0	0	0	0	0	0	0	0	0	0	0	0	0	0	0	0	0	0	0	0	0	0	0	0	0	0	0	0	0	0	0	0	0	0	0	0
92	A	T	ORF	S	NULL	0	0	0	0	0.539509	0.781578	0.809725	0.0734672	0.0001	0.0335972	0.242343	0.0681159	0.167754	0.0001	0.180801	0.0001	0.29239	0.117848	0.079524	0.427287	0.142427	0.278545	0.138546	0.412018	0.354152	0.0001	0.537315	0.5697	0.116437	0.140733	0.275398	0.670867	0.0001	0.422588	0.603922	0.0001	0.0001	0.585358	0.297257	0.000184376	0.524579	0.0001	0.209781	0.0001	0.881221	0.000165297	0.0001	0.04174	0.0477958	0.0993038	0.999996	0.0623508	0.118143	0.294556
93	A	T	ORF	S	NULL	0	0	0	0	0	0	0	0	0	0	0	0	0	0	0	0	0	0	0	0	0	0	0	0	0	0	0	0	0	0	0	0	0	0	0	0	0	0	0	0	0	0	0	0	0	0	0	0	0	0	0	0	0	0
94	A	T	ORF	S	NULL	0	0	0	0	0.119973	0.145534	0.0482307	0.0735381	0.901327	0.112221	0.0670572	0.0800406	0.52796	0.000100002	0.1007	0.0844551	0.0702833	0.0760584	0.285406	0.395844	0.454605	0.235199	0.176739	0.216609	0.216526	0.178298	0.151183	0.323884	0.134871	0.0842863	0.498608	0.0257992	0.338804	0.0216319	0.390459	0.0001	0.0001	0.26852	0.0379445	0.811154	0.023068	0.0001	0.401556	0.0001	0.0110713	0.0110212	0.000100002	0.0365515	0.351925	0.900005	0.0001	0.156456	0.624876	0.532079
95	A	T	ORF	S	NULL	0	0	0	0	0	0	0	0	0	0	0	0	0	0	0	0	0	0	0	0	0	0	0	0	0	0	0	0	0	0	0	0	0	0	0	0	0	0	0	0	0	0	0	0	0	0	0	0	0	0	0	0	0	0
96	A	T	ORF	S	NULL	0	0	0	0	0	0	0	0	0	0	0	0	0	0	0	0	0	0	0	0	0	0	0	0	0	0	0	0	0	0	0	0	0	0	0	0	0	0	0	0	0	0	0	0	0	0	0	0	0	0	0	0	0	0
97	A	T	ORF	S	NULL	0	0	0	0	0	0	0	0	0	0	0	0	0	0	0	0	0	0	0	0	0	0	0	0	0	0	0	0	0	0	0	0	0	0	0	0	0	0	0	0	0	0	0	0	0	0	0	0	0	0	0	0	0	0
98	A	T	ORF	S	NULL	0	0	0	0	0	0	0	0	0	0	0	0	0	0	0	0	0	0	0	0	0	0	0	0	0	0	0	0	0	0	0	0	0	0	0	0	0	0	0	0	0	0	0	0	0	0	0	0	0	0	0	0	0	0
99	A	T	ORF	S	NULL	0	0	0	0	0.238101	0.0547772	0.0783889	0.780433	0.045478	0.557693	0.000326683	0.174052	0.304287	1	0.442632	0.188437	0.360726	0.25583	0.196466	0.169452	0.164851	0.0581852	0.342309	0.313957	0.235224	0.821702	0.000495642	0.0758958	0.636223	0.70268	0.0885613	0.270962	0.0343696	0.0655118	0.00309842	0.261878	0.0001	0.0269776	0.243717	0.000446163	0.0368245	0.230667	0.374506	0.0001	0.0903974	0.000485686	1	0.866258	0.386607	0.00039039	0.0001	0.471249	0.0987163	0.112406
100	A	T	ORF	S	NULL	0	0	0	0	0	0	0	0	0	0	0	0	0	0	0	0	0	0	0	0	0	0	0	0	0	0	0	0	0	0	0	0	0	0	0	0	0	0	0	0	0	0	0	0	0	0	0	0	0	0	0	0	0	0
