pos	ref	alt	gene	N/S	AA	nSRAsubclonal	nSRAclonal	nSRA	nConsensus	sample0|Earth	sample1|Earth	sample2|Earth	sample3|Earth	sample4|Earth	sample5|Earth	sample6|Earth	sample7|Earth	sample8|Earth	sample9|Earth	sample10|Earth	sample11|Earth	sample12|Earth	sample13|Earth	sample14|Earth	sample15|Earth	sample16|Earth	sample17|Earth	sample18|Earth	sample19|Earth	sample20|Earth	sample21|Earth	sample22|Earth	sample23|Earth	sample24|Earth	sample25|Earth	sample26|Earth	sample27|Earth	sample28|Earth	sample29|Earth	sample30|Earth	sample31|Earth	sample32|Earth	sample33|Earth	sample34|Earth	sample35|Earth	sample36|Earth	sample37|Earth	sample38|Earth	sample39|Earth	sample40|Earth	sample41|Earth	sample42|Earth	sample43|Earth	sample44|Earth	sample45|Earth	sample46|Earth	sample47|Earth	sample48|Earth	sample49|Earth
1	A	T	ORF	S	NULL	0	0	0	0	0	0	0	0	0	0	0	0	0	0	0	0	0	0	0	0	0	0	0	0	0	0	0	0	0	0	0	0	0	0	0	0	0	0	0	0	0	0	0	0	0	0	0	0	0	0	0	0	0	0
2	A	T	ORF	S	NULL	0	0	0	0	0	0	0	0	0	0	0	0	0	0	0	0	0	0	0	0	0	0	0	0	0	0	0	0	0	0	0	0	0	0	0	0	0	0	0	0	0	0	0	0	0	0	0	0	0	0	0	0	0	0
3	A	T	ORF	S	NULL	0	0	0	0	0	0	0	0	0	0	0	0	0	0	0	0	0	0	0	0	0	0	0	0	0	0	0	0	0	0	0	0	0	0	0	0	0	0	0	0	0	0	0	0	0	0	0	0	0	0	0	0	0	0
4	A	T	ORF	S	NULL	0	0	0	0	0	0	0	0	0	0	0	0	0	0	0	0	0	0	0	0	0	0	0	0	0	0	0	0	0	0	0	0	0	0	0	0	0	0	0	0	0	0	0	0	0	0	0	0	0	0	0	0	0	0
5	A	T	ORF	S	NULL	0	0	0	0	0	0	0	0	0	0	0	0	0	0	0	0	0	0	0	0	0	0	0	0	0	0	0	0	0	0	0	0	0	0	0	0	0	0	0	0	0	0	0	0	0	0	0	0	0	0	0	0	0	0
6	A	T	ORF	S	NULL	0	0	0	0	0.0329079	0.0196232	0.0258303	0.0001	0.845965	0.00526229	0.213552	0.0067388	0.0001	0.277605	0.551663	0.027552	0.837483	0.0168248	0.0928098	0.436604	0.822196	0.347992	0.321772	0.0001	0.246477	0.224508	0.392542	0.0001	0.0001	0.0945879	0.0001	0.322127	0.966842	0.00234305	0.856618	0.0274401	0.0335688	0.0001	0.0001	0.0624209	0.00447553	0.0552379	0.0001	0.290327	0.650787	0.00754022	0.306121	0.0001	0.0518603	0.00900162	0.456637	0.0239272	0.687026	0.0001
7	A	T	ORF	S	NULL	0	0	0	0	0.0329079	0.0196232	0.0258303	0.0001	0.845965	0.00526229	0.213552	0.0067388	0.0001	0.277605	0.551663	0.027552	0.837483	0.0168248	0.0928098	0.436604	0.822196	0.347992	0.321772	0.0001	0.246477	0.224508	0.392542	0.0001	0.0001	0.0945879	0.0001	0.322127	0.966842	0.00234305	0.856618	0.0274401	0.0335688	0.0001	0.0001	0.0624209	0.00447553	0.0552379	0.0001	0.290327	0.650787	0.00754022	0.306121	0.0001	0.0518603	0.00900162	0.456637	0.0239272	0.687026	0.0001
8	A	T	ORF	S	NULL	0	0	0	0	0	0	0	0	0	0	0	0	0	0	0	0	0	0	0	0	0	0	0	0	0	0	0	0	0	0	0	0	0	0	0	0	0	0	0	0	0	0	0	0	0	0	0	0	0	0	0	0	0	0
9	A	T	ORF	S	NULL	0	0	0	0	0	0	0	0	0	0	0	0	0	0	0	0	0	0	0	0	0	0	0	0	0	0	0	0	0	0	0	0	0	0	0	0	0	0	0	0	0	0	0	0	0	0	0	0	0	0	0	0	0	0
10	A	T	ORF	S	NULL	0	0	0	0	0	0	0	0	0	0	0	0	0	0	0	0	0	0	0	0	0	0	0	0	0	0	0	0	0	0	0	0	0	0	0	0	0	0	0	0	0	0	0	0	0	0	0	0	0	0	0	0	0	0
11	A	T	ORF	S	NULL	0	0	0	0	0	0	0	0	0	0	0	0	0	0	0	0	0	0	0	0	0	0	0	0	0	0	0	0	0	0	0	0	0	0	0	0	0	0	0	0	0	0	0	0	0	0	0	0	0	0	0	0	0	0
12	A	T	ORF	S	NULL	0	0	0	0	0	0	0	0	0	0	0	0	0	0	0	0	0	0	0	0	0	0	0	0	0	0	0	0	0	0	0	0	0	0	0	0	0	0	0	0	0	0	0	0	0	0	0	0	0	0	0	0	0	0
13	A	T	ORF	S	NULL	0	0	0	0	0	0	0	0	0	0	0	0	0	0	0	0	0	0	0	0	0	0	0	0	0	0	0	0	0	0	0	0	0	0	0	0	0	0	0	0	0	0	0	0	0	0	0	0	0	0	0	0	0	0
14	A	T	ORF	S	NULL	0	0	0	0	0	0	0	0	0	0	0	0	0	0	0	0	0	0	0	0	0	0	0	0	0	0	0	0	0	0	0	0	0	0	0	0	0	0	0	0	0	0	0	0	0	0	0	0	0	0	0	0	0	0
15	A	T	ORF	S	NULL	0	0	0	0	0	0	0	0	0	0	0	0	0	0	0	0	0	0	0	0	0	0	0	0	0	0	0	0	0	0	0	0	0	0	0	0	0	0	0	0	0	0	0	0	0	0	0	0	0	0	0	0	0	0
16	A	T	ORF	S	NULL	0	0	0	0	0	0	0	0	0	0	0	0	0	0	0	0	0	0	0	0	0	0	0	0	0	0	0	0	0	0	0	0	0	0	0	0	0	0	0	0	0	0	0	0	0	0	0	0	0	0	0	0	0	0
17	A	T	ORF	S	NULL	0	0	0	0	0.0001	0.0001	0.0001	0.0001	0.0001	0.0001	0.0001	0.900112	0.0001	0.132908	0.0001	0.0001	0.0001	0.0001	0.0001	0.0001	0.144908	0.0001	0.277916	0.0001	0.000899875	0.419183	0.0001	0.0001	0.137908	0.0001	0.0001	0.0001	0.0001	0.0001	0.0001	0.0001	0.434728	0.0001	0.0001	0.735523	0.0001	0.0001	0.34292	0.0001	0.0001	0.0001	0.0001	0.893951	0.0001	0.000101877	0.0001	0.0001	0.0001	0.0001
18	A	T	ORF	S	NULL	0	0	0	0	0	0	0	0	0	0	0	0	0	0	0	0	0	0	0	0	0	0	0	0	0	0	0	0	0	0	0	0	0	0	0	0	0	0	0	0	0	0	0	0	0	0	0	0	0	0	0	0	0	0
19	A	T	ORF	S	NULL	0	0	0	0	0	0	0	0	0	0	0	0	0	0	0	0	0	0	0	0	0	0	0	0	0	0	0	0	0	0	0	0	0	0	0	0	0	0	0	0	0	0	0	0	0	0	0	0	0	0	0	0	0	0
20	A	T	ORF	S	NULL	0	0	0	0	0	0	0	0	0	0	0	0	0	0	0	0	0	0	0	0	0	0	0	0	0	0	0	0	0	0	0	0	0	0	0	0	0	0	0	0	0	0	0	0	0	0	0	0	0	0	0	0	0	0
21	A	T	ORF	S	NULL	0	0	0	0	0	0	0	0	0	0	0	0	0	0	0	0	0	0	0	0	0	0	0	0	0	0	0	0	0	0	0	0	0	0	0	0	0	0	0	0	0	0	0	0	0	0	0	0	0	0	0	0	0	0
22	A	T	ORF	S	NULL	0	0	0	0	0	0	0	0	0	0	0	0	0	0	0	0	0	0	0	0	0	0	0	0	0	0	0	0	0	0	0	0	0	0	0	0	0	0	0	0	0	0	0	0	0	0	0	0	0	0	0	0	0	0
23	A	T	ORF	S	NULL	0	0	0	0	0	0	0	0	0	0	0	0	0	0	0	0	0	0	0	0	0	0	0	0	0	0	0	0	0	0	0	0	0	0	0	0	0	0	0	0	0	0	0	0	0	0	0	0	0	0	0	0	0	0
24	A	T	ORF	S	NULL	0	0	0	0	0	0	0	0	0	0	0	0	0	0	0	0	0	0	0	0	0	0	0	0	0	0	0	0	0	0	0	0	0	0	0	0	0	0	0	0	0	0	0	0	0	0	0	0	0	0	0	0	0	0
25	A	T	ORF	S	NULL	0	0	0	0	0.556093	0.329324	0.0001	0.318916	0.122348	0.0001	0.777579	0.0001	0.000158393	0.0255515	0.0001	0.0001	0.0001	0.000100001	0.0001	0.540928	0.0001	0.0001	0.132741	0.0001	0.0001	0.0001	0.439667	0.120906	0.0001	0.317535	0.999929	0.0001	0.0001	0.0001	0.0001	0.0001	0.0001	0.825943	0.146405	0.130725	0.0001	0.0001	0.0001	0.00426661	0.0001	0.00526436	0.000100001	0.0001	0.0001	0.00660585	0.0001	0.0001	0.0001	0.0001
26	A	T	ORF	S	NULL	0	0	0	0	0	0	0	0	0	0	0	0	0	0	0	0	0	0	0	0	0	0	0	0	0	0	0	0	0	0	0	0	0	0	0	0	0	0	0	0	0	0	0	0	0	0	0	0	0	0	0	0	0	0
27	A	T	ORF	S	NULL	0	0	0	0	0	0	0	0	0	0	0	0	0	0	0	0	0	0	0	0	0	0	0	0	0	0	0	0	0	0	0	0	0	0	0	0	0	0	0	0	0	0	0	0	0	0	0	0	0	0	0	0	0	0
28	A	T	ORF	S	NULL	0	0	0	0	0	0	0	0	0	0	0	0	0	0	0	0	0	0	0	0	0	0	0	0	0	0	0	0	0	0	0	0	0	0	0	0	0	0	0	0	0	0	0	0	0	0	0	0	0	0	0	0	0	0
29	A	T	ORF	S	NULL	0	0	0	0	0	0	0	0	0	0	0	0	0	0	0	0	0	0	0	0	0	0	0	0	0	0	0	0	0	0	0	0	0	0	0	0	0	0	0	0	0	0	0	0	0	0	0	0	0	0	0	0	0	0
30	A	T	ORF	S	NULL	0	0	0	0	0.0329079	0.0196232	0.0258303	0.0001	0.845965	0.00526229	0.213552	0.0067388	0.0001	0.277605	0.551663	0.027552	0.837483	0.0168248	0.0928098	0.436604	0.822196	0.347992	0.321772	0.0001	0.246477	0.224508	0.392542	0.0001	0.0001	0.0945879	0.0001	0.322127	0.966842	0.00234305	0.856618	0.0274401	0.0335688	0.0001	0.0001	0.0624209	0.00447553	0.0552379	0.0001	0.290327	0.650787	0.00754022	0.306121	0.0001	0.0518603	0.00900162	0.456637	0.0239272	0.687026	0.0001
31	A	T	ORF	S	NULL	0	0	0	0	0	0	0	0	0	0	0	0	0	0	0	0	0	0	0	0	0	0	0	0	0	0	0	0	0	0	0	0	0	0	0	0	0	0	0	0	0	0	0	0	0	0	0	0	0	0	0	0	0	0
32	A	T	ORF	S	NULL	0	0	0	0	0	0	0	0	0	0	0	0	0	0	0	0	0	0	0	0	0	0	0	0	0	0	0	0	0	0	0	0	0	0	0	0	0	0	0	0	0	0	0	0	0	0	0	0	0	0	0	0	0	0
33	A	T	ORF	S	NULL	0	0	0	0	0	0	0	0	0	0	0	0	0	0	0	0	0	0	0	0	0	0	0	0	0	0	0	0	0	0	0	0	0	0	0	0	0	0	0	0	0	0	0	0	0	0	0	0	0	0	0	0	0	0
34	A	T	ORF	S	NULL	0	0	0	0	0	0	0	0	0	0	0	0	0	0	0	0	0	0	0	0	0	0	0	0	0	0	0	0	0	0	0	0	0	0	0	0	0	0	0	0	0	0	0	0	0	0	0	0	0	0	0	0	0	0
35	A	T	ORF	S	NULL	0	0	0	0	0	0	0	0	0	0	0	0	0	0	0	0	0	0	0	0	0	0	0	0	0	0	0	0	0	0	0	0	0	0	0	0	0	0	0	0	0	0	0	0	0	0	0	0	0	0	0	0	0	0
36	A	T	ORF	S	NULL	0	0	0	0	0	0	0	0	0	0	0	0	0	0	0	0	0	0	0	0	0	0	0	0	0	0	0	0	0	0	0	0	0	0	0	0	0	0	0	0	0	0	0	0	0	0	0	0	0	0	0	0	0	0
37	A	T	ORF	S	NULL	0	0	0	0	0	0	0	0	0	0	0	0	0	0	0	0	0	0	0	0	0	0	0	0	0	0	0	0	0	0	0	0	0	0	0	0	0	0	0	0	0	0	0	0	0	0	0	0	0	0	0	0	0	0
38	A	T	ORF	S	NULL	0	0	0	0	0	0	0	0	0	0	0	0	0	0	0	0	0	0	0	0	0	0	0	0	0	0	0	0	0	0	0	0	0	0	0	0	0	0	0	0	0	0	0	0	0	0	0	0	0	0	0	0	0	0
39	A	T	ORF	S	NULL	0	0	0	0	0.0329079	0.0196232	0.0258303	0.0001	0.845965	0.00526229	0.213552	0.0067388	0.0001	0.277605	0.551663	0.027552	0.837483	0.0168248	0.0928098	0.436604	0.822196	0.347992	0.321772	0.0001	0.246477	0.224508	0.392542	0.0001	0.0001	0.0945879	0.0001	0.322127	0.966842	0.00234305	0.856618	0.0274401	0.0335688	0.0001	0.0001	0.0624209	0.00447553	0.0552379	0.0001	0.290327	0.650787	0.00754022	0.306121	0.0001	0.0518603	0.00900162	0.456637	0.0239272	0.687026	0.0001
40	A	T	ORF	S	NULL	0	0	0	0	0.410999	0.116299	0.364147	0.0001	0.00311499	0.972497	0.000691452	0.0931487	0.0001	0.0001	0.333834	0.0001	0.0973146	0.27167	0.0001	0.00226039	0.00342777	0.0001	0.204307	0.798747	0.189276	0.0824125	0.0001	0.768121	0.24486	0.371169	0.0001	0.677873	0.00357788	0.869178	0.135725	0.97256	0.426726	0.157365	0.642118	0.0613545	0.0001	0.0001	0.557522	0.0265168	0.0001	0.0001	0.00152613	0.0086722	0.780142	0.0001	0.0001	0.0001	0.195379	0.0001
41	A	T	ORF	S	NULL	0	0	0	0	0.0001	0.340924	0.335912	0.57297	0.0001	0.0001	0.0001	0.0001	0.0001	0.219628	0.0799268	0.286136	0.0652029	0.0886869	0.291763	0.0037346	0.0001	0.618312	0.0001	0.0872208	0.452901	0.263884	0.152866	0.0001	0.531295	0.133371	0.0001	0.0001	0.0001	0.0159884	0.0001	0.0001	0.104977	0.0001	0.0001	0.0088715	0.995524	0.320861	0.0335433	0.370313	0.342279	0.687397	0.0001	0.0815864	0.159367	0.735588	0.503451	0.93664	0.117594	0.849408
42	A	T	ORF	S	NULL	0	0	0	0	0	0	0	0	0	0	0	0	0	0	0	0	0	0	0	0	0	0	0	0	0	0	0	0	0	0	0	0	0	0	0	0	0	0	0	0	0	0	0	0	0	0	0	0	0	0	0	0	0	0
43	A	T	ORF	S	NULL	0	0	0	0	0	0	0	0	0	0	0	0	0	0	0	0	0	0	0	0	0	0	0	0	0	0	0	0	0	0	0	0	0	0	0	0	0	0	0	0	0	0	0	0	0	0	0	0	0	0	0	0	0	0
44	A	T	ORF	S	NULL	0	0	0	0	0.0001	0.340924	0.335912	0.57297	0.0001	0.0001	0.0001	0.0001	0.0001	0.219628	0.0799268	0.286136	0.0652029	0.0886869	0.291763	0.0037346	0.0001	0.618312	0.0001	0.0872208	0.452901	0.263884	0.152866	0.0001	0.531295	0.133371	0.0001	0.0001	0.0001	0.0159884	0.0001	0.0001	0.104977	0.0001	0.0001	0.0088715	0.995524	0.320861	0.0335433	0.370313	0.342279	0.687397	0.0001	0.0815864	0.159367	0.735588	0.503451	0.93664	0.117594	0.849408
45	A	T	ORF	S	NULL	0	0	0	0	0.0001	0.340924	0.335912	0.57297	0.0001	0.0001	0.0001	0.0001	0.0001	0.219628	0.0799268	0.286136	0.0652029	0.0886869	0.291763	0.0037346	0.0001	0.618312	0.0001	0.0872208	0.452901	0.263884	0.152866	0.0001	0.531295	0.133371	0.0001	0.0001	0.0001	0.0159884	0.0001	0.0001	0.104977	0.0001	0.0001	0.0088715	0.995524	0.320861	0.0335433	0.370313	0.342279	0.687397	0.0001	0.0815864	0.159367	0.735588	0.503451	0.93664	0.117594	0.849408
46	A	T	ORF	S	NULL	0	0	0	0	0	0	0	0	0	0	0	0	0	0	0	0	0	0	0	0	0	0	0	0	0	0	0	0	0	0	0	0	0	0	0	0	0	0	0	0	0	0	0	0	0	0	0	0	0	0	0	0	0	0
47	A	T	ORF	S	NULL	0	0	0	0	0	0	0	0	0	0	0	0	0	0	0	0	0	0	0	0	0	0	0	0	0	0	0	0	0	0	0	0	0	0	0	0	0	0	0	0	0	0	0	0	0	0	0	0	0	0	0	0	0	0
48	A	T	ORF	S	NULL	0	0	0	0	0	0	0	0	0	0	0	0	0	0	0	0	0	0	0	0	0	0	0	0	0	0	0	0	0	0	0	0	0	0	0	0	0	0	0	0	0	0	0	0	0	0	0	0	0	0	0	0	0	0
49	A	T	ORF	S	NULL	0	0	0	0	0	0	0	0	0	0	0	0	0	0	0	0	0	0	0	0	0	0	0	0	0	0	0	0	0	0	0	0	0	0	0	0	0	0	0	0	0	0	0	0	0	0	0	0	0	0	0	0	0	0
50	A	T	ORF	S	NULL	0	0	0	0	0	0	0	0	0	0	0	0	0	0	0	0	0	0	0	0	0	0	0	0	0	0	0	0	0	0	0	0	0	0	0	0	0	0	0	0	0	0	0	0	0	0	0	0	0	0	0	0	0	0
51	A	T	ORF	S	NULL	0	0	0	0	0	0	0	0	0	0	0	0	0	0	0	0	0	0	0	0	0	0	0	0	0	0	0	0	0	0	0	0	0	0	0	0	0	0	0	0	0	0	0	0	0	0	0	0	0	0	0	0	0	0
52	A	T	ORF	S	NULL	0	0	0	0	0.0001	0.166212	0.274112	0.0001	0.00311772	0.0001	0.000722185	0.000100004	0.998631	0.292742	0.0001	0.686312	0.0001	0.622818	0.615427	0.0001	0.00130841	0.0001	0.000331797	0.0001	0.0001	0.010013	0.0149252	0.0001	0.0498177	0.00676292	0.0001	0.0001	0.00310375	0.0001	0.0001	0.0001	0.000100002	0.0001	0.118022	0.00110535	0.0001	0.623902	0.000100002	0.262306	0.00693367	0.299798	0.678799	0.000100004	0.00863007	0.248799	0.0399123	0.0394331	0.0001	0.0001
53	A	T	ORF	S	NULL	0	0	0	0	0	0	0	0	0	0	0	0	0	0	0	0	0	0	0	0	0	0	0	0	0	0	0	0	0	0	0	0	0	0	0	0	0	0	0	0	0	0	0	0	0	0	0	0	0	0	0	0	0	0
54	A	T	ORF	S	NULL	0	0	0	0	0	0	0	0	0	0	0	0	0	0	0	0	0	0	0	0	0	0	0	0	0	0	0	0	0	0	0	0	0	0	0	0	0	0	0	0	0	0	0	0	0	0	0	0	0	0	0	0	0	0
55	A	T	ORF	S	NULL	0	0	0	0	0.410999	0.116299	0.364147	0.0001	0.00311499	0.972497	0.000691452	0.0931487	0.0001	0.0001	0.333834	0.0001	0.0973146	0.27167	0.0001	0.00226039	0.00342777	0.0001	0.204307	0.798747	0.189276	0.0824125	0.0001	0.768121	0.24486	0.371169	0.0001	0.677873	0.00357788	0.869178	0.135725	0.97256	0.426726	0.157365	0.642118	0.0613545	0.0001	0.0001	0.557522	0.0265168	0.0001	0.0001	0.00152613	0.0086722	0.780142	0.0001	0.0001	0.0001	0.195379	0.0001
56	A	T	ORF	S	NULL	0	0	0	0	0	0	0	0	0	0	0	0	0	0	0	0	0	0	0	0	0	0	0	0	0	0	0	0	0	0	0	0	0	0	0	0	0	0	0	0	0	0	0	0	0	0	0	0	0	0	0	0	0	0
57	A	T	ORF	S	NULL	0	0	0	0	0.0001	0.340924	0.335912	0.57297	0.0001	0.0001	0.0001	0.0001	0.0001	0.219628	0.0799268	0.286136	0.0652029	0.0886869	0.291763	0.0037346	0.0001	0.618312	0.0001	0.0872208	0.452901	0.263884	0.152866	0.0001	0.531295	0.133371	0.0001	0.0001	0.0001	0.0159884	0.0001	0.0001	0.104977	0.0001	0.0001	0.0088715	0.995524	0.320861	0.0335433	0.370313	0.342279	0.687397	0.0001	0.0815864	0.159367	0.735588	0.503451	0.93664	0.117594	0.849408
58	A	T	ORF	S	NULL	0	0	0	0	0	0	0	0	0	0	0	0	0	0	0	0	0	0	0	0	0	0	0	0	0	0	0	0	0	0	0	0	0	0	0	0	0	0	0	0	0	0	0	0	0	0	0	0	0	0	0	0	0	0
59	A	T	ORF	S	NULL	0	0	0	0	0.410999	0.116299	0.364147	0.0001	0.00311499	0.972497	0.000691452	0.0931487	0.0001	0.0001	0.333834	0.0001	0.0973146	0.27167	0.0001	0.00226039	0.00342777	0.0001	0.204307	0.798747	0.189276	0.0824125	0.0001	0.768121	0.24486	0.371169	0.0001	0.677873	0.00357788	0.869178	0.135725	0.97256	0.426726	0.157365	0.642118	0.0613545	0.0001	0.0001	0.557522	0.0265168	0.0001	0.0001	0.00152613	0.0086722	0.780142	0.0001	0.0001	0.0001	0.195379	0.0001
60	A	T	ORF	S	NULL	0	0	0	0	0	0	0	0	0	0	0	0	0	0	0	0	0	0	0	0	0	0	0	0	0	0	0	0	0	0	0	0	0	0	0	0	0	0	0	0	0	0	0	0	0	0	0	0	0	0	0	0	0	0
61	A	T	ORF	S	NULL	0	0	0	0	0.0001	0.166212	0.274112	0.0001	0.00311772	0.0001	0.000722185	0.000100004	0.998631	0.292742	0.0001	0.686312	0.0001	0.622818	0.615427	0.0001	0.00130841	0.0001	0.000331797	0.0001	0.0001	0.010013	0.0149252	0.0001	0.0498177	0.00676292	0.0001	0.0001	0.00310375	0.0001	0.0001	0.0001	0.000100002	0.0001	0.118022	0.00110535	0.0001	0.623902	0.000100002	0.262306	0.00693367	0.299798	0.678799	0.000100004	0.00863007	0.248799	0.0399123	0.0394331	0.0001	0.0001
62	A	T	ORF	S	NULL	0	0	0	0	0.0001	0.166212	0.274112	0.0001	0.00311772	0.0001	0.000722185	0.000100004	0.998631	0.292742	0.0001	0.686312	0.0001	0.622818	0.615427	0.0001	0.00130841	0.0001	0.000331797	0.0001	0.0001	0.010013	0.0149252	0.0001	0.0498177	0.00676292	0.0001	0.0001	0.00310375	0.0001	0.0001	0.0001	0.000100002	0.0001	0.118022	0.00110535	0.0001	0.623902	0.000100002	0.262306	0.00693367	0.299798	0.678799	0.000100004	0.00863007	0.248799	0.0399123	0.0394331	0.0001	0.0001
63	A	T	ORF	S	NULL	0	0	0	0	0	0	0	0	0	0	0	0	0	0	0	0	0	0	0	0	0	0	0	0	0	0	0	0	0	0	0	0	0	0	0	0	0	0	0	0	0	0	0	0	0	0	0	0	0	0	0	0	0	0
64	A	T	ORF	S	NULL	0	0	0	0	0	0	0	0	0	0	0	0	0	0	0	0	0	0	0	0	0	0	0	0	0	0	0	0	0	0	0	0	0	0	0	0	0	0	0	0	0	0	0	0	0	0	0	0	0	0	0	0	0	0
65	A	T	ORF	S	NULL	0	0	0	0	0.556193	0.495535	0.274212	0.319016	0.125465	0.0002	0.778302	0.000200004	0.998789	0.318294	0.0002	0.686412	0.0002	0.622918	0.615527	0.541028	0.00140841	0.0002	0.133073	0.0002	0.0002	0.010113	0.454592	0.121006	0.0499177	0.324298	1.00003	0.0002	0.00320375	0.0002	0.0002	0.0002	0.000200002	0.826043	0.264427	0.13183	0.0002	0.624002	0.000200002	0.266572	0.00703367	0.305063	0.678899	0.000200004	0.00873007	0.255405	0.0400123	0.0395331	0.0002	0.0002
66	A	T	ORF	S	NULL	0	0	0	0	0	0	0	0	0	0	0	0	0	0	0	0	0	0	0	0	0	0	0	0	0	0	0	0	0	0	0	0	0	0	0	0	0	0	0	0	0	0	0	0	0	0	0	0	0	0	0	0	0	0
67	A	T	ORF	S	NULL	0	0	0	0	0.0001	0.0001	0.0001	0.0001	0.0001	0.0001	0.0001	0.900112	0.0001	0.132908	0.0001	0.0001	0.0001	0.0001	0.0001	0.0001	0.144908	0.0001	0.277916	0.0001	0.000899875	0.419183	0.0001	0.0001	0.137908	0.0001	0.0001	0.0001	0.0001	0.0001	0.0001	0.0001	0.434728	0.0001	0.0001	0.735523	0.0001	0.0001	0.34292	0.0001	0.0001	0.0001	0.0001	0.893951	0.0001	0.000101877	0.0001	0.0001	0.0001	0.0001
68	A	T	ORF	S	NULL	0	0	0	0	0	0	0	0	0	0	0	0	0	0	0	0	0	0	0	0	0	0	0	0	0	0	0	0	0	0	0	0	0	0	0	0	0	0	0	0	0	0	0	0	0	0	0	0	0	0	0	0	0	0
69	A	T	ORF	S	NULL	0	0	0	0	0	0	0	0	0	0	0	0	0	0	0	0	0	0	0	0	0	0	0	0	0	0	0	0	0	0	0	0	0	0	0	0	0	0	0	0	0	0	0	0	0	0	0	0	0	0	0	0	0	0
70	A	T	ORF	S	NULL	0	0	0	0	0.0329079	0.0196232	0.0258303	0.0001	0.845965	0.00526229	0.213552	0.0067388	0.0001	0.277605	0.551663	0.027552	0.837483	0.0168248	0.0928098	0.436604	0.822196	0.347992	0.321772	0.0001	0.246477	0.224508	0.392542	0.0001	0.0001	0.0945879	0.0001	0.322127	0.966842	0.00234305	0.856618	0.0274401	0.0335688	0.0001	0.0001	0.0624209	0.00447553	0.0552379	0.0001	0.290327	0.650787	0.00754022	0.306121	0.0001	0.0518603	0.00900162	0.456637	0.0239272	0.687026	0.0001
71	A	T	ORF	S	NULL	0	0	0	0	0	0	0	0	0	0	0	0	0	0	0	0	0	0	0	0	0	0	0	0	0	0	0	0	0	0	0	0	0	0	0	0	0	0	0	0	0	0	0	0	0	0	0	0	0	0	0	0	0	0
72	A	T	ORF	S	NULL	0	0	0	0	0.0329079	0.0196232	0.0258303	0.0001	0.845965	0.00526229	0.213552	0.0067388	0.0001	0.277605	0.551663	0.027552	0.837483	0.0168248	0.0928098	0.436604	0.822196	0.347992	0.321772	0.0001	0.246477	0.224508	0.392542	0.0001	0.0001	0.0945879	0.0001	0.322127	0.966842	0.00234305	0.856618	0.0274401	0.0335688	0.0001	0.0001	0.0624209	0.00447553	0.0552379	0.0001	0.290327	0.650787	0.00754022	0.306121	0.0001	0.0518603	0.00900162	0.456637	0.0239272	0.687026	0.0001
73	A	T	ORF	S	NULL	0	0	0	0	0	0	0	0	0	0	0	0	0	0	0	0	0	0	0	0	0	0	0	0	0	0	0	0	0	0	0	0	0	0	0	0	0	0	0	0	0	0	0	0	0	0	0	0	0	0	0	0	0	0
74	A	T	ORF	S	NULL	0	0	0	0	0	0	0	0	0	0	0	0	0	0	0	0	0	0	0	0	0	0	0	0	0	0	0	0	0	0	0	0	0	0	0	0	0	0	0	0	0	0	0	0	0	0	0	0	0	0	0	0	0	0
75	A	T	ORF	S	NULL	0	0	0	0	0	0	0	0	0	0	0	0	0	0	0	0	0	0	0	0	0	0	0	0	0	0	0	0	0	0	0	0	0	0	0	0	0	0	0	0	0	0	0	0	0	0	0	0	0	0	0	0	0	0
76	A	T	ORF	S	NULL	0	0	0	0	0	0	0	0	0	0	0	0	0	0	0	0	0	0	0	0	0	0	0	0	0	0	0	0	0	0	0	0	0	0	0	0	0	0	0	0	0	0	0	0	0	0	0	0	0	0	0	0	0	0
77	A	T	ORF	S	NULL	0	0	0	0	0	0	0	0	0	0	0	0	0	0	0	0	0	0	0	0	0	0	0	0	0	0	0	0	0	0	0	0	0	0	0	0	0	0	0	0	0	0	0	0	0	0	0	0	0	0	0	0	0	0
78	A	T	ORF	S	NULL	0	0	0	0	0	0	0	0	0	0	0	0	0	0	0	0	0	0	0	0	0	0	0	0	0	0	0	0	0	0	0	0	0	0	0	0	0	0	0	0	0	0	0	0	0	0	0	0	0	0	0	0	0	0
79	A	T	ORF	S	NULL	0	0	0	0	0	0	0	0	0	0	0	0	0	0	0	0	0	0	0	0	0	0	0	0	0	0	0	0	0	0	0	0	0	0	0	0	0	0	0	0	0	0	0	0	0	0	0	0	0	0	0	0	0	0
80	A	T	ORF	S	NULL	0	0	0	0	0	0	0	0	0	0	0	0	0	0	0	0	0	0	0	0	0	0	0	0	0	0	0	0	0	0	0	0	0	0	0	0	0	0	0	0	0	0	0	0	0	0	0	0	0	0	0	0	0	0
81	A	T	ORF	S	NULL	0	0	0	0	0	0	0	0	0	0	0	0	0	0	0	0	0	0	0	0	0	0	0	0	0	0	0	0	0	0	0	0	0	0	0	0	0	0	0	0	0	0	0	0	0	0	0	0	0	0	0	0	0	0
82	A	T	ORF	S	NULL	0	0	0	0	0	0	0	0	0	0	0	0	0	0	0	0	0	0	0	0	0	0	0	0	0	0	0	0	0	0	0	0	0	0	0	0	0	0	0	0	0	0	0	0	0	0	0	0	0	0	0	0	0	0
83	A	T	ORF	S	NULL	0	0	0	0	0	0	0	0	0	0	0	0	0	0	0	0	0	0	0	0	0	0	0	0	0	0	0	0	0	0	0	0	0	0	0	0	0	0	0	0	0	0	0	0	0	0	0	0	0	0	0	0	0	0
84	A	T	ORF	S	NULL	0	0	0	0	0	0	0	0	0	0	0	0	0	0	0	0	0	0	0	0	0	0	0	0	0	0	0	0	0	0	0	0	0	0	0	0	0	0	0	0	0	0	0	0	0	0	0	0	0	0	0	0	0	0
85	A	T	ORF	S	NULL	0	0	0	0	0	0	0	0	0	0	0	0	0	0	0	0	0	0	0	0	0	0	0	0	0	0	0	0	0	0	0	0	0	0	0	0	0	0	0	0	0	0	0	0	0	0	0	0	0	0	0	0	0	0
86	A	T	ORF	S	NULL	0	0	0	0	0	0	0	0	0	0	0	0	0	0	0	0	0	0	0	0	0	0	0	0	0	0	0	0	0	0	0	0	0	0	0	0	0	0	0	0	0	0	0	0	0	0	0	0	0	0	0	0	0	0
87	A	T	ORF	S	NULL	0	0	0	0	0.0001	0.0001	0.0001	0.0001	0.0001	0.0001	0.0001	0.900112	0.0001	0.132908	0.0001	0.0001	0.0001	0.0001	0.0001	0.0001	0.144908	0.0001	0.277916	0.0001	0.000899875	0.419183	0.0001	0.0001	0.137908	0.0001	0.0001	0.0001	0.0001	0.0001	0.0001	0.0001	0.434728	0.0001	0.0001	0.735523	0.0001	0.0001	0.34292	0.0001	0.0001	0.0001	0.0001	0.893951	0.0001	0.000101877	0.0001	0.0001	0.0001	0.0001
88	A	T	ORF	S	NULL	0	0	0	0	0	0	0	0	0	0	0	0	0	0	0	0	0	0	0	0	0	0	0	0	0	0	0	0	0	0	0	0	0	0	0	0	0	0	0	0	0	0	0	0	0	0	0	0	0	0	0	0	0	0
89	A	T	ORF	S	NULL	0	0	0	0	0	0	0	0	0	0	0	0	0	0	0	0	0	0	0	0	0	0	0	0	0	0	0	0	0	0	0	0	0	0	0	0	0	0	0	0	0	0	0	0	0	0	0	0	0	0	0	0	0	0
90	A	T	ORF	S	NULL	0	0	0	0	0.410999	0.116299	0.364147	0.0001	0.00311499	0.972497	0.000691452	0.0931487	0.0001	0.0001	0.333834	0.0001	0.0973146	0.27167	0.0001	0.00226039	0.00342777	0.0001	0.204307	0.798747	0.189276	0.0824125	0.0001	0.768121	0.24486	0.371169	0.0001	0.677873	0.00357788	0.869178	0.135725	0.97256	0.426726	0.157365	0.642118	0.0613545	0.0001	0.0001	0.557522	0.0265168	0.0001	0.0001	0.00152613	0.0086722	0.780142	0.0001	0.0001	0.0001	0.195379	0.0001
91	A	T	ORF	S	NULL	0	0	0	0	0	0	0	0	0	0	0	0	0	0	0	0	0	0	0	0	0	0	0	0	0	0	0	0	0	0	0	0	0	0	0	0	0	0	0	0	0	0	0	0	0	0	0	0	0	0	0	0	0	0
92	A	T	ORF	S	NULL	0	0	0	0	0	0	0	0	0	0	0	0	0	0	0	0	0	0	0	0	0	0	0	0	0	0	0	0	0	0	0	0	0	0	0	0	0	0	0	0	0	0	0	0	0	0	0	0	0	0	0	0	0	0
93	A	T	ORF	S	NULL	0	0	0	0	0	0	0	0	0	0	0	0	0	0	0	0	0	0	0	0	0	0	0	0	0	0	0	0	0	0	0	0	0	0	0	0	0	0	0	0	0	0	0	0	0	0	0	0	0	0	0	0	0	0
94	A	T	ORF	S	NULL	0	0	0	0	0	0	0	0	0	0	0	0	0	0	0	0	0	0	0	0	0	0	0	0	0	0	0	0	0	0	0	0	0	0	0	0	0	0	0	0	0	0	0	0	0	0	0	0	0	0	0	0	0	0
95	A	T	ORF	S	NULL	0	0	0	0	0.0001	0.340924	0.335912	0.57297	0.0001	0.0001	0.0001	0.0001	0.0001	0.219628	0.0799268	0.286136	0.0652029	0.0886869	0.291763	0.0037346	0.0001	0.618312	0.0001	0.0872208	0.452901	0.263884	0.152866	0.0001	0.531295	0.133371	0.0001	0.0001	0.0001	0.0159884	0.0001	0.0001	0.104977	0.0001	0.0001	0.0088715	0.995524	0.320861	0.0335433	0.370313	0.342279	0.687397	0.0001	0.0815864	0.159367	0.735588	0.503451	0.93664	0.117594	0.849408
96	A	T	ORF	S	NULL	0	0	0	0	0	0	0	0	0	0	0	0	0	0	0	0	0	0	0	0	0	0	0	0	0	0	0	0	0	0	0	0	0	0	0	0	0	0	0	0	0	0	0	0	0	0	0	0	0	0	0	0	0	0
97	A	T	ORF	S	NULL	0	0	0	0	0	0	0	0	0	0	0	0	0	0	0	0	0	0	0	0	0	0	0	0	0	0	0	0	0	0	0	0	0	0	0	0	0	0	0	0	0	0	0	0	0	0	0	0	0	0	0	0	0	0
98	A	T	ORF	S	NULL	0	0	0	0	0	0	0	0	0	0	0	0	0	0	0	0	0	0	0	0	0	0	0	0	0	0	0	0	0	0	0	0	0	0	0	0	0	0	0	0	0	0	0	0	0	0	0	0	0	0	0	0	0	0
99	A	T	ORF	S	NULL	0	0	0	0	0	0	0	0	0	0	0	0	0	0	0	0	0	0	0	0	0	0	0	0	0	0	0	0	0	0	0	0	0	0	0	0	0	0	0	0	0	0	0	0	0	0	0	0	0	0	0	0	0	0
100	A	T	ORF	S	NULL	0	0	0	0	0	0	0	0	0	0	0	0	0	0	0	0	0	0	0	0	0	0	0	0	0	0	0	0	0	0	0	0	0	0	0	0	0	0	0	0	0	0	0	0	0	0	0	0	0	0	0	0	0	0
