pos	ref	alt	gene	N/S	AA	nSRAsubclonal	nSRAclonal	nSRA	nConsensus	sample0|Earth	sample1|Earth	sample2|Earth	sample3|Earth	sample4|Earth	sample5|Earth	sample6|Earth	sample7|Earth	sample8|Earth	sample9|Earth	sample10|Earth	sample11|Earth	sample12|Earth	sample13|Earth	sample14|Earth	sample15|Earth	sample16|Earth	sample17|Earth	sample18|Earth	sample19|Earth	sample20|Earth	sample21|Earth	sample22|Earth	sample23|Earth	sample24|Earth	sample25|Earth	sample26|Earth	sample27|Earth	sample28|Earth	sample29|Earth	sample30|Earth	sample31|Earth	sample32|Earth	sample33|Earth	sample34|Earth	sample35|Earth	sample36|Earth	sample37|Earth	sample38|Earth	sample39|Earth	sample40|Earth	sample41|Earth	sample42|Earth	sample43|Earth	sample44|Earth	sample45|Earth	sample46|Earth	sample47|Earth	sample48|Earth	sample49|Earth
1	A	T	ORF	S	NULL	0	0	0	0	0.0001	0.0001	0.340153	0.0862307	0.965325	0.381101	0.236859	0.304933	0.0001	0.0001	0.791275	0.376677	0.00684623	0.0001	0.187652	0.0001	0.0001	0.483893	0.648862	0.160151	0.0579308	0.0001	0.707652	0.0001	0.00462074	0.0036559	0.290143	0.0001	0.0001	0.00212674	0.0597985	0.26353	0.187487	0.0224891	0.00561739	0.308295	0.837708	0.352473	0.0229953	0.0726485	0.000118931	0.114462	0.028395	0.00901319	0.279054	0.117477	0.0001	0.218969	0.0001	0.0001
2	A	T	ORF	S	NULL	0	0	0	0	0	0	0	0	0	0	0	0	0	0	0	0	0	0	0	0	0	0	0	0	0	0	0	0	0	0	0	0	0	0	0	0	0	0	0	0	0	0	0	0	0	0	0	0	0	0	0	0	0	0
3	A	T	ORF	S	NULL	0	0	0	0	0	0	0	0	0	0	0	0	0	0	0	0	0	0	0	0	0	0	0	0	0	0	0	0	0	0	0	0	0	0	0	0	0	0	0	0	0	0	0	0	0	0	0	0	0	0	0	0	0	0
4	A	T	ORF	S	NULL	0	0	0	0	0.0879161	0.995621	0.239276	0.0888733	0.0001	0.0001	0.114488	0.00362333	0.12654	0.0001	0.0391782	0.00565346	0.0001	0.0988327	0.23086	0.51348	0.0872791	0.317708	0.0001	0.0001	0.230212	0.0001	0.284256	0.321634	0.283033	0.0166575	0.291924	0.0001	0.0001	0.237442	0.16368	0.0001	0.0948066	0.854194	0.0001	0.325017	0.0001	0.0256414	0.0294316	0.0618354	0.0862487	0.133895	0.503377	0.0114626	0.0475132	0.00671885	0.995621	0.0683657	0.0001	0.122807
5	A	T	ORF	S	NULL	0	0	0	0	0.606356	0.0001	0.120845	0.576757	0.00927436	0.0628189	0.347431	0.00913071	0.196762	0.146853	0.0698347	0.441285	0.917233	0.0001	0.503649	0.458153	0.877874	0.110507	0.0001	0.695541	0.40189	0.282634	0.0001	0.651935	0.257298	0.0238	0.314658	0.0001	0.0001	0.498734	0.439974	0.0001	0.243978	0.0741882	0.917233	0.229373	0.151536	0.0527003	0.0449844	0.0001	0.678278	0.615506	0.0001	0.0191205	0.139437	0.280395	0.0001	0.0446467	0.341903	0.199841
6	A	T	ORF	S	NULL	0	0	0	0	0	0	0	0	0	0	0	0	0	0	0	0	0	0	0	0	0	0	0	0	0	0	0	0	0	0	0	0	0	0	0	0	0	0	0	0	0	0	0	0	0	0	0	0	0	0	0	0	0	0
7	A	T	ORF	S	NULL	0	0	0	0	0	0	0	0	0	0	0	0	0	0	0	0	0	0	0	0	0	0	0	0	0	0	0	0	0	0	0	0	0	0	0	0	0	0	0	0	0	0	0	0	0	0	0	0	0	0	0	0	0	0
8	A	T	ORF	S	NULL	0	0	0	0	0.280939	0.0001	0.107922	0.0659203	0.0189022	0.54998	0.212933	0.666998	0.666997	0.848021	0.0349075	0.113917	0.0001	0.900029	0.000100001	0.0001	0.0001	0.000100002	0.34695	0.114916	0.221936	0.708003	0.0001	0.0001	0.377956	0.900033	0.0119038	0.999043	0.999998	0.236934	0.205935	0.735008	0.334955	0.000100001	0.0001	0.000100006	0.0001	0.558982	0.882031	0.863026	0.163924	0.027907	0.464968	0.941052	0.490973	0.567983	0.0001	0.645995	0.647002	0.665997
9	A	T	ORF	S	NULL	0	0	0	0	0	0	0	0	0	0	0	0	0	0	0	0	0	0	0	0	0	0	0	0	0	0	0	0	0	0	0	0	0	0	0	0	0	0	0	0	0	0	0	0	0	0	0	0	0	0	0	0	0	0
10	A	T	ORF	S	NULL	0	0	0	0	0	0	0	0	0	0	0	0	0	0	0	0	0	0	0	0	0	0	0	0	0	0	0	0	0	0	0	0	0	0	0	0	0	0	0	0	0	0	0	0	0	0	0	0	0	0	0	0	0	0
11	A	T	ORF	S	NULL	0	0	0	0	0.606456	0.0002	0.460998	0.662988	0.9746	0.44392	0.584289	0.314063	0.196862	0.146953	0.86111	0.817962	0.92408	0.0002	0.6913	0.458253	0.877974	0.5944	0.648962	0.855692	0.459821	0.282734	0.707752	0.652035	0.261919	0.0274559	0.604801	0.0002	0.0002	0.500861	0.499773	0.26363	0.431465	0.0966773	0.922851	0.537668	0.989243	0.405173	0.0679797	0.0727485	0.678397	0.729968	0.028495	0.0281337	0.418491	0.397871	0.0002	0.263616	0.342003	0.199941
12	A	T	ORF	S	NULL	0	0	0	0	0	0	0	0	0	0	0	0	0	0	0	0	0	0	0	0	0	0	0	0	0	0	0	0	0	0	0	0	0	0	0	0	0	0	0	0	0	0	0	0	0	0	0	0	0	0	0	0	0	0
13	A	T	ORF	S	NULL	0	0	0	0	0	0	0	0	0	0	0	0	0	0	0	0	0	0	0	0	0	0	0	0	0	0	0	0	0	0	0	0	0	0	0	0	0	0	0	0	0	0	0	0	0	0	0	0	0	0	0	0	0	0
14	A	T	ORF	S	NULL	0	0	0	0	0	0	0	0	0	0	0	0	0	0	0	0	0	0	0	0	0	0	0	0	0	0	0	0	0	0	0	0	0	0	0	0	0	0	0	0	0	0	0	0	0	0	0	0	0	0	0	0	0	0
15	A	T	ORF	S	NULL	0	0	0	0	0	0	0	0	0	0	0	0	0	0	0	0	0	0	0	0	0	0	0	0	0	0	0	0	0	0	0	0	0	0	0	0	0	0	0	0	0	0	0	0	0	0	0	0	0	0	0	0	0	0
16	A	T	ORF	S	NULL	0	0	0	0	0	0	0	0	0	0	0	0	0	0	0	0	0	0	0	0	0	0	0	0	0	0	0	0	0	0	0	0	0	0	0	0	0	0	0	0	0	0	0	0	0	0	0	0	0	0	0	0	0	0
17	A	T	ORF	S	NULL	0	0	0	0	0	0	0	0	0	0	0	0	0	0	0	0	0	0	0	0	0	0	0	0	0	0	0	0	0	0	0	0	0	0	0	0	0	0	0	0	0	0	0	0	0	0	0	0	0	0	0	0	0	0
18	A	T	ORF	S	NULL	0	0	0	0	0	0	0	0	0	0	0	0	0	0	0	0	0	0	0	0	0	0	0	0	0	0	0	0	0	0	0	0	0	0	0	0	0	0	0	0	0	0	0	0	0	0	0	0	0	0	0	0	0	0
19	A	T	ORF	S	NULL	0	0	0	0	0	0	0	0	0	0	0	0	0	0	0	0	0	0	0	0	0	0	0	0	0	0	0	0	0	0	0	0	0	0	0	0	0	0	0	0	0	0	0	0	0	0	0	0	0	0	0	0	0	0
20	A	T	ORF	S	NULL	0	0	0	0	0	0	0	0	0	0	0	0	0	0	0	0	0	0	0	0	0	0	0	0	0	0	0	0	0	0	0	0	0	0	0	0	0	0	0	0	0	0	0	0	0	0	0	0	0	0	0	0	0	0
21	A	T	ORF	S	NULL	0	0	0	0	0	0	0	0	0	0	0	0	0	0	0	0	0	0	0	0	0	0	0	0	0	0	0	0	0	0	0	0	0	0	0	0	0	0	0	0	0	0	0	0	0	0	0	0	0	0	0	0	0	0
22	A	T	ORF	S	NULL	0	0	0	0	0.606356	0.0001	0.120845	0.576757	0.00927436	0.0628189	0.347431	0.00913071	0.196762	0.146853	0.0698347	0.441285	0.917233	0.0001	0.503649	0.458153	0.877874	0.110507	0.0001	0.695541	0.40189	0.282634	0.0001	0.651935	0.257298	0.0238	0.314658	0.0001	0.0001	0.498734	0.439974	0.0001	0.243978	0.0741882	0.917233	0.229373	0.151536	0.0527003	0.0449844	0.0001	0.678278	0.615506	0.0001	0.0191205	0.139437	0.280395	0.0001	0.0446467	0.341903	0.199841
23	A	T	ORF	S	NULL	0	0	0	0	0	0	0	0	0	0	0	0	0	0	0	0	0	0	0	0	0	0	0	0	0	0	0	0	0	0	0	0	0	0	0	0	0	0	0	0	0	0	0	0	0	0	0	0	0	0	0	0	0	0
24	A	T	ORF	S	NULL	0	0	0	0	0.606356	0.0001	0.120845	0.576757	0.00927436	0.0628189	0.347431	0.00913071	0.196762	0.146853	0.0698347	0.441285	0.917233	0.0001	0.503649	0.458153	0.877874	0.110507	0.0001	0.695541	0.40189	0.282634	0.0001	0.651935	0.257298	0.0238	0.314658	0.0001	0.0001	0.498734	0.439974	0.0001	0.243978	0.0741882	0.917233	0.229373	0.151536	0.0527003	0.0449844	0.0001	0.678278	0.615506	0.0001	0.0191205	0.139437	0.280395	0.0001	0.0446467	0.341903	0.199841
25	A	T	ORF	S	NULL	0	0	0	0	0	0	0	0	0	0	0	0	0	0	0	0	0	0	0	0	0	0	0	0	0	0	0	0	0	0	0	0	0	0	0	0	0	0	0	0	0	0	0	0	0	0	0	0	0	0	0	0	0	0
26	A	T	ORF	S	NULL	0	0	0	0	0.0879161	0.995621	0.239276	0.0888733	0.0001	0.0001	0.114488	0.00362333	0.12654	0.0001	0.0391782	0.00565346	0.0001	0.0988327	0.23086	0.51348	0.0872791	0.317708	0.0001	0.0001	0.230212	0.0001	0.284256	0.321634	0.283033	0.0166575	0.291924	0.0001	0.0001	0.237442	0.16368	0.0001	0.0948066	0.854194	0.0001	0.325017	0.0001	0.0256414	0.0294316	0.0618354	0.0862487	0.133895	0.503377	0.0114626	0.0475132	0.00671885	0.995621	0.0683657	0.0001	0.122807
27	A	T	ORF	S	NULL	0	0	0	0	0	0	0	0	0	0	0	0	0	0	0	0	0	0	0	0	0	0	0	0	0	0	0	0	0	0	0	0	0	0	0	0	0	0	0	0	0	0	0	0	0	0	0	0	0	0	0	0	0	0
28	A	T	ORF	S	NULL	0	0	0	0	0	0	0	0	0	0	0	0	0	0	0	0	0	0	0	0	0	0	0	0	0	0	0	0	0	0	0	0	0	0	0	0	0	0	0	0	0	0	0	0	0	0	0	0	0	0	0	0	0	0
29	A	T	ORF	S	NULL	0	0	0	0	0	0	0	0	0	0	0	0	0	0	0	0	0	0	0	0	0	0	0	0	0	0	0	0	0	0	0	0	0	0	0	0	0	0	0	0	0	0	0	0	0	0	0	0	0	0	0	0	0	0
30	A	T	ORF	S	NULL	0	0	0	0	0.606356	0.0001	0.120845	0.576757	0.00927436	0.0628189	0.347431	0.00913071	0.196762	0.146853	0.0698347	0.441285	0.917233	0.0001	0.503649	0.458153	0.877874	0.110507	0.0001	0.695541	0.40189	0.282634	0.0001	0.651935	0.257298	0.0238	0.314658	0.0001	0.0001	0.498734	0.439974	0.0001	0.243978	0.0741882	0.917233	0.229373	0.151536	0.0527003	0.0449844	0.0001	0.678278	0.615506	0.0001	0.0191205	0.139437	0.280395	0.0001	0.0446467	0.341903	0.199841
31	A	T	ORF	S	NULL	0	0	0	0	0.0879161	0.995621	0.239276	0.0888733	0.0001	0.0001	0.114488	0.00362333	0.12654	0.0001	0.0391782	0.00565346	0.0001	0.0988327	0.23086	0.51348	0.0872791	0.317708	0.0001	0.0001	0.230212	0.0001	0.284256	0.321634	0.283033	0.0166575	0.291924	0.0001	0.0001	0.237442	0.16368	0.0001	0.0948066	0.854194	0.0001	0.325017	0.0001	0.0256414	0.0294316	0.0618354	0.0862487	0.133895	0.503377	0.0114626	0.0475132	0.00671885	0.995621	0.0683657	0.0001	0.122807
32	A	T	ORF	S	NULL	0	0	0	0	0	0	0	0	0	0	0	0	0	0	0	0	0	0	0	0	0	0	0	0	0	0	0	0	0	0	0	0	0	0	0	0	0	0	0	0	0	0	0	0	0	0	0	0	0	0	0	0	0	0
33	A	T	ORF	S	NULL	0	0	0	0	0	0	0	0	0	0	0	0	0	0	0	0	0	0	0	0	0	0	0	0	0	0	0	0	0	0	0	0	0	0	0	0	0	0	0	0	0	0	0	0	0	0	0	0	0	0	0	0	0	0
34	A	T	ORF	S	NULL	0	0	0	0	0.0879161	0.995621	0.239276	0.0888733	0.0001	0.0001	0.114488	0.00362333	0.12654	0.0001	0.0391782	0.00565346	0.0001	0.0988327	0.23086	0.51348	0.0872791	0.317708	0.0001	0.0001	0.230212	0.0001	0.284256	0.321634	0.283033	0.0166575	0.291924	0.0001	0.0001	0.237442	0.16368	0.0001	0.0948066	0.854194	0.0001	0.325017	0.0001	0.0256414	0.0294316	0.0618354	0.0862487	0.133895	0.503377	0.0114626	0.0475132	0.00671885	0.995621	0.0683657	0.0001	0.122807
35	A	T	ORF	S	NULL	0	0	0	0	0	0	0	0	0	0	0	0	0	0	0	0	0	0	0	0	0	0	0	0	0	0	0	0	0	0	0	0	0	0	0	0	0	0	0	0	0	0	0	0	0	0	0	0	0	0	0	0	0	0
36	A	T	ORF	S	NULL	0	0	0	0	0	0	0	0	0	0	0	0	0	0	0	0	0	0	0	0	0	0	0	0	0	0	0	0	0	0	0	0	0	0	0	0	0	0	0	0	0	0	0	0	0	0	0	0	0	0	0	0	0	0
37	A	T	ORF	S	NULL	0	0	0	0	0	0	0	0	0	0	0	0	0	0	0	0	0	0	0	0	0	0	0	0	0	0	0	0	0	0	0	0	0	0	0	0	0	0	0	0	0	0	0	0	0	0	0	0	0	0	0	0	0	0
38	A	T	ORF	S	NULL	0	0	0	0	0	0	0	0	0	0	0	0	0	0	0	0	0	0	0	0	0	0	0	0	0	0	0	0	0	0	0	0	0	0	0	0	0	0	0	0	0	0	0	0	0	0	0	0	0	0	0	0	0	0
39	A	T	ORF	S	NULL	0	0	0	0	0	0	0	0	0	0	0	0	0	0	0	0	0	0	0	0	0	0	0	0	0	0	0	0	0	0	0	0	0	0	0	0	0	0	0	0	0	0	0	0	0	0	0	0	0	0	0	0	0	0
40	A	T	ORF	S	NULL	0	0	0	0	0	0	0	0	0	0	0	0	0	0	0	0	0	0	0	0	0	0	0	0	0	0	0	0	0	0	0	0	0	0	0	0	0	0	0	0	0	0	0	0	0	0	0	0	0	0	0	0	0	0
41	A	T	ORF	S	NULL	0	0	0	0	0	0	0	0	0	0	0	0	0	0	0	0	0	0	0	0	0	0	0	0	0	0	0	0	0	0	0	0	0	0	0	0	0	0	0	0	0	0	0	0	0	0	0	0	0	0	0	0	0	0
42	A	T	ORF	S	NULL	0	0	0	0	0.0879161	0.995621	0.239276	0.0888733	0.0001	0.0001	0.114488	0.00362333	0.12654	0.0001	0.0391782	0.00565346	0.0001	0.0988327	0.23086	0.51348	0.0872791	0.317708	0.0001	0.0001	0.230212	0.0001	0.284256	0.321634	0.283033	0.0166575	0.291924	0.0001	0.0001	0.237442	0.16368	0.0001	0.0948066	0.854194	0.0001	0.325017	0.0001	0.0256414	0.0294316	0.0618354	0.0862487	0.133895	0.503377	0.0114626	0.0475132	0.00671885	0.995621	0.0683657	0.0001	0.122807
43	A	T	ORF	S	NULL	0	0	0	0	0	0	0	0	0	0	0	0	0	0	0	0	0	0	0	0	0	0	0	0	0	0	0	0	0	0	0	0	0	0	0	0	0	0	0	0	0	0	0	0	0	0	0	0	0	0	0	0	0	0
44	A	T	ORF	S	NULL	0	0	0	0	0	0	0	0	0	0	0	0	0	0	0	0	0	0	0	0	0	0	0	0	0	0	0	0	0	0	0	0	0	0	0	0	0	0	0	0	0	0	0	0	0	0	0	0	0	0	0	0	0	0
45	A	T	ORF	S	NULL	0	0	0	0	0	0	0	0	0	0	0	0	0	0	0	0	0	0	0	0	0	0	0	0	0	0	0	0	0	0	0	0	0	0	0	0	0	0	0	0	0	0	0	0	0	0	0	0	0	0	0	0	0	0
46	A	T	ORF	S	NULL	0	0	0	0	0	0	0	0	0	0	0	0	0	0	0	0	0	0	0	0	0	0	0	0	0	0	0	0	0	0	0	0	0	0	0	0	0	0	0	0	0	0	0	0	0	0	0	0	0	0	0	0	0	0
47	A	T	ORF	S	NULL	0	0	0	0	0.280939	0.0001	0.107922	0.0659203	0.0189022	0.54998	0.212933	0.666998	0.666997	0.848021	0.0349075	0.113917	0.0001	0.900029	0.000100001	0.0001	0.0001	0.000100002	0.34695	0.114916	0.221936	0.708003	0.0001	0.0001	0.377956	0.900033	0.0119038	0.999043	0.999998	0.236934	0.205935	0.735008	0.334955	0.000100001	0.0001	0.000100006	0.0001	0.558982	0.882031	0.863026	0.163924	0.027907	0.464968	0.941052	0.490973	0.567983	0.0001	0.645995	0.647002	0.665997
48	A	T	ORF	S	NULL	0	0	0	0	0	0	0	0	0	0	0	0	0	0	0	0	0	0	0	0	0	0	0	0	0	0	0	0	0	0	0	0	0	0	0	0	0	0	0	0	0	0	0	0	0	0	0	0	0	0	0	0	0	0
49	A	T	ORF	S	NULL	0	0	0	0	0	0	0	0	0	0	0	0	0	0	0	0	0	0	0	0	0	0	0	0	0	0	0	0	0	0	0	0	0	0	0	0	0	0	0	0	0	0	0	0	0	0	0	0	0	0	0	0	0	0
50	A	T	ORF	S	NULL	0	0	0	0	0	0	0	0	0	0	0	0	0	0	0	0	0	0	0	0	0	0	0	0	0	0	0	0	0	0	0	0	0	0	0	0	0	0	0	0	0	0	0	0	0	0	0	0	0	0	0	0	0	0
51	A	T	ORF	S	NULL	0	0	0	0	0.0879161	0.995621	0.239276	0.0888733	0.0001	0.0001	0.114488	0.00362333	0.12654	0.0001	0.0391782	0.00565346	0.0001	0.0988327	0.23086	0.51348	0.0872791	0.317708	0.0001	0.0001	0.230212	0.0001	0.284256	0.321634	0.283033	0.0166575	0.291924	0.0001	0.0001	0.237442	0.16368	0.0001	0.0948066	0.854194	0.0001	0.325017	0.0001	0.0256414	0.0294316	0.0618354	0.0862487	0.133895	0.503377	0.0114626	0.0475132	0.00671885	0.995621	0.0683657	0.0001	0.122807
52	A	T	ORF	S	NULL	0	0	0	0	0	0	0	0	0	0	0	0	0	0	0	0	0	0	0	0	0	0	0	0	0	0	0	0	0	0	0	0	0	0	0	0	0	0	0	0	0	0	0	0	0	0	0	0	0	0	0	0	0	0
53	A	T	ORF	S	NULL	0	0	0	0	0	0	0	0	0	0	0	0	0	0	0	0	0	0	0	0	0	0	0	0	0	0	0	0	0	0	0	0	0	0	0	0	0	0	0	0	0	0	0	0	0	0	0	0	0	0	0	0	0	0
54	A	T	ORF	S	NULL	0	0	0	0	0	0	0	0	0	0	0	0	0	0	0	0	0	0	0	0	0	0	0	0	0	0	0	0	0	0	0	0	0	0	0	0	0	0	0	0	0	0	0	0	0	0	0	0	0	0	0	0	0	0
55	A	T	ORF	S	NULL	0	0	0	0	0	0	0	0	0	0	0	0	0	0	0	0	0	0	0	0	0	0	0	0	0	0	0	0	0	0	0	0	0	0	0	0	0	0	0	0	0	0	0	0	0	0	0	0	0	0	0	0	0	0
56	A	T	ORF	S	NULL	0	0	0	0	0	0	0	0	0	0	0	0	0	0	0	0	0	0	0	0	0	0	0	0	0	0	0	0	0	0	0	0	0	0	0	0	0	0	0	0	0	0	0	0	0	0	0	0	0	0	0	0	0	0
57	A	T	ORF	S	NULL	0	0	0	0	0	0	0	0	0	0	0	0	0	0	0	0	0	0	0	0	0	0	0	0	0	0	0	0	0	0	0	0	0	0	0	0	0	0	0	0	0	0	0	0	0	0	0	0	0	0	0	0	0	0
58	A	T	ORF	S	NULL	0	0	0	0	0	0	0	0	0	0	0	0	0	0	0	0	0	0	0	0	0	0	0	0	0	0	0	0	0	0	0	0	0	0	0	0	0	0	0	0	0	0	0	0	0	0	0	0	0	0	0	0	0	0
59	A	T	ORF	S	NULL	0	0	0	0	0	0	0	0	0	0	0	0	0	0	0	0	0	0	0	0	0	0	0	0	0	0	0	0	0	0	0	0	0	0	0	0	0	0	0	0	0	0	0	0	0	0	0	0	0	0	0	0	0	0
60	A	T	ORF	S	NULL	0	0	0	0	0.280939	0.0001	0.107922	0.0659203	0.0189022	0.54998	0.212933	0.666998	0.666997	0.848021	0.0349075	0.113917	0.0001	0.900029	0.000100001	0.0001	0.0001	0.000100002	0.34695	0.114916	0.221936	0.708003	0.0001	0.0001	0.377956	0.900033	0.0119038	0.999043	0.999998	0.236934	0.205935	0.735008	0.334955	0.000100001	0.0001	0.000100006	0.0001	0.558982	0.882031	0.863026	0.163924	0.027907	0.464968	0.941052	0.490973	0.567983	0.0001	0.645995	0.647002	0.665997
61	A	T	ORF	S	NULL	0	0	0	0	0	0	0	0	0	0	0	0	0	0	0	0	0	0	0	0	0	0	0	0	0	0	0	0	0	0	0	0	0	0	0	0	0	0	0	0	0	0	0	0	0	0	0	0	0	0	0	0	0	0
62	A	T	ORF	S	NULL	0	0	0	0	0	0	0	0	0	0	0	0	0	0	0	0	0	0	0	0	0	0	0	0	0	0	0	0	0	0	0	0	0	0	0	0	0	0	0	0	0	0	0	0	0	0	0	0	0	0	0	0	0	0
63	A	T	ORF	S	NULL	0	0	0	0	0	0	0	0	0	0	0	0	0	0	0	0	0	0	0	0	0	0	0	0	0	0	0	0	0	0	0	0	0	0	0	0	0	0	0	0	0	0	0	0	0	0	0	0	0	0	0	0	0	0
64	A	T	ORF	S	NULL	0	0	0	0	0	0	0	0	0	0	0	0	0	0	0	0	0	0	0	0	0	0	0	0	0	0	0	0	0	0	0	0	0	0	0	0	0	0	0	0	0	0	0	0	0	0	0	0	0	0	0	0	0	0
65	A	T	ORF	S	NULL	0	0	0	0	0	0	0	0	0	0	0	0	0	0	0	0	0	0	0	0	0	0	0	0	0	0	0	0	0	0	0	0	0	0	0	0	0	0	0	0	0	0	0	0	0	0	0	0	0	0	0	0	0	0
66	A	T	ORF	S	NULL	0	0	0	0	0	0	0	0	0	0	0	0	0	0	0	0	0	0	0	0	0	0	0	0	0	0	0	0	0	0	0	0	0	0	0	0	0	0	0	0	0	0	0	0	0	0	0	0	0	0	0	0	0	0
67	A	T	ORF	S	NULL	0	0	0	0	0	0	0	0	0	0	0	0	0	0	0	0	0	0	0	0	0	0	0	0	0	0	0	0	0	0	0	0	0	0	0	0	0	0	0	0	0	0	0	0	0	0	0	0	0	0	0	0	0	0
68	A	T	ORF	S	NULL	0	0	0	0	0	0	0	0	0	0	0	0	0	0	0	0	0	0	0	0	0	0	0	0	0	0	0	0	0	0	0	0	0	0	0	0	0	0	0	0	0	0	0	0	0	0	0	0	0	0	0	0	0	0
69	A	T	ORF	S	NULL	0	0	0	0	0	0	0	0	0	0	0	0	0	0	0	0	0	0	0	0	0	0	0	0	0	0	0	0	0	0	0	0	0	0	0	0	0	0	0	0	0	0	0	0	0	0	0	0	0	0	0	0	0	0
70	A	T	ORF	S	NULL	0	0	0	0	0	0	0	0	0	0	0	0	0	0	0	0	0	0	0	0	0	0	0	0	0	0	0	0	0	0	0	0	0	0	0	0	0	0	0	0	0	0	0	0	0	0	0	0	0	0	0	0	0	0
71	A	T	ORF	S	NULL	0	0	0	0	0	0	0	0	0	0	0	0	0	0	0	0	0	0	0	0	0	0	0	0	0	0	0	0	0	0	0	0	0	0	0	0	0	0	0	0	0	0	0	0	0	0	0	0	0	0	0	0	0	0
72	A	T	ORF	S	NULL	0	0	0	0	0.0001	0.0001	0.340153	0.0862307	0.965325	0.381101	0.236859	0.304933	0.0001	0.0001	0.791275	0.376677	0.00684623	0.0001	0.187652	0.0001	0.0001	0.483893	0.648862	0.160151	0.0579308	0.0001	0.707652	0.0001	0.00462074	0.0036559	0.290143	0.0001	0.0001	0.00212674	0.0597985	0.26353	0.187487	0.0224891	0.00561739	0.308295	0.837708	0.352473	0.0229953	0.0726485	0.000118931	0.114462	0.028395	0.00901319	0.279054	0.117477	0.0001	0.218969	0.0001	0.0001
73	A	T	ORF	S	NULL	0	0	0	0	0	0	0	0	0	0	0	0	0	0	0	0	0	0	0	0	0	0	0	0	0	0	0	0	0	0	0	0	0	0	0	0	0	0	0	0	0	0	0	0	0	0	0	0	0	0	0	0	0	0
74	A	T	ORF	S	NULL	0	0	0	0	0	0	0	0	0	0	0	0	0	0	0	0	0	0	0	0	0	0	0	0	0	0	0	0	0	0	0	0	0	0	0	0	0	0	0	0	0	0	0	0	0	0	0	0	0	0	0	0	0	0
75	A	T	ORF	S	NULL	0	0	0	0	0.606356	0.0001	0.120845	0.576757	0.00927436	0.0628189	0.347431	0.00913071	0.196762	0.146853	0.0698347	0.441285	0.917233	0.0001	0.503649	0.458153	0.877874	0.110507	0.0001	0.695541	0.40189	0.282634	0.0001	0.651935	0.257298	0.0238	0.314658	0.0001	0.0001	0.498734	0.439974	0.0001	0.243978	0.0741882	0.917233	0.229373	0.151536	0.0527003	0.0449844	0.0001	0.678278	0.615506	0.0001	0.0191205	0.139437	0.280395	0.0001	0.0446467	0.341903	0.199841
76	A	T	ORF	S	NULL	0	0	0	0	0	0	0	0	0	0	0	0	0	0	0	0	0	0	0	0	0	0	0	0	0	0	0	0	0	0	0	0	0	0	0	0	0	0	0	0	0	0	0	0	0	0	0	0	0	0	0	0	0	0
77	A	T	ORF	S	NULL	0	0	0	0	0	0	0	0	0	0	0	0	0	0	0	0	0	0	0	0	0	0	0	0	0	0	0	0	0	0	0	0	0	0	0	0	0	0	0	0	0	0	0	0	0	0	0	0	0	0	0	0	0	0
78	A	T	ORF	S	NULL	0	0	0	0	0	0	0	0	0	0	0	0	0	0	0	0	0	0	0	0	0	0	0	0	0	0	0	0	0	0	0	0	0	0	0	0	0	0	0	0	0	0	0	0	0	0	0	0	0	0	0	0	0	0
79	A	T	ORF	S	NULL	0	0	0	0	0.606356	0.0001	0.120845	0.576757	0.00927436	0.0628189	0.347431	0.00913071	0.196762	0.146853	0.0698347	0.441285	0.917233	0.0001	0.503649	0.458153	0.877874	0.110507	0.0001	0.695541	0.40189	0.282634	0.0001	0.651935	0.257298	0.0238	0.314658	0.0001	0.0001	0.498734	0.439974	0.0001	0.243978	0.0741882	0.917233	0.229373	0.151536	0.0527003	0.0449844	0.0001	0.678278	0.615506	0.0001	0.0191205	0.139437	0.280395	0.0001	0.0446467	0.341903	0.199841
80	A	T	ORF	S	NULL	0	0	0	0	0	0	0	0	0	0	0	0	0	0	0	0	0	0	0	0	0	0	0	0	0	0	0	0	0	0	0	0	0	0	0	0	0	0	0	0	0	0	0	0	0	0	0	0	0	0	0	0	0	0
81	A	T	ORF	S	NULL	0	0	0	0	0	0	0	0	0	0	0	0	0	0	0	0	0	0	0	0	0	0	0	0	0	0	0	0	0	0	0	0	0	0	0	0	0	0	0	0	0	0	0	0	0	0	0	0	0	0	0	0	0	0
82	A	T	ORF	S	NULL	0	0	0	0	0.0001	0.0001	0.340153	0.0862307	0.965325	0.381101	0.236859	0.304933	0.0001	0.0001	0.791275	0.376677	0.00684623	0.0001	0.187652	0.0001	0.0001	0.483893	0.648862	0.160151	0.0579308	0.0001	0.707652	0.0001	0.00462074	0.0036559	0.290143	0.0001	0.0001	0.00212674	0.0597985	0.26353	0.187487	0.0224891	0.00561739	0.308295	0.837708	0.352473	0.0229953	0.0726485	0.000118931	0.114462	0.028395	0.00901319	0.279054	0.117477	0.0001	0.218969	0.0001	0.0001
83	A	T	ORF	S	NULL	0	0	0	0	0	0	0	0	0	0	0	0	0	0	0	0	0	0	0	0	0	0	0	0	0	0	0	0	0	0	0	0	0	0	0	0	0	0	0	0	0	0	0	0	0	0	0	0	0	0	0	0	0	0
84	A	T	ORF	S	NULL	0	0	0	0	0.280939	0.0001	0.107922	0.0659203	0.0189022	0.54998	0.212933	0.666998	0.666997	0.848021	0.0349075	0.113917	0.0001	0.900029	0.000100001	0.0001	0.0001	0.000100002	0.34695	0.114916	0.221936	0.708003	0.0001	0.0001	0.377956	0.900033	0.0119038	0.999043	0.999998	0.236934	0.205935	0.735008	0.334955	0.000100001	0.0001	0.000100006	0.0001	0.558982	0.882031	0.863026	0.163924	0.027907	0.464968	0.941052	0.490973	0.567983	0.0001	0.645995	0.647002	0.665997
85	A	T	ORF	S	NULL	0	0	0	0	0	0	0	0	0	0	0	0	0	0	0	0	0	0	0	0	0	0	0	0	0	0	0	0	0	0	0	0	0	0	0	0	0	0	0	0	0	0	0	0	0	0	0	0	0	0	0	0	0	0
86	A	T	ORF	S	NULL	0	0	0	0	0	0	0	0	0	0	0	0	0	0	0	0	0	0	0	0	0	0	0	0	0	0	0	0	0	0	0	0	0	0	0	0	0	0	0	0	0	0	0	0	0	0	0	0	0	0	0	0	0	0
87	A	T	ORF	S	NULL	0	0	0	0	0	0	0	0	0	0	0	0	0	0	0	0	0	0	0	0	0	0	0	0	0	0	0	0	0	0	0	0	0	0	0	0	0	0	0	0	0	0	0	0	0	0	0	0	0	0	0	0	0	0
88	A	T	ORF	S	NULL	0	0	0	0	0	0	0	0	0	0	0	0	0	0	0	0	0	0	0	0	0	0	0	0	0	0	0	0	0	0	0	0	0	0	0	0	0	0	0	0	0	0	0	0	0	0	0	0	0	0	0	0	0	0
89	A	T	ORF	S	NULL	0	0	0	0	0	0	0	0	0	0	0	0	0	0	0	0	0	0	0	0	0	0	0	0	0	0	0	0	0	0	0	0	0	0	0	0	0	0	0	0	0	0	0	0	0	0	0	0	0	0	0	0	0	0
90	A	T	ORF	S	NULL	0	0	0	0	0	0	0	0	0	0	0	0	0	0	0	0	0	0	0	0	0	0	0	0	0	0	0	0	0	0	0	0	0	0	0	0	0	0	0	0	0	0	0	0	0	0	0	0	0	0	0	0	0	0
91	A	T	ORF	S	NULL	0	0	0	0	0	0	0	0	0	0	0	0	0	0	0	0	0	0	0	0	0	0	0	0	0	0	0	0	0	0	0	0	0	0	0	0	0	0	0	0	0	0	0	0	0	0	0	0	0	0	0	0	0	0
92	A	T	ORF	S	NULL	0	0	0	0	0	0	0	0	0	0	0	0	0	0	0	0	0	0	0	0	0	0	0	0	0	0	0	0	0	0	0	0	0	0	0	0	0	0	0	0	0	0	0	0	0	0	0	0	0	0	0	0	0	0
93	A	T	ORF	S	NULL	0	0	0	0	0	0	0	0	0	0	0	0	0	0	0	0	0	0	0	0	0	0	0	0	0	0	0	0	0	0	0	0	0	0	0	0	0	0	0	0	0	0	0	0	0	0	0	0	0	0	0	0	0	0
94	A	T	ORF	S	NULL	0	0	0	0	0	0	0	0	0	0	0	0	0	0	0	0	0	0	0	0	0	0	0	0	0	0	0	0	0	0	0	0	0	0	0	0	0	0	0	0	0	0	0	0	0	0	0	0	0	0	0	0	0	0
95	A	T	ORF	S	NULL	0	0	0	0	0.0001	0.0001	0.340153	0.0862307	0.965325	0.381101	0.236859	0.304933	0.0001	0.0001	0.791275	0.376677	0.00684623	0.0001	0.187652	0.0001	0.0001	0.483893	0.648862	0.160151	0.0579308	0.0001	0.707652	0.0001	0.00462074	0.0036559	0.290143	0.0001	0.0001	0.00212674	0.0597985	0.26353	0.187487	0.0224891	0.00561739	0.308295	0.837708	0.352473	0.0229953	0.0726485	0.000118931	0.114462	0.028395	0.00901319	0.279054	0.117477	0.0001	0.218969	0.0001	0.0001
96	A	T	ORF	S	NULL	0	0	0	0	0	0	0	0	0	0	0	0	0	0	0	0	0	0	0	0	0	0	0	0	0	0	0	0	0	0	0	0	0	0	0	0	0	0	0	0	0	0	0	0	0	0	0	0	0	0	0	0	0	0
97	A	T	ORF	S	NULL	0	0	0	0	0	0	0	0	0	0	0	0	0	0	0	0	0	0	0	0	0	0	0	0	0	0	0	0	0	0	0	0	0	0	0	0	0	0	0	0	0	0	0	0	0	0	0	0	0	0	0	0	0	0
98	A	T	ORF	S	NULL	0	0	0	0	0	0	0	0	0	0	0	0	0	0	0	0	0	0	0	0	0	0	0	0	0	0	0	0	0	0	0	0	0	0	0	0	0	0	0	0	0	0	0	0	0	0	0	0	0	0	0	0	0	0
99	A	T	ORF	S	NULL	0	0	0	0	0	0	0	0	0	0	0	0	0	0	0	0	0	0	0	0	0	0	0	0	0	0	0	0	0	0	0	0	0	0	0	0	0	0	0	0	0	0	0	0	0	0	0	0	0	0	0	0	0	0
100	A	T	ORF	S	NULL	0	0	0	0	0	0	0	0	0	0	0	0	0	0	0	0	0	0	0	0	0	0	0	0	0	0	0	0	0	0	0	0	0	0	0	0	0	0	0	0	0	0	0	0	0	0	0	0	0	0	0	0	0	0
