pos	ref	alt	gene	N/S	AA	nSRAsubclonal	nSRAclonal	nSRA	nConsensus	sample0|Earth	sample1|Earth	sample2|Earth	sample3|Earth	sample4|Earth	sample5|Earth	sample6|Earth	sample7|Earth	sample8|Earth	sample9|Earth	sample10|Earth	sample11|Earth	sample12|Earth	sample13|Earth	sample14|Earth	sample15|Earth	sample16|Earth	sample17|Earth	sample18|Earth	sample19|Earth	sample20|Earth	sample21|Earth	sample22|Earth	sample23|Earth	sample24|Earth	sample25|Earth	sample26|Earth	sample27|Earth	sample28|Earth	sample29|Earth	sample30|Earth	sample31|Earth	sample32|Earth	sample33|Earth	sample34|Earth	sample35|Earth	sample36|Earth	sample37|Earth	sample38|Earth	sample39|Earth	sample40|Earth	sample41|Earth	sample42|Earth	sample43|Earth	sample44|Earth	sample45|Earth	sample46|Earth	sample47|Earth	sample48|Earth	sample49|Earth
1	A	T	ORF	S	NULL	0	0	0	0	0.0001	0.071848	0.0001	0.0001	0.00750958	0.0001	0.0652817	0.0209005	0.0001	0.0577877	0.256978	0.0001	0.778886	0.000356542	0.137108	0.299187	0.601779	0.0119236	0.280439	0.0001	0.0001	0.0662596	0.389137	0.0001	0.0448303	0.0001	0.396748	0.676986	0.071848	0.403951	0.071848	0.000100007	0.00708632	0.0001	0.00153937	0.999906	0.0783348	0.0950987	0.0001	0.0001	0.358966	0.0001	0.00435389	0.125466	0.000100003	0.0512211	0.000100025	0.0428596	0.0223682	0.00556355
2	A	T	ORF	S	NULL	0	0	0	0	0	0	0	0	0	0	0	0	0	0	0	0	0	0	0	0	0	0	0	0	0	0	0	0	0	0	0	0	0	0	0	0	0	0	0	0	0	0	0	0	0	0	0	0	0	0	0	0	0	0
3	A	T	ORF	S	NULL	0	0	0	0	0.0002	0.0253381	0.988425	0.000200002	0.87544	0.0002	0.00633699	0.0826327	1.00002	0.474834	0.0726409	0.0002	0.00201504	0.297578	0.613162	0.00697405	0.0108354	0.426851	0.0733505	0.76574	0.0002	0.323865	0.000200018	0.0002	0.159028	0.0002	0.143178	0.0002	0.0253381	0.0002	0.0253381	0.00020001	0.158241	0.0002	0.0141739	0.0002	0.700128	0.740168	0.0002	0.223921	0.000200015	0.878846	0.94081	0.494342	0.000200004	0.787266	0.000200031	0.156501	0.790232	0.00246375
4	A	T	ORF	S	NULL	0	0	0	0	0.32951	0.635583	0.0001	0.186965	0.0779937	0.0001	0.358814	0.0194102	0.0001	0.0638228	0.067239	0.0001	0.0502044	0.0001	0.000100001	0.43146	0.271977	0.137209	0.398716	0.0001	0.0001	0.049615	0.000100011	0.0001	0.0353063	0.0001	0.129744	0.0001	0.635583	0.0001	0.635583	0.000100006	0.380742	0.430183	0.0330805	0.0001	0.0714305	0.0268578	0.0001	0.0001	0.000100009	0.0001	0.0373986	0.116131	0.000100002	0.0465267	0.000100019	0.0806882	0.0001	0.312925
5	A	T	ORF	S	NULL	0	0	0	0	0	0	0	0	0	0	0	0	0	0	0	0	0	0	0	0	0	0	0	0	0	0	0	0	0	0	0	0	0	0	0	0	0	0	0	0	0	0	0	0	0	0	0	0	0	0	0	0	0	0
6	A	T	ORF	S	NULL	0	0	0	0	0	0	0	0	0	0	0	0	0	0	0	0	0	0	0	0	0	0	0	0	0	0	0	0	0	0	0	0	0	0	0	0	0	0	0	0	0	0	0	0	0	0	0	0	0	0	0	0	0	0
7	A	T	ORF	S	NULL	0	0	0	0	0.0001	0.0001	0.00204603	0.0001	0.0001	0.0001	0.0109898	0.0001	0.0001	0.000100006	0.0001	0.0001	0.0001	0.00672544	0.24811	0.0001	0.0001	0.156574	0.0001	0.0212093	0.0001	0.450336	0.610135	0.0001	0.578189	0.0001	0.00135577	0.0001	0.0001	0.0001	0.0001	0.298925	0.0001	0.0001	0.0001	0.000100001	0.0001	0.0102865	0.0001	0.00614671	0.470958	0.023972	0.0001	0.0001	0.11591	0.0001	0.999918	0.436276	0.0290395	0.0933226
8	A	T	ORF	S	NULL	0	0	0	0	0.317929	0.0001	0.000257632	0.0001	0.000295704	0.999984	0.0001	0.220293	0.000100002	0.0001	0.309669	0.0001	0.145919	0.289623	0.000100003	0.0001	0.0001	0.00128403	0.0001	0.0001	0.0001	0.0032927	0.0001	0.0001	0.0001	0.0001	0.0001	0.321943	0.0001	0.59498	0.0001	0.0369049	0.0549642	0.0898943	0.0001	0.0001	0.0001	0.0001	0.0001	0.0001	0.168923	0.00380348	0.000144645	0.0001	0.736999	0.0001	0.0001	0.0001	0.0001	0.0001
9	A	T	ORF	S	NULL	0	0	0	0	0	0	0	0	0	0	0	0	0	0	0	0	0	0	0	0	0	0	0	0	0	0	0	0	0	0	0	0	0	0	0	0	0	0	0	0	0	0	0	0	0	0	0	0	0	0	0	0	0	0
10	A	T	ORF	S	NULL	0	0	0	0	0	0	0	0	0	0	0	0	0	0	0	0	0	0	0	0	0	0	0	0	0	0	0	0	0	0	0	0	0	0	0	0	0	0	0	0	0	0	0	0	0	0	0	0	0	0	0	0	0	0
11	A	T	ORF	S	NULL	0	0	0	0	0.32961	0.707431	0.0002	0.187065	0.0855033	0.0002	0.424096	0.0403107	0.0002	0.121611	0.324217	0.0002	0.829091	0.000456542	0.137208	0.730647	0.873756	0.149132	0.679156	0.0002	0.0002	0.115875	0.389237	0.0002	0.0801366	0.0002	0.526492	0.677086	0.707431	0.404051	0.707431	0.000200013	0.387829	0.430283	0.0346199	1.00001	0.149765	0.121957	0.0002	0.0002	0.359066	0.0002	0.0417525	0.241596	0.000200005	0.0977478	0.000200044	0.123548	0.0224682	0.318488
12	A	T	ORF	S	NULL	0	0	0	0	0.0001	0.0535982	0.0001	0.623249	0.00509969	0.0001	0.113278	0.652964	0.0001	0.361297	0.0869204	0.0001	0.00415703	0.370885	0.0001	0.00947809	0.0228988	0.00710102	0.0285305	0.0001	0.0001	0.0465419	0.0001	0.0001	0.13527	0.0001	0.239725	0.0001	0.0535982	0.0001	0.0535982	0.0001	0.0267818	0.0001	0.000691187	0.0001	0.0652702	0.0249403	0.999905	0.0001	0.0001	0.0001	0.00308916	0.256559	0.0001	0.0424666	0.0001	0.221218	0.0001	0.0732965
13	A	T	ORF	S	NULL	0	0	0	0	0	0	0	0	0	0	0	0	0	0	0	0	0	0	0	0	0	0	0	0	0	0	0	0	0	0	0	0	0	0	0	0	0	0	0	0	0	0	0	0	0	0	0	0	0	0	0	0	0	0
14	A	T	ORF	S	NULL	0	0	0	0	0.0001	0.0535982	0.0001	0.623249	0.00509969	0.0001	0.113278	0.652964	0.0001	0.361297	0.0869204	0.0001	0.00415703	0.370885	0.0001	0.00947809	0.0228988	0.00710102	0.0285305	0.0001	0.0001	0.0465419	0.0001	0.0001	0.13527	0.0001	0.239725	0.0001	0.0535982	0.0001	0.0535982	0.0001	0.0267818	0.0001	0.000691187	0.0001	0.0652702	0.0249403	0.999905	0.0001	0.0001	0.0001	0.00308916	0.256559	0.0001	0.0424666	0.0001	0.221218	0.0001	0.0732965
15	A	T	ORF	S	NULL	0	0	0	0	0.0573781	0.0373478	0.0001	0.0304071	0.00524844	0.0001	0.0659287	0.0001	0.0001	0.0001	0.182679	0.999953	0.00287531	0.00113571	0.0001	0.0387355	0.0159483	0.183525	0.0371473	0.126916	0.999953	0.0001	0.0001	0.999029	0.00781613	0.999029	0.0113692	0.0001	0.0373478	0.0001	0.0373478	0.662985	0.0351868	0.0949295	0.932179	0.0001	0.0001	0.0001	0.0001	0.743996	0.0001	0.0001	0.00214812	0.0001	0.144919	0.0001	0.0001	0.00778804	0.0409052	0.327329
16	A	T	ORF	S	NULL	0	0	0	0	0	0	0	0	0	0	0	0	0	0	0	0	0	0	0	0	0	0	0	0	0	0	0	0	0	0	0	0	0	0	0	0	0	0	0	0	0	0	0	0	0	0	0	0	0	0	0	0	0	0
17	A	T	ORF	S	NULL	0	0	0	0	0	0	0	0	0	0	0	0	0	0	0	0	0	0	0	0	0	0	0	0	0	0	0	0	0	0	0	0	0	0	0	0	0	0	0	0	0	0	0	0	0	0	0	0	0	0	0	0	0	0
18	A	T	ORF	S	NULL	0	0	0	0	0	0	0	0	0	0	0	0	0	0	0	0	0	0	0	0	0	0	0	0	0	0	0	0	0	0	0	0	0	0	0	0	0	0	0	0	0	0	0	0	0	0	0	0	0	0	0	0	0	0
19	A	T	ORF	S	NULL	0	0	0	0	0	0	0	0	0	0	0	0	0	0	0	0	0	0	0	0	0	0	0	0	0	0	0	0	0	0	0	0	0	0	0	0	0	0	0	0	0	0	0	0	0	0	0	0	0	0	0	0	0	0
20	A	T	ORF	S	NULL	0	0	0	0	0	0	0	0	0	0	0	0	0	0	0	0	0	0	0	0	0	0	0	0	0	0	0	0	0	0	0	0	0	0	0	0	0	0	0	0	0	0	0	0	0	0	0	0	0	0	0	0	0	0
21	A	T	ORF	S	NULL	0	0	0	0	0.32951	0.635583	0.0001	0.186965	0.0779937	0.0001	0.358814	0.0194102	0.0001	0.0638228	0.067239	0.0001	0.0502044	0.0001	0.000100001	0.43146	0.271977	0.137209	0.398716	0.0001	0.0001	0.049615	0.000100011	0.0001	0.0353063	0.0001	0.129744	0.0001	0.635583	0.0001	0.635583	0.000100006	0.380742	0.430183	0.0330805	0.0001	0.0714305	0.0268578	0.0001	0.0001	0.000100009	0.0001	0.0373986	0.116131	0.000100002	0.0465267	0.000100019	0.0806882	0.0001	0.312925
22	A	T	ORF	S	NULL	0	0	0	0	0.32961	0.689181	0.0002	0.810215	0.0830934	0.0002	0.472092	0.672374	0.0002	0.42512	0.154159	0.0002	0.0543614	0.370985	0.000200001	0.440938	0.294876	0.14431	0.427247	0.0002	0.0002	0.0961569	0.000200011	0.0002	0.170577	0.0002	0.369469	0.0002	0.689181	0.0002	0.689181	0.000200006	0.407524	0.430283	0.0337717	0.0002	0.136701	0.0517981	1	0.0002	0.000200009	0.0002	0.0404878	0.37269	0.000200002	0.0889933	0.000200019	0.301906	0.0002	0.386221
23	A	T	ORF	S	NULL	0	0	0	0	0	0	0	0	0	0	0	0	0	0	0	0	0	0	0	0	0	0	0	0	0	0	0	0	0	0	0	0	0	0	0	0	0	0	0	0	0	0	0	0	0	0	0	0	0	0	0	0	0	0
24	A	T	ORF	S	NULL	0	0	0	0	0.0001	0.025238	0.0707121	0.0001	0.00288673	0.0001	0.0001	0.0800849	0.000100003	0.214298	0.0715527	0.0001	0.00191504	0.179298	0.000100013	0.00687402	0.0107354	0.168347	0.0732505	0.76564	0.0001	0.313433	0.000100017	0.0001	0.151553	0.0001	0.143078	0.0001	0.025238	0.0001	0.025238	0.000100009	0.146485	0.0001	0.000552147	0.0001	0.69421	0.523699	0.0001	0.223821	0.000100013	0.785443	0.00164215	0.479292	0.000100003	0.534909	0.000100028	0.151691	0.790132	0.00236373
25	A	T	ORF	S	NULL	0	0	0	0	0	0	0	0	0	0	0	0	0	0	0	0	0	0	0	0	0	0	0	0	0	0	0	0	0	0	0	0	0	0	0	0	0	0	0	0	0	0	0	0	0	0	0	0	0	0	0	0	0	0
26	A	T	ORF	S	NULL	0	0	0	0	0.32951	0.635583	0.0001	0.186965	0.0779937	0.0001	0.358814	0.0194102	0.0001	0.0638228	0.067239	0.0001	0.0502044	0.0001	0.000100001	0.43146	0.271977	0.137209	0.398716	0.0001	0.0001	0.049615	0.000100011	0.0001	0.0353063	0.0001	0.129744	0.0001	0.635583	0.0001	0.635583	0.000100006	0.380742	0.430183	0.0330805	0.0001	0.0714305	0.0268578	0.0001	0.0001	0.000100009	0.0001	0.0373986	0.116131	0.000100002	0.0465267	0.000100019	0.0806882	0.0001	0.312925
27	A	T	ORF	S	NULL	0	0	0	0	0	0	0	0	0	0	0	0	0	0	0	0	0	0	0	0	0	0	0	0	0	0	0	0	0	0	0	0	0	0	0	0	0	0	0	0	0	0	0	0	0	0	0	0	0	0	0	0	0	0
28	A	T	ORF	S	NULL	0	0	0	0	0	0	0	0	0	0	0	0	0	0	0	0	0	0	0	0	0	0	0	0	0	0	0	0	0	0	0	0	0	0	0	0	0	0	0	0	0	0	0	0	0	0	0	0	0	0	0	0	0	0
29	A	T	ORF	S	NULL	0	0	0	0	0	0	0	0	0	0	0	0	0	0	0	0	0	0	0	0	0	0	0	0	0	0	0	0	0	0	0	0	0	0	0	0	0	0	0	0	0	0	0	0	0	0	0	0	0	0	0	0	0	0
30	A	T	ORF	S	NULL	0	0	0	0	0	0	0	0	0	0	0	0	0	0	0	0	0	0	0	0	0	0	0	0	0	0	0	0	0	0	0	0	0	0	0	0	0	0	0	0	0	0	0	0	0	0	0	0	0	0	0	0	0	0
31	A	T	ORF	S	NULL	0	0	0	0	0.32951	0.635583	0.0001	0.186965	0.0779937	0.0001	0.358814	0.0194102	0.0001	0.0638228	0.067239	0.0001	0.0502044	0.0001	0.000100001	0.43146	0.271977	0.137209	0.398716	0.0001	0.0001	0.049615	0.000100011	0.0001	0.0353063	0.0001	0.129744	0.0001	0.635583	0.0001	0.635583	0.000100006	0.380742	0.430183	0.0330805	0.0001	0.0714305	0.0268578	0.0001	0.0001	0.000100009	0.0001	0.0373986	0.116131	0.000100002	0.0465267	0.000100019	0.0806882	0.0001	0.312925
32	A	T	ORF	S	NULL	0	0	0	0	0	0	0	0	0	0	0	0	0	0	0	0	0	0	0	0	0	0	0	0	0	0	0	0	0	0	0	0	0	0	0	0	0	0	0	0	0	0	0	0	0	0	0	0	0	0	0	0	0	0
33	A	T	ORF	S	NULL	0	0	0	0	0	0	0	0	0	0	0	0	0	0	0	0	0	0	0	0	0	0	0	0	0	0	0	0	0	0	0	0	0	0	0	0	0	0	0	0	0	0	0	0	0	0	0	0	0	0	0	0	0	0
34	A	T	ORF	S	NULL	0	0	0	0	0.386888	0.672931	0.0002	0.217372	0.0832421	0.0002	0.424743	0.0195102	0.0002	0.0639228	0.249918	1.00005	0.0530797	0.00123571	0.000200001	0.470195	0.287926	0.320734	0.435864	0.127016	1.00005	0.049715	0.000200011	0.999129	0.0431224	0.999129	0.141113	0.0002	0.672931	0.0002	0.672931	0.663085	0.415929	0.525112	0.96526	0.0002	0.0715305	0.0269578	0.0002	0.744096	0.000200009	0.0002	0.0395467	0.116231	0.145019	0.0466267	0.000200019	0.0884762	0.0410052	0.640254
35	A	T	ORF	S	NULL	0	0	0	0	0	0	0	0	0	0	0	0	0	0	0	0	0	0	0	0	0	0	0	0	0	0	0	0	0	0	0	0	0	0	0	0	0	0	0	0	0	0	0	0	0	0	0	0	0	0	0	0	0	0
36	A	T	ORF	S	NULL	0	0	0	0	0	0	0	0	0	0	0	0	0	0	0	0	0	0	0	0	0	0	0	0	0	0	0	0	0	0	0	0	0	0	0	0	0	0	0	0	0	0	0	0	0	0	0	0	0	0	0	0	0	0
37	A	T	ORF	S	NULL	0	0	0	0	0	0	0	0	0	0	0	0	0	0	0	0	0	0	0	0	0	0	0	0	0	0	0	0	0	0	0	0	0	0	0	0	0	0	0	0	0	0	0	0	0	0	0	0	0	0	0	0	0	0
38	A	T	ORF	S	NULL	0	0	0	0	0.0001	0.0001	0.00204603	0.0001	0.0001	0.0001	0.0109898	0.0001	0.0001	0.000100006	0.0001	0.0001	0.0001	0.00672544	0.24811	0.0001	0.0001	0.156574	0.0001	0.0212093	0.0001	0.450336	0.610135	0.0001	0.578189	0.0001	0.00135577	0.0001	0.0001	0.0001	0.0001	0.298925	0.0001	0.0001	0.0001	0.000100001	0.0001	0.0102865	0.0001	0.00614671	0.470958	0.023972	0.0001	0.0001	0.11591	0.0001	0.999918	0.436276	0.0290395	0.0933226
39	A	T	ORF	S	NULL	0	0	0	0	0.0001	0.0535982	0.0001	0.623249	0.00509969	0.0001	0.113278	0.652964	0.0001	0.361297	0.0869204	0.0001	0.00415703	0.370885	0.0001	0.00947809	0.0228988	0.00710102	0.0285305	0.0001	0.0001	0.0465419	0.0001	0.0001	0.13527	0.0001	0.239725	0.0001	0.0535982	0.0001	0.0535982	0.0001	0.0267818	0.0001	0.000691187	0.0001	0.0652702	0.0249403	0.999905	0.0001	0.0001	0.0001	0.00308916	0.256559	0.0001	0.0424666	0.0001	0.221218	0.0001	0.0732965
40	A	T	ORF	S	NULL	0	0	0	0	0.0001	0.00010007	0.917713	0.000100002	0.872553	0.0001	0.00623699	0.00254781	0.999921	0.260536	0.00108824	0.0001	0.000100005	0.11828	0.613062	0.000100034	0.00010003	0.258504	0.00010005	0.0001	0.0001	0.0104314	0.000100002	0.0001	0.00747431	0.0001	0.000100014	0.0001	0.00010007	0.0001	0.00010007	0.000100001	0.0117555	0.0001	0.0136217	0.0001	0.00591808	0.216469	0.0001	0.0001	0.000100002	0.0934031	0.939168	0.0150496	0.000100001	0.252357	0.000100003	0.00481009	0.0001	0.000100022
41	A	T	ORF	S	NULL	0	0	0	0	0	0	0	0	0	0	0	0	0	0	0	0	0	0	0	0	0	0	0	0	0	0	0	0	0	0	0	0	0	0	0	0	0	0	0	0	0	0	0	0	0	0	0	0	0	0	0	0	0	0
42	A	T	ORF	S	NULL	0	0	0	0	0.32951	0.635583	0.0001	0.186965	0.0779937	0.0001	0.358814	0.0194102	0.0001	0.0638228	0.067239	0.0001	0.0502044	0.0001	0.000100001	0.43146	0.271977	0.137209	0.398716	0.0001	0.0001	0.049615	0.000100011	0.0001	0.0353063	0.0001	0.129744	0.0001	0.635583	0.0001	0.635583	0.000100006	0.380742	0.430183	0.0330805	0.0001	0.0714305	0.0268578	0.0001	0.0001	0.000100009	0.0001	0.0373986	0.116131	0.000100002	0.0465267	0.000100019	0.0806882	0.0001	0.312925
43	A	T	ORF	S	NULL	0	0	0	0	0	0	0	0	0	0	0	0	0	0	0	0	0	0	0	0	0	0	0	0	0	0	0	0	0	0	0	0	0	0	0	0	0	0	0	0	0	0	0	0	0	0	0	0	0	0	0	0	0	0
44	A	T	ORF	S	NULL	0	0	0	0	0	0	0	0	0	0	0	0	0	0	0	0	0	0	0	0	0	0	0	0	0	0	0	0	0	0	0	0	0	0	0	0	0	0	0	0	0	0	0	0	0	0	0	0	0	0	0	0	0	0
45	A	T	ORF	S	NULL	0	0	0	0	0	0	0	0	0	0	0	0	0	0	0	0	0	0	0	0	0	0	0	0	0	0	0	0	0	0	0	0	0	0	0	0	0	0	0	0	0	0	0	0	0	0	0	0	0	0	0	0	0	0
46	A	T	ORF	S	NULL	0	0	0	0	0.0001	0.025238	0.0707121	0.0001	0.00288673	0.0001	0.0001	0.0800849	0.000100003	0.214298	0.0715527	0.0001	0.00191504	0.179298	0.000100013	0.00687402	0.0107354	0.168347	0.0732505	0.76564	0.0001	0.313433	0.000100017	0.0001	0.151553	0.0001	0.143078	0.0001	0.025238	0.0001	0.025238	0.000100009	0.146485	0.0001	0.000552147	0.0001	0.69421	0.523699	0.0001	0.223821	0.000100013	0.785443	0.00164215	0.479292	0.000100003	0.534909	0.000100028	0.151691	0.790132	0.00236373
47	A	T	ORF	S	NULL	0	0	0	0	0.317929	0.0001	0.000257632	0.0001	0.000295704	0.999984	0.0001	0.220293	0.000100002	0.0001	0.309669	0.0001	0.145919	0.289623	0.000100003	0.0001	0.0001	0.00128403	0.0001	0.0001	0.0001	0.0032927	0.0001	0.0001	0.0001	0.0001	0.0001	0.321943	0.0001	0.59498	0.0001	0.0369049	0.0549642	0.0898943	0.0001	0.0001	0.0001	0.0001	0.0001	0.0001	0.168923	0.00380348	0.000144645	0.0001	0.736999	0.0001	0.0001	0.0001	0.0001	0.0001
48	A	T	ORF	S	NULL	0	0	0	0	0	0	0	0	0	0	0	0	0	0	0	0	0	0	0	0	0	0	0	0	0	0	0	0	0	0	0	0	0	0	0	0	0	0	0	0	0	0	0	0	0	0	0	0	0	0	0	0	0	0
49	A	T	ORF	S	NULL	0	0	0	0	0.0573781	0.0373478	0.0001	0.0304071	0.00524844	0.0001	0.0659287	0.0001	0.0001	0.0001	0.182679	0.999953	0.00287531	0.00113571	0.0001	0.0387355	0.0159483	0.183525	0.0371473	0.126916	0.999953	0.0001	0.0001	0.999029	0.00781613	0.999029	0.0113692	0.0001	0.0373478	0.0001	0.0373478	0.662985	0.0351868	0.0949295	0.932179	0.0001	0.0001	0.0001	0.0001	0.743996	0.0001	0.0001	0.00214812	0.0001	0.144919	0.0001	0.0001	0.00778804	0.0409052	0.327329
50	A	T	ORF	S	NULL	0	0	0	0	0.32951	0.635583	0.0001	0.186965	0.0779937	0.0001	0.358814	0.0194102	0.0001	0.0638228	0.067239	0.0001	0.0502044	0.0001	0.000100001	0.43146	0.271977	0.137209	0.398716	0.0001	0.0001	0.049615	0.000100011	0.0001	0.0353063	0.0001	0.129744	0.0001	0.635583	0.0001	0.635583	0.000100006	0.380742	0.430183	0.0330805	0.0001	0.0714305	0.0268578	0.0001	0.0001	0.000100009	0.0001	0.0373986	0.116131	0.000100002	0.0465267	0.000100019	0.0806882	0.0001	0.312925
51	A	T	ORF	S	NULL	0	0	0	0	0.32951	0.635583	0.0001	0.186965	0.0779937	0.0001	0.358814	0.0194102	0.0001	0.0638228	0.067239	0.0001	0.0502044	0.0001	0.000100001	0.43146	0.271977	0.137209	0.398716	0.0001	0.0001	0.049615	0.000100011	0.0001	0.0353063	0.0001	0.129744	0.0001	0.635583	0.0001	0.635583	0.000100006	0.380742	0.430183	0.0330805	0.0001	0.0714305	0.0268578	0.0001	0.0001	0.000100009	0.0001	0.0373986	0.116131	0.000100002	0.0465267	0.000100019	0.0806882	0.0001	0.312925
52	A	T	ORF	S	NULL	0	0	0	0	0	0	0	0	0	0	0	0	0	0	0	0	0	0	0	0	0	0	0	0	0	0	0	0	0	0	0	0	0	0	0	0	0	0	0	0	0	0	0	0	0	0	0	0	0	0	0	0	0	0
53	A	T	ORF	S	NULL	0	0	0	0	0.0573781	0.0373478	0.0001	0.0304071	0.00524844	0.0001	0.0659287	0.0001	0.0001	0.0001	0.182679	0.999953	0.00287531	0.00113571	0.0001	0.0387355	0.0159483	0.183525	0.0371473	0.126916	0.999953	0.0001	0.0001	0.999029	0.00781613	0.999029	0.0113692	0.0001	0.0373478	0.0001	0.0373478	0.662985	0.0351868	0.0949295	0.932179	0.0001	0.0001	0.0001	0.0001	0.743996	0.0001	0.0001	0.00214812	0.0001	0.144919	0.0001	0.0001	0.00778804	0.0409052	0.327329
54	A	T	ORF	S	NULL	0	0	0	0	0	0	0	0	0	0	0	0	0	0	0	0	0	0	0	0	0	0	0	0	0	0	0	0	0	0	0	0	0	0	0	0	0	0	0	0	0	0	0	0	0	0	0	0	0	0	0	0	0	0
55	A	T	ORF	S	NULL	0	0	0	0	0	0	0	0	0	0	0	0	0	0	0	0	0	0	0	0	0	0	0	0	0	0	0	0	0	0	0	0	0	0	0	0	0	0	0	0	0	0	0	0	0	0	0	0	0	0	0	0	0	0
56	A	T	ORF	S	NULL	0	0	0	0	0	0	0	0	0	0	0	0	0	0	0	0	0	0	0	0	0	0	0	0	0	0	0	0	0	0	0	0	0	0	0	0	0	0	0	0	0	0	0	0	0	0	0	0	0	0	0	0	0	0
57	A	T	ORF	S	NULL	0	0	0	0	0	0	0	0	0	0	0	0	0	0	0	0	0	0	0	0	0	0	0	0	0	0	0	0	0	0	0	0	0	0	0	0	0	0	0	0	0	0	0	0	0	0	0	0	0	0	0	0	0	0
58	A	T	ORF	S	NULL	0	0	0	0	0	0	0	0	0	0	0	0	0	0	0	0	0	0	0	0	0	0	0	0	0	0	0	0	0	0	0	0	0	0	0	0	0	0	0	0	0	0	0	0	0	0	0	0	0	0	0	0	0	0
59	A	T	ORF	S	NULL	0	0	0	0	0	0	0	0	0	0	0	0	0	0	0	0	0	0	0	0	0	0	0	0	0	0	0	0	0	0	0	0	0	0	0	0	0	0	0	0	0	0	0	0	0	0	0	0	0	0	0	0	0	0
60	A	T	ORF	S	NULL	0	0	0	0	0.317929	0.0001	0.000257632	0.0001	0.000295704	0.999984	0.0001	0.220293	0.000100002	0.0001	0.309669	0.0001	0.145919	0.289623	0.000100003	0.0001	0.0001	0.00128403	0.0001	0.0001	0.0001	0.0032927	0.0001	0.0001	0.0001	0.0001	0.0001	0.321943	0.0001	0.59498	0.0001	0.0369049	0.0549642	0.0898943	0.0001	0.0001	0.0001	0.0001	0.0001	0.0001	0.168923	0.00380348	0.000144645	0.0001	0.736999	0.0001	0.0001	0.0001	0.0001	0.0001
61	A	T	ORF	S	NULL	0	0	0	0	0	0	0	0	0	0	0	0	0	0	0	0	0	0	0	0	0	0	0	0	0	0	0	0	0	0	0	0	0	0	0	0	0	0	0	0	0	0	0	0	0	0	0	0	0	0	0	0	0	0
62	A	T	ORF	S	NULL	0	0	0	0	0.0001	0.00010007	0.917713	0.000100002	0.872553	0.0001	0.00623699	0.00254781	0.999921	0.260536	0.00108824	0.0001	0.000100005	0.11828	0.613062	0.000100034	0.00010003	0.258504	0.00010005	0.0001	0.0001	0.0104314	0.000100002	0.0001	0.00747431	0.0001	0.000100014	0.0001	0.00010007	0.0001	0.00010007	0.000100001	0.0117555	0.0001	0.0136217	0.0001	0.00591808	0.216469	0.0001	0.0001	0.000100002	0.0934031	0.939168	0.0150496	0.000100001	0.252357	0.000100003	0.00481009	0.0001	0.000100022
63	A	T	ORF	S	NULL	0	0	0	0	0.0001	0.00010007	0.917713	0.000100002	0.872553	0.0001	0.00623699	0.00254781	0.999921	0.260536	0.00108824	0.0001	0.000100005	0.11828	0.613062	0.000100034	0.00010003	0.258504	0.00010005	0.0001	0.0001	0.0104314	0.000100002	0.0001	0.00747431	0.0001	0.000100014	0.0001	0.00010007	0.0001	0.00010007	0.000100001	0.0117555	0.0001	0.0136217	0.0001	0.00591808	0.216469	0.0001	0.0001	0.000100002	0.0934031	0.939168	0.0150496	0.000100001	0.252357	0.000100003	0.00481009	0.0001	0.000100022
64	A	T	ORF	S	NULL	0	0	0	0	0	0	0	0	0	0	0	0	0	0	0	0	0	0	0	0	0	0	0	0	0	0	0	0	0	0	0	0	0	0	0	0	0	0	0	0	0	0	0	0	0	0	0	0	0	0	0	0	0	0
65	A	T	ORF	S	NULL	0	0	0	0	0	0	0	0	0	0	0	0	0	0	0	0	0	0	0	0	0	0	0	0	0	0	0	0	0	0	0	0	0	0	0	0	0	0	0	0	0	0	0	0	0	0	0	0	0	0	0	0	0	0
66	A	T	ORF	S	NULL	0	0	0	0	0	0	0	0	0	0	0	0	0	0	0	0	0	0	0	0	0	0	0	0	0	0	0	0	0	0	0	0	0	0	0	0	0	0	0	0	0	0	0	0	0	0	0	0	0	0	0	0	0	0
67	A	T	ORF	S	NULL	0	0	0	0	0	0	0	0	0	0	0	0	0	0	0	0	0	0	0	0	0	0	0	0	0	0	0	0	0	0	0	0	0	0	0	0	0	0	0	0	0	0	0	0	0	0	0	0	0	0	0	0	0	0
68	A	T	ORF	S	NULL	0	0	0	0	0	0	0	0	0	0	0	0	0	0	0	0	0	0	0	0	0	0	0	0	0	0	0	0	0	0	0	0	0	0	0	0	0	0	0	0	0	0	0	0	0	0	0	0	0	0	0	0	0	0
69	A	T	ORF	S	NULL	0	0	0	0	0.32951	0.635583	0.0001	0.186965	0.0779937	0.0001	0.358814	0.0194102	0.0001	0.0638228	0.067239	0.0001	0.0502044	0.0001	0.000100001	0.43146	0.271977	0.137209	0.398716	0.0001	0.0001	0.049615	0.000100011	0.0001	0.0353063	0.0001	0.129744	0.0001	0.635583	0.0001	0.635583	0.000100006	0.380742	0.430183	0.0330805	0.0001	0.0714305	0.0268578	0.0001	0.0001	0.000100009	0.0001	0.0373986	0.116131	0.000100002	0.0465267	0.000100019	0.0806882	0.0001	0.312925
70	A	T	ORF	S	NULL	0	0	0	0	0	0	0	0	0	0	0	0	0	0	0	0	0	0	0	0	0	0	0	0	0	0	0	0	0	0	0	0	0	0	0	0	0	0	0	0	0	0	0	0	0	0	0	0	0	0	0	0	0	0
71	A	T	ORF	S	NULL	0	0	0	0	0	0	0	0	0	0	0	0	0	0	0	0	0	0	0	0	0	0	0	0	0	0	0	0	0	0	0	0	0	0	0	0	0	0	0	0	0	0	0	0	0	0	0	0	0	0	0	0	0	0
72	A	T	ORF	S	NULL	0	0	0	0	0.0001	0.071848	0.0001	0.0001	0.00750958	0.0001	0.0652817	0.0209005	0.0001	0.0577877	0.256978	0.0001	0.778886	0.000356542	0.137108	0.299187	0.601779	0.0119236	0.280439	0.0001	0.0001	0.0662596	0.389137	0.0001	0.0448303	0.0001	0.396748	0.676986	0.071848	0.403951	0.071848	0.000100007	0.00708632	0.0001	0.00153937	0.999906	0.0783348	0.0950987	0.0001	0.0001	0.358966	0.0001	0.00435389	0.125466	0.000100003	0.0512211	0.000100025	0.0428596	0.0223682	0.00556355
73	A	T	ORF	S	NULL	0	0	0	0	0	0	0	0	0	0	0	0	0	0	0	0	0	0	0	0	0	0	0	0	0	0	0	0	0	0	0	0	0	0	0	0	0	0	0	0	0	0	0	0	0	0	0	0	0	0	0	0	0	0
74	A	T	ORF	S	NULL	0	0	0	0	0.0574781	0.0909459	0.0002	0.653657	0.0103481	0.0002	0.179207	0.653064	0.0002	0.361397	0.269599	1.00005	0.00703233	0.372021	0.0002	0.0482136	0.0388471	0.190626	0.0656778	0.127016	1.00005	0.0466419	0.0002	0.999129	0.143086	0.999129	0.251094	0.0002	0.0909459	0.0002	0.0909459	0.663085	0.0619685	0.0950295	0.93287	0.0002	0.0653702	0.0250403	1	0.744096	0.0002	0.0002	0.00523728	0.256659	0.145019	0.0425666	0.0002	0.229006	0.0410052	0.400625
75	A	T	ORF	S	NULL	0	0	0	0	0.0001	0.00010007	0.917713	0.000100002	0.872553	0.0001	0.00623699	0.00254781	0.999921	0.260536	0.00108824	0.0001	0.000100005	0.11828	0.613062	0.000100034	0.00010003	0.258504	0.00010005	0.0001	0.0001	0.0104314	0.000100002	0.0001	0.00747431	0.0001	0.000100014	0.0001	0.00010007	0.0001	0.00010007	0.000100001	0.0117555	0.0001	0.0136217	0.0001	0.00591808	0.216469	0.0001	0.0001	0.000100002	0.0934031	0.939168	0.0150496	0.000100001	0.252357	0.000100003	0.00481009	0.0001	0.000100022
76	A	T	ORF	S	NULL	0	0	0	0	0.0001	0.00010007	0.917713	0.000100002	0.872553	0.0001	0.00623699	0.00254781	0.999921	0.260536	0.00108824	0.0001	0.000100005	0.11828	0.613062	0.000100034	0.00010003	0.258504	0.00010005	0.0001	0.0001	0.0104314	0.000100002	0.0001	0.00747431	0.0001	0.000100014	0.0001	0.00010007	0.0001	0.00010007	0.000100001	0.0117555	0.0001	0.0136217	0.0001	0.00591808	0.216469	0.0001	0.0001	0.000100002	0.0934031	0.939168	0.0150496	0.000100001	0.252357	0.000100003	0.00481009	0.0001	0.000100022
77	A	T	ORF	S	NULL	0	0	0	0	0.0001	0.0001	0.00204603	0.0001	0.0001	0.0001	0.0109898	0.0001	0.0001	0.000100006	0.0001	0.0001	0.0001	0.00672544	0.24811	0.0001	0.0001	0.156574	0.0001	0.0212093	0.0001	0.450336	0.610135	0.0001	0.578189	0.0001	0.00135577	0.0001	0.0001	0.0001	0.0001	0.298925	0.0001	0.0001	0.0001	0.000100001	0.0001	0.0102865	0.0001	0.00614671	0.470958	0.023972	0.0001	0.0001	0.11591	0.0001	0.999918	0.436276	0.0290395	0.0933226
78	A	T	ORF	S	NULL	0	0	0	0	0	0	0	0	0	0	0	0	0	0	0	0	0	0	0	0	0	0	0	0	0	0	0	0	0	0	0	0	0	0	0	0	0	0	0	0	0	0	0	0	0	0	0	0	0	0	0	0	0	0
79	A	T	ORF	S	NULL	0	0	0	0	0	0	0	0	0	0	0	0	0	0	0	0	0	0	0	0	0	0	0	0	0	0	0	0	0	0	0	0	0	0	0	0	0	0	0	0	0	0	0	0	0	0	0	0	0	0	0	0	0	0
80	A	T	ORF	S	NULL	0	0	0	0	0.32951	0.635583	0.0001	0.186965	0.0779937	0.0001	0.358814	0.0194102	0.0001	0.0638228	0.067239	0.0001	0.0502044	0.0001	0.000100001	0.43146	0.271977	0.137209	0.398716	0.0001	0.0001	0.049615	0.000100011	0.0001	0.0353063	0.0001	0.129744	0.0001	0.635583	0.0001	0.635583	0.000100006	0.380742	0.430183	0.0330805	0.0001	0.0714305	0.0268578	0.0001	0.0001	0.000100009	0.0001	0.0373986	0.116131	0.000100002	0.0465267	0.000100019	0.0806882	0.0001	0.312925
81	A	T	ORF	S	NULL	0	0	0	0	0.0002	0.025338	0.0727581	0.0002	0.00298673	0.0002	0.0110898	0.0801849	0.000200003	0.214398	0.0716527	0.0002	0.00201504	0.186023	0.24821	0.00697402	0.0108354	0.324921	0.0733505	0.78685	0.0002	0.76377	0.610235	0.0002	0.729743	0.0002	0.144434	0.0002	0.025338	0.0002	0.025338	0.299025	0.146585	0.0002	0.000652147	0.000200001	0.69431	0.533985	0.0002	0.229968	0.471058	0.809415	0.00174215	0.479392	0.11601	0.535009	1.00002	0.587967	0.819172	0.0956863
82	A	T	ORF	S	NULL	0	0	0	0	0.0001	0.071848	0.0001	0.0001	0.00750958	0.0001	0.0652817	0.0209005	0.0001	0.0577877	0.256978	0.0001	0.778886	0.000356542	0.137108	0.299187	0.601779	0.0119236	0.280439	0.0001	0.0001	0.0662596	0.389137	0.0001	0.0448303	0.0001	0.396748	0.676986	0.071848	0.403951	0.071848	0.000100007	0.00708632	0.0001	0.00153937	0.999906	0.0783348	0.0950987	0.0001	0.0001	0.358966	0.0001	0.00435389	0.125466	0.000100003	0.0512211	0.000100025	0.0428596	0.0223682	0.00556355
83	A	T	ORF	S	NULL	0	0	0	0	0	0	0	0	0	0	0	0	0	0	0	0	0	0	0	0	0	0	0	0	0	0	0	0	0	0	0	0	0	0	0	0	0	0	0	0	0	0	0	0	0	0	0	0	0	0	0	0	0	0
84	A	T	ORF	S	NULL	0	0	0	0	0.318029	0.00020007	0.917971	0.000200002	0.872849	1.00008	0.00633699	0.22284	1.00002	0.260636	0.310757	0.0002	0.146019	0.407904	0.613162	0.000200034	0.00020003	0.259788	0.00020005	0.0002	0.0002	0.0137241	0.000200002	0.0002	0.00757431	0.0002	0.000200014	0.322043	0.00020007	0.59508	0.00020007	0.0370049	0.0667197	0.0899943	0.0137217	0.0002	0.00601808	0.216569	0.0002	0.0002	0.169023	0.0972066	0.939313	0.0151496	0.737099	0.252457	0.000200003	0.00491009	0.0002	0.000200022
85	A	T	ORF	S	NULL	0	0	0	0	0	0	0	0	0	0	0	0	0	0	0	0	0	0	0	0	0	0	0	0	0	0	0	0	0	0	0	0	0	0	0	0	0	0	0	0	0	0	0	0	0	0	0	0	0	0	0	0	0	0
86	A	T	ORF	S	NULL	0	0	0	0	0	0	0	0	0	0	0	0	0	0	0	0	0	0	0	0	0	0	0	0	0	0	0	0	0	0	0	0	0	0	0	0	0	0	0	0	0	0	0	0	0	0	0	0	0	0	0	0	0	0
87	A	T	ORF	S	NULL	0	0	0	0	0	0	0	0	0	0	0	0	0	0	0	0	0	0	0	0	0	0	0	0	0	0	0	0	0	0	0	0	0	0	0	0	0	0	0	0	0	0	0	0	0	0	0	0	0	0	0	0	0	0
88	A	T	ORF	S	NULL	0	0	0	0	0	0	0	0	0	0	0	0	0	0	0	0	0	0	0	0	0	0	0	0	0	0	0	0	0	0	0	0	0	0	0	0	0	0	0	0	0	0	0	0	0	0	0	0	0	0	0	0	0	0
89	A	T	ORF	S	NULL	0	0	0	0	0	0	0	0	0	0	0	0	0	0	0	0	0	0	0	0	0	0	0	0	0	0	0	0	0	0	0	0	0	0	0	0	0	0	0	0	0	0	0	0	0	0	0	0	0	0	0	0	0	0
90	A	T	ORF	S	NULL	0	0	0	0	0	0	0	0	0	0	0	0	0	0	0	0	0	0	0	0	0	0	0	0	0	0	0	0	0	0	0	0	0	0	0	0	0	0	0	0	0	0	0	0	0	0	0	0	0	0	0	0	0	0
91	A	T	ORF	S	NULL	0	0	0	0	0	0	0	0	0	0	0	0	0	0	0	0	0	0	0	0	0	0	0	0	0	0	0	0	0	0	0	0	0	0	0	0	0	0	0	0	0	0	0	0	0	0	0	0	0	0	0	0	0	0
92	A	T	ORF	S	NULL	0	0	0	0	0	0	0	0	0	0	0	0	0	0	0	0	0	0	0	0	0	0	0	0	0	0	0	0	0	0	0	0	0	0	0	0	0	0	0	0	0	0	0	0	0	0	0	0	0	0	0	0	0	0
93	A	T	ORF	S	NULL	0	0	0	0	0	0	0	0	0	0	0	0	0	0	0	0	0	0	0	0	0	0	0	0	0	0	0	0	0	0	0	0	0	0	0	0	0	0	0	0	0	0	0	0	0	0	0	0	0	0	0	0	0	0
94	A	T	ORF	S	NULL	0	0	0	0	0	0	0	0	0	0	0	0	0	0	0	0	0	0	0	0	0	0	0	0	0	0	0	0	0	0	0	0	0	0	0	0	0	0	0	0	0	0	0	0	0	0	0	0	0	0	0	0	0	0
95	A	T	ORF	S	NULL	0	0	0	0	0.0003	0.0720481	0.919859	0.000300002	0.880163	0.0003	0.0825085	0.0235484	1.00012	0.318424	0.258166	0.0003	0.779086	0.125362	0.99828	0.299387	0.601979	0.427001	0.280639	0.0214093	0.0003	0.527027	0.999371	0.0003	0.630494	0.0003	0.398204	0.677186	0.0720481	0.404151	0.0720481	0.299125	0.0189418	0.0003	0.0152611	1.00011	0.0843529	0.321854	0.0003	0.00634671	0.830025	0.117475	0.943622	0.140615	0.11611	0.303678	1.00012	0.483946	0.0515077	0.0989862
96	A	T	ORF	S	NULL	0	0	0	0	0	0	0	0	0	0	0	0	0	0	0	0	0	0	0	0	0	0	0	0	0	0	0	0	0	0	0	0	0	0	0	0	0	0	0	0	0	0	0	0	0	0	0	0	0	0	0	0	0	0
97	A	T	ORF	S	NULL	0	0	0	0	0	0	0	0	0	0	0	0	0	0	0	0	0	0	0	0	0	0	0	0	0	0	0	0	0	0	0	0	0	0	0	0	0	0	0	0	0	0	0	0	0	0	0	0	0	0	0	0	0	0
98	A	T	ORF	S	NULL	0	0	0	0	0	0	0	0	0	0	0	0	0	0	0	0	0	0	0	0	0	0	0	0	0	0	0	0	0	0	0	0	0	0	0	0	0	0	0	0	0	0	0	0	0	0	0	0	0	0	0	0	0	0
99	A	T	ORF	S	NULL	0	0	0	0	0.0001	0.0535982	0.0001	0.623249	0.00509969	0.0001	0.113278	0.652964	0.0001	0.361297	0.0869204	0.0001	0.00415703	0.370885	0.0001	0.00947809	0.0228988	0.00710102	0.0285305	0.0001	0.0001	0.0465419	0.0001	0.0001	0.13527	0.0001	0.239725	0.0001	0.0535982	0.0001	0.0535982	0.0001	0.0267818	0.0001	0.000691187	0.0001	0.0652702	0.0249403	0.999905	0.0001	0.0001	0.0001	0.00308916	0.256559	0.0001	0.0424666	0.0001	0.221218	0.0001	0.0732965
100	A	T	ORF	S	NULL	0	0	0	0	0	0	0	0	0	0	0	0	0	0	0	0	0	0	0	0	0	0	0	0	0	0	0	0	0	0	0	0	0	0	0	0	0	0	0	0	0	0	0	0	0	0	0	0	0	0	0	0	0	0
