pos	ref	alt	gene	N/S	AA	nSRAsubclonal	nSRAclonal	nSRA	nConsensus	sample0|Earth	sample1|Earth	sample2|Earth	sample3|Earth	sample4|Earth	sample5|Earth	sample6|Earth	sample7|Earth	sample8|Earth	sample9|Earth	sample10|Earth	sample11|Earth	sample12|Earth	sample13|Earth	sample14|Earth	sample15|Earth	sample16|Earth	sample17|Earth	sample18|Earth	sample19|Earth	sample20|Earth	sample21|Earth	sample22|Earth	sample23|Earth	sample24|Earth	sample25|Earth	sample26|Earth	sample27|Earth	sample28|Earth	sample29|Earth	sample30|Earth	sample31|Earth	sample32|Earth	sample33|Earth	sample34|Earth	sample35|Earth	sample36|Earth	sample37|Earth	sample38|Earth	sample39|Earth	sample40|Earth	sample41|Earth	sample42|Earth	sample43|Earth	sample44|Earth	sample45|Earth	sample46|Earth	sample47|Earth	sample48|Earth	sample49|Earth
1	A	T	ORF	S	NULL	0	0	0	0	0.0001	0.0001	0.000100001	0.0001	0.0001	0.0001	0.127662	0.0001	0.0001	0.0244666	0.23556	0.0001	0.769947	0.00819208	0.336524	0.277425	0.555605	0.122072	0.241334	0.000100012	0.0001	0.400983	0.882625	0.0001	0.486682	0.0001	0.407129	0.674029	0.0001	0.402369	0.0001	0.230527	0.0001	0.0001	0.0001	0.97205	0.000100006	0.0943096	0.0001	0.000100003	0.743309	0.000100012	0.0001	0.0001	0.089356	0.000100005	0.771355	0.374153	0.0604889	0.0745663
2	A	T	ORF	S	NULL	0	0	0	0	0	0	0	0	0	0	0	0	0	0	0	0	0	0	0	0	0	0	0	0	0	0	0	0	0	0	0	0	0	0	0	0	0	0	0	0	0	0	0	0	0	0	0	0	0	0	0	0	0	0
3	A	T	ORF	S	NULL	0	0	0	0	0.0002	0.0002	0.999278	0.0002	0.874101	0.0002	0.0002	0.0002	1.00006	0.25767	0.0002	0.0002	0.0002	0.323401	0.64589	0.0002	0.0002	0.474088	0.0002	0.87211	0.0002	0.201276	0.0760036	0.0002	0.133351	0.0002	0.114579	0.0002	0.0002	0.0002	0.0002	0.0549892	0.0002	0.0002	0.0140015	0.0002	0.399078	0.619896	0.0002	0.255032	0.0532833	0.999282	0.940109	0.0002	0.0212505	0.591514	0.184053	0.124575	0.89382	0.0171082
4	A	T	ORF	S	NULL	0	0	0	0	0.680939	0.0001	0.0001	0.266929	0.00991523	0.0001	0.627982	0.0001	0.0001	0.0269015	0.0001	0.0001	0.0001	0.0001	0.0001	0.180729	0.0001	0.00162721	0.129715	0.0001	0.0001	0.0001	0.0001	0.0001	0.000270405	0.0001	0.0216395	0.0001	0.0001	0.0001	0.0001	0.0001	0.460036	0.888964	0.0140393	0.0001	0.0001	0.0001	0.0001	0.0001	0.0001	0.0001	0.0001	0.0001	0.0001	0.0001	0.0001	0.00364813	0.0001	0.194057
5	A	T	ORF	S	NULL	0	0	0	0	0.0001	0.0001	0.0001	0.0001	0.0001	0.0001	0.00367277	0.142033	0.0001	0.367932	0.130162	0.0001	0.0175331	0.000342145	0.0001	0.00546193	0.00816911	0.0001	0.120456	0.000100002	0.0001	0.33704	0.0001	0.0001	0.189496	0.0001	0.0212423	0.0152053	0.0001	0.00911616	0.0001	0.0001	0.283126	0.0001	0.0001	0.0139688	0.599966	0.279419	0.0001	0.0001	0.0001	0.000100002	0.0001	0.8491	0.0001	0.407159	0.0001	0.16888	0.00301357	0.0001
6	A	T	ORF	S	NULL	0	0	0	0	0	0	0	0	0	0	0	0	0	0	0	0	0	0	0	0	0	0	0	0	0	0	0	0	0	0	0	0	0	0	0	0	0	0	0	0	0	0	0	0	0	0	0	0	0	0	0	0	0	0
7	A	T	ORF	S	NULL	0	0	0	0	0	0	0	0	0	0	0	0	0	0	0	0	0	0	0	0	0	0	0	0	0	0	0	0	0	0	0	0	0	0	0	0	0	0	0	0	0	0	0	0	0	0	0	0	0	0	0	0	0	0
8	A	T	ORF	S	NULL	0	0	0	0	0.317922	0.0001	0.0001	0.0001	0.0001	0.999935	0.0001	0.220916	0.0001	0.0001	0.304636	0.0001	0.115968	0.288905	0.0001	0.0001	0.0001	0.0001	0.0001	0.0001	0.0001	0.00397237	0.0001	0.0001	0.0001	0.0001	0.0001	0.295552	0.0001	0.579394	0.0001	0.0364286	0.057904	0.0899063	0.0001	0.0001	0.0001	0.0001	0.0001	0.0001	0.167701	0.0001	0.0001	0.0001	0.736778	0.0001	0.0001	0.0001	0.0001	0.0001
9	A	T	ORF	S	NULL	0	0	0	0	0	0	0	0	0	0	0	0	0	0	0	0	0	0	0	0	0	0	0	0	0	0	0	0	0	0	0	0	0	0	0	0	0	0	0	0	0	0	0	0	0	0	0	0	0	0	0	0	0	0
10	A	T	ORF	S	NULL	0	0	0	0	0	0	0	0	0	0	0	0	0	0	0	0	0	0	0	0	0	0	0	0	0	0	0	0	0	0	0	0	0	0	0	0	0	0	0	0	0	0	0	0	0	0	0	0	0	0	0	0	0	0
11	A	T	ORF	S	NULL	0	0	0	0	0.0003	1.00012	0.000300001	0.0871267	0.115124	0.0003	0.20283	0.142233	0.0003	0.392499	0.451997	0.0003	0.884032	0.00874903	0.336724	0.819271	1	0.334164	0.864874	0.000300013	0.0003	0.738124	0.882825	0.0003	0.676279	0.0003	0.633625	0.704448	1.00012	0.420606	1.00012	0.230727	0.455541	0.0003	0.0412197	1	0.600166	0.373829	0.0003	0.000300004	0.743509	0.000300014	0.0591061	0.8493	0.089556	0.407359	0.771555	0.600462	0.0653305	0.407519
12	A	T	ORF	S	NULL	0	0	0	0	0.0001	0.0001	0.0001	0.644993	0.0001	0.0001	0.169188	0.635137	0.0001	0.317621	0.0609074	0.0001	0.0001	0.376854	0.0001	0.0001	0.0001	0.00163008	0.0001	0.0001	0.0001	0.00889863	0.0001	0.0001	0.112371	0.0001	0.230126	0.0001	0.0001	0.0001	0.0001	0.0001	0.0249957	0.0001	0.0001	0.0001	0.0001	0.0001	0.999938	0.0001	0.0001	0.0001	0.0001	0.150072	0.0001	0.0001	0.0001	0.200029	0.0001	0.0752264
13	A	T	ORF	S	NULL	0	0	0	0	0	0	0	0	0	0	0	0	0	0	0	0	0	0	0	0	0	0	0	0	0	0	0	0	0	0	0	0	0	0	0	0	0	0	0	0	0	0	0	0	0	0	0	0	0	0	0	0	0	0
14	A	T	ORF	S	NULL	0	0	0	0	0.0001	0.0001	0.0001	0.644993	0.0001	0.0001	0.169188	0.635137	0.0001	0.317621	0.0609074	0.0001	0.0001	0.376854	0.0001	0.0001	0.0001	0.00163008	0.0001	0.0001	0.0001	0.00889863	0.0001	0.0001	0.112371	0.0001	0.230126	0.0001	0.0001	0.0001	0.0001	0.0001	0.0249957	0.0001	0.0001	0.0001	0.0001	0.0001	0.999938	0.0001	0.0001	0.0001	0.0001	0.150072	0.0001	0.0001	0.0001	0.200029	0.0001	0.0752264
15	A	T	ORF	S	NULL	0	0	0	0	0.0001	0.0001	0.0001	0.0001	0.0001	0.0001	0.0001	0.0001	0.0001	0.0001	0.18246	0.999947	0.0001	0.0001	0.0001	0.0001	0.0001	0.174675	0.00541045	0.126915	0.999947	0.0001	0.0001	0.999017	0.0207769	0.999017	0.0001	0.0001	0.0001	0.0001	0.0001	0.662978	0.0001	0.0199235	0.929198	0.0001	0.0001	0.0001	0.0001	0.743987	0.0001	0.0001	0.0001	0.0001	0.144917	0.0001	0.0001	0.0190877	0.0405391	0.29632
16	A	T	ORF	S	NULL	0	0	0	0	0	0	0	0	0	0	0	0	0	0	0	0	0	0	0	0	0	0	0	0	0	0	0	0	0	0	0	0	0	0	0	0	0	0	0	0	0	0	0	0	0	0	0	0	0	0	0	0	0	0
17	A	T	ORF	S	NULL	0	0	0	0	0	0	0	0	0	0	0	0	0	0	0	0	0	0	0	0	0	0	0	0	0	0	0	0	0	0	0	0	0	0	0	0	0	0	0	0	0	0	0	0	0	0	0	0	0	0	0	0	0	0
18	A	T	ORF	S	NULL	0	0	0	0	0	0	0	0	0	0	0	0	0	0	0	0	0	0	0	0	0	0	0	0	0	0	0	0	0	0	0	0	0	0	0	0	0	0	0	0	0	0	0	0	0	0	0	0	0	0	0	0	0	0
19	A	T	ORF	S	NULL	0	0	0	0	0	0	0	0	0	0	0	0	0	0	0	0	0	0	0	0	0	0	0	0	0	0	0	0	0	0	0	0	0	0	0	0	0	0	0	0	0	0	0	0	0	0	0	0	0	0	0	0	0	0
20	A	T	ORF	S	NULL	0	0	0	0	0	0	0	0	0	0	0	0	0	0	0	0	0	0	0	0	0	0	0	0	0	0	0	0	0	0	0	0	0	0	0	0	0	0	0	0	0	0	0	0	0	0	0	0	0	0	0	0	0	0
21	A	T	ORF	S	NULL	0	0	0	0	0.0001	0.999922	0.0001	0.0869267	0.114924	0.0001	0.0714957	0.0001	0.0001	0.0001	0.0862747	0.0001	0.0965519	0.0002148	0.0001	0.536384	0.436226	0.211993	0.503085	0.0001	0.0001	0.0001	0.0001	0.0001	0.0001	0.0001	0.205254	0.0152137	0.999922	0.00912116	0.999922	0.0001	0.172315	0.0001	0.0410197	0.0139813	0.0001	0.000100003	0.0001	0.0001	0.0001	0.0001	0.0589061	0.0001	0.0001	0.0001	0.0001	0.0574297	0.00182806	0.332853
22	A	T	ORF	S	NULL	0	0	0	0	0.0003	1.00012	0.0003	0.73202	0.115124	0.0003	0.244356	0.77727	0.0003	0.685654	0.277345	0.0003	0.114185	0.377411	0.0003	0.541946	0.444495	0.213723	0.62364	0.000300002	0.0003	0.346039	0.0003	0.0003	0.301968	0.0003	0.456623	0.030519	1.00012	0.0183373	1.00012	0.0003	0.480437	0.0003	0.0412197	0.0280502	0.600166	0.279619	1.00014	0.0003	0.0003	0.000300002	0.0591061	0.999272	0.0003	0.407359	0.0003	0.426339	0.00494163	0.40818
23	A	T	ORF	S	NULL	0	0	0	0	0	0	0	0	0	0	0	0	0	0	0	0	0	0	0	0	0	0	0	0	0	0	0	0	0	0	0	0	0	0	0	0	0	0	0	0	0	0	0	0	0	0	0	0	0	0	0	0	0	0
24	A	T	ORF	S	NULL	0	0	0	0	0.0002	0.0002	0.0802662	0.0002	0.0002	0.0002	0.00377277	0.142133	0.0002	0.373976	0.130262	0.0002	0.0176331	0.202668	0.0306543	0.00556193	0.00826911	0.209429	0.120556	0.87211	0.0002	0.530605	0.0703086	0.0002	0.313747	0.0002	0.135405	0.0153053	0.0002	0.00921616	0.0002	0.0531943	0.283226	0.0002	0.0002	0.0140688	0.998944	0.684766	0.0002	0.255032	0.0485387	0.890361	0.0002	0.8492	0.0206542	0.749555	0.177894	0.287652	0.896734	0.0168399
25	A	T	ORF	S	NULL	0	0	0	0	0	0	0	0	0	0	0	0	0	0	0	0	0	0	0	0	0	0	0	0	0	0	0	0	0	0	0	0	0	0	0	0	0	0	0	0	0	0	0	0	0	0	0	0	0	0	0	0	0	0
26	A	T	ORF	S	NULL	0	0	0	0	0.680939	0.0001	0.0001	0.266929	0.00991523	0.0001	0.627982	0.0001	0.0001	0.0269015	0.0001	0.0001	0.0001	0.0001	0.0001	0.180729	0.0001	0.00162721	0.129715	0.0001	0.0001	0.0001	0.0001	0.0001	0.000270405	0.0001	0.0216395	0.0001	0.0001	0.0001	0.0001	0.0001	0.460036	0.888964	0.0140393	0.0001	0.0001	0.0001	0.0001	0.0001	0.0001	0.0001	0.0001	0.0001	0.0001	0.0001	0.0001	0.00364813	0.0001	0.194057
27	A	T	ORF	S	NULL	0	0	0	0	0	0	0	0	0	0	0	0	0	0	0	0	0	0	0	0	0	0	0	0	0	0	0	0	0	0	0	0	0	0	0	0	0	0	0	0	0	0	0	0	0	0	0	0	0	0	0	0	0	0
28	A	T	ORF	S	NULL	0	0	0	0	0	0	0	0	0	0	0	0	0	0	0	0	0	0	0	0	0	0	0	0	0	0	0	0	0	0	0	0	0	0	0	0	0	0	0	0	0	0	0	0	0	0	0	0	0	0	0	0	0	0
29	A	T	ORF	S	NULL	0	0	0	0	0	0	0	0	0	0	0	0	0	0	0	0	0	0	0	0	0	0	0	0	0	0	0	0	0	0	0	0	0	0	0	0	0	0	0	0	0	0	0	0	0	0	0	0	0	0	0	0	0	0
30	A	T	ORF	S	NULL	0	0	0	0	0.0001	0.0001	0.0001	0.0001	0.0001	0.0001	0.00367277	0.142033	0.0001	0.367932	0.130162	0.0001	0.0175331	0.000342145	0.0001	0.00546193	0.00816911	0.0001	0.120456	0.000100002	0.0001	0.33704	0.0001	0.0001	0.189496	0.0001	0.0212423	0.0152053	0.0001	0.00911616	0.0001	0.0001	0.283126	0.0001	0.0001	0.0139688	0.599966	0.279419	0.0001	0.0001	0.0001	0.000100002	0.0001	0.8491	0.0001	0.407159	0.0001	0.16888	0.00301357	0.0001
31	A	T	ORF	S	NULL	0	0	0	0	0.680939	0.0001	0.0001	0.266929	0.00991523	0.0001	0.627982	0.0001	0.0001	0.0269015	0.0001	0.0001	0.0001	0.0001	0.0001	0.180729	0.0001	0.00162721	0.129715	0.0001	0.0001	0.0001	0.0001	0.0001	0.000270405	0.0001	0.0216395	0.0001	0.0001	0.0001	0.0001	0.0001	0.460036	0.888964	0.0140393	0.0001	0.0001	0.0001	0.0001	0.0001	0.0001	0.0001	0.0001	0.0001	0.0001	0.0001	0.0001	0.00364813	0.0001	0.194057
32	A	T	ORF	S	NULL	0	0	0	0	0	0	0	0	0	0	0	0	0	0	0	0	0	0	0	0	0	0	0	0	0	0	0	0	0	0	0	0	0	0	0	0	0	0	0	0	0	0	0	0	0	0	0	0	0	0	0	0	0	0
33	A	T	ORF	S	NULL	0	0	0	0	0	0	0	0	0	0	0	0	0	0	0	0	0	0	0	0	0	0	0	0	0	0	0	0	0	0	0	0	0	0	0	0	0	0	0	0	0	0	0	0	0	0	0	0	0	0	0	0	0	0
34	A	T	ORF	S	NULL	0	0	0	0	0.681139	1.00012	0.0003	0.353956	0.124939	0.0003	0.699578	0.0003	0.0003	0.0271015	0.268834	1.00015	0.0967519	0.0004148	0.0003	0.717213	0.436426	0.388295	0.63821	0.127115	1.00015	0.0003	0.0003	0.999217	0.0211474	0.999217	0.226993	0.0154137	1.00012	0.00932116	1.00012	0.663178	0.632452	0.908987	0.984257	0.0141813	0.0003	0.000300003	0.0003	0.744187	0.0003	0.0003	0.0591061	0.0003	0.145117	0.0003	0.0003	0.0801655	0.0424672	0.82323
35	A	T	ORF	S	NULL	0	0	0	0	0	0	0	0	0	0	0	0	0	0	0	0	0	0	0	0	0	0	0	0	0	0	0	0	0	0	0	0	0	0	0	0	0	0	0	0	0	0	0	0	0	0	0	0	0	0	0	0	0	0
36	A	T	ORF	S	NULL	0	0	0	0	0	0	0	0	0	0	0	0	0	0	0	0	0	0	0	0	0	0	0	0	0	0	0	0	0	0	0	0	0	0	0	0	0	0	0	0	0	0	0	0	0	0	0	0	0	0	0	0	0	0
37	A	T	ORF	S	NULL	0	0	0	0	0	0	0	0	0	0	0	0	0	0	0	0	0	0	0	0	0	0	0	0	0	0	0	0	0	0	0	0	0	0	0	0	0	0	0	0	0	0	0	0	0	0	0	0	0	0	0	0	0	0
38	A	T	ORF	S	NULL	0	0	0	0	0	0	0	0	0	0	0	0	0	0	0	0	0	0	0	0	0	0	0	0	0	0	0	0	0	0	0	0	0	0	0	0	0	0	0	0	0	0	0	0	0	0	0	0	0	0	0	0	0	0
39	A	T	ORF	S	NULL	0	0	0	0	0.0001	0.0001	0.0001	0.644993	0.0001	0.0001	0.169188	0.635137	0.0001	0.317621	0.0609074	0.0001	0.0001	0.376854	0.0001	0.0001	0.0001	0.00163008	0.0001	0.0001	0.0001	0.00889863	0.0001	0.0001	0.112371	0.0001	0.230126	0.0001	0.0001	0.0001	0.0001	0.0001	0.0249957	0.0001	0.0001	0.0001	0.0001	0.0001	0.999938	0.0001	0.0001	0.0001	0.0001	0.150072	0.0001	0.0001	0.0001	0.200029	0.0001	0.0752264
40	A	T	ORF	S	NULL	0	0	0	0	0.0001	0.0001	0.919112	0.0001	0.874001	0.0001	0.0001	0.0001	0.999955	0.251626	0.0001	0.0001	0.0001	0.121075	0.615336	0.0001	0.0001	0.264759	0.0001	0.000100001	0.0001	0.00771088	0.00579502	0.0001	0.00910007	0.0001	0.000416473	0.0001	0.0001	0.0001	0.0001	0.00189486	0.0001	0.0001	0.0139015	0.0001	0.0001	0.214549	0.0001	0.0001	0.00484458	0.109022	0.940009	0.0001	0.000696269	0.249118	0.00625854	0.00580269	0.000100001	0.000368273
41	A	T	ORF	S	NULL	0	0	0	0	0	0	0	0	0	0	0	0	0	0	0	0	0	0	0	0	0	0	0	0	0	0	0	0	0	0	0	0	0	0	0	0	0	0	0	0	0	0	0	0	0	0	0	0	0	0	0	0	0	0
42	A	T	ORF	S	NULL	0	0	0	0	0.680939	0.0001	0.0001	0.266929	0.00991523	0.0001	0.627982	0.0001	0.0001	0.0269015	0.0001	0.0001	0.0001	0.0001	0.0001	0.180729	0.0001	0.00162721	0.129715	0.0001	0.0001	0.0001	0.0001	0.0001	0.000270405	0.0001	0.0216395	0.0001	0.0001	0.0001	0.0001	0.0001	0.460036	0.888964	0.0140393	0.0001	0.0001	0.0001	0.0001	0.0001	0.0001	0.0001	0.0001	0.0001	0.0001	0.0001	0.0001	0.00364813	0.0001	0.194057
43	A	T	ORF	S	NULL	0	0	0	0	0	0	0	0	0	0	0	0	0	0	0	0	0	0	0	0	0	0	0	0	0	0	0	0	0	0	0	0	0	0	0	0	0	0	0	0	0	0	0	0	0	0	0	0	0	0	0	0	0	0
44	A	T	ORF	S	NULL	0	0	0	0	0	0	0	0	0	0	0	0	0	0	0	0	0	0	0	0	0	0	0	0	0	0	0	0	0	0	0	0	0	0	0	0	0	0	0	0	0	0	0	0	0	0	0	0	0	0	0	0	0	0
45	A	T	ORF	S	NULL	0	0	0	0	0	0	0	0	0	0	0	0	0	0	0	0	0	0	0	0	0	0	0	0	0	0	0	0	0	0	0	0	0	0	0	0	0	0	0	0	0	0	0	0	0	0	0	0	0	0	0	0	0	0
46	A	T	ORF	S	NULL	0	0	0	0	0.0001	0.0001	0.0801662	0.0001	0.0001	0.0001	0.0001	0.0001	0.0001	0.00604392	0.0001	0.0001	0.0001	0.202326	0.0305543	0.0001	0.0001	0.209329	0.0001	0.87201	0.0001	0.193565	0.0702086	0.0001	0.124251	0.0001	0.114163	0.0001	0.0001	0.0001	0.0001	0.0530943	0.0001	0.0001	0.0001	0.0001	0.398978	0.405347	0.0001	0.254932	0.0484387	0.890261	0.0001	0.0001	0.0205542	0.342396	0.177794	0.118772	0.89372	0.0167399
47	A	T	ORF	S	NULL	0	0	0	0	0.317922	0.0001	0.0001	0.0001	0.0001	0.999935	0.0001	0.220916	0.0001	0.0001	0.304636	0.0001	0.115968	0.288905	0.0001	0.0001	0.0001	0.0001	0.0001	0.0001	0.0001	0.00397237	0.0001	0.0001	0.0001	0.0001	0.0001	0.295552	0.0001	0.579394	0.0001	0.0364286	0.057904	0.0899063	0.0001	0.0001	0.0001	0.0001	0.0001	0.0001	0.167701	0.0001	0.0001	0.0001	0.736778	0.0001	0.0001	0.0001	0.0001	0.0001
48	A	T	ORF	S	NULL	0	0	0	0	0	0	0	0	0	0	0	0	0	0	0	0	0	0	0	0	0	0	0	0	0	0	0	0	0	0	0	0	0	0	0	0	0	0	0	0	0	0	0	0	0	0	0	0	0	0	0	0	0	0
49	A	T	ORF	S	NULL	0	0	0	0	0.0001	0.0001	0.0001	0.0001	0.0001	0.0001	0.0001	0.0001	0.0001	0.0001	0.18246	0.999947	0.0001	0.0001	0.0001	0.0001	0.0001	0.174675	0.00541045	0.126915	0.999947	0.0001	0.0001	0.999017	0.0207769	0.999017	0.0001	0.0001	0.0001	0.0001	0.0001	0.662978	0.0001	0.0199235	0.929198	0.0001	0.0001	0.0001	0.0001	0.743987	0.0001	0.0001	0.0001	0.0001	0.144917	0.0001	0.0001	0.0190877	0.0405391	0.29632
50	A	T	ORF	S	NULL	0	0	0	0	0.0001	0.999922	0.0001	0.0869267	0.114924	0.0001	0.0714957	0.0001	0.0001	0.0001	0.0862747	0.0001	0.0965519	0.0002148	0.0001	0.536384	0.436226	0.211993	0.503085	0.0001	0.0001	0.0001	0.0001	0.0001	0.0001	0.0001	0.205254	0.0152137	0.999922	0.00912116	0.999922	0.0001	0.172315	0.0001	0.0410197	0.0139813	0.0001	0.000100003	0.0001	0.0001	0.0001	0.0001	0.0589061	0.0001	0.0001	0.0001	0.0001	0.0574297	0.00182806	0.332853
51	A	T	ORF	S	NULL	0	0	0	0	0.680939	0.0001	0.0001	0.266929	0.00991523	0.0001	0.627982	0.0001	0.0001	0.0269015	0.0001	0.0001	0.0001	0.0001	0.0001	0.180729	0.0001	0.00162721	0.129715	0.0001	0.0001	0.0001	0.0001	0.0001	0.000270405	0.0001	0.0216395	0.0001	0.0001	0.0001	0.0001	0.0001	0.460036	0.888964	0.0140393	0.0001	0.0001	0.0001	0.0001	0.0001	0.0001	0.0001	0.0001	0.0001	0.0001	0.0001	0.0001	0.00364813	0.0001	0.194057
52	A	T	ORF	S	NULL	0	0	0	0	0	0	0	0	0	0	0	0	0	0	0	0	0	0	0	0	0	0	0	0	0	0	0	0	0	0	0	0	0	0	0	0	0	0	0	0	0	0	0	0	0	0	0	0	0	0	0	0	0	0
53	A	T	ORF	S	NULL	0	0	0	0	0.0001	0.0001	0.0001	0.0001	0.0001	0.0001	0.0001	0.0001	0.0001	0.0001	0.18246	0.999947	0.0001	0.0001	0.0001	0.0001	0.0001	0.174675	0.00541045	0.126915	0.999947	0.0001	0.0001	0.999017	0.0207769	0.999017	0.0001	0.0001	0.0001	0.0001	0.0001	0.662978	0.0001	0.0199235	0.929198	0.0001	0.0001	0.0001	0.0001	0.743987	0.0001	0.0001	0.0001	0.0001	0.144917	0.0001	0.0001	0.0190877	0.0405391	0.29632
54	A	T	ORF	S	NULL	0	0	0	0	0	0	0	0	0	0	0	0	0	0	0	0	0	0	0	0	0	0	0	0	0	0	0	0	0	0	0	0	0	0	0	0	0	0	0	0	0	0	0	0	0	0	0	0	0	0	0	0	0	0
55	A	T	ORF	S	NULL	0	0	0	0	0	0	0	0	0	0	0	0	0	0	0	0	0	0	0	0	0	0	0	0	0	0	0	0	0	0	0	0	0	0	0	0	0	0	0	0	0	0	0	0	0	0	0	0	0	0	0	0	0	0
56	A	T	ORF	S	NULL	0	0	0	0	0	0	0	0	0	0	0	0	0	0	0	0	0	0	0	0	0	0	0	0	0	0	0	0	0	0	0	0	0	0	0	0	0	0	0	0	0	0	0	0	0	0	0	0	0	0	0	0	0	0
57	A	T	ORF	S	NULL	0	0	0	0	0	0	0	0	0	0	0	0	0	0	0	0	0	0	0	0	0	0	0	0	0	0	0	0	0	0	0	0	0	0	0	0	0	0	0	0	0	0	0	0	0	0	0	0	0	0	0	0	0	0
58	A	T	ORF	S	NULL	0	0	0	0	0	0	0	0	0	0	0	0	0	0	0	0	0	0	0	0	0	0	0	0	0	0	0	0	0	0	0	0	0	0	0	0	0	0	0	0	0	0	0	0	0	0	0	0	0	0	0	0	0	0
59	A	T	ORF	S	NULL	0	0	0	0	0	0	0	0	0	0	0	0	0	0	0	0	0	0	0	0	0	0	0	0	0	0	0	0	0	0	0	0	0	0	0	0	0	0	0	0	0	0	0	0	0	0	0	0	0	0	0	0	0	0
60	A	T	ORF	S	NULL	0	0	0	0	0.317922	0.0001	0.0001	0.0001	0.0001	0.999935	0.0001	0.220916	0.0001	0.0001	0.304636	0.0001	0.115968	0.288905	0.0001	0.0001	0.0001	0.0001	0.0001	0.0001	0.0001	0.00397237	0.0001	0.0001	0.0001	0.0001	0.0001	0.295552	0.0001	0.579394	0.0001	0.0364286	0.057904	0.0899063	0.0001	0.0001	0.0001	0.0001	0.0001	0.0001	0.167701	0.0001	0.0001	0.0001	0.736778	0.0001	0.0001	0.0001	0.0001	0.0001
61	A	T	ORF	S	NULL	0	0	0	0	0	0	0	0	0	0	0	0	0	0	0	0	0	0	0	0	0	0	0	0	0	0	0	0	0	0	0	0	0	0	0	0	0	0	0	0	0	0	0	0	0	0	0	0	0	0	0	0	0	0
62	A	T	ORF	S	NULL	0	0	0	0	0.0001	0.0001	0.919112	0.0001	0.874001	0.0001	0.0001	0.0001	0.999955	0.251626	0.0001	0.0001	0.0001	0.121075	0.615336	0.0001	0.0001	0.264759	0.0001	0.000100001	0.0001	0.00771088	0.00579502	0.0001	0.00910007	0.0001	0.000416473	0.0001	0.0001	0.0001	0.0001	0.00189486	0.0001	0.0001	0.0139015	0.0001	0.0001	0.214549	0.0001	0.0001	0.00484458	0.109022	0.940009	0.0001	0.000696269	0.249118	0.00625854	0.00580269	0.000100001	0.000368273
63	A	T	ORF	S	NULL	0	0	0	0	0.0001	0.0001	0.919112	0.0001	0.874001	0.0001	0.0001	0.0001	0.999955	0.251626	0.0001	0.0001	0.0001	0.121075	0.615336	0.0001	0.0001	0.264759	0.0001	0.000100001	0.0001	0.00771088	0.00579502	0.0001	0.00910007	0.0001	0.000416473	0.0001	0.0001	0.0001	0.0001	0.00189486	0.0001	0.0001	0.0139015	0.0001	0.0001	0.214549	0.0001	0.0001	0.00484458	0.109022	0.940009	0.0001	0.000696269	0.249118	0.00625854	0.00580269	0.000100001	0.000368273
64	A	T	ORF	S	NULL	0	0	0	0	0	0	0	0	0	0	0	0	0	0	0	0	0	0	0	0	0	0	0	0	0	0	0	0	0	0	0	0	0	0	0	0	0	0	0	0	0	0	0	0	0	0	0	0	0	0	0	0	0	0
65	A	T	ORF	S	NULL	0	0	0	0	0	0	0	0	0	0	0	0	0	0	0	0	0	0	0	0	0	0	0	0	0	0	0	0	0	0	0	0	0	0	0	0	0	0	0	0	0	0	0	0	0	0	0	0	0	0	0	0	0	0
66	A	T	ORF	S	NULL	0	0	0	0	0	0	0	0	0	0	0	0	0	0	0	0	0	0	0	0	0	0	0	0	0	0	0	0	0	0	0	0	0	0	0	0	0	0	0	0	0	0	0	0	0	0	0	0	0	0	0	0	0	0
67	A	T	ORF	S	NULL	0	0	0	0	0	0	0	0	0	0	0	0	0	0	0	0	0	0	0	0	0	0	0	0	0	0	0	0	0	0	0	0	0	0	0	0	0	0	0	0	0	0	0	0	0	0	0	0	0	0	0	0	0	0
68	A	T	ORF	S	NULL	0	0	0	0	0	0	0	0	0	0	0	0	0	0	0	0	0	0	0	0	0	0	0	0	0	0	0	0	0	0	0	0	0	0	0	0	0	0	0	0	0	0	0	0	0	0	0	0	0	0	0	0	0	0
69	A	T	ORF	S	NULL	0	0	0	0	0.0001	0.999922	0.0001	0.0869267	0.114924	0.0001	0.0714957	0.0001	0.0001	0.0001	0.0862747	0.0001	0.0965519	0.0002148	0.0001	0.536384	0.436226	0.211993	0.503085	0.0001	0.0001	0.0001	0.0001	0.0001	0.0001	0.0001	0.205254	0.0152137	0.999922	0.00912116	0.999922	0.0001	0.172315	0.0001	0.0410197	0.0139813	0.0001	0.000100003	0.0001	0.0001	0.0001	0.0001	0.0589061	0.0001	0.0001	0.0001	0.0001	0.0574297	0.00182806	0.332853
70	A	T	ORF	S	NULL	0	0	0	0	0	0	0	0	0	0	0	0	0	0	0	0	0	0	0	0	0	0	0	0	0	0	0	0	0	0	0	0	0	0	0	0	0	0	0	0	0	0	0	0	0	0	0	0	0	0	0	0	0	0
71	A	T	ORF	S	NULL	0	0	0	0	0	0	0	0	0	0	0	0	0	0	0	0	0	0	0	0	0	0	0	0	0	0	0	0	0	0	0	0	0	0	0	0	0	0	0	0	0	0	0	0	0	0	0	0	0	0	0	0	0	0
72	A	T	ORF	S	NULL	0	0	0	0	0.0001	0.0001	0.000100001	0.0001	0.0001	0.0001	0.127662	0.0001	0.0001	0.0244666	0.23556	0.0001	0.769947	0.00819208	0.336524	0.277425	0.555605	0.122072	0.241334	0.000100012	0.0001	0.400983	0.882625	0.0001	0.486682	0.0001	0.407129	0.674029	0.0001	0.402369	0.0001	0.230527	0.0001	0.0001	0.0001	0.97205	0.000100006	0.0943096	0.0001	0.000100003	0.743309	0.000100012	0.0001	0.0001	0.089356	0.000100005	0.771355	0.374153	0.0604889	0.0745663
73	A	T	ORF	S	NULL	0	0	0	0	0	0	0	0	0	0	0	0	0	0	0	0	0	0	0	0	0	0	0	0	0	0	0	0	0	0	0	0	0	0	0	0	0	0	0	0	0	0	0	0	0	0	0	0	0	0	0	0	0	0
74	A	T	ORF	S	NULL	0	0	0	0	0.0002	0.0002	0.0002	0.645093	0.0002	0.0002	0.169288	0.635237	0.0002	0.317721	0.243367	1.00005	0.0002	0.376954	0.0002	0.0002	0.0002	0.176305	0.00551045	0.127015	1.00005	0.00899863	0.0002	0.999117	0.133148	0.999117	0.230226	0.0002	0.0002	0.0002	0.0002	0.663078	0.0250957	0.0200235	0.929298	0.0002	0.0002	0.0002	1.00004	0.744087	0.0002	0.0002	0.0002	0.150172	0.145017	0.0002	0.0002	0.219117	0.0406391	0.371546
75	A	T	ORF	S	NULL	0	0	0	0	0.0002	0.0002	0.919212	0.0002	0.874101	0.0002	0.00377277	0.142133	1.00006	0.619559	0.130262	0.0002	0.0176331	0.121417	0.615436	0.00556193	0.00826911	0.264859	0.120556	0.000200003	0.0002	0.344751	0.00589502	0.0002	0.198596	0.0002	0.0216587	0.0153053	0.0002	0.00921616	0.0002	0.00199486	0.283226	0.0002	0.0140015	0.0140688	0.600066	0.493969	0.0002	0.000200001	0.00494458	0.109122	0.940109	0.8492	0.000796269	0.656277	0.00635854	0.174682	0.00311357	0.000468273
76	A	T	ORF	S	NULL	0	0	0	0	0.0001	0.0001	0.919112	0.0001	0.874001	0.0001	0.0001	0.0001	0.999955	0.251626	0.0001	0.0001	0.0001	0.121075	0.615336	0.0001	0.0001	0.264759	0.0001	0.000100001	0.0001	0.00771088	0.00579502	0.0001	0.00910007	0.0001	0.000416473	0.0001	0.0001	0.0001	0.0001	0.00189486	0.0001	0.0001	0.0139015	0.0001	0.0001	0.214549	0.0001	0.0001	0.00484458	0.109022	0.940009	0.0001	0.000696269	0.249118	0.00625854	0.00580269	0.000100001	0.000368273
77	A	T	ORF	S	NULL	0	0	0	0	0	0	0	0	0	0	0	0	0	0	0	0	0	0	0	0	0	0	0	0	0	0	0	0	0	0	0	0	0	0	0	0	0	0	0	0	0	0	0	0	0	0	0	0	0	0	0	0	0	0
78	A	T	ORF	S	NULL	0	0	0	0	0	0	0	0	0	0	0	0	0	0	0	0	0	0	0	0	0	0	0	0	0	0	0	0	0	0	0	0	0	0	0	0	0	0	0	0	0	0	0	0	0	0	0	0	0	0	0	0	0	0
79	A	T	ORF	S	NULL	0	0	0	0	0.0001	0.0001	0.0001	0.0001	0.0001	0.0001	0.00367277	0.142033	0.0001	0.367932	0.130162	0.0001	0.0175331	0.000342145	0.0001	0.00546193	0.00816911	0.0001	0.120456	0.000100002	0.0001	0.33704	0.0001	0.0001	0.189496	0.0001	0.0212423	0.0152053	0.0001	0.00911616	0.0001	0.0001	0.283126	0.0001	0.0001	0.0139688	0.599966	0.279419	0.0001	0.0001	0.0001	0.000100002	0.0001	0.8491	0.0001	0.407159	0.0001	0.16888	0.00301357	0.0001
80	A	T	ORF	S	NULL	0	0	0	0	0.0001	0.999922	0.0001	0.0869267	0.114924	0.0001	0.0714957	0.0001	0.0001	0.0001	0.0862747	0.0001	0.0965519	0.0002148	0.0001	0.536384	0.436226	0.211993	0.503085	0.0001	0.0001	0.0001	0.0001	0.0001	0.0001	0.0001	0.205254	0.0152137	0.999922	0.00912116	0.999922	0.0001	0.172315	0.0001	0.0410197	0.0139813	0.0001	0.000100003	0.0001	0.0001	0.0001	0.0001	0.0589061	0.0001	0.0001	0.0001	0.0001	0.0574297	0.00182806	0.332853
81	A	T	ORF	S	NULL	0	0	0	0	0.0001	0.0001	0.0801662	0.0001	0.0001	0.0001	0.0001	0.0001	0.0001	0.00604392	0.0001	0.0001	0.0001	0.202326	0.0305543	0.0001	0.0001	0.209329	0.0001	0.87201	0.0001	0.193565	0.0702086	0.0001	0.124251	0.0001	0.114163	0.0001	0.0001	0.0001	0.0001	0.0530943	0.0001	0.0001	0.0001	0.0001	0.398978	0.405347	0.0001	0.254932	0.0484387	0.890261	0.0001	0.0001	0.0205542	0.342396	0.177794	0.118772	0.89372	0.0167399
82	A	T	ORF	S	NULL	0	0	0	0	0.0001	0.0001	0.000100001	0.0001	0.0001	0.0001	0.127662	0.0001	0.0001	0.0244666	0.23556	0.0001	0.769947	0.00819208	0.336524	0.277425	0.555605	0.122072	0.241334	0.000100012	0.0001	0.400983	0.882625	0.0001	0.486682	0.0001	0.407129	0.674029	0.0001	0.402369	0.0001	0.230527	0.0001	0.0001	0.0001	0.97205	0.000100006	0.0943096	0.0001	0.000100003	0.743309	0.000100012	0.0001	0.0001	0.089356	0.000100005	0.771355	0.374153	0.0604889	0.0745663
83	A	T	ORF	S	NULL	0	0	0	0	0	0	0	0	0	0	0	0	0	0	0	0	0	0	0	0	0	0	0	0	0	0	0	0	0	0	0	0	0	0	0	0	0	0	0	0	0	0	0	0	0	0	0	0	0	0	0	0	0	0
84	A	T	ORF	S	NULL	0	0	0	0	0.318022	0.0002	0.919212	0.0002	0.874101	1.00003	0.0002	0.221016	1.00006	0.251726	0.304736	0.0002	0.116068	0.40998	0.615436	0.0002	0.0002	0.264859	0.0002	0.000200001	0.0002	0.0116832	0.00589502	0.0002	0.00920007	0.0002	0.000516473	0.295652	0.0002	0.579494	0.0002	0.0383235	0.058004	0.0900063	0.0140015	0.0002	0.0002	0.214649	0.0002	0.0002	0.172545	0.109122	0.940109	0.0002	0.737474	0.249218	0.00635854	0.00590269	0.000200001	0.000468273
85	A	T	ORF	S	NULL	0	0	0	0	0	0	0	0	0	0	0	0	0	0	0	0	0	0	0	0	0	0	0	0	0	0	0	0	0	0	0	0	0	0	0	0	0	0	0	0	0	0	0	0	0	0	0	0	0	0	0	0	0	0
86	A	T	ORF	S	NULL	0	0	0	0	0	0	0	0	0	0	0	0	0	0	0	0	0	0	0	0	0	0	0	0	0	0	0	0	0	0	0	0	0	0	0	0	0	0	0	0	0	0	0	0	0	0	0	0	0	0	0	0	0	0
87	A	T	ORF	S	NULL	0	0	0	0	0	0	0	0	0	0	0	0	0	0	0	0	0	0	0	0	0	0	0	0	0	0	0	0	0	0	0	0	0	0	0	0	0	0	0	0	0	0	0	0	0	0	0	0	0	0	0	0	0	0
88	A	T	ORF	S	NULL	0	0	0	0	0	0	0	0	0	0	0	0	0	0	0	0	0	0	0	0	0	0	0	0	0	0	0	0	0	0	0	0	0	0	0	0	0	0	0	0	0	0	0	0	0	0	0	0	0	0	0	0	0	0
89	A	T	ORF	S	NULL	0	0	0	0	0	0	0	0	0	0	0	0	0	0	0	0	0	0	0	0	0	0	0	0	0	0	0	0	0	0	0	0	0	0	0	0	0	0	0	0	0	0	0	0	0	0	0	0	0	0	0	0	0	0
90	A	T	ORF	S	NULL	0	0	0	0	0	0	0	0	0	0	0	0	0	0	0	0	0	0	0	0	0	0	0	0	0	0	0	0	0	0	0	0	0	0	0	0	0	0	0	0	0	0	0	0	0	0	0	0	0	0	0	0	0	0
91	A	T	ORF	S	NULL	0	0	0	0	0	0	0	0	0	0	0	0	0	0	0	0	0	0	0	0	0	0	0	0	0	0	0	0	0	0	0	0	0	0	0	0	0	0	0	0	0	0	0	0	0	0	0	0	0	0	0	0	0	0
92	A	T	ORF	S	NULL	0	0	0	0	0	0	0	0	0	0	0	0	0	0	0	0	0	0	0	0	0	0	0	0	0	0	0	0	0	0	0	0	0	0	0	0	0	0	0	0	0	0	0	0	0	0	0	0	0	0	0	0	0	0
93	A	T	ORF	S	NULL	0	0	0	0	0	0	0	0	0	0	0	0	0	0	0	0	0	0	0	0	0	0	0	0	0	0	0	0	0	0	0	0	0	0	0	0	0	0	0	0	0	0	0	0	0	0	0	0	0	0	0	0	0	0
94	A	T	ORF	S	NULL	0	0	0	0	0	0	0	0	0	0	0	0	0	0	0	0	0	0	0	0	0	0	0	0	0	0	0	0	0	0	0	0	0	0	0	0	0	0	0	0	0	0	0	0	0	0	0	0	0	0	0	0	0	0
95	A	T	ORF	S	NULL	0	0	0	0	0.0002	0.0002	0.919212	0.0002	0.874101	0.0002	0.127762	0.0002	1.00006	0.276093	0.23566	0.0002	0.770047	0.129267	0.95186	0.277525	0.555705	0.386831	0.241434	0.000200013	0.0002	0.408694	0.88842	0.0002	0.495782	0.0002	0.407545	0.674129	0.0002	0.402469	0.0002	0.232421	0.0002	0.0002	0.0140015	0.97215	0.000200006	0.308859	0.0002	0.000200004	0.748153	0.109122	0.940109	0.0002	0.0900523	0.249218	0.777614	0.379956	0.0605889	0.0749346
96	A	T	ORF	S	NULL	0	0	0	0	0	0	0	0	0	0	0	0	0	0	0	0	0	0	0	0	0	0	0	0	0	0	0	0	0	0	0	0	0	0	0	0	0	0	0	0	0	0	0	0	0	0	0	0	0	0	0	0	0	0
97	A	T	ORF	S	NULL	0	0	0	0	0	0	0	0	0	0	0	0	0	0	0	0	0	0	0	0	0	0	0	0	0	0	0	0	0	0	0	0	0	0	0	0	0	0	0	0	0	0	0	0	0	0	0	0	0	0	0	0	0	0
98	A	T	ORF	S	NULL	0	0	0	0	0	0	0	0	0	0	0	0	0	0	0	0	0	0	0	0	0	0	0	0	0	0	0	0	0	0	0	0	0	0	0	0	0	0	0	0	0	0	0	0	0	0	0	0	0	0	0	0	0	0
99	A	T	ORF	S	NULL	0	0	0	0	0.0001	0.0001	0.0001	0.644993	0.0001	0.0001	0.169188	0.635137	0.0001	0.317621	0.0609074	0.0001	0.0001	0.376854	0.0001	0.0001	0.0001	0.00163008	0.0001	0.0001	0.0001	0.00889863	0.0001	0.0001	0.112371	0.0001	0.230126	0.0001	0.0001	0.0001	0.0001	0.0001	0.0249957	0.0001	0.0001	0.0001	0.0001	0.0001	0.999938	0.0001	0.0001	0.0001	0.0001	0.150072	0.0001	0.0001	0.0001	0.200029	0.0001	0.0752264
100	A	T	ORF	S	NULL	0	0	0	0	0	0	0	0	0	0	0	0	0	0	0	0	0	0	0	0	0	0	0	0	0	0	0	0	0	0	0	0	0	0	0	0	0	0	0	0	0	0	0	0	0	0	0	0	0	0	0	0	0	0
