pos	ref	alt	gene	N/S	AA	nSRAsubclonal	nSRAclonal	nSRA	nConsensus	sample0|Earth	sample1|Earth	sample2|Earth	sample3|Earth	sample4|Earth	sample5|Earth	sample6|Earth	sample7|Earth	sample8|Earth	sample9|Earth	sample10|Earth	sample11|Earth	sample12|Earth	sample13|Earth	sample14|Earth	sample15|Earth	sample16|Earth	sample17|Earth	sample18|Earth	sample19|Earth	sample20|Earth	sample21|Earth	sample22|Earth	sample23|Earth	sample24|Earth	sample25|Earth	sample26|Earth	sample27|Earth	sample28|Earth	sample29|Earth	sample30|Earth	sample31|Earth	sample32|Earth	sample33|Earth	sample34|Earth	sample35|Earth	sample36|Earth	sample37|Earth	sample38|Earth	sample39|Earth	sample40|Earth	sample41|Earth	sample42|Earth	sample43|Earth	sample44|Earth	sample45|Earth	sample46|Earth	sample47|Earth	sample48|Earth	sample49|Earth
1	A	T	ORF	S	NULL	0	0	0	0	0.0001	0.0001	0.0001	0.0001	0.0001	0.000100001	0.127076	0.00667103	0.0001	0.0213747	0.238747	0.0001	0.77318	0.00789535	0.162789	0.279934	0.570972	0.017559	0.246123	0.0001	0.0001	0.0741361	0.451216	0.0001	0.0793975	0.0001	0.389952	0.676976	0.0001	0.403945	0.0001	0.0303427	0.0131929	0.0001	0.0001	0.999922	0.0283303	0.0767236	0.0001	0.0001	0.406886	0.0001	0.0001	0.0403614	0.0117208	0.0198732	0.101675	0.0612189	0.0579053	0.0102916
2	A	T	ORF	S	NULL	0	0	0	0	0	0	0	0	0	0	0	0	0	0	0	0	0	0	0	0	0	0	0	0	0	0	0	0	0	0	0	0	0	0	0	0	0	0	0	0	0	0	0	0	0	0	0	0	0	0	0	0	0	0
3	A	T	ORF	S	NULL	0	0	0	0	0.0002	0.0002	0.99922	0.0002	0.874061	0.0002	0.0002	0.00020003	1.00004	0.247071	0.000200028	0.0002	0.0002	0.324197	0.61318	0.0002	0.0002	0.445836	0.000200025	0.872071	0.0002	0.0924989	0.00571775	0.0002	0.0033186	0.0002	0.157012	0.0002	0.0002	0.0002	0.0002	0.00284456	0.000200083	0.0002	0.0140009	0.0002	0.394314	0.612752	0.0002	0.25502	0.00445885	0.99923	0.940065	0.000200291	0.00112843	0.584951	0.00941704	0.0284003	0.900073	0.000827119
4	A	T	ORF	S	NULL	0	0	0	0	0.680952	0.0001	0.0001	0.266935	0.00991635	0.0001	0.631068	0.0001	0.0001	0.0121187	0.0001	0.0001	0.0001	0.0001	0.0001	0.189931	0.0001	0.000890013	0.13151	0.0001	0.0001	0.0001	0.0001	0.0001	0.0001	0.0001	0.0239148	0.0001	0.0001	0.0001	0.0001	0.0001	0.448599	0.888979	0.0140472	0.0001	0.0001	0.0001	0.0001	0.0001	0.0001	0.0001	0.0001	0.0001	0.0001	0.0001	0.0001	0.0001	0.0001	0.19348
5	A	T	ORF	S	NULL	0	0	0	0	0.0001	0.0001	0.0001	0.0001	0.0001	0.0001	0.0001	0.0729743	0.0001	0.206682	0.0631091	0.0001	0.0001	0.0001	0.119732	0.0001	0.0001	0.0750116	0.0589927	0.0001	0.0001	0.448065	0.293576	0.0001	0.430399	0.0001	0.0001	0.0001	0.0001	0.0001	0.0001	0.143816	0.145458	0.0001	0.0001	0.0001	0.309497	0.165353	0.0001	0.0001	0.226591	0.0001	0.0001	0.436626	0.0557442	0.210608	0.481184	0.336733	0.0001	0.0458469
6	A	T	ORF	S	NULL	0	0	0	0	0	0	0	0	0	0	0	0	0	0	0	0	0	0	0	0	0	0	0	0	0	0	0	0	0	0	0	0	0	0	0	0	0	0	0	0	0	0	0	0	0	0	0	0	0	0	0	0	0	0
7	A	T	ORF	S	NULL	0	0	0	0	0.0001	0.0001	0.0001	0.0001	0.0001	0.0001	0.0001	0.0729743	0.0001	0.206682	0.0631091	0.0001	0.0001	0.0001	0.119732	0.0001	0.0001	0.0750116	0.0589927	0.0001	0.0001	0.448065	0.293576	0.0001	0.430399	0.0001	0.0001	0.0001	0.0001	0.0001	0.0001	0.143816	0.145458	0.0001	0.0001	0.0001	0.309497	0.165353	0.0001	0.0001	0.226591	0.0001	0.0001	0.436626	0.0557442	0.210608	0.481184	0.336733	0.0001	0.0458469
8	A	T	ORF	S	NULL	0	0	0	0	0.317946	0.0001	0.0001	0.0001	0.0001	0.999992	0.0001	0.220932	0.0001	0.000911087	0.309945	0.0001	0.145921	0.288934	0.000530744	0.0001	0.0001	0.00034669	0.0001	0.0001	0.0001	0.00589911	0.0001	0.0001	0.0001	0.0001	0.0001	0.321946	0.0001	0.594986	0.0001	0.0369047	0.057908	0.089913	0.0001	0.0001	0.0001	0.000743551	0.0001	0.0001	0.168923	0.0001	0.0001	0.0001	0.737006	0.000885732	0.0001	0.0001	0.0001	0.0001
9	A	T	ORF	S	NULL	0	0	0	0	0	0	0	0	0	0	0	0	0	0	0	0	0	0	0	0	0	0	0	0	0	0	0	0	0	0	0	0	0	0	0	0	0	0	0	0	0	0	0	0	0	0	0	0	0	0	0	0	0	0
10	A	T	ORF	S	NULL	0	0	0	0	0	0	0	0	0	0	0	0	0	0	0	0	0	0	0	0	0	0	0	0	0	0	0	0	0	0	0	0	0	0	0	0	0	0	0	0	0	0	0	0	0	0	0	0	0	0	0	0	0	0
11	A	T	ORF	S	NULL	0	0	0	0	0.000200001	0.999998	0.0002	0.0870268	0.115026	0.000200001	0.194267	0.0403199	0.0002	0.110088	0.347223	0.0002	0.852213	0.00799535	0.162889	0.808922	0.998932	0.234512	0.769927	0.0002	0.0002	0.14661	0.451316	0.0002	0.116605	0.0002	0.581906	0.677076	0.999998	0.404045	0.999998	0.0304427	0.254247	0.000200001	0.0411264	1.00002	0.170247	0.141241	0.0002	0.0002	0.406986	0.0002	0.0590069	0.241353	0.0118208	0.115984	0.101775	0.175922	0.0580053	0.346541
12	A	T	ORF	S	NULL	0	0	0	0	0.0001	0.0001	0.0001	0.645	0.0001	0.0001	0.172875	0.648734	0.0001	0.351476	0.0791966	0.0001	0.0001	0.376951	0.0001	0.0001	0.0001	0.0001	0.011868	0.0001	0.0001	0.0254802	0.0001	0.0001	0.11256	0.0001	0.235941	0.0001	0.0001	0.0001	0.0001	0.0001	0.0518042	0.0001	0.0001	0.0001	0.0572587	0.0256674	0.999918	0.0001	0.0001	0.0001	0.0001	0.2313	0.0001	0.0387935	0.0001	0.19973	0.0001	0.0718194
13	A	T	ORF	S	NULL	0	0	0	0	0	0	0	0	0	0	0	0	0	0	0	0	0	0	0	0	0	0	0	0	0	0	0	0	0	0	0	0	0	0	0	0	0	0	0	0	0	0	0	0	0	0	0	0	0	0	0	0	0	0
14	A	T	ORF	S	NULL	0	0	0	0	0.0001	0.0001	0.0001	0.645	0.0001	0.0001	0.172875	0.648734	0.0001	0.351476	0.0791966	0.0001	0.0001	0.376951	0.0001	0.0001	0.0001	0.0001	0.011868	0.0001	0.0001	0.0254802	0.0001	0.0001	0.11256	0.0001	0.235941	0.0001	0.0001	0.0001	0.0001	0.0001	0.0518042	0.0001	0.0001	0.0001	0.0572587	0.0256674	0.999918	0.0001	0.0001	0.0001	0.0001	0.2313	0.0001	0.0387935	0.0001	0.19973	0.0001	0.0718194
15	A	T	ORF	S	NULL	0	0	0	0	0.0001	0.0001	0.0001	0.0001	0.0001	0.0001	0.000101744	0.0001	0.0001	0.0001	0.178596	0.999979	0.0001	0.0001	0.0001	0.0001	0.0001	0.174162	0.00468605	0.126917	0.999979	0.0001	0.0001	0.999036	0.0133517	0.999036	0.0001	0.0001	0.0001	0.0001	0.0001	0.662989	0.0001	0.0199341	0.929213	0.0001	0.0001	0.0001	0.0001	0.744001	0.0001	0.0001	0.0001	0.0001	0.144919	0.0001	0.0001	0.00842373	0.0409055	0.29645
16	A	T	ORF	S	NULL	0	0	0	0	0	0	0	0	0	0	0	0	0	0	0	0	0	0	0	0	0	0	0	0	0	0	0	0	0	0	0	0	0	0	0	0	0	0	0	0	0	0	0	0	0	0	0	0	0	0	0	0	0	0
17	A	T	ORF	S	NULL	0	0	0	0	0	0	0	0	0	0	0	0	0	0	0	0	0	0	0	0	0	0	0	0	0	0	0	0	0	0	0	0	0	0	0	0	0	0	0	0	0	0	0	0	0	0	0	0	0	0	0	0	0	0
18	A	T	ORF	S	NULL	0	0	0	0	0	0	0	0	0	0	0	0	0	0	0	0	0	0	0	0	0	0	0	0	0	0	0	0	0	0	0	0	0	0	0	0	0	0	0	0	0	0	0	0	0	0	0	0	0	0	0	0	0	0
19	A	T	ORF	S	NULL	0	0	0	0	0	0	0	0	0	0	0	0	0	0	0	0	0	0	0	0	0	0	0	0	0	0	0	0	0	0	0	0	0	0	0	0	0	0	0	0	0	0	0	0	0	0	0	0	0	0	0	0	0	0
20	A	T	ORF	S	NULL	0	0	0	0	0	0	0	0	0	0	0	0	0	0	0	0	0	0	0	0	0	0	0	0	0	0	0	0	0	0	0	0	0	0	0	0	0	0	0	0	0	0	0	0	0	0	0	0	0	0	0	0	0	0
21	A	T	ORF	S	NULL	0	0	0	0	0.000100001	0.999898	0.0001	0.0869268	0.114926	0.0001	0.0671918	0.0336488	0.0001	0.0887134	0.108476	0.0001	0.0790326	0.0001	0.0001	0.528988	0.427959	0.216953	0.523804	0.0001	0.0001	0.0724741	0.0001	0.0001	0.037207	0.0001	0.191954	0.0001	0.999898	0.0001	0.999898	0.0001	0.241055	0.000100001	0.0410264	0.0001	0.141917	0.0645177	0.0001	0.0001	0.0001	0.0001	0.0589069	0.200991	0.0001	0.0961105	0.0001	0.114703	0.0001	0.33625
22	A	T	ORF	S	NULL	0	0	0	0	0.000200001	0.999998	0.0002	0.731927	0.115026	0.0002	0.240067	0.682383	0.0002	0.440189	0.187673	0.0002	0.0791326	0.377051	0.0002	0.529088	0.428059	0.217053	0.535672	0.0002	0.0002	0.0979543	0.0002	0.0002	0.149768	0.0002	0.427895	0.0002	0.999998	0.0002	0.999998	0.0002	0.292859	0.000200001	0.0411264	0.0002	0.199175	0.090185	1.00002	0.0002	0.0002	0.0002	0.0590069	0.432292	0.0002	0.134904	0.0002	0.314433	0.0002	0.408069
23	A	T	ORF	S	NULL	0	0	0	0	0	0	0	0	0	0	0	0	0	0	0	0	0	0	0	0	0	0	0	0	0	0	0	0	0	0	0	0	0	0	0	0	0	0	0	0	0	0	0	0	0	0	0	0	0	0	0	0	0	0
24	A	T	ORF	S	NULL	0	0	0	0	0.0002	0.0002	0.0802498	0.0002	0.0002	0.0002	0.0002	0.0730743	0.0002	0.206782	0.0632092	0.0002	0.0002	0.203257	0.122397	0.0002	0.0002	0.258618	0.0590928	0.872071	0.0002	0.540464	0.299193	0.0002	0.433618	0.0002	0.157012	0.0002	0.0002	0.0002	0.0002	0.14656	0.145558	0.0002	0.0002	0.0002	0.703711	0.567466	0.0002	0.25502	0.230949	0.890321	0.0002	0.436726	0.0567726	0.550487	0.490501	0.365033	0.900073	0.046574
25	A	T	ORF	S	NULL	0	0	0	0	0	0	0	0	0	0	0	0	0	0	0	0	0	0	0	0	0	0	0	0	0	0	0	0	0	0	0	0	0	0	0	0	0	0	0	0	0	0	0	0	0	0	0	0	0	0	0	0	0	0
26	A	T	ORF	S	NULL	0	0	0	0	0.680952	0.0001	0.0001	0.266935	0.00991635	0.0001	0.631068	0.0001	0.0001	0.0121187	0.0001	0.0001	0.0001	0.0001	0.0001	0.189931	0.0001	0.000890013	0.13151	0.0001	0.0001	0.0001	0.0001	0.0001	0.0001	0.0001	0.0239148	0.0001	0.0001	0.0001	0.0001	0.0001	0.448599	0.888979	0.0140472	0.0001	0.0001	0.0001	0.0001	0.0001	0.0001	0.0001	0.0001	0.0001	0.0001	0.0001	0.0001	0.0001	0.0001	0.19348
27	A	T	ORF	S	NULL	0	0	0	0	0	0	0	0	0	0	0	0	0	0	0	0	0	0	0	0	0	0	0	0	0	0	0	0	0	0	0	0	0	0	0	0	0	0	0	0	0	0	0	0	0	0	0	0	0	0	0	0	0	0
28	A	T	ORF	S	NULL	0	0	0	0	0	0	0	0	0	0	0	0	0	0	0	0	0	0	0	0	0	0	0	0	0	0	0	0	0	0	0	0	0	0	0	0	0	0	0	0	0	0	0	0	0	0	0	0	0	0	0	0	0	0
29	A	T	ORF	S	NULL	0	0	0	0	0	0	0	0	0	0	0	0	0	0	0	0	0	0	0	0	0	0	0	0	0	0	0	0	0	0	0	0	0	0	0	0	0	0	0	0	0	0	0	0	0	0	0	0	0	0	0	0	0	0
30	A	T	ORF	S	NULL	0	0	0	0	0.0001	0.0001	0.0001	0.0001	0.0001	0.0001	0.0001	0.0729743	0.0001	0.206682	0.0631091	0.0001	0.0001	0.0001	0.119732	0.0001	0.0001	0.0750116	0.0589927	0.0001	0.0001	0.448065	0.293576	0.0001	0.430399	0.0001	0.0001	0.0001	0.0001	0.0001	0.0001	0.143816	0.145458	0.0001	0.0001	0.0001	0.309497	0.165353	0.0001	0.0001	0.226591	0.0001	0.0001	0.436626	0.0557442	0.210608	0.481184	0.336733	0.0001	0.0458469
31	A	T	ORF	S	NULL	0	0	0	0	0.680952	0.0001	0.0001	0.266935	0.00991635	0.0001	0.631068	0.0001	0.0001	0.0121187	0.0001	0.0001	0.0001	0.0001	0.0001	0.189931	0.0001	0.000890013	0.13151	0.0001	0.0001	0.0001	0.0001	0.0001	0.0001	0.0001	0.0239148	0.0001	0.0001	0.0001	0.0001	0.0001	0.448599	0.888979	0.0140472	0.0001	0.0001	0.0001	0.0001	0.0001	0.0001	0.0001	0.0001	0.0001	0.0001	0.0001	0.0001	0.0001	0.0001	0.19348
32	A	T	ORF	S	NULL	0	0	0	0	0	0	0	0	0	0	0	0	0	0	0	0	0	0	0	0	0	0	0	0	0	0	0	0	0	0	0	0	0	0	0	0	0	0	0	0	0	0	0	0	0	0	0	0	0	0	0	0	0	0
33	A	T	ORF	S	NULL	0	0	0	0	0	0	0	0	0	0	0	0	0	0	0	0	0	0	0	0	0	0	0	0	0	0	0	0	0	0	0	0	0	0	0	0	0	0	0	0	0	0	0	0	0	0	0	0	0	0	0	0	0	0
34	A	T	ORF	S	NULL	0	0	0	0	0.681152	1.0001	0.0003	0.353962	0.124942	0.0003	0.698361	0.0338488	0.0003	0.100932	0.287172	1.00018	0.0792326	0.0003	0.0003	0.719019	0.428159	0.392005	0.66	0.127117	1.00018	0.0726741	0.0003	0.999236	0.0506587	0.999236	0.215969	0.0003	1.0001	0.0003	1.0001	0.663189	0.689754	0.909013	0.984287	0.0003	0.142117	0.0647177	0.0003	0.744201	0.0003	0.0003	0.0591069	0.201191	0.145119	0.0963105	0.0003	0.123227	0.0411055	0.826179
35	A	T	ORF	S	NULL	0	0	0	0	0	0	0	0	0	0	0	0	0	0	0	0	0	0	0	0	0	0	0	0	0	0	0	0	0	0	0	0	0	0	0	0	0	0	0	0	0	0	0	0	0	0	0	0	0	0	0	0	0	0
36	A	T	ORF	S	NULL	0	0	0	0	0	0	0	0	0	0	0	0	0	0	0	0	0	0	0	0	0	0	0	0	0	0	0	0	0	0	0	0	0	0	0	0	0	0	0	0	0	0	0	0	0	0	0	0	0	0	0	0	0	0
37	A	T	ORF	S	NULL	0	0	0	0	0	0	0	0	0	0	0	0	0	0	0	0	0	0	0	0	0	0	0	0	0	0	0	0	0	0	0	0	0	0	0	0	0	0	0	0	0	0	0	0	0	0	0	0	0	0	0	0	0	0
38	A	T	ORF	S	NULL	0	0	0	0	0.0001	0.0001	0.0001	0.0001	0.0001	0.0001	0.0001	0.0729743	0.0001	0.206682	0.0631091	0.0001	0.0001	0.0001	0.119732	0.0001	0.0001	0.0750116	0.0589927	0.0001	0.0001	0.448065	0.293576	0.0001	0.430399	0.0001	0.0001	0.0001	0.0001	0.0001	0.0001	0.143816	0.145458	0.0001	0.0001	0.0001	0.309497	0.165353	0.0001	0.0001	0.226591	0.0001	0.0001	0.436626	0.0557442	0.210608	0.481184	0.336733	0.0001	0.0458469
39	A	T	ORF	S	NULL	0	0	0	0	0.0001	0.0001	0.0001	0.645	0.0001	0.0001	0.172875	0.648734	0.0001	0.351476	0.0791966	0.0001	0.0001	0.376951	0.0001	0.0001	0.0001	0.0001	0.011868	0.0001	0.0001	0.0254802	0.0001	0.0001	0.11256	0.0001	0.235941	0.0001	0.0001	0.0001	0.0001	0.0001	0.0518042	0.0001	0.0001	0.0001	0.0572587	0.0256674	0.999918	0.0001	0.0001	0.0001	0.0001	0.2313	0.0001	0.0387935	0.0001	0.19973	0.0001	0.0718194
40	A	T	ORF	S	NULL	0	0	0	0	0.0001	0.0001	0.91907	0.0001	0.873961	0.0001	0.0001	0.0001	0.999936	0.24697	0.0001	0.0001	0.0001	0.121041	0.610516	0.0001	0.0001	0.262229	0.0001	0.0001	0.0001	0.0001	0.0001	0.0001	0.0001	0.0001	0.0001	0.0001	0.0001	0.0001	0.0001	0.0001	0.0001	0.0001	0.0139009	0.0001	0.0001	0.210638	0.0001	0.0001	0.0001	0.109009	0.939965	0.0001	0.0001	0.245072	0.0001	0.0001	0.0001	0.0001
41	A	T	ORF	S	NULL	0	0	0	0	0	0	0	0	0	0	0	0	0	0	0	0	0	0	0	0	0	0	0	0	0	0	0	0	0	0	0	0	0	0	0	0	0	0	0	0	0	0	0	0	0	0	0	0	0	0	0	0	0	0
42	A	T	ORF	S	NULL	0	0	0	0	0.680952	0.0001	0.0001	0.266935	0.00991635	0.0001	0.631068	0.0001	0.0001	0.0121187	0.0001	0.0001	0.0001	0.0001	0.0001	0.189931	0.0001	0.000890013	0.13151	0.0001	0.0001	0.0001	0.0001	0.0001	0.0001	0.0001	0.0239148	0.0001	0.0001	0.0001	0.0001	0.0001	0.448599	0.888979	0.0140472	0.0001	0.0001	0.0001	0.0001	0.0001	0.0001	0.0001	0.0001	0.0001	0.0001	0.0001	0.0001	0.0001	0.0001	0.19348
43	A	T	ORF	S	NULL	0	0	0	0	0	0	0	0	0	0	0	0	0	0	0	0	0	0	0	0	0	0	0	0	0	0	0	0	0	0	0	0	0	0	0	0	0	0	0	0	0	0	0	0	0	0	0	0	0	0	0	0	0	0
44	A	T	ORF	S	NULL	0	0	0	0	0	0	0	0	0	0	0	0	0	0	0	0	0	0	0	0	0	0	0	0	0	0	0	0	0	0	0	0	0	0	0	0	0	0	0	0	0	0	0	0	0	0	0	0	0	0	0	0	0	0
45	A	T	ORF	S	NULL	0	0	0	0	0	0	0	0	0	0	0	0	0	0	0	0	0	0	0	0	0	0	0	0	0	0	0	0	0	0	0	0	0	0	0	0	0	0	0	0	0	0	0	0	0	0	0	0	0	0	0	0	0	0
46	A	T	ORF	S	NULL	0	0	0	0	0.0001	0.0001	0.0801498	0.0001	0.0001	0.0001	0.0001	0.00010003	0.0001	0.000100382	0.000100028	0.0001	0.0001	0.203157	0.00266471	0.0001	0.0001	0.183606	0.000100025	0.871971	0.0001	0.0923989	0.00561775	0.0001	0.0032186	0.0001	0.156912	0.0001	0.0001	0.0001	0.0001	0.00274456	0.000100083	0.0001	0.0001	0.0001	0.394214	0.402114	0.0001	0.25492	0.00435885	0.890221	0.0001	0.000100291	0.00102843	0.339879	0.00931704	0.0283003	0.899973	0.000727119
47	A	T	ORF	S	NULL	0	0	0	0	0.317946	0.0001	0.0001	0.0001	0.0001	0.999992	0.0001	0.220932	0.0001	0.000911087	0.309945	0.0001	0.145921	0.288934	0.000530744	0.0001	0.0001	0.00034669	0.0001	0.0001	0.0001	0.00589911	0.0001	0.0001	0.0001	0.0001	0.0001	0.321946	0.0001	0.594986	0.0001	0.0369047	0.057908	0.089913	0.0001	0.0001	0.0001	0.000743551	0.0001	0.0001	0.168923	0.0001	0.0001	0.0001	0.737006	0.000885732	0.0001	0.0001	0.0001	0.0001
48	A	T	ORF	S	NULL	0	0	0	0	0	0	0	0	0	0	0	0	0	0	0	0	0	0	0	0	0	0	0	0	0	0	0	0	0	0	0	0	0	0	0	0	0	0	0	0	0	0	0	0	0	0	0	0	0	0	0	0	0	0
49	A	T	ORF	S	NULL	0	0	0	0	0.0001	0.0001	0.0001	0.0001	0.0001	0.0001	0.000101744	0.0001	0.0001	0.0001	0.178596	0.999979	0.0001	0.0001	0.0001	0.0001	0.0001	0.174162	0.00468605	0.126917	0.999979	0.0001	0.0001	0.999036	0.0133517	0.999036	0.0001	0.0001	0.0001	0.0001	0.0001	0.662989	0.0001	0.0199341	0.929213	0.0001	0.0001	0.0001	0.0001	0.744001	0.0001	0.0001	0.0001	0.0001	0.144919	0.0001	0.0001	0.00842373	0.0409055	0.29645
50	A	T	ORF	S	NULL	0	0	0	0	0.000100001	0.999898	0.0001	0.0869268	0.114926	0.0001	0.0671918	0.0336488	0.0001	0.0887134	0.108476	0.0001	0.0790326	0.0001	0.0001	0.528988	0.427959	0.216953	0.523804	0.0001	0.0001	0.0724741	0.0001	0.0001	0.037207	0.0001	0.191954	0.0001	0.999898	0.0001	0.999898	0.0001	0.241055	0.000100001	0.0410264	0.0001	0.141917	0.0645177	0.0001	0.0001	0.0001	0.0001	0.0589069	0.200991	0.0001	0.0961105	0.0001	0.114703	0.0001	0.33625
51	A	T	ORF	S	NULL	0	0	0	0	0.680952	0.0001	0.0001	0.266935	0.00991635	0.0001	0.631068	0.0001	0.0001	0.0121187	0.0001	0.0001	0.0001	0.0001	0.0001	0.189931	0.0001	0.000890013	0.13151	0.0001	0.0001	0.0001	0.0001	0.0001	0.0001	0.0001	0.0239148	0.0001	0.0001	0.0001	0.0001	0.0001	0.448599	0.888979	0.0140472	0.0001	0.0001	0.0001	0.0001	0.0001	0.0001	0.0001	0.0001	0.0001	0.0001	0.0001	0.0001	0.0001	0.0001	0.19348
52	A	T	ORF	S	NULL	0	0	0	0	0	0	0	0	0	0	0	0	0	0	0	0	0	0	0	0	0	0	0	0	0	0	0	0	0	0	0	0	0	0	0	0	0	0	0	0	0	0	0	0	0	0	0	0	0	0	0	0	0	0
53	A	T	ORF	S	NULL	0	0	0	0	0.0001	0.0001	0.0001	0.0001	0.0001	0.0001	0.000101744	0.0001	0.0001	0.0001	0.178596	0.999979	0.0001	0.0001	0.0001	0.0001	0.0001	0.174162	0.00468605	0.126917	0.999979	0.0001	0.0001	0.999036	0.0133517	0.999036	0.0001	0.0001	0.0001	0.0001	0.0001	0.662989	0.0001	0.0199341	0.929213	0.0001	0.0001	0.0001	0.0001	0.744001	0.0001	0.0001	0.0001	0.0001	0.144919	0.0001	0.0001	0.00842373	0.0409055	0.29645
54	A	T	ORF	S	NULL	0	0	0	0	0	0	0	0	0	0	0	0	0	0	0	0	0	0	0	0	0	0	0	0	0	0	0	0	0	0	0	0	0	0	0	0	0	0	0	0	0	0	0	0	0	0	0	0	0	0	0	0	0	0
55	A	T	ORF	S	NULL	0	0	0	0	0	0	0	0	0	0	0	0	0	0	0	0	0	0	0	0	0	0	0	0	0	0	0	0	0	0	0	0	0	0	0	0	0	0	0	0	0	0	0	0	0	0	0	0	0	0	0	0	0	0
56	A	T	ORF	S	NULL	0	0	0	0	0	0	0	0	0	0	0	0	0	0	0	0	0	0	0	0	0	0	0	0	0	0	0	0	0	0	0	0	0	0	0	0	0	0	0	0	0	0	0	0	0	0	0	0	0	0	0	0	0	0
57	A	T	ORF	S	NULL	0	0	0	0	0	0	0	0	0	0	0	0	0	0	0	0	0	0	0	0	0	0	0	0	0	0	0	0	0	0	0	0	0	0	0	0	0	0	0	0	0	0	0	0	0	0	0	0	0	0	0	0	0	0
58	A	T	ORF	S	NULL	0	0	0	0	0	0	0	0	0	0	0	0	0	0	0	0	0	0	0	0	0	0	0	0	0	0	0	0	0	0	0	0	0	0	0	0	0	0	0	0	0	0	0	0	0	0	0	0	0	0	0	0	0	0
59	A	T	ORF	S	NULL	0	0	0	0	0	0	0	0	0	0	0	0	0	0	0	0	0	0	0	0	0	0	0	0	0	0	0	0	0	0	0	0	0	0	0	0	0	0	0	0	0	0	0	0	0	0	0	0	0	0	0	0	0	0
60	A	T	ORF	S	NULL	0	0	0	0	0.317946	0.0001	0.0001	0.0001	0.0001	0.999992	0.0001	0.220932	0.0001	0.000911087	0.309945	0.0001	0.145921	0.288934	0.000530744	0.0001	0.0001	0.00034669	0.0001	0.0001	0.0001	0.00589911	0.0001	0.0001	0.0001	0.0001	0.0001	0.321946	0.0001	0.594986	0.0001	0.0369047	0.057908	0.089913	0.0001	0.0001	0.0001	0.000743551	0.0001	0.0001	0.168923	0.0001	0.0001	0.0001	0.737006	0.000885732	0.0001	0.0001	0.0001	0.0001
61	A	T	ORF	S	NULL	0	0	0	0	0	0	0	0	0	0	0	0	0	0	0	0	0	0	0	0	0	0	0	0	0	0	0	0	0	0	0	0	0	0	0	0	0	0	0	0	0	0	0	0	0	0	0	0	0	0	0	0	0	0
62	A	T	ORF	S	NULL	0	0	0	0	0.0001	0.0001	0.91907	0.0001	0.873961	0.0001	0.0001	0.0001	0.999936	0.24697	0.0001	0.0001	0.0001	0.121041	0.610516	0.0001	0.0001	0.262229	0.0001	0.0001	0.0001	0.0001	0.0001	0.0001	0.0001	0.0001	0.0001	0.0001	0.0001	0.0001	0.0001	0.0001	0.0001	0.0001	0.0139009	0.0001	0.0001	0.210638	0.0001	0.0001	0.0001	0.109009	0.939965	0.0001	0.0001	0.245072	0.0001	0.0001	0.0001	0.0001
63	A	T	ORF	S	NULL	0	0	0	0	0.0001	0.0001	0.91907	0.0001	0.873961	0.0001	0.0001	0.0001	0.999936	0.24697	0.0001	0.0001	0.0001	0.121041	0.610516	0.0001	0.0001	0.262229	0.0001	0.0001	0.0001	0.0001	0.0001	0.0001	0.0001	0.0001	0.0001	0.0001	0.0001	0.0001	0.0001	0.0001	0.0001	0.0001	0.0139009	0.0001	0.0001	0.210638	0.0001	0.0001	0.0001	0.109009	0.939965	0.0001	0.0001	0.245072	0.0001	0.0001	0.0001	0.0001
64	A	T	ORF	S	NULL	0	0	0	0	0	0	0	0	0	0	0	0	0	0	0	0	0	0	0	0	0	0	0	0	0	0	0	0	0	0	0	0	0	0	0	0	0	0	0	0	0	0	0	0	0	0	0	0	0	0	0	0	0	0
65	A	T	ORF	S	NULL	0	0	0	0	0	0	0	0	0	0	0	0	0	0	0	0	0	0	0	0	0	0	0	0	0	0	0	0	0	0	0	0	0	0	0	0	0	0	0	0	0	0	0	0	0	0	0	0	0	0	0	0	0	0
66	A	T	ORF	S	NULL	0	0	0	0	0	0	0	0	0	0	0	0	0	0	0	0	0	0	0	0	0	0	0	0	0	0	0	0	0	0	0	0	0	0	0	0	0	0	0	0	0	0	0	0	0	0	0	0	0	0	0	0	0	0
67	A	T	ORF	S	NULL	0	0	0	0	0	0	0	0	0	0	0	0	0	0	0	0	0	0	0	0	0	0	0	0	0	0	0	0	0	0	0	0	0	0	0	0	0	0	0	0	0	0	0	0	0	0	0	0	0	0	0	0	0	0
68	A	T	ORF	S	NULL	0	0	0	0	0	0	0	0	0	0	0	0	0	0	0	0	0	0	0	0	0	0	0	0	0	0	0	0	0	0	0	0	0	0	0	0	0	0	0	0	0	0	0	0	0	0	0	0	0	0	0	0	0	0
69	A	T	ORF	S	NULL	0	0	0	0	0.000100001	0.999898	0.0001	0.0869268	0.114926	0.0001	0.0671918	0.0336488	0.0001	0.0887134	0.108476	0.0001	0.0790326	0.0001	0.0001	0.528988	0.427959	0.216953	0.523804	0.0001	0.0001	0.0724741	0.0001	0.0001	0.037207	0.0001	0.191954	0.0001	0.999898	0.0001	0.999898	0.0001	0.241055	0.000100001	0.0410264	0.0001	0.141917	0.0645177	0.0001	0.0001	0.0001	0.0001	0.0589069	0.200991	0.0001	0.0961105	0.0001	0.114703	0.0001	0.33625
70	A	T	ORF	S	NULL	0	0	0	0	0	0	0	0	0	0	0	0	0	0	0	0	0	0	0	0	0	0	0	0	0	0	0	0	0	0	0	0	0	0	0	0	0	0	0	0	0	0	0	0	0	0	0	0	0	0	0	0	0	0
71	A	T	ORF	S	NULL	0	0	0	0	0	0	0	0	0	0	0	0	0	0	0	0	0	0	0	0	0	0	0	0	0	0	0	0	0	0	0	0	0	0	0	0	0	0	0	0	0	0	0	0	0	0	0	0	0	0	0	0	0	0
72	A	T	ORF	S	NULL	0	0	0	0	0.0001	0.0001	0.0001	0.0001	0.0001	0.000100001	0.127076	0.00667103	0.0001	0.0213747	0.238747	0.0001	0.77318	0.00789535	0.162789	0.279934	0.570972	0.017559	0.246123	0.0001	0.0001	0.0741361	0.451216	0.0001	0.0793975	0.0001	0.389952	0.676976	0.0001	0.403945	0.0001	0.0303427	0.0131929	0.0001	0.0001	0.999922	0.0283303	0.0767236	0.0001	0.0001	0.406886	0.0001	0.0001	0.0403614	0.0117208	0.0198732	0.101675	0.0612189	0.0579053	0.0102916
73	A	T	ORF	S	NULL	0	0	0	0	0	0	0	0	0	0	0	0	0	0	0	0	0	0	0	0	0	0	0	0	0	0	0	0	0	0	0	0	0	0	0	0	0	0	0	0	0	0	0	0	0	0	0	0	0	0	0	0	0	0
74	A	T	ORF	S	NULL	0	0	0	0	0.0002	0.0002	0.0002	0.6451	0.0002	0.0002	0.172977	0.648834	0.0002	0.351576	0.257792	1.00008	0.0002	0.377051	0.0002	0.0002	0.0002	0.174262	0.0165541	0.127017	1.00008	0.0255802	0.0002	0.999136	0.125912	0.999136	0.236041	0.0002	0.0002	0.0002	0.0002	0.663089	0.0519042	0.0200341	0.929313	0.0002	0.0573587	0.0257674	1.00002	0.744101	0.0002	0.0002	0.0002	0.2314	0.145019	0.0388935	0.0002	0.208153	0.0410055	0.368269
75	A	T	ORF	S	NULL	0	0	0	0	0.0002	0.0002	0.91917	0.0002	0.874061	0.0002	0.0002	0.0730743	1.00004	0.453652	0.0632091	0.0002	0.0002	0.121141	0.730248	0.0002	0.0002	0.337241	0.0590927	0.0002	0.0002	0.448165	0.293676	0.0002	0.430499	0.0002	0.0002	0.0002	0.0002	0.0002	0.0002	0.143916	0.145558	0.0002	0.0140009	0.0002	0.309597	0.375991	0.0002	0.0002	0.226691	0.109109	0.940065	0.436726	0.0558442	0.45568	0.481284	0.336833	0.0002	0.0459469
76	A	T	ORF	S	NULL	0	0	0	0	0.0001	0.0001	0.91907	0.0001	0.873961	0.0001	0.0001	0.0001	0.999936	0.24697	0.0001	0.0001	0.0001	0.121041	0.610516	0.0001	0.0001	0.262229	0.0001	0.0001	0.0001	0.0001	0.0001	0.0001	0.0001	0.0001	0.0001	0.0001	0.0001	0.0001	0.0001	0.0001	0.0001	0.0001	0.0139009	0.0001	0.0001	0.210638	0.0001	0.0001	0.0001	0.109009	0.939965	0.0001	0.0001	0.245072	0.0001	0.0001	0.0001	0.0001
77	A	T	ORF	S	NULL	0	0	0	0	0.0001	0.0001	0.0001	0.0001	0.0001	0.0001	0.0001	0.0729743	0.0001	0.206682	0.0631091	0.0001	0.0001	0.0001	0.119732	0.0001	0.0001	0.0750116	0.0589927	0.0001	0.0001	0.448065	0.293576	0.0001	0.430399	0.0001	0.0001	0.0001	0.0001	0.0001	0.0001	0.143816	0.145458	0.0001	0.0001	0.0001	0.309497	0.165353	0.0001	0.0001	0.226591	0.0001	0.0001	0.436626	0.0557442	0.210608	0.481184	0.336733	0.0001	0.0458469
78	A	T	ORF	S	NULL	0	0	0	0	0	0	0	0	0	0	0	0	0	0	0	0	0	0	0	0	0	0	0	0	0	0	0	0	0	0	0	0	0	0	0	0	0	0	0	0	0	0	0	0	0	0	0	0	0	0	0	0	0	0
79	A	T	ORF	S	NULL	0	0	0	0	0.0001	0.0001	0.0001	0.0001	0.0001	0.0001	0.0001	0.0729743	0.0001	0.206682	0.0631091	0.0001	0.0001	0.0001	0.119732	0.0001	0.0001	0.0750116	0.0589927	0.0001	0.0001	0.448065	0.293576	0.0001	0.430399	0.0001	0.0001	0.0001	0.0001	0.0001	0.0001	0.143816	0.145458	0.0001	0.0001	0.0001	0.309497	0.165353	0.0001	0.0001	0.226591	0.0001	0.0001	0.436626	0.0557442	0.210608	0.481184	0.336733	0.0001	0.0458469
80	A	T	ORF	S	NULL	0	0	0	0	0.000100001	0.999898	0.0001	0.0869268	0.114926	0.0001	0.0671918	0.0336488	0.0001	0.0887134	0.108476	0.0001	0.0790326	0.0001	0.0001	0.528988	0.427959	0.216953	0.523804	0.0001	0.0001	0.0724741	0.0001	0.0001	0.037207	0.0001	0.191954	0.0001	0.999898	0.0001	0.999898	0.0001	0.241055	0.000100001	0.0410264	0.0001	0.141917	0.0645177	0.0001	0.0001	0.0001	0.0001	0.0589069	0.200991	0.0001	0.0961105	0.0001	0.114703	0.0001	0.33625
81	A	T	ORF	S	NULL	0	0	0	0	0.0002	0.0002	0.0802498	0.0002	0.0002	0.0002	0.0002	0.0730743	0.0002	0.206782	0.0632092	0.0002	0.0002	0.203257	0.122397	0.0002	0.0002	0.258618	0.0590928	0.872071	0.0002	0.540464	0.299193	0.0002	0.433618	0.0002	0.157012	0.0002	0.0002	0.0002	0.0002	0.14656	0.145558	0.0002	0.0002	0.0002	0.703711	0.567466	0.0002	0.25502	0.230949	0.890321	0.0002	0.436726	0.0567726	0.550487	0.490501	0.365033	0.900073	0.046574
82	A	T	ORF	S	NULL	0	0	0	0	0.0001	0.0001	0.0001	0.0001	0.0001	0.000100001	0.127076	0.00667103	0.0001	0.0213747	0.238747	0.0001	0.77318	0.00789535	0.162789	0.279934	0.570972	0.017559	0.246123	0.0001	0.0001	0.0741361	0.451216	0.0001	0.0793975	0.0001	0.389952	0.676976	0.0001	0.403945	0.0001	0.0303427	0.0131929	0.0001	0.0001	0.999922	0.0283303	0.0767236	0.0001	0.0001	0.406886	0.0001	0.0001	0.0403614	0.0117208	0.0198732	0.101675	0.0612189	0.0579053	0.0102916
83	A	T	ORF	S	NULL	0	0	0	0	0	0	0	0	0	0	0	0	0	0	0	0	0	0	0	0	0	0	0	0	0	0	0	0	0	0	0	0	0	0	0	0	0	0	0	0	0	0	0	0	0	0	0	0	0	0	0	0	0	0
84	A	T	ORF	S	NULL	0	0	0	0	0.318046	0.0002	0.91917	0.0002	0.874061	1.00009	0.0002	0.221032	1.00004	0.247881	0.310045	0.0002	0.146021	0.409974	0.611046	0.0002	0.0002	0.262576	0.0002	0.0002	0.0002	0.00599911	0.0002	0.0002	0.0002	0.0002	0.0002	0.322046	0.0002	0.595086	0.0002	0.0370047	0.058008	0.090013	0.0140009	0.0002	0.0002	0.211382	0.0002	0.0002	0.169023	0.109109	0.940065	0.0002	0.737106	0.245957	0.0002	0.0002	0.0002	0.0002
85	A	T	ORF	S	NULL	0	0	0	0	0	0	0	0	0	0	0	0	0	0	0	0	0	0	0	0	0	0	0	0	0	0	0	0	0	0	0	0	0	0	0	0	0	0	0	0	0	0	0	0	0	0	0	0	0	0	0	0	0	0
86	A	T	ORF	S	NULL	0	0	0	0	0	0	0	0	0	0	0	0	0	0	0	0	0	0	0	0	0	0	0	0	0	0	0	0	0	0	0	0	0	0	0	0	0	0	0	0	0	0	0	0	0	0	0	0	0	0	0	0	0	0
87	A	T	ORF	S	NULL	0	0	0	0	0	0	0	0	0	0	0	0	0	0	0	0	0	0	0	0	0	0	0	0	0	0	0	0	0	0	0	0	0	0	0	0	0	0	0	0	0	0	0	0	0	0	0	0	0	0	0	0	0	0
88	A	T	ORF	S	NULL	0	0	0	0	0	0	0	0	0	0	0	0	0	0	0	0	0	0	0	0	0	0	0	0	0	0	0	0	0	0	0	0	0	0	0	0	0	0	0	0	0	0	0	0	0	0	0	0	0	0	0	0	0	0
89	A	T	ORF	S	NULL	0	0	0	0	0	0	0	0	0	0	0	0	0	0	0	0	0	0	0	0	0	0	0	0	0	0	0	0	0	0	0	0	0	0	0	0	0	0	0	0	0	0	0	0	0	0	0	0	0	0	0	0	0	0
90	A	T	ORF	S	NULL	0	0	0	0	0	0	0	0	0	0	0	0	0	0	0	0	0	0	0	0	0	0	0	0	0	0	0	0	0	0	0	0	0	0	0	0	0	0	0	0	0	0	0	0	0	0	0	0	0	0	0	0	0	0
91	A	T	ORF	S	NULL	0	0	0	0	0	0	0	0	0	0	0	0	0	0	0	0	0	0	0	0	0	0	0	0	0	0	0	0	0	0	0	0	0	0	0	0	0	0	0	0	0	0	0	0	0	0	0	0	0	0	0	0	0	0
92	A	T	ORF	S	NULL	0	0	0	0	0	0	0	0	0	0	0	0	0	0	0	0	0	0	0	0	0	0	0	0	0	0	0	0	0	0	0	0	0	0	0	0	0	0	0	0	0	0	0	0	0	0	0	0	0	0	0	0	0	0
93	A	T	ORF	S	NULL	0	0	0	0	0	0	0	0	0	0	0	0	0	0	0	0	0	0	0	0	0	0	0	0	0	0	0	0	0	0	0	0	0	0	0	0	0	0	0	0	0	0	0	0	0	0	0	0	0	0	0	0	0	0
94	A	T	ORF	S	NULL	0	0	0	0	0	0	0	0	0	0	0	0	0	0	0	0	0	0	0	0	0	0	0	0	0	0	0	0	0	0	0	0	0	0	0	0	0	0	0	0	0	0	0	0	0	0	0	0	0	0	0	0	0	0
95	A	T	ORF	S	NULL	0	0	0	0	0.0003	0.0003	0.91927	0.0003	0.874161	0.000300001	0.127276	0.0797453	1.00014	0.475027	0.301956	0.0003	0.77338	0.129036	0.893036	0.280134	0.571172	0.3548	0.305215	0.0003	0.0003	0.522302	0.744891	0.0003	0.509897	0.0003	0.390152	0.677176	0.0003	0.404145	0.0003	0.174259	0.158751	0.0003	0.0141009	1.00012	0.337927	0.452714	0.0003	0.0003	0.633576	0.109209	0.940165	0.477087	0.067565	0.475553	0.58296	0.398052	0.0581053	0.0562385
96	A	T	ORF	S	NULL	0	0	0	0	0	0	0	0	0	0	0	0	0	0	0	0	0	0	0	0	0	0	0	0	0	0	0	0	0	0	0	0	0	0	0	0	0	0	0	0	0	0	0	0	0	0	0	0	0	0	0	0	0	0
97	A	T	ORF	S	NULL	0	0	0	0	0	0	0	0	0	0	0	0	0	0	0	0	0	0	0	0	0	0	0	0	0	0	0	0	0	0	0	0	0	0	0	0	0	0	0	0	0	0	0	0	0	0	0	0	0	0	0	0	0	0
98	A	T	ORF	S	NULL	0	0	0	0	0	0	0	0	0	0	0	0	0	0	0	0	0	0	0	0	0	0	0	0	0	0	0	0	0	0	0	0	0	0	0	0	0	0	0	0	0	0	0	0	0	0	0	0	0	0	0	0	0	0
99	A	T	ORF	S	NULL	0	0	0	0	0.0001	0.0001	0.0001	0.645	0.0001	0.0001	0.172875	0.648734	0.0001	0.351476	0.0791966	0.0001	0.0001	0.376951	0.0001	0.0001	0.0001	0.0001	0.011868	0.0001	0.0001	0.0254802	0.0001	0.0001	0.11256	0.0001	0.235941	0.0001	0.0001	0.0001	0.0001	0.0001	0.0518042	0.0001	0.0001	0.0001	0.0572587	0.0256674	0.999918	0.0001	0.0001	0.0001	0.0001	0.2313	0.0001	0.0387935	0.0001	0.19973	0.0001	0.0718194
100	A	T	ORF	S	NULL	0	0	0	0	0	0	0	0	0	0	0	0	0	0	0	0	0	0	0	0	0	0	0	0	0	0	0	0	0	0	0	0	0	0	0	0	0	0	0	0	0	0	0	0	0	0	0	0	0	0	0	0	0	0
