pos	ref	alt	gene	N/S	AA	nSRAsubclonal	nSRAclonal	nSRA	nConsensus	sample0|Earth	sample1|Earth	sample2|Earth	sample3|Earth	sample4|Earth	sample5|Earth	sample6|Earth	sample7|Earth	sample8|Earth	sample9|Earth	sample10|Earth	sample11|Earth	sample12|Earth	sample13|Earth	sample14|Earth	sample15|Earth	sample16|Earth	sample17|Earth	sample18|Earth	sample19|Earth	sample20|Earth	sample21|Earth	sample22|Earth	sample23|Earth	sample24|Earth	sample25|Earth	sample26|Earth	sample27|Earth	sample28|Earth	sample29|Earth	sample30|Earth	sample31|Earth	sample32|Earth	sample33|Earth	sample34|Earth	sample35|Earth	sample36|Earth	sample37|Earth	sample38|Earth	sample39|Earth	sample40|Earth	sample41|Earth	sample42|Earth	sample43|Earth	sample44|Earth	sample45|Earth	sample46|Earth	sample47|Earth	sample48|Earth	sample49|Earth
1	A	T	ORF	S	NULL	0	0	0	0	0	0	0	0	0	0	0	0	0	0	0	0	0	0	0	0	0	0	0	0	0	0	0	0	0	0	0	0	0	0	0	0	0	0	0	0	0	0	0	0	0	0	0	0	0	0	0	0	0	0
2	A	T	ORF	S	NULL	0	0	0	0	0	0	0	0	0	0	0	0	0	0	0	0	0	0	0	0	0	0	0	0	0	0	0	0	0	0	0	0	0	0	0	0	0	0	0	0	0	0	0	0	0	0	0	0	0	0	0	0	0	0
3	A	T	ORF	S	NULL	0	0	0	0	0	0	0	0	0	0	0	0	0	0	0	0	0	0	0	0	0	0	0	0	0	0	0	0	0	0	0	0	0	0	0	0	0	0	0	0	0	0	0	0	0	0	0	0	0	0	0	0	0	0
4	A	T	ORF	S	NULL	0	0	0	0	0	0	0	0	0	0	0	0	0	0	0	0	0	0	0	0	0	0	0	0	0	0	0	0	0	0	0	0	0	0	0	0	0	0	0	0	0	0	0	0	0	0	0	0	0	0	0	0	0	0
5	A	T	ORF	S	NULL	0	0	0	0	0	0	0	0	0	0	0	0	0	0	0	0	0	0	0	0	0	0	0	0	0	0	0	0	0	0	0	0	0	0	0	0	0	0	0	0	0	0	0	0	0	0	0	0	0	0	0	0	0	0
6	A	T	ORF	S	NULL	0	0	0	0	0	0	0	0	0	0	0	0	0	0	0	0	0	0	0	0	0	0	0	0	0	0	0	0	0	0	0	0	0	0	0	0	0	0	0	0	0	0	0	0	0	0	0	0	0	0	0	0	0	0
7	A	T	ORF	S	NULL	0	0	0	0	0	0	0	0	0	0	0	0	0	0	0	0	0	0	0	0	0	0	0	0	0	0	0	0	0	0	0	0	0	0	0	0	0	0	0	0	0	0	0	0	0	0	0	0	0	0	0	0	0	0
8	A	T	ORF	S	NULL	0	0	0	0	0	0	0	0	0	0	0	0	0	0	0	0	0	0	0	0	0	0	0	0	0	0	0	0	0	0	0	0	0	0	0	0	0	0	0	0	0	0	0	0	0	0	0	0	0	0	0	0	0	0
9	A	T	ORF	S	NULL	0	0	0	0	0	0	0	0	0	0	0	0	0	0	0	0	0	0	0	0	0	0	0	0	0	0	0	0	0	0	0	0	0	0	0	0	0	0	0	0	0	0	0	0	0	0	0	0	0	0	0	0	0	0
10	A	T	ORF	S	NULL	0	0	0	0	0	0	0	0	0	0	0	0	0	0	0	0	0	0	0	0	0	0	0	0	0	0	0	0	0	0	0	0	0	0	0	0	0	0	0	0	0	0	0	0	0	0	0	0	0	0	0	0	0	0
11	A	T	ORF	S	NULL	0	0	0	0	0.0001	0.267586	0.506776	0.0001	0.0001	0.269926	0.0001	0.000100001	0.257925	0.0001	0.0001	0.0599036	0.0001	0.0909093	0.242926	0.0001	0.000100001	0.161847	0.0001	0.000100028	0.0001	0.000100068	0.0001	0.0001	0.0001	0.0001	0.0001	0.381937	0.000100035	0.0001	0.0001	0.0001	0.0001	0.0001	0.112857	0.0001	0.000100048	0.0689066	0.0001	0.0453238	0.0001	0.527421	0.505948	0.000100001	0.000100089	0.160741	0.0001	0.000100006	0.0001	0.0001
12	A	T	ORF	S	NULL	0	0	0	0	0	0	0	0	0	0	0	0	0	0	0	0	0	0	0	0	0	0	0	0	0	0	0	0	0	0	0	0	0	0	0	0	0	0	0	0	0	0	0	0	0	0	0	0	0	0	0	0	0	0
13	A	T	ORF	S	NULL	0	0	0	0	0	0	0	0	0	0	0	0	0	0	0	0	0	0	0	0	0	0	0	0	0	0	0	0	0	0	0	0	0	0	0	0	0	0	0	0	0	0	0	0	0	0	0	0	0	0	0	0	0	0
14	A	T	ORF	S	NULL	0	0	0	0	0	0	0	0	0	0	0	0	0	0	0	0	0	0	0	0	0	0	0	0	0	0	0	0	0	0	0	0	0	0	0	0	0	0	0	0	0	0	0	0	0	0	0	0	0	0	0	0	0	0
15	A	T	ORF	S	NULL	0	0	0	0	0.0131749	0.0273287	0.35897	0.169693	0.00167565	0.17692	0.169139	0.301934	0.0001	0.999913	0.0001	0.102719	0.0001	0.908002	0.0001	0.0001	0.0001	0.0001	0.0295314	0.429285	0.779993	0.0216788	0.0001	0.566793	0.205923	0.683973	0.954072	0.0001	0.0121713	0.0001	0.0001	0.0001	0.356939	0.015902	0.152381	0.0979113	0.0235304	0.0001	0.273931	0.042684	0.0001	0.0001	0.0001	0.385947	0.0934125	0.398113	0.0001	0.282208	0.0001	0.593062
16	A	T	ORF	S	NULL	0	0	0	0	0.0264725	0.0001	0.0001	0.0259872	0.00256579	0.0001	0.184681	0.0001	0.0001	0.0001	0.0001	0.136739	0.0001	0.0001	0.0689086	0.0001	0.0001	0.0948478	0.0592119	0.00331954	0.0001	0.0001	0.51396	0.0394713	0.0001	0.0001	0.00849185	0.0001	0.0001	0.0001	0.0001	0.32494	0.0001	0.0279276	0.0029795	0.0259042	0.0001	0.805978	0.0001	0.0001	0.0001	0.0001	0.0001	0.0001	0.467214	0.0001	0.226929	0.104554	0.0001	0.406142
17	A	T	ORF	S	NULL	0	0	0	0	0.852933	0.0001	0.0001	0.0001	0.0001	0.276923	0.0001	0.223917	0.0001	0.0001	0.000100006	0.0001	0.869202	0.0001	0.0001	0.0001	0.0001	0.0001	0.0001	0.0001	0.0001	0.795399	0.0001	0.0001	0.0001	0.0001	0.0001	0.548285	0.0422179	0.0131303	0.218939	0.673948	0.00590032	0.599906	0.0001	0.270942	0.0001	0.0001	0.187914	0.0001	0.0001	0.0001	0.0001	0.0001	0.0173377	0.0001	0.0001	0.199368	0.0001	0.0001
18	A	T	ORF	S	NULL	0	0	0	0	0.0001	0.0307502	0.0217711	0.16792	0.0001	0.0001	0.0001	0.0001	0.0001	0.0001	0.999949	0.282926	0.130068	0.0001	0.685977	0.0179013	0.189923	0.00677651	0.206891	0.0176657	0.0001	0.0252427	0.484958	0.0001	0.0001	0.0001	0.000146481	0.067993	0.0141801	0.725178	0.180932	0.0001	0.0001	0.0001	0.00499484	0.0359173	0.0001	0.0001	0.0001	0.0565989	0.999949	0.0584662	0.0001	0.0001	0.0289892	0.136158	0.543967	0.00595329	0.55309	0.0001
19	A	T	ORF	S	NULL	0	0	0	0	0.0131749	0.0273287	0.35897	0.169693	0.00167565	0.17692	0.169139	0.301934	0.0001	0.999913	0.0001	0.102719	0.0001	0.908002	0.0001	0.0001	0.0001	0.0001	0.0295314	0.429285	0.779993	0.0216788	0.0001	0.566793	0.205923	0.683973	0.954072	0.0001	0.0121713	0.0001	0.0001	0.0001	0.356939	0.015902	0.152381	0.0979113	0.0235304	0.0001	0.273931	0.042684	0.0001	0.0001	0.0001	0.385947	0.0934125	0.398113	0.0001	0.282208	0.0001	0.593062
20	A	T	ORF	S	NULL	0	0	0	0	0	0	0	0	0	0	0	0	0	0	0	0	0	0	0	0	0	0	0	0	0	0	0	0	0	0	0	0	0	0	0	0	0	0	0	0	0	0	0	0	0	0	0	0	0	0	0	0	0	0
21	A	T	ORF	S	NULL	0	0	0	0	0.0001	0.267586	0.506776	0.0001	0.0001	0.269926	0.0001	0.000100001	0.257925	0.0001	0.0001	0.0599036	0.0001	0.0909093	0.242926	0.0001	0.000100001	0.161847	0.0001	0.000100028	0.0001	0.000100068	0.0001	0.0001	0.0001	0.0001	0.0001	0.381937	0.000100035	0.0001	0.0001	0.0001	0.0001	0.0001	0.112857	0.0001	0.000100048	0.0689066	0.0001	0.0453238	0.0001	0.527421	0.505948	0.000100001	0.000100089	0.160741	0.0001	0.000100006	0.0001	0.0001
22	A	T	ORF	S	NULL	0	0	0	0	0.0001	0.481569	0.0001	0.324931	0.983991	0.0001	0.0906888	0.0001	0.0001	0.0001	0.0001	0.164231	0.0001	0.0001	0.0001	0.980994	0.188916	0.0895372	0.129152	0.0001	0.0001	0.0001	0.0001	0.0001	0.0001	0.0001	0.0001	0.0001	0.311649	0.0281717	0.598957	0.0001	0.51995	0.0001	0.459878	0.251921	0.0001	0.0001	0.0001	0.177323	0.0001	0.0001	0.492947	0.0001	0.00128592	0.0001	0.226919	0.366824	0.0001	0.0001
23	A	T	ORF	S	NULL	0	0	0	0	0.0131749	0.0273287	0.35897	0.169693	0.00167565	0.17692	0.169139	0.301934	0.0001	0.999913	0.0001	0.102719	0.0001	0.908002	0.0001	0.0001	0.0001	0.0001	0.0295314	0.429285	0.779993	0.0216788	0.0001	0.566793	0.205923	0.683973	0.954072	0.0001	0.0121713	0.0001	0.0001	0.0001	0.356939	0.015902	0.152381	0.0979113	0.0235304	0.0001	0.273931	0.042684	0.0001	0.0001	0.0001	0.385947	0.0934125	0.398113	0.0001	0.282208	0.0001	0.593062
24	A	T	ORF	S	NULL	0	0	0	0	0	0	0	0	0	0	0	0	0	0	0	0	0	0	0	0	0	0	0	0	0	0	0	0	0	0	0	0	0	0	0	0	0	0	0	0	0	0	0	0	0	0	0	0	0	0	0	0	0	0
25	A	T	ORF	S	NULL	0	0	0	0	0	0	0	0	0	0	0	0	0	0	0	0	0	0	0	0	0	0	0	0	0	0	0	0	0	0	0	0	0	0	0	0	0	0	0	0	0	0	0	0	0	0	0	0	0	0	0	0	0	0
26	A	T	ORF	S	NULL	0	0	0	0	0.0001	0.267586	0.506776	0.0001	0.0001	0.269926	0.0001	0.000100001	0.257925	0.0001	0.0001	0.0599036	0.0001	0.0909093	0.242926	0.0001	0.000100001	0.161847	0.0001	0.000100028	0.0001	0.000100068	0.0001	0.0001	0.0001	0.0001	0.0001	0.381937	0.000100035	0.0001	0.0001	0.0001	0.0001	0.0001	0.112857	0.0001	0.000100048	0.0689066	0.0001	0.0453238	0.0001	0.527421	0.505948	0.000100001	0.000100089	0.160741	0.0001	0.000100006	0.0001	0.0001
27	A	T	ORF	S	NULL	0	0	0	0	0	0	0	0	0	0	0	0	0	0	0	0	0	0	0	0	0	0	0	0	0	0	0	0	0	0	0	0	0	0	0	0	0	0	0	0	0	0	0	0	0	0	0	0	0	0	0	0	0	0
28	A	T	ORF	S	NULL	0	0	0	0	0	0	0	0	0	0	0	0	0	0	0	0	0	0	0	0	0	0	0	0	0	0	0	0	0	0	0	0	0	0	0	0	0	0	0	0	0	0	0	0	0	0	0	0	0	0	0	0	0	0
29	A	T	ORF	S	NULL	0	0	0	0	0.0002	0.0308502	0.0218711	0.399858	0.0002	0.274025	0.0002	0.0002	0.0002	0.0002	1.00005	0.519994	0.130168	0.0002	0.686077	0.0180013	0.190023	0.595624	0.436927	0.444465	0.219018	0.0253427	0.485058	0.274	0.793067	0.315026	0.000246482	0.068093	0.0142801	0.956388	0.181032	0.0002	0.0002	0.241998	0.2159	0.133825	0.0002	0.0002	0.303029	0.0777894	1.00005	0.0585662	0.0002	0.0002	0.154643	0.136258	0.544067	0.00605329	0.999191	0.0002
30	A	T	ORF	S	NULL	0	0	0	0	0.0001	0.0001	0.0001	0.231938	0.0001	0.273925	0.0001	0.0001	0.0001	0.0001	0.0001	0.237067	0.0001	0.0001	0.0001	0.0001	0.0001	0.588847	0.230035	0.426799	0.218918	0.0001	0.0001	0.2739	0.792967	0.314926	0.0001	0.0001	0.0001	0.23121	0.0001	0.0001	0.0001	0.241898	0.210905	0.0979073	0.0001	0.0001	0.302929	0.0211905	0.000100001	0.0001	0.0001	0.0001	0.125654	0.0001	0.0001	0.0001	0.446101	0.0001
31	A	T	ORF	S	NULL	0	0	0	0	0	0	0	0	0	0	0	0	0	0	0	0	0	0	0	0	0	0	0	0	0	0	0	0	0	0	0	0	0	0	0	0	0	0	0	0	0	0	0	0	0	0	0	0	0	0	0	0	0	0
32	A	T	ORF	S	NULL	0	0	0	0	0	0	0	0	0	0	0	0	0	0	0	0	0	0	0	0	0	0	0	0	0	0	0	0	0	0	0	0	0	0	0	0	0	0	0	0	0	0	0	0	0	0	0	0	0	0	0	0	0	0
33	A	T	ORF	S	NULL	0	0	0	0	0.0001	0.0001	0.0001	0.231938	0.0001	0.273925	0.0001	0.0001	0.0001	0.0001	0.0001	0.237067	0.0001	0.0001	0.0001	0.0001	0.0001	0.588847	0.230035	0.426799	0.218918	0.0001	0.0001	0.2739	0.792967	0.314926	0.0001	0.0001	0.0001	0.23121	0.0001	0.0001	0.0001	0.241898	0.210905	0.0979073	0.0001	0.0001	0.302929	0.0211905	0.000100001	0.0001	0.0001	0.0001	0.125654	0.0001	0.0001	0.0001	0.446101	0.0001
34	A	T	ORF	S	NULL	0	0	0	0	0.0001	0.0001	0.0001	0.231938	0.0001	0.273925	0.0001	0.0001	0.0001	0.0001	0.0001	0.237067	0.0001	0.0001	0.0001	0.0001	0.0001	0.588847	0.230035	0.426799	0.218918	0.0001	0.0001	0.2739	0.792967	0.314926	0.0001	0.0001	0.0001	0.23121	0.0001	0.0001	0.0001	0.241898	0.210905	0.0979073	0.0001	0.0001	0.302929	0.0211905	0.000100001	0.0001	0.0001	0.0001	0.125654	0.0001	0.0001	0.0001	0.446101	0.0001
35	A	T	ORF	S	NULL	0	0	0	0	0	0	0	0	0	0	0	0	0	0	0	0	0	0	0	0	0	0	0	0	0	0	0	0	0	0	0	0	0	0	0	0	0	0	0	0	0	0	0	0	0	0	0	0	0	0	0	0	0	0
36	A	T	ORF	S	NULL	0	0	0	0	0.0131749	0.0273287	0.35897	0.169693	0.00167565	0.17692	0.169139	0.301934	0.0001	0.999913	0.0001	0.102719	0.0001	0.908002	0.0001	0.0001	0.0001	0.0001	0.0295314	0.429285	0.779993	0.0216788	0.0001	0.566793	0.205923	0.683973	0.954072	0.0001	0.0121713	0.0001	0.0001	0.0001	0.356939	0.015902	0.152381	0.0979113	0.0235304	0.0001	0.273931	0.042684	0.0001	0.0001	0.0001	0.385947	0.0934125	0.398113	0.0001	0.282208	0.0001	0.593062
37	A	T	ORF	S	NULL	0	0	0	0	0.0131749	0.0273287	0.35897	0.169693	0.00167565	0.17692	0.169139	0.301934	0.0001	0.999913	0.0001	0.102719	0.0001	0.908002	0.0001	0.0001	0.0001	0.0001	0.0295314	0.429285	0.779993	0.0216788	0.0001	0.566793	0.205923	0.683973	0.954072	0.0001	0.0121713	0.0001	0.0001	0.0001	0.356939	0.015902	0.152381	0.0979113	0.0235304	0.0001	0.273931	0.042684	0.0001	0.0001	0.0001	0.385947	0.0934125	0.398113	0.0001	0.282208	0.0001	0.593062
38	A	T	ORF	S	NULL	0	0	0	0	0	0	0	0	0	0	0	0	0	0	0	0	0	0	0	0	0	0	0	0	0	0	0	0	0	0	0	0	0	0	0	0	0	0	0	0	0	0	0	0	0	0	0	0	0	0	0	0	0	0
39	A	T	ORF	S	NULL	0	0	0	0	0	0	0	0	0	0	0	0	0	0	0	0	0	0	0	0	0	0	0	0	0	0	0	0	0	0	0	0	0	0	0	0	0	0	0	0	0	0	0	0	0	0	0	0	0	0	0	0	0	0
40	A	T	ORF	S	NULL	0	0	0	0	0.0002	0.481669	0.0002	0.325031	0.984091	0.0002	0.0907888	0.0002	0.0002	0.0002	0.0002	0.164331	0.0002	0.0002	0.0002	0.981094	0.189016	0.0896372	0.129252	0.0002	0.0002	0.0002	0.0002	0.0002	0.0002	0.0002	0.000206106	0.0002	0.311749	0.0282717	0.599057	0.0002	0.52106	0.0002	0.459979	0.252021	0.0002	0.0002	0.0002	0.531049	0.0002	0.000200001	0.493421	0.0002	0.00138592	0.0002	0.227019	0.366924	0.0002	0.0002
41	A	T	ORF	S	NULL	0	0	0	0	0.0264725	0.0001	0.0001	0.0259872	0.00256579	0.0001	0.184681	0.0001	0.0001	0.0001	0.0001	0.136739	0.0001	0.0001	0.0689086	0.0001	0.0001	0.0948478	0.0592119	0.00331954	0.0001	0.0001	0.51396	0.0394713	0.0001	0.0001	0.00849185	0.0001	0.0001	0.0001	0.0001	0.32494	0.0001	0.0279276	0.0029795	0.0259042	0.0001	0.805978	0.0001	0.0001	0.0001	0.0001	0.0001	0.0001	0.467214	0.0001	0.226929	0.104554	0.0001	0.406142
42	A	T	ORF	S	NULL	0	0	0	0	0	0	0	0	0	0	0	0	0	0	0	0	0	0	0	0	0	0	0	0	0	0	0	0	0	0	0	0	0	0	0	0	0	0	0	0	0	0	0	0	0	0	0	0	0	0	0	0	0	0
43	A	T	ORF	S	NULL	0	0	0	0	0	0	0	0	0	0	0	0	0	0	0	0	0	0	0	0	0	0	0	0	0	0	0	0	0	0	0	0	0	0	0	0	0	0	0	0	0	0	0	0	0	0	0	0	0	0	0	0	0	0
44	A	T	ORF	S	NULL	0	0	0	0	0	0	0	0	0	0	0	0	0	0	0	0	0	0	0	0	0	0	0	0	0	0	0	0	0	0	0	0	0	0	0	0	0	0	0	0	0	0	0	0	0	0	0	0	0	0	0	0	0	0
45	A	T	ORF	S	NULL	0	0	0	0	0	0	0	0	0	0	0	0	0	0	0	0	0	0	0	0	0	0	0	0	0	0	0	0	0	0	0	0	0	0	0	0	0	0	0	0	0	0	0	0	0	0	0	0	0	0	0	0	0	0
46	A	T	ORF	S	NULL	0	0	0	0	0.0001	0.0307502	0.0217711	0.16792	0.0001	0.0001	0.0001	0.0001	0.0001	0.0001	0.999949	0.282926	0.130068	0.0001	0.685977	0.0179013	0.189923	0.00677651	0.206891	0.0176657	0.0001	0.0252427	0.484958	0.0001	0.0001	0.0001	0.000146481	0.067993	0.0141801	0.725178	0.180932	0.0001	0.0001	0.0001	0.00499484	0.0359173	0.0001	0.0001	0.0001	0.0565989	0.999949	0.0584662	0.0001	0.0001	0.0289892	0.136158	0.543967	0.00595329	0.55309	0.0001
47	A	T	ORF	S	NULL	0	0	0	0	0.0131749	0.0273287	0.35897	0.169693	0.00167565	0.17692	0.169139	0.301934	0.0001	0.999913	0.0001	0.102719	0.0001	0.908002	0.0001	0.0001	0.0001	0.0001	0.0295314	0.429285	0.779993	0.0216788	0.0001	0.566793	0.205923	0.683973	0.954072	0.0001	0.0121713	0.0001	0.0001	0.0001	0.356939	0.015902	0.152381	0.0979113	0.0235304	0.0001	0.273931	0.042684	0.0001	0.0001	0.0001	0.385947	0.0934125	0.398113	0.0001	0.282208	0.0001	0.593062
48	A	T	ORF	S	NULL	0	0	0	0	0.0001	0.0307502	0.0217711	0.16792	0.0001	0.0001	0.0001	0.0001	0.0001	0.0001	0.999949	0.282926	0.130068	0.0001	0.685977	0.0179013	0.189923	0.00677651	0.206891	0.0176657	0.0001	0.0252427	0.484958	0.0001	0.0001	0.0001	0.000146481	0.067993	0.0141801	0.725178	0.180932	0.0001	0.0001	0.0001	0.00499484	0.0359173	0.0001	0.0001	0.0001	0.0565989	0.999949	0.0584662	0.0001	0.0001	0.0289892	0.136158	0.543967	0.00595329	0.55309	0.0001
49	A	T	ORF	S	NULL	0	0	0	0	0.0001	0.000100002	0.0001	0.0001	0.0001	0.0001	0.0699725	0.472932	0.740951	0.0001	0.0001	0.0001	0.0001	0.0001	0.0001	0.0001	0.619942	0.0001	0.105637	0.0001	0.0001	0.000100001	0.0001	0.0001	0.0001	0.0001	0.0001	0.0001	0.529372	0.0001	0.0001	0.0001	0.115908	0.000103723	0.0001	0.212914	0.807992	0.122908	0.232917	0.000100006	0.0001	0.000100016	0.000474874	0.612942	0.0506333	0.185122	0.0001	0.0001	0.0001	0.0001
50	A	T	ORF	S	NULL	0	0	0	0	0	0	0	0	0	0	0	0	0	0	0	0	0	0	0	0	0	0	0	0	0	0	0	0	0	0	0	0	0	0	0	0	0	0	0	0	0	0	0	0	0	0	0	0	0	0	0	0	0	0
51	A	T	ORF	S	NULL	0	0	0	0	0	0	0	0	0	0	0	0	0	0	0	0	0	0	0	0	0	0	0	0	0	0	0	0	0	0	0	0	0	0	0	0	0	0	0	0	0	0	0	0	0	0	0	0	0	0	0	0	0	0
52	A	T	ORF	S	NULL	0	0	0	0	0	0	0	0	0	0	0	0	0	0	0	0	0	0	0	0	0	0	0	0	0	0	0	0	0	0	0	0	0	0	0	0	0	0	0	0	0	0	0	0	0	0	0	0	0	0	0	0	0	0
53	A	T	ORF	S	NULL	0	0	0	0	0.0001	0.0307502	0.0217711	0.16792	0.0001	0.0001	0.0001	0.0001	0.0001	0.0001	0.999949	0.282926	0.130068	0.0001	0.685977	0.0179013	0.189923	0.00677651	0.206891	0.0176657	0.0001	0.0252427	0.484958	0.0001	0.0001	0.0001	0.000146481	0.067993	0.0141801	0.725178	0.180932	0.0001	0.0001	0.0001	0.00499484	0.0359173	0.0001	0.0001	0.0001	0.0565989	0.999949	0.0584662	0.0001	0.0001	0.0289892	0.136158	0.543967	0.00595329	0.55309	0.0001
54	A	T	ORF	S	NULL	0	0	0	0	0.0264725	0.0001	0.0001	0.0259872	0.00256579	0.0001	0.184681	0.0001	0.0001	0.0001	0.0001	0.136739	0.0001	0.0001	0.0689086	0.0001	0.0001	0.0948478	0.0592119	0.00331954	0.0001	0.0001	0.51396	0.0394713	0.0001	0.0001	0.00849185	0.0001	0.0001	0.0001	0.0001	0.32494	0.0001	0.0279276	0.0029795	0.0259042	0.0001	0.805978	0.0001	0.0001	0.0001	0.0001	0.0001	0.0001	0.467214	0.0001	0.226929	0.104554	0.0001	0.406142
55	A	T	ORF	S	NULL	0	0	0	0	0	0	0	0	0	0	0	0	0	0	0	0	0	0	0	0	0	0	0	0	0	0	0	0	0	0	0	0	0	0	0	0	0	0	0	0	0	0	0	0	0	0	0	0	0	0	0	0	0	0
56	A	T	ORF	S	NULL	0	0	0	0	0	0	0	0	0	0	0	0	0	0	0	0	0	0	0	0	0	0	0	0	0	0	0	0	0	0	0	0	0	0	0	0	0	0	0	0	0	0	0	0	0	0	0	0	0	0	0	0	0	0
57	A	T	ORF	S	NULL	0	0	0	0	0	0	0	0	0	0	0	0	0	0	0	0	0	0	0	0	0	0	0	0	0	0	0	0	0	0	0	0	0	0	0	0	0	0	0	0	0	0	0	0	0	0	0	0	0	0	0	0	0	0
58	A	T	ORF	S	NULL	0	0	0	0	0	0	0	0	0	0	0	0	0	0	0	0	0	0	0	0	0	0	0	0	0	0	0	0	0	0	0	0	0	0	0	0	0	0	0	0	0	0	0	0	0	0	0	0	0	0	0	0	0	0
59	A	T	ORF	S	NULL	0	0	0	0	0	0	0	0	0	0	0	0	0	0	0	0	0	0	0	0	0	0	0	0	0	0	0	0	0	0	0	0	0	0	0	0	0	0	0	0	0	0	0	0	0	0	0	0	0	0	0	0	0	0
60	A	T	ORF	S	NULL	0	0	0	0	0	0	0	0	0	0	0	0	0	0	0	0	0	0	0	0	0	0	0	0	0	0	0	0	0	0	0	0	0	0	0	0	0	0	0	0	0	0	0	0	0	0	0	0	0	0	0	0	0	0
61	A	T	ORF	S	NULL	0	0	0	0	0.0264725	0.0001	0.0001	0.0259872	0.00256579	0.0001	0.184681	0.0001	0.0001	0.0001	0.0001	0.136739	0.0001	0.0001	0.0689086	0.0001	0.0001	0.0948478	0.0592119	0.00331954	0.0001	0.0001	0.51396	0.0394713	0.0001	0.0001	0.00849185	0.0001	0.0001	0.0001	0.0001	0.32494	0.0001	0.0279276	0.0029795	0.0259042	0.0001	0.805978	0.0001	0.0001	0.0001	0.0001	0.0001	0.0001	0.467214	0.0001	0.226929	0.104554	0.0001	0.406142
62	A	T	ORF	S	NULL	0	0	0	0	0	0	0	0	0	0	0	0	0	0	0	0	0	0	0	0	0	0	0	0	0	0	0	0	0	0	0	0	0	0	0	0	0	0	0	0	0	0	0	0	0	0	0	0	0	0	0	0	0	0
63	A	T	ORF	S	NULL	0	0	0	0	0.0001	0.0307502	0.0217711	0.16792	0.0001	0.0001	0.0001	0.0001	0.0001	0.0001	0.999949	0.282926	0.130068	0.0001	0.685977	0.0179013	0.189923	0.00677651	0.206891	0.0176657	0.0001	0.0252427	0.484958	0.0001	0.0001	0.0001	0.000146481	0.067993	0.0141801	0.725178	0.180932	0.0001	0.0001	0.0001	0.00499484	0.0359173	0.0001	0.0001	0.0001	0.0565989	0.999949	0.0584662	0.0001	0.0001	0.0289892	0.136158	0.543967	0.00595329	0.55309	0.0001
64	A	T	ORF	S	NULL	0	0	0	0	0	0	0	0	0	0	0	0	0	0	0	0	0	0	0	0	0	0	0	0	0	0	0	0	0	0	0	0	0	0	0	0	0	0	0	0	0	0	0	0	0	0	0	0	0	0	0	0	0	0
65	A	T	ORF	S	NULL	0	0	0	0	0	0	0	0	0	0	0	0	0	0	0	0	0	0	0	0	0	0	0	0	0	0	0	0	0	0	0	0	0	0	0	0	0	0	0	0	0	0	0	0	0	0	0	0	0	0	0	0	0	0
66	A	T	ORF	S	NULL	0	0	0	0	0.0131749	0.0273287	0.35897	0.169693	0.00167565	0.17692	0.169139	0.301934	0.0001	0.999913	0.0001	0.102719	0.0001	0.908002	0.0001	0.0001	0.0001	0.0001	0.0295314	0.429285	0.779993	0.0216788	0.0001	0.566793	0.205923	0.683973	0.954072	0.0001	0.0121713	0.0001	0.0001	0.0001	0.356939	0.015902	0.152381	0.0979113	0.0235304	0.0001	0.273931	0.042684	0.0001	0.0001	0.0001	0.385947	0.0934125	0.398113	0.0001	0.282208	0.0001	0.593062
67	A	T	ORF	S	NULL	0	0	0	0	0	0	0	0	0	0	0	0	0	0	0	0	0	0	0	0	0	0	0	0	0	0	0	0	0	0	0	0	0	0	0	0	0	0	0	0	0	0	0	0	0	0	0	0	0	0	0	0	0	0
68	A	T	ORF	S	NULL	0	0	0	0	0	0	0	0	0	0	0	0	0	0	0	0	0	0	0	0	0	0	0	0	0	0	0	0	0	0	0	0	0	0	0	0	0	0	0	0	0	0	0	0	0	0	0	0	0	0	0	0	0	0
69	A	T	ORF	S	NULL	0	0	0	0	0	0	0	0	0	0	0	0	0	0	0	0	0	0	0	0	0	0	0	0	0	0	0	0	0	0	0	0	0	0	0	0	0	0	0	0	0	0	0	0	0	0	0	0	0	0	0	0	0	0
70	A	T	ORF	S	NULL	0	0	0	0	0.0131749	0.0273287	0.35897	0.169693	0.00167565	0.17692	0.169139	0.301934	0.0001	0.999913	0.0001	0.102719	0.0001	0.908002	0.0001	0.0001	0.0001	0.0001	0.0295314	0.429285	0.779993	0.0216788	0.0001	0.566793	0.205923	0.683973	0.954072	0.0001	0.0121713	0.0001	0.0001	0.0001	0.356939	0.015902	0.152381	0.0979113	0.0235304	0.0001	0.273931	0.042684	0.0001	0.0001	0.0001	0.385947	0.0934125	0.398113	0.0001	0.282208	0.0001	0.593062
71	A	T	ORF	S	NULL	0	0	0	0	0	0	0	0	0	0	0	0	0	0	0	0	0	0	0	0	0	0	0	0	0	0	0	0	0	0	0	0	0	0	0	0	0	0	0	0	0	0	0	0	0	0	0	0	0	0	0	0	0	0
72	A	T	ORF	S	NULL	0	0	0	0	0.0396474	0.0274287	0.35907	0.19568	0.00424144	0.17702	0.353821	0.302034	0.0002	1.00001	0.0002	0.239458	0.0002	0.908102	0.0690086	0.0002	0.0002	0.0949478	0.0887433	0.432604	0.780093	0.0217788	0.51406	0.606264	0.206023	0.684073	0.962564	0.0002	0.0122713	0.0002	0.0002	0.32504	0.357039	0.0438296	0.155361	0.123816	0.0236304	0.806078	0.274031	0.042784	0.0002	0.0002	0.0002	0.386047	0.560627	0.398213	0.227029	0.386761	0.0002	0.999205
73	A	T	ORF	S	NULL	0	0	0	0	0	0	0	0	0	0	0	0	0	0	0	0	0	0	0	0	0	0	0	0	0	0	0	0	0	0	0	0	0	0	0	0	0	0	0	0	0	0	0	0	0	0	0	0	0	0	0	0	0	0
74	A	T	ORF	S	NULL	0	0	0	0	0	0	0	0	0	0	0	0	0	0	0	0	0	0	0	0	0	0	0	0	0	0	0	0	0	0	0	0	0	0	0	0	0	0	0	0	0	0	0	0	0	0	0	0	0	0	0	0	0	0
75	A	T	ORF	S	NULL	0	0	0	0	0	0	0	0	0	0	0	0	0	0	0	0	0	0	0	0	0	0	0	0	0	0	0	0	0	0	0	0	0	0	0	0	0	0	0	0	0	0	0	0	0	0	0	0	0	0	0	0	0	0
76	A	T	ORF	S	NULL	0	0	0	0	0	0	0	0	0	0	0	0	0	0	0	0	0	0	0	0	0	0	0	0	0	0	0	0	0	0	0	0	0	0	0	0	0	0	0	0	0	0	0	0	0	0	0	0	0	0	0	0	0	0
77	A	T	ORF	S	NULL	0	0	0	0	0	0	0	0	0	0	0	0	0	0	0	0	0	0	0	0	0	0	0	0	0	0	0	0	0	0	0	0	0	0	0	0	0	0	0	0	0	0	0	0	0	0	0	0	0	0	0	0	0	0
78	A	T	ORF	S	NULL	0	0	0	0	0.0001	0.0307502	0.0217711	0.16792	0.0001	0.0001	0.0001	0.0001	0.0001	0.0001	0.999949	0.282926	0.130068	0.0001	0.685977	0.0179013	0.189923	0.00677651	0.206891	0.0176657	0.0001	0.0252427	0.484958	0.0001	0.0001	0.0001	0.000146481	0.067993	0.0141801	0.725178	0.180932	0.0001	0.0001	0.0001	0.00499484	0.0359173	0.0001	0.0001	0.0001	0.0565989	0.999949	0.0584662	0.0001	0.0001	0.0289892	0.136158	0.543967	0.00595329	0.55309	0.0001
79	A	T	ORF	S	NULL	0	0	0	0	0	0	0	0	0	0	0	0	0	0	0	0	0	0	0	0	0	0	0	0	0	0	0	0	0	0	0	0	0	0	0	0	0	0	0	0	0	0	0	0	0	0	0	0	0	0	0	0	0	0
80	A	T	ORF	S	NULL	0	0	0	0	0	0	0	0	0	0	0	0	0	0	0	0	0	0	0	0	0	0	0	0	0	0	0	0	0	0	0	0	0	0	0	0	0	0	0	0	0	0	0	0	0	0	0	0	0	0	0	0	0	0
81	A	T	ORF	S	NULL	0	0	0	0	0.852933	0.0001	0.0001	0.0001	0.0001	0.276923	0.0001	0.223917	0.0001	0.0001	0.000100006	0.0001	0.869202	0.0001	0.0001	0.0001	0.0001	0.0001	0.0001	0.0001	0.0001	0.795399	0.0001	0.0001	0.0001	0.0001	0.0001	0.548285	0.0422179	0.0131303	0.218939	0.673948	0.00590032	0.599906	0.0001	0.270942	0.0001	0.0001	0.187914	0.0001	0.0001	0.0001	0.0001	0.0001	0.0173377	0.0001	0.0001	0.199368	0.0001	0.0001
82	A	T	ORF	S	NULL	0	0	0	0	0	0	0	0	0	0	0	0	0	0	0	0	0	0	0	0	0	0	0	0	0	0	0	0	0	0	0	0	0	0	0	0	0	0	0	0	0	0	0	0	0	0	0	0	0	0	0	0	0	0
83	A	T	ORF	S	NULL	0	0	0	0	0	0	0	0	0	0	0	0	0	0	0	0	0	0	0	0	0	0	0	0	0	0	0	0	0	0	0	0	0	0	0	0	0	0	0	0	0	0	0	0	0	0	0	0	0	0	0	0	0	0
84	A	T	ORF	S	NULL	0	0	0	0	0	0	0	0	0	0	0	0	0	0	0	0	0	0	0	0	0	0	0	0	0	0	0	0	0	0	0	0	0	0	0	0	0	0	0	0	0	0	0	0	0	0	0	0	0	0	0	0	0	0
85	A	T	ORF	S	NULL	0	0	0	0	0.0001	0.0001	0.0001	0.231938	0.0001	0.273925	0.0001	0.0001	0.0001	0.0001	0.0001	0.237067	0.0001	0.0001	0.0001	0.0001	0.0001	0.588847	0.230035	0.426799	0.218918	0.0001	0.0001	0.2739	0.792967	0.314926	0.0001	0.0001	0.0001	0.23121	0.0001	0.0001	0.0001	0.241898	0.210905	0.0979073	0.0001	0.0001	0.302929	0.0211905	0.000100001	0.0001	0.0001	0.0001	0.125654	0.0001	0.0001	0.0001	0.446101	0.0001
86	A	T	ORF	S	NULL	0	0	0	0	0.0001	0.267586	0.506776	0.0001	0.0001	0.269926	0.0001	0.000100001	0.257925	0.0001	0.0001	0.0599036	0.0001	0.0909093	0.242926	0.0001	0.000100001	0.161847	0.0001	0.000100028	0.0001	0.000100068	0.0001	0.0001	0.0001	0.0001	0.0001	0.381937	0.000100035	0.0001	0.0001	0.0001	0.0001	0.0001	0.112857	0.0001	0.000100048	0.0689066	0.0001	0.0453238	0.0001	0.527421	0.505948	0.000100001	0.000100089	0.160741	0.0001	0.000100006	0.0001	0.0001
87	A	T	ORF	S	NULL	0	0	0	0	0.852933	0.0001	0.0001	0.0001	0.0001	0.276923	0.0001	0.223917	0.0001	0.0001	0.000100006	0.0001	0.869202	0.0001	0.0001	0.0001	0.0001	0.0001	0.0001	0.0001	0.0001	0.795399	0.0001	0.0001	0.0001	0.0001	0.0001	0.548285	0.0422179	0.0131303	0.218939	0.673948	0.00590032	0.599906	0.0001	0.270942	0.0001	0.0001	0.187914	0.0001	0.0001	0.0001	0.0001	0.0001	0.0173377	0.0001	0.0001	0.199368	0.0001	0.0001
88	A	T	ORF	S	NULL	0	0	0	0	0.0002	0.481669	0.0002	0.556868	0.984091	0.274025	0.0907888	0.0002	0.0002	0.0002	0.0002	0.401299	0.0002	0.0002	0.0002	0.981094	0.189016	0.678385	0.359187	0.426899	0.219018	0.0002	0.0002	0.274	0.793067	0.315026	0.0002	0.0002	0.311749	0.259382	0.599057	0.0002	0.52005	0.241998	0.670783	0.349829	0.0002	0.0002	0.303029	0.198514	0.000200001	0.0002	0.493047	0.0002	0.12694	0.0002	0.227019	0.366924	0.446201	0.0002
89	A	T	ORF	S	NULL	0	0	0	0	0	0	0	0	0	0	0	0	0	0	0	0	0	0	0	0	0	0	0	0	0	0	0	0	0	0	0	0	0	0	0	0	0	0	0	0	0	0	0	0	0	0	0	0	0	0	0	0	0	0
90	A	T	ORF	S	NULL	0	0	0	0	0	0	0	0	0	0	0	0	0	0	0	0	0	0	0	0	0	0	0	0	0	0	0	0	0	0	0	0	0	0	0	0	0	0	0	0	0	0	0	0	0	0	0	0	0	0	0	0	0	0
91	A	T	ORF	S	NULL	0	0	0	0	0	0	0	0	0	0	0	0	0	0	0	0	0	0	0	0	0	0	0	0	0	0	0	0	0	0	0	0	0	0	0	0	0	0	0	0	0	0	0	0	0	0	0	0	0	0	0	0	0	0
92	A	T	ORF	S	NULL	0	0	0	0	0	0	0	0	0	0	0	0	0	0	0	0	0	0	0	0	0	0	0	0	0	0	0	0	0	0	0	0	0	0	0	0	0	0	0	0	0	0	0	0	0	0	0	0	0	0	0	0	0	0
93	A	T	ORF	S	NULL	0	0	0	0	0	0	0	0	0	0	0	0	0	0	0	0	0	0	0	0	0	0	0	0	0	0	0	0	0	0	0	0	0	0	0	0	0	0	0	0	0	0	0	0	0	0	0	0	0	0	0	0	0	0
94	A	T	ORF	S	NULL	0	0	0	0	0	0	0	0	0	0	0	0	0	0	0	0	0	0	0	0	0	0	0	0	0	0	0	0	0	0	0	0	0	0	0	0	0	0	0	0	0	0	0	0	0	0	0	0	0	0	0	0	0	0
95	A	T	ORF	S	NULL	0	0	0	0	0.853033	0.0308502	0.0218711	0.16802	0.0002	0.277023	0.0002	0.224017	0.0002	0.0002	1.00005	0.283026	0.99927	0.0002	0.686077	0.0180013	0.190023	0.00687651	0.206991	0.0177657	0.0002	0.820642	0.485058	0.0002	0.0002	0.0002	0.000246481	0.616278	0.056398	0.738308	0.399871	0.674048	0.00600032	0.600006	0.00509484	0.306859	0.0002	0.0002	0.188014	0.0566989	1.00005	0.0585662	0.0002	0.0002	0.0463269	0.136258	0.544067	0.205321	0.55319	0.0002
96	A	T	ORF	S	NULL	0	0	0	0	0	0	0	0	0	0	0	0	0	0	0	0	0	0	0	0	0	0	0	0	0	0	0	0	0	0	0	0	0	0	0	0	0	0	0	0	0	0	0	0	0	0	0	0	0	0	0	0	0	0
97	A	T	ORF	S	NULL	0	0	0	0	0.0001	0.0307502	0.0217711	0.16792	0.0001	0.0001	0.0001	0.0001	0.0001	0.0001	0.999949	0.282926	0.130068	0.0001	0.685977	0.0179013	0.189923	0.00677651	0.206891	0.0176657	0.0001	0.0252427	0.484958	0.0001	0.0001	0.0001	0.000146481	0.067993	0.0141801	0.725178	0.180932	0.0001	0.0001	0.0001	0.00499484	0.0359173	0.0001	0.0001	0.0001	0.0565989	0.999949	0.0584662	0.0001	0.0001	0.0289892	0.136158	0.543967	0.00595329	0.55309	0.0001
98	A	T	ORF	S	NULL	0	0	0	0	0	0	0	0	0	0	0	0	0	0	0	0	0	0	0	0	0	0	0	0	0	0	0	0	0	0	0	0	0	0	0	0	0	0	0	0	0	0	0	0	0	0	0	0	0	0	0	0	0	0
99	A	T	ORF	S	NULL	0	0	0	0	0	0	0	0	0	0	0	0	0	0	0	0	0	0	0	0	0	0	0	0	0	0	0	0	0	0	0	0	0	0	0	0	0	0	0	0	0	0	0	0	0	0	0	0	0	0	0	0	0	0
100	A	T	ORF	S	NULL	0	0	0	0	0	0	0	0	0	0	0	0	0	0	0	0	0	0	0	0	0	0	0	0	0	0	0	0	0	0	0	0	0	0	0	0	0	0	0	0	0	0	0	0	0	0	0	0	0	0	0	0	0	0
