pos	ref	alt	gene	N/S	AA	nSRAsubclonal	nSRAclonal	nSRA	nConsensus	sample0|Earth	sample1|Earth	sample2|Earth	sample3|Earth	sample4|Earth	sample5|Earth	sample6|Earth	sample7|Earth	sample8|Earth	sample9|Earth	sample10|Earth	sample11|Earth	sample12|Earth	sample13|Earth	sample14|Earth	sample15|Earth	sample16|Earth	sample17|Earth	sample18|Earth	sample19|Earth	sample20|Earth	sample21|Earth	sample22|Earth	sample23|Earth	sample24|Earth	sample25|Earth	sample26|Earth	sample27|Earth	sample28|Earth	sample29|Earth	sample30|Earth	sample31|Earth	sample32|Earth	sample33|Earth	sample34|Earth	sample35|Earth	sample36|Earth	sample37|Earth	sample38|Earth	sample39|Earth	sample40|Earth	sample41|Earth	sample42|Earth	sample43|Earth	sample44|Earth	sample45|Earth	sample46|Earth	sample47|Earth	sample48|Earth	sample49|Earth
1	A	T	ORF	S	NULL	0	0	0	0	0	0	0	0	0	0	0	0	0	0	0	0	0	0	0	0	0	0	0	0	0	0	0	0	0	0	0	0	0	0	0	0	0	0	0	0	0	0	0	0	0	0	0	0	0	0	0	0	0	0
2	A	T	ORF	S	NULL	0	0	0	0	0	0	0	0	0	0	0	0	0	0	0	0	0	0	0	0	0	0	0	0	0	0	0	0	0	0	0	0	0	0	0	0	0	0	0	0	0	0	0	0	0	0	0	0	0	0	0	0	0	0
3	A	T	ORF	S	NULL	0	0	0	0	0	0	0	0	0	0	0	0	0	0	0	0	0	0	0	0	0	0	0	0	0	0	0	0	0	0	0	0	0	0	0	0	0	0	0	0	0	0	0	0	0	0	0	0	0	0	0	0	0	0
4	A	T	ORF	S	NULL	0	0	0	0	0	0	0	0	0	0	0	0	0	0	0	0	0	0	0	0	0	0	0	0	0	0	0	0	0	0	0	0	0	0	0	0	0	0	0	0	0	0	0	0	0	0	0	0	0	0	0	0	0	0
5	A	T	ORF	S	NULL	0	0	0	0	0	0	0	0	0	0	0	0	0	0	0	0	0	0	0	0	0	0	0	0	0	0	0	0	0	0	0	0	0	0	0	0	0	0	0	0	0	0	0	0	0	0	0	0	0	0	0	0	0	0
6	A	T	ORF	S	NULL	0	0	0	0	0	0	0	0	0	0	0	0	0	0	0	0	0	0	0	0	0	0	0	0	0	0	0	0	0	0	0	0	0	0	0	0	0	0	0	0	0	0	0	0	0	0	0	0	0	0	0	0	0	0
7	A	T	ORF	S	NULL	0	0	0	0	0.135257	0.0001	0.0001	0.107014	0.0142138	0.0001	0.75284	0.0001	0.0001	0.0001	0.0001	0.019482	0.0001	0.0001	0.0001	0.0001	0.0001	0.0001	0.317101	0.0348977	0.0001	0.0001	0.0001	0.157866	0.0001	0.0001	0.0445141	0.0001	0.0001	0.0001	0.0001	0.0001	0.0001	0.146886	0.0168991	0.00189963	0.0001	0.0001	0.0001	0.0001	0.0001	0.0001	0.0001	0.0001	0.0001	0.0001	0.0001	0.0001	0.0001	0.0001
8	A	T	ORF	S	NULL	0	0	0	0	0	0	0	0	0	0	0	0	0	0	0	0	0	0	0	0	0	0	0	0	0	0	0	0	0	0	0	0	0	0	0	0	0	0	0	0	0	0	0	0	0	0	0	0	0	0	0	0	0	0
9	A	T	ORF	S	NULL	0	0	0	0	0	0	0	0	0	0	0	0	0	0	0	0	0	0	0	0	0	0	0	0	0	0	0	0	0	0	0	0	0	0	0	0	0	0	0	0	0	0	0	0	0	0	0	0	0	0	0	0	0	0
10	A	T	ORF	S	NULL	0	0	0	0	0	0	0	0	0	0	0	0	0	0	0	0	0	0	0	0	0	0	0	0	0	0	0	0	0	0	0	0	0	0	0	0	0	0	0	0	0	0	0	0	0	0	0	0	0	0	0	0	0	0
11	A	T	ORF	S	NULL	0	0	0	0	0.0001	0.270915	0.508587	0.0001	0.0001	0.269751	0.0001	0.0001	0.257757	0.0001	0.0001	0.0593424	0.0001	0.0908486	0.242766	0.0001	0.0001	0.162588	0.0001	0.00149223	0.0001	0.00241096	0.0001	0.0001	0.0001	0.0001	0.0001	0.38169	0.00131402	0.0001	0.0001	0.0001	0.0001	0.0001	0.11341	0.0001	0.00232178	0.0688608	0.0001	0.0508091	0.0001	0.533618	0.505621	0.0001	0.00308693	0.1628	0.0001	0.000504615	0.0001	0.0001
12	A	T	ORF	S	NULL	0	0	0	0	0	0	0	0	0	0	0	0	0	0	0	0	0	0	0	0	0	0	0	0	0	0	0	0	0	0	0	0	0	0	0	0	0	0	0	0	0	0	0	0	0	0	0	0	0	0	0	0	0	0
13	A	T	ORF	S	NULL	0	0	0	0	0	0	0	0	0	0	0	0	0	0	0	0	0	0	0	0	0	0	0	0	0	0	0	0	0	0	0	0	0	0	0	0	0	0	0	0	0	0	0	0	0	0	0	0	0	0	0	0	0	0
14	A	T	ORF	S	NULL	0	0	0	0	0	0	0	0	0	0	0	0	0	0	0	0	0	0	0	0	0	0	0	0	0	0	0	0	0	0	0	0	0	0	0	0	0	0	0	0	0	0	0	0	0	0	0	0	0	0	0	0	0	0
15	A	T	ORF	S	NULL	0	0	0	0	0.00834035	0.027437	0.354126	0.167613	0.000959285	0.1769	0.148786	0.301934	0.0001	0.999903	0.0001	0.102633	0.0001	0.907997	0.0001	0.0001	0.0001	0.00682735	0.025539	0.429343	0.779988	0.0217886	0.0001	0.561318	0.205922	0.683977	0.950707	0.0001	0.0122327	0.0001	0.0001	0.0001	0.35694	0.0099897	0.156668	0.0982827	0.021011	0.0001	0.27393	0.0428969	0.0001	0.0521983	0.0001	0.385943	0.0935253	0.393265	0.0001	0.281485	0.0001	0.593063
16	A	T	ORF	S	NULL	0	0	0	0	0.0167831	0.0001	0.0001	0.0152887	0.00202189	0.000101495	0.0976545	0.0001	0.0001	0.0001	0.0001	0.135371	0.0001	0.000100001	0.0689079	0.0001	0.0001	0.0935428	0.0511823	0.00343091	0.0001	0.0001	0.51396	0.0186003	0.0001	0.0001	0.00477876	0.0001	0.0001	0.0001	0.0001	0.324937	0.0001	0.020082	0.00216625	0.0266466	0.0001	0.805994	0.0001	0.0001	0.0001	0.0001	0.0001	0.0001	0.467445	0.0001	0.226926	0.105016	0.0001	0.406138
17	A	T	ORF	S	NULL	0	0	0	0	0.83962	0.0001	0.0001	0.0001	0.0001	0.276911	0.000100001	0.223909	0.0001	0.0001	0.0001	0.0001	0.869186	0.0001	0.000102404	0.0001	0.0001	0.0001	0.000100001	0.0001	0.0001	0.796325	0.0001	0.0001	0.0001	0.0001	0.0001	0.54818	0.042753	0.0131285	0.218932	0.673926	0.00590015	0.588646	0.0001	0.270932	0.0001	0.0001	0.187907	0.0001	0.0001	0.0001	0.0001	0.0001	0.0176306	0.0001	0.0001	0.199588	0.0001	0.0001
18	A	T	ORF	S	NULL	0	0	0	0	0.0001	0.0274352	0.0169731	0.164984	0.0001	0.0001	0.0001	0.0001	0.0001	0.0001	0.999959	0.282719	0.130011	0.0001	0.685974	0.0179004	0.189925	0.00679812	0.202606	0.0140748	0.0001	0.0224224	0.484965	0.0001	0.0001	0.0001	0.0001	0.0679742	0.0125932	0.725185	0.180932	0.0001	0.0001	0.0001	0.00498553	0.0359207	0.0210103	0.0001	0.0001	0.0437639	0.999959	0.0521951	0.0001	0.0001	0.0290766	0.136236	0.543973	0.00527784	0.55308	0.0001
19	A	T	ORF	S	NULL	0	0	0	0	0.00834035	0.027437	0.354126	0.167613	0.000959285	0.1769	0.148786	0.301934	0.0001	0.999903	0.0001	0.102633	0.0001	0.907997	0.0001	0.0001	0.0001	0.00682735	0.025539	0.429343	0.779988	0.0217886	0.0001	0.561318	0.205922	0.683977	0.950707	0.0001	0.0122327	0.0001	0.0001	0.0001	0.35694	0.0099897	0.156668	0.0982827	0.021011	0.0001	0.27393	0.0428969	0.0001	0.0521983	0.0001	0.385943	0.0935253	0.393265	0.0001	0.281485	0.0001	0.593063
20	A	T	ORF	S	NULL	0	0	0	0	0	0	0	0	0	0	0	0	0	0	0	0	0	0	0	0	0	0	0	0	0	0	0	0	0	0	0	0	0	0	0	0	0	0	0	0	0	0	0	0	0	0	0	0	0	0	0	0	0	0
21	A	T	ORF	S	NULL	0	0	0	0	0.0001	0.270915	0.508587	0.0001	0.0001	0.269751	0.0001	0.0001	0.257757	0.0001	0.0001	0.0593424	0.0001	0.0908486	0.242766	0.0001	0.0001	0.162588	0.0001	0.00149223	0.0001	0.00241096	0.0001	0.0001	0.0001	0.0001	0.0001	0.38169	0.00131402	0.0001	0.0001	0.0001	0.0001	0.0001	0.11341	0.0001	0.00232178	0.0688608	0.0001	0.0508091	0.0001	0.533618	0.505621	0.0001	0.00308693	0.1628	0.0001	0.000504615	0.0001	0.0001
22	A	T	ORF	S	NULL	0	0	0	0	0.0001	0.481929	0.0001	0.316102	0.982805	0.0001	0.000719029	0.0001	0.0001	0.0001	0.0001	0.163597	0.0001	0.0001	0.0001	0.980949	0.188909	0.0896305	0.11594	0.000760792	0.0001	0.00010156	0.0001	0.0001	0.0001	0.0001	0.0001	0.0001	0.311918	0.0281712	0.59893	0.0001	0.519926	0.0001	0.459541	0.251937	0.000101311	0.0001	0.0001	0.535538	0.0001	0.000110931	0.492924	0.0001	0.00164531	0.00010002	0.226911	0.366919	0.0001	0.0001
23	A	T	ORF	S	NULL	0	0	0	0	0.00834035	0.027437	0.354126	0.167613	0.000959285	0.1769	0.148786	0.301934	0.0001	0.999903	0.0001	0.102633	0.0001	0.907997	0.0001	0.0001	0.0001	0.00682735	0.025539	0.429343	0.779988	0.0217886	0.0001	0.561318	0.205922	0.683977	0.950707	0.0001	0.0122327	0.0001	0.0001	0.0001	0.35694	0.0099897	0.156668	0.0982827	0.021011	0.0001	0.27393	0.0428969	0.0001	0.0521983	0.0001	0.385943	0.0935253	0.393265	0.0001	0.281485	0.0001	0.593063
24	A	T	ORF	S	NULL	0	0	0	0	0	0	0	0	0	0	0	0	0	0	0	0	0	0	0	0	0	0	0	0	0	0	0	0	0	0	0	0	0	0	0	0	0	0	0	0	0	0	0	0	0	0	0	0	0	0	0	0	0	0
25	A	T	ORF	S	NULL	0	0	0	0	0	0	0	0	0	0	0	0	0	0	0	0	0	0	0	0	0	0	0	0	0	0	0	0	0	0	0	0	0	0	0	0	0	0	0	0	0	0	0	0	0	0	0	0	0	0	0	0	0	0
26	A	T	ORF	S	NULL	0	0	0	0	0.0001	0.270915	0.508587	0.0001	0.0001	0.269751	0.0001	0.0001	0.257757	0.0001	0.0001	0.0593424	0.0001	0.0908486	0.242766	0.0001	0.0001	0.162588	0.0001	0.00149223	0.0001	0.00241096	0.0001	0.0001	0.0001	0.0001	0.0001	0.38169	0.00131402	0.0001	0.0001	0.0001	0.0001	0.0001	0.11341	0.0001	0.00232178	0.0688608	0.0001	0.0508091	0.0001	0.533618	0.505621	0.0001	0.00308693	0.1628	0.0001	0.000504615	0.0001	0.0001
27	A	T	ORF	S	NULL	0	0	0	0	0	0	0	0	0	0	0	0	0	0	0	0	0	0	0	0	0	0	0	0	0	0	0	0	0	0	0	0	0	0	0	0	0	0	0	0	0	0	0	0	0	0	0	0	0	0	0	0	0	0
28	A	T	ORF	S	NULL	0	0	0	0	0	0	0	0	0	0	0	0	0	0	0	0	0	0	0	0	0	0	0	0	0	0	0	0	0	0	0	0	0	0	0	0	0	0	0	0	0	0	0	0	0	0	0	0	0	0	0	0	0	0
29	A	T	ORF	S	NULL	0	0	0	0	0.0002	0.0275352	0.0170731	0.393982	0.0002	0.274017	0.0002	0.0002	0.0002	0.0002	1.00006	0.519574	0.130111	0.0002	0.686075	0.0180004	0.190025	0.595664	0.428421	0.438528	0.219013	0.0225224	0.485065	0.262315	0.79305	0.315019	0.0002	0.0680766	0.0126932	0.956392	0.181032	0.0002	0.0002	0.234496	0.216149	0.133854	0.0211103	0.0002	0.303019	0.0689521	1.00006	0.0522951	0.0002	0.0002	0.154863	0.136336	0.544073	0.00537784	0.999175	0.0002
30	A	T	ORF	S	NULL	0	0	0	0	0.0001	0.0001	0.0001	0.228998	0.0001	0.273917	0.0001	0.0001	0.0001	0.0001	0.0001	0.236855	0.0001	0.0001	0.000100871	0.0001	0.0001	0.588866	0.225815	0.424453	0.218913	0.0001	0.0001	0.262215	0.79295	0.314919	0.0001	0.000102405	0.0001	0.231207	0.0001	0.0001	0.0001	0.234396	0.211164	0.0979334	0.0001	0.0001	0.302919	0.0251881	0.0001	0.0001	0.0001	0.0001	0.125786	0.0001	0.0001	0.0001	0.446095	0.0001
31	A	T	ORF	S	NULL	0	0	0	0	0	0	0	0	0	0	0	0	0	0	0	0	0	0	0	0	0	0	0	0	0	0	0	0	0	0	0	0	0	0	0	0	0	0	0	0	0	0	0	0	0	0	0	0	0	0	0	0	0	0
32	A	T	ORF	S	NULL	0	0	0	0	0	0	0	0	0	0	0	0	0	0	0	0	0	0	0	0	0	0	0	0	0	0	0	0	0	0	0	0	0	0	0	0	0	0	0	0	0	0	0	0	0	0	0	0	0	0	0	0	0	0
33	A	T	ORF	S	NULL	0	0	0	0	0.0001	0.0001	0.0001	0.228998	0.0001	0.273917	0.0001	0.0001	0.0001	0.0001	0.0001	0.236855	0.0001	0.0001	0.000100871	0.0001	0.0001	0.588866	0.225815	0.424453	0.218913	0.0001	0.0001	0.262215	0.79295	0.314919	0.0001	0.000102405	0.0001	0.231207	0.0001	0.0001	0.0001	0.234396	0.211164	0.0979334	0.0001	0.0001	0.302919	0.0251881	0.0001	0.0001	0.0001	0.0001	0.125786	0.0001	0.0001	0.0001	0.446095	0.0001
34	A	T	ORF	S	NULL	0	0	0	0	0.0001	0.0001	0.0001	0.228998	0.0001	0.273917	0.0001	0.0001	0.0001	0.0001	0.0001	0.236855	0.0001	0.0001	0.000100871	0.0001	0.0001	0.588866	0.225815	0.424453	0.218913	0.0001	0.0001	0.262215	0.79295	0.314919	0.0001	0.000102405	0.0001	0.231207	0.0001	0.0001	0.0001	0.234396	0.211164	0.0979334	0.0001	0.0001	0.302919	0.0251881	0.0001	0.0001	0.0001	0.0001	0.125786	0.0001	0.0001	0.0001	0.446095	0.0001
35	A	T	ORF	S	NULL	0	0	0	0	0	0	0	0	0	0	0	0	0	0	0	0	0	0	0	0	0	0	0	0	0	0	0	0	0	0	0	0	0	0	0	0	0	0	0	0	0	0	0	0	0	0	0	0	0	0	0	0	0	0
36	A	T	ORF	S	NULL	0	0	0	0	0.00834035	0.027437	0.354126	0.167613	0.000959285	0.1769	0.148786	0.301934	0.0001	0.999903	0.0001	0.102633	0.0001	0.907997	0.0001	0.0001	0.0001	0.00682735	0.025539	0.429343	0.779988	0.0217886	0.0001	0.561318	0.205922	0.683977	0.950707	0.0001	0.0122327	0.0001	0.0001	0.0001	0.35694	0.0099897	0.156668	0.0982827	0.021011	0.0001	0.27393	0.0428969	0.0001	0.0521983	0.0001	0.385943	0.0935253	0.393265	0.0001	0.281485	0.0001	0.593063
37	A	T	ORF	S	NULL	0	0	0	0	0.00834035	0.027437	0.354126	0.167613	0.000959285	0.1769	0.148786	0.301934	0.0001	0.999903	0.0001	0.102633	0.0001	0.907997	0.0001	0.0001	0.0001	0.00682735	0.025539	0.429343	0.779988	0.0217886	0.0001	0.561318	0.205922	0.683977	0.950707	0.0001	0.0122327	0.0001	0.0001	0.0001	0.35694	0.0099897	0.156668	0.0982827	0.021011	0.0001	0.27393	0.0428969	0.0001	0.0521983	0.0001	0.385943	0.0935253	0.393265	0.0001	0.281485	0.0001	0.593063
38	A	T	ORF	S	NULL	0	0	0	0	0	0	0	0	0	0	0	0	0	0	0	0	0	0	0	0	0	0	0	0	0	0	0	0	0	0	0	0	0	0	0	0	0	0	0	0	0	0	0	0	0	0	0	0	0	0	0	0	0	0
39	A	T	ORF	S	NULL	0	0	0	0	0	0	0	0	0	0	0	0	0	0	0	0	0	0	0	0	0	0	0	0	0	0	0	0	0	0	0	0	0	0	0	0	0	0	0	0	0	0	0	0	0	0	0	0	0	0	0	0	0	0
40	A	T	ORF	S	NULL	0	0	0	0	0.0001	0.481929	0.0001	0.316102	0.982805	0.0001	0.000719029	0.0001	0.0001	0.0001	0.0001	0.163597	0.0001	0.0001	0.0001	0.980949	0.188909	0.0896305	0.11594	0.000760792	0.0001	0.00010156	0.0001	0.0001	0.0001	0.0001	0.0001	0.0001	0.311918	0.0281712	0.59893	0.0001	0.519926	0.0001	0.459541	0.251937	0.000101311	0.0001	0.0001	0.535538	0.0001	0.000110931	0.492924	0.0001	0.00164531	0.00010002	0.226911	0.366919	0.0001	0.0001
41	A	T	ORF	S	NULL	0	0	0	0	0.0167831	0.0001	0.0001	0.0152887	0.00202189	0.000101495	0.0976545	0.0001	0.0001	0.0001	0.0001	0.135371	0.0001	0.000100001	0.0689079	0.0001	0.0001	0.0935428	0.0511823	0.00343091	0.0001	0.0001	0.51396	0.0186003	0.0001	0.0001	0.00477876	0.0001	0.0001	0.0001	0.0001	0.324937	0.0001	0.020082	0.00216625	0.0266466	0.0001	0.805994	0.0001	0.0001	0.0001	0.0001	0.0001	0.0001	0.467445	0.0001	0.226926	0.105016	0.0001	0.406138
42	A	T	ORF	S	NULL	0	0	0	0	0	0	0	0	0	0	0	0	0	0	0	0	0	0	0	0	0	0	0	0	0	0	0	0	0	0	0	0	0	0	0	0	0	0	0	0	0	0	0	0	0	0	0	0	0	0	0	0	0	0
43	A	T	ORF	S	NULL	0	0	0	0	0	0	0	0	0	0	0	0	0	0	0	0	0	0	0	0	0	0	0	0	0	0	0	0	0	0	0	0	0	0	0	0	0	0	0	0	0	0	0	0	0	0	0	0	0	0	0	0	0	0
44	A	T	ORF	S	NULL	0	0	0	0	0	0	0	0	0	0	0	0	0	0	0	0	0	0	0	0	0	0	0	0	0	0	0	0	0	0	0	0	0	0	0	0	0	0	0	0	0	0	0	0	0	0	0	0	0	0	0	0	0	0
45	A	T	ORF	S	NULL	0	0	0	0	0	0	0	0	0	0	0	0	0	0	0	0	0	0	0	0	0	0	0	0	0	0	0	0	0	0	0	0	0	0	0	0	0	0	0	0	0	0	0	0	0	0	0	0	0	0	0	0	0	0
46	A	T	ORF	S	NULL	0	0	0	0	0.0001	0.0274352	0.0169731	0.164984	0.0001	0.0001	0.0001	0.0001	0.0001	0.0001	0.999959	0.282719	0.130011	0.0001	0.685974	0.0179004	0.189925	0.00679812	0.202606	0.0140748	0.0001	0.0224224	0.484965	0.0001	0.0001	0.0001	0.0001	0.0679742	0.0125932	0.725185	0.180932	0.0001	0.0001	0.0001	0.00498553	0.0359207	0.0210103	0.0001	0.0001	0.0437639	0.999959	0.0521951	0.0001	0.0001	0.0290766	0.136236	0.543973	0.00527784	0.55308	0.0001
47	A	T	ORF	S	NULL	0	0	0	0	0.00834035	0.027437	0.354126	0.167613	0.000959285	0.1769	0.148786	0.301934	0.0001	0.999903	0.0001	0.102633	0.0001	0.907997	0.0001	0.0001	0.0001	0.00682735	0.025539	0.429343	0.779988	0.0217886	0.0001	0.561318	0.205922	0.683977	0.950707	0.0001	0.0122327	0.0001	0.0001	0.0001	0.35694	0.0099897	0.156668	0.0982827	0.021011	0.0001	0.27393	0.0428969	0.0001	0.0521983	0.0001	0.385943	0.0935253	0.393265	0.0001	0.281485	0.0001	0.593063
48	A	T	ORF	S	NULL	0	0	0	0	0.0001	0.0274352	0.0169731	0.164984	0.0001	0.0001	0.0001	0.0001	0.0001	0.0001	0.999959	0.282719	0.130011	0.0001	0.685974	0.0179004	0.189925	0.00679812	0.202606	0.0140748	0.0001	0.0224224	0.484965	0.0001	0.0001	0.0001	0.0001	0.0679742	0.0125932	0.725185	0.180932	0.0001	0.0001	0.0001	0.00498553	0.0359207	0.0210103	0.0001	0.0001	0.0437639	0.999959	0.0521951	0.0001	0.0001	0.0290766	0.136236	0.543973	0.00527784	0.55308	0.0001
49	A	T	ORF	S	NULL	0	0	0	0	0.0001	0.000132618	0.000117238	0.0001	0.0001	0.0001	0.0001	0.472931	0.74095	0.0001	0.0001	0.0001	0.0001	0.0001	0.0001	0.0001	0.619941	0.000103843	0.061816	0.000113279	0.0001	0.000125396	0.0001	0.0001	0.0001	0.0001	0.0001	0.0001	0.529941	0.0001	0.0001	0.0001	0.115906	0.0001	0.000100777	0.212914	0.808965	0.122908	0.232915	0.000154572	0.0001	0.000167661	0.0001	0.61294	0.0519172	0.18592	0.0001	0.00010091	0.0001	0.0001
50	A	T	ORF	S	NULL	0	0	0	0	0	0	0	0	0	0	0	0	0	0	0	0	0	0	0	0	0	0	0	0	0	0	0	0	0	0	0	0	0	0	0	0	0	0	0	0	0	0	0	0	0	0	0	0	0	0	0	0	0	0
51	A	T	ORF	S	NULL	0	0	0	0	0.135257	0.0001	0.0001	0.107014	0.0142138	0.0001	0.75284	0.0001	0.0001	0.0001	0.0001	0.019482	0.0001	0.0001	0.0001	0.0001	0.0001	0.0001	0.317101	0.0348977	0.0001	0.0001	0.0001	0.157866	0.0001	0.0001	0.0445141	0.0001	0.0001	0.0001	0.0001	0.0001	0.0001	0.146886	0.0168991	0.00189963	0.0001	0.0001	0.0001	0.0001	0.0001	0.0001	0.0001	0.0001	0.0001	0.0001	0.0001	0.0001	0.0001	0.0001
52	A	T	ORF	S	NULL	0	0	0	0	0	0	0	0	0	0	0	0	0	0	0	0	0	0	0	0	0	0	0	0	0	0	0	0	0	0	0	0	0	0	0	0	0	0	0	0	0	0	0	0	0	0	0	0	0	0	0	0	0	0
53	A	T	ORF	S	NULL	0	0	0	0	0.0001	0.0274352	0.0169731	0.164984	0.0001	0.0001	0.0001	0.0001	0.0001	0.0001	0.999959	0.282719	0.130011	0.0001	0.685974	0.0179004	0.189925	0.00679812	0.202606	0.0140748	0.0001	0.0224224	0.484965	0.0001	0.0001	0.0001	0.0001	0.0679742	0.0125932	0.725185	0.180932	0.0001	0.0001	0.0001	0.00498553	0.0359207	0.0210103	0.0001	0.0001	0.0437639	0.999959	0.0521951	0.0001	0.0001	0.0290766	0.136236	0.543973	0.00527784	0.55308	0.0001
54	A	T	ORF	S	NULL	0	0	0	0	0.0167831	0.0001	0.0001	0.0152887	0.00202189	0.000101495	0.0976545	0.0001	0.0001	0.0001	0.0001	0.135371	0.0001	0.000100001	0.0689079	0.0001	0.0001	0.0935428	0.0511823	0.00343091	0.0001	0.0001	0.51396	0.0186003	0.0001	0.0001	0.00477876	0.0001	0.0001	0.0001	0.0001	0.324937	0.0001	0.020082	0.00216625	0.0266466	0.0001	0.805994	0.0001	0.0001	0.0001	0.0001	0.0001	0.0001	0.467445	0.0001	0.226926	0.105016	0.0001	0.406138
55	A	T	ORF	S	NULL	0	0	0	0	0	0	0	0	0	0	0	0	0	0	0	0	0	0	0	0	0	0	0	0	0	0	0	0	0	0	0	0	0	0	0	0	0	0	0	0	0	0	0	0	0	0	0	0	0	0	0	0	0	0
56	A	T	ORF	S	NULL	0	0	0	0	0	0	0	0	0	0	0	0	0	0	0	0	0	0	0	0	0	0	0	0	0	0	0	0	0	0	0	0	0	0	0	0	0	0	0	0	0	0	0	0	0	0	0	0	0	0	0	0	0	0
57	A	T	ORF	S	NULL	0	0	0	0	0	0	0	0	0	0	0	0	0	0	0	0	0	0	0	0	0	0	0	0	0	0	0	0	0	0	0	0	0	0	0	0	0	0	0	0	0	0	0	0	0	0	0	0	0	0	0	0	0	0
58	A	T	ORF	S	NULL	0	0	0	0	0	0	0	0	0	0	0	0	0	0	0	0	0	0	0	0	0	0	0	0	0	0	0	0	0	0	0	0	0	0	0	0	0	0	0	0	0	0	0	0	0	0	0	0	0	0	0	0	0	0
59	A	T	ORF	S	NULL	0	0	0	0	0	0	0	0	0	0	0	0	0	0	0	0	0	0	0	0	0	0	0	0	0	0	0	0	0	0	0	0	0	0	0	0	0	0	0	0	0	0	0	0	0	0	0	0	0	0	0	0	0	0
60	A	T	ORF	S	NULL	0	0	0	0	0	0	0	0	0	0	0	0	0	0	0	0	0	0	0	0	0	0	0	0	0	0	0	0	0	0	0	0	0	0	0	0	0	0	0	0	0	0	0	0	0	0	0	0	0	0	0	0	0	0
61	A	T	ORF	S	NULL	0	0	0	0	0.0167831	0.0001	0.0001	0.0152887	0.00202189	0.000101495	0.0976545	0.0001	0.0001	0.0001	0.0001	0.135371	0.0001	0.000100001	0.0689079	0.0001	0.0001	0.0935428	0.0511823	0.00343091	0.0001	0.0001	0.51396	0.0186003	0.0001	0.0001	0.00477876	0.0001	0.0001	0.0001	0.0001	0.324937	0.0001	0.020082	0.00216625	0.0266466	0.0001	0.805994	0.0001	0.0001	0.0001	0.0001	0.0001	0.0001	0.467445	0.0001	0.226926	0.105016	0.0001	0.406138
62	A	T	ORF	S	NULL	0	0	0	0	0	0	0	0	0	0	0	0	0	0	0	0	0	0	0	0	0	0	0	0	0	0	0	0	0	0	0	0	0	0	0	0	0	0	0	0	0	0	0	0	0	0	0	0	0	0	0	0	0	0
63	A	T	ORF	S	NULL	0	0	0	0	0.0001	0.0274352	0.0169731	0.164984	0.0001	0.0001	0.0001	0.0001	0.0001	0.0001	0.999959	0.282719	0.130011	0.0001	0.685974	0.0179004	0.189925	0.00679812	0.202606	0.0140748	0.0001	0.0224224	0.484965	0.0001	0.0001	0.0001	0.0001	0.0679742	0.0125932	0.725185	0.180932	0.0001	0.0001	0.0001	0.00498553	0.0359207	0.0210103	0.0001	0.0001	0.0437639	0.999959	0.0521951	0.0001	0.0001	0.0290766	0.136236	0.543973	0.00527784	0.55308	0.0001
64	A	T	ORF	S	NULL	0	0	0	0	0.135257	0.0001	0.0001	0.107014	0.0142138	0.0001	0.75284	0.0001	0.0001	0.0001	0.0001	0.019482	0.0001	0.0001	0.0001	0.0001	0.0001	0.0001	0.317101	0.0348977	0.0001	0.0001	0.0001	0.157866	0.0001	0.0001	0.0445141	0.0001	0.0001	0.0001	0.0001	0.0001	0.0001	0.146886	0.0168991	0.00189963	0.0001	0.0001	0.0001	0.0001	0.0001	0.0001	0.0001	0.0001	0.0001	0.0001	0.0001	0.0001	0.0001	0.0001
65	A	T	ORF	S	NULL	0	0	0	0	0	0	0	0	0	0	0	0	0	0	0	0	0	0	0	0	0	0	0	0	0	0	0	0	0	0	0	0	0	0	0	0	0	0	0	0	0	0	0	0	0	0	0	0	0	0	0	0	0	0
66	A	T	ORF	S	NULL	0	0	0	0	0.00834035	0.027437	0.354126	0.167613	0.000959285	0.1769	0.148786	0.301934	0.0001	0.999903	0.0001	0.102633	0.0001	0.907997	0.0001	0.0001	0.0001	0.00682735	0.025539	0.429343	0.779988	0.0217886	0.0001	0.561318	0.205922	0.683977	0.950707	0.0001	0.0122327	0.0001	0.0001	0.0001	0.35694	0.0099897	0.156668	0.0982827	0.021011	0.0001	0.27393	0.0428969	0.0001	0.0521983	0.0001	0.385943	0.0935253	0.393265	0.0001	0.281485	0.0001	0.593063
67	A	T	ORF	S	NULL	0	0	0	0	0	0	0	0	0	0	0	0	0	0	0	0	0	0	0	0	0	0	0	0	0	0	0	0	0	0	0	0	0	0	0	0	0	0	0	0	0	0	0	0	0	0	0	0	0	0	0	0	0	0
68	A	T	ORF	S	NULL	0	0	0	0	0	0	0	0	0	0	0	0	0	0	0	0	0	0	0	0	0	0	0	0	0	0	0	0	0	0	0	0	0	0	0	0	0	0	0	0	0	0	0	0	0	0	0	0	0	0	0	0	0	0
69	A	T	ORF	S	NULL	0	0	0	0	0.135257	0.0001	0.0001	0.107014	0.0142138	0.0001	0.75284	0.0001	0.0001	0.0001	0.0001	0.019482	0.0001	0.0001	0.0001	0.0001	0.0001	0.0001	0.317101	0.0348977	0.0001	0.0001	0.0001	0.157866	0.0001	0.0001	0.0445141	0.0001	0.0001	0.0001	0.0001	0.0001	0.0001	0.146886	0.0168991	0.00189963	0.0001	0.0001	0.0001	0.0001	0.0001	0.0001	0.0001	0.0001	0.0001	0.0001	0.0001	0.0001	0.0001	0.0001
70	A	T	ORF	S	NULL	0	0	0	0	0.00834035	0.027437	0.354126	0.167613	0.000959285	0.1769	0.148786	0.301934	0.0001	0.999903	0.0001	0.102633	0.0001	0.907997	0.0001	0.0001	0.0001	0.00682735	0.025539	0.429343	0.779988	0.0217886	0.0001	0.561318	0.205922	0.683977	0.950707	0.0001	0.0122327	0.0001	0.0001	0.0001	0.35694	0.0099897	0.156668	0.0982827	0.021011	0.0001	0.27393	0.0428969	0.0001	0.0521983	0.0001	0.385943	0.0935253	0.393265	0.0001	0.281485	0.0001	0.593063
71	A	T	ORF	S	NULL	0	0	0	0	0	0	0	0	0	0	0	0	0	0	0	0	0	0	0	0	0	0	0	0	0	0	0	0	0	0	0	0	0	0	0	0	0	0	0	0	0	0	0	0	0	0	0	0	0	0	0	0	0	0
72	A	T	ORF	S	NULL	0	0	0	0	0.0251234	0.027537	0.354226	0.182902	0.00298118	0.177002	0.246441	0.302034	0.0002	1	0.0002	0.238004	0.0002	0.908097	0.0690079	0.0002	0.0002	0.10037	0.0767213	0.432774	0.780088	0.0218886	0.51406	0.579918	0.206022	0.684077	0.955486	0.0002	0.0123327	0.0002	0.0002	0.325037	0.35704	0.0300717	0.158834	0.124929	0.021111	0.806094	0.27403	0.0429969	0.0002	0.0522983	0.0002	0.386043	0.560971	0.393365	0.227026	0.3865	0.0002	0.999201
73	A	T	ORF	S	NULL	0	0	0	0	0	0	0	0	0	0	0	0	0	0	0	0	0	0	0	0	0	0	0	0	0	0	0	0	0	0	0	0	0	0	0	0	0	0	0	0	0	0	0	0	0	0	0	0	0	0	0	0	0	0
74	A	T	ORF	S	NULL	0	0	0	0	0	0	0	0	0	0	0	0	0	0	0	0	0	0	0	0	0	0	0	0	0	0	0	0	0	0	0	0	0	0	0	0	0	0	0	0	0	0	0	0	0	0	0	0	0	0	0	0	0	0
75	A	T	ORF	S	NULL	0	0	0	0	0	0	0	0	0	0	0	0	0	0	0	0	0	0	0	0	0	0	0	0	0	0	0	0	0	0	0	0	0	0	0	0	0	0	0	0	0	0	0	0	0	0	0	0	0	0	0	0	0	0
76	A	T	ORF	S	NULL	0	0	0	0	0	0	0	0	0	0	0	0	0	0	0	0	0	0	0	0	0	0	0	0	0	0	0	0	0	0	0	0	0	0	0	0	0	0	0	0	0	0	0	0	0	0	0	0	0	0	0	0	0	0
77	A	T	ORF	S	NULL	0	0	0	0	0	0	0	0	0	0	0	0	0	0	0	0	0	0	0	0	0	0	0	0	0	0	0	0	0	0	0	0	0	0	0	0	0	0	0	0	0	0	0	0	0	0	0	0	0	0	0	0	0	0
78	A	T	ORF	S	NULL	0	0	0	0	0.0001	0.0274352	0.0169731	0.164984	0.0001	0.0001	0.0001	0.0001	0.0001	0.0001	0.999959	0.282719	0.130011	0.0001	0.685974	0.0179004	0.189925	0.00679812	0.202606	0.0140748	0.0001	0.0224224	0.484965	0.0001	0.0001	0.0001	0.0001	0.0679742	0.0125932	0.725185	0.180932	0.0001	0.0001	0.0001	0.00498553	0.0359207	0.0210103	0.0001	0.0001	0.0437639	0.999959	0.0521951	0.0001	0.0001	0.0290766	0.136236	0.543973	0.00527784	0.55308	0.0001
79	A	T	ORF	S	NULL	0	0	0	0	0	0	0	0	0	0	0	0	0	0	0	0	0	0	0	0	0	0	0	0	0	0	0	0	0	0	0	0	0	0	0	0	0	0	0	0	0	0	0	0	0	0	0	0	0	0	0	0	0	0
80	A	T	ORF	S	NULL	0	0	0	0	0	0	0	0	0	0	0	0	0	0	0	0	0	0	0	0	0	0	0	0	0	0	0	0	0	0	0	0	0	0	0	0	0	0	0	0	0	0	0	0	0	0	0	0	0	0	0	0	0	0
81	A	T	ORF	S	NULL	0	0	0	0	0.83962	0.0001	0.0001	0.0001	0.0001	0.276911	0.000100001	0.223909	0.0001	0.0001	0.0001	0.0001	0.869186	0.0001	0.000102404	0.0001	0.0001	0.0001	0.000100001	0.0001	0.0001	0.796325	0.0001	0.0001	0.0001	0.0001	0.0001	0.54818	0.042753	0.0131285	0.218932	0.673926	0.00590015	0.588646	0.0001	0.270932	0.0001	0.0001	0.187907	0.0001	0.0001	0.0001	0.0001	0.0001	0.0176306	0.0001	0.0001	0.199588	0.0001	0.0001
82	A	T	ORF	S	NULL	0	0	0	0	0	0	0	0	0	0	0	0	0	0	0	0	0	0	0	0	0	0	0	0	0	0	0	0	0	0	0	0	0	0	0	0	0	0	0	0	0	0	0	0	0	0	0	0	0	0	0	0	0	0
83	A	T	ORF	S	NULL	0	0	0	0	0.135257	0.0001	0.0001	0.107014	0.0142138	0.0001	0.75284	0.0001	0.0001	0.0001	0.0001	0.019482	0.0001	0.0001	0.0001	0.0001	0.0001	0.0001	0.317101	0.0348977	0.0001	0.0001	0.0001	0.157866	0.0001	0.0001	0.0445141	0.0001	0.0001	0.0001	0.0001	0.0001	0.0001	0.146886	0.0168991	0.00189963	0.0001	0.0001	0.0001	0.0001	0.0001	0.0001	0.0001	0.0001	0.0001	0.0001	0.0001	0.0001	0.0001	0.0001
84	A	T	ORF	S	NULL	0	0	0	0	0	0	0	0	0	0	0	0	0	0	0	0	0	0	0	0	0	0	0	0	0	0	0	0	0	0	0	0	0	0	0	0	0	0	0	0	0	0	0	0	0	0	0	0	0	0	0	0	0	0
85	A	T	ORF	S	NULL	0	0	0	0	0.0001	0.0001	0.0001	0.228998	0.0001	0.273917	0.0001	0.0001	0.0001	0.0001	0.0001	0.236855	0.0001	0.0001	0.000100871	0.0001	0.0001	0.588866	0.225815	0.424453	0.218913	0.0001	0.0001	0.262215	0.79295	0.314919	0.0001	0.000102405	0.0001	0.231207	0.0001	0.0001	0.0001	0.234396	0.211164	0.0979334	0.0001	0.0001	0.302919	0.0251881	0.0001	0.0001	0.0001	0.0001	0.125786	0.0001	0.0001	0.0001	0.446095	0.0001
86	A	T	ORF	S	NULL	0	0	0	0	0.0001	0.270915	0.508587	0.0001	0.0001	0.269751	0.0001	0.0001	0.257757	0.0001	0.0001	0.0593424	0.0001	0.0908486	0.242766	0.0001	0.0001	0.162588	0.0001	0.00149223	0.0001	0.00241096	0.0001	0.0001	0.0001	0.0001	0.0001	0.38169	0.00131402	0.0001	0.0001	0.0001	0.0001	0.0001	0.11341	0.0001	0.00232178	0.0688608	0.0001	0.0508091	0.0001	0.533618	0.505621	0.0001	0.00308693	0.1628	0.0001	0.000504615	0.0001	0.0001
87	A	T	ORF	S	NULL	0	0	0	0	0.83962	0.0001	0.0001	0.0001	0.0001	0.276911	0.000100001	0.223909	0.0001	0.0001	0.0001	0.0001	0.869186	0.0001	0.000102404	0.0001	0.0001	0.0001	0.000100001	0.0001	0.0001	0.796325	0.0001	0.0001	0.0001	0.0001	0.0001	0.54818	0.042753	0.0131285	0.218932	0.673926	0.00590015	0.588646	0.0001	0.270932	0.0001	0.0001	0.187907	0.0001	0.0001	0.0001	0.0001	0.0001	0.0176306	0.0001	0.0001	0.199588	0.0001	0.0001
88	A	T	ORF	S	NULL	0	0	0	0	0.0002	0.482029	0.0002	0.5451	0.982905	0.274017	0.000819029	0.0002	0.0002	0.0002	0.0002	0.400453	0.0002	0.0002	0.000200871	0.981049	0.189009	0.678497	0.341755	0.425214	0.219013	0.00020156	0.0002	0.262315	0.79305	0.315019	0.0002	0.000202405	0.312018	0.259378	0.59903	0.0002	0.520026	0.234496	0.670704	0.34987	0.000201311	0.0002	0.303019	0.560727	0.0002	0.000210931	0.493024	0.0002	0.127431	0.00020002	0.227011	0.367019	0.446195	0.0002
89	A	T	ORF	S	NULL	0	0	0	0	0	0	0	0	0	0	0	0	0	0	0	0	0	0	0	0	0	0	0	0	0	0	0	0	0	0	0	0	0	0	0	0	0	0	0	0	0	0	0	0	0	0	0	0	0	0	0	0	0	0
90	A	T	ORF	S	NULL	0	0	0	0	0	0	0	0	0	0	0	0	0	0	0	0	0	0	0	0	0	0	0	0	0	0	0	0	0	0	0	0	0	0	0	0	0	0	0	0	0	0	0	0	0	0	0	0	0	0	0	0	0	0
91	A	T	ORF	S	NULL	0	0	0	0	0	0	0	0	0	0	0	0	0	0	0	0	0	0	0	0	0	0	0	0	0	0	0	0	0	0	0	0	0	0	0	0	0	0	0	0	0	0	0	0	0	0	0	0	0	0	0	0	0	0
92	A	T	ORF	S	NULL	0	0	0	0	0	0	0	0	0	0	0	0	0	0	0	0	0	0	0	0	0	0	0	0	0	0	0	0	0	0	0	0	0	0	0	0	0	0	0	0	0	0	0	0	0	0	0	0	0	0	0	0	0	0
93	A	T	ORF	S	NULL	0	0	0	0	0	0	0	0	0	0	0	0	0	0	0	0	0	0	0	0	0	0	0	0	0	0	0	0	0	0	0	0	0	0	0	0	0	0	0	0	0	0	0	0	0	0	0	0	0	0	0	0	0	0
94	A	T	ORF	S	NULL	0	0	0	0	0	0	0	0	0	0	0	0	0	0	0	0	0	0	0	0	0	0	0	0	0	0	0	0	0	0	0	0	0	0	0	0	0	0	0	0	0	0	0	0	0	0	0	0	0	0	0	0	0	0
95	A	T	ORF	S	NULL	0	0	0	0	0.83972	0.0275352	0.0170731	0.165084	0.0002	0.277011	0.000200001	0.224009	0.0002	0.0002	1.00006	0.282819	0.999197	0.0002	0.686077	0.0180004	0.190025	0.00689812	0.202706	0.0141748	0.0002	0.818748	0.485065	0.0002	0.0002	0.0002	0.0002	0.616154	0.0553462	0.738314	0.399863	0.674026	0.00600015	0.588746	0.00508553	0.306852	0.0211103	0.0002	0.188007	0.0438639	1.00006	0.0522951	0.0002	0.0002	0.0467072	0.136336	0.544073	0.204866	0.55318	0.0002
96	A	T	ORF	S	NULL	0	0	0	0	0	0	0	0	0	0	0	0	0	0	0	0	0	0	0	0	0	0	0	0	0	0	0	0	0	0	0	0	0	0	0	0	0	0	0	0	0	0	0	0	0	0	0	0	0	0	0	0	0	0
97	A	T	ORF	S	NULL	0	0	0	0	0.0001	0.0274352	0.0169731	0.164984	0.0001	0.0001	0.0001	0.0001	0.0001	0.0001	0.999959	0.282719	0.130011	0.0001	0.685974	0.0179004	0.189925	0.00679812	0.202606	0.0140748	0.0001	0.0224224	0.484965	0.0001	0.0001	0.0001	0.0001	0.0679742	0.0125932	0.725185	0.180932	0.0001	0.0001	0.0001	0.00498553	0.0359207	0.0210103	0.0001	0.0001	0.0437639	0.999959	0.0521951	0.0001	0.0001	0.0290766	0.136236	0.543973	0.00527784	0.55308	0.0001
98	A	T	ORF	S	NULL	0	0	0	0	0	0	0	0	0	0	0	0	0	0	0	0	0	0	0	0	0	0	0	0	0	0	0	0	0	0	0	0	0	0	0	0	0	0	0	0	0	0	0	0	0	0	0	0	0	0	0	0	0	0
99	A	T	ORF	S	NULL	0	0	0	0	0	0	0	0	0	0	0	0	0	0	0	0	0	0	0	0	0	0	0	0	0	0	0	0	0	0	0	0	0	0	0	0	0	0	0	0	0	0	0	0	0	0	0	0	0	0	0	0	0	0
100	A	T	ORF	S	NULL	0	0	0	0	0	0	0	0	0	0	0	0	0	0	0	0	0	0	0	0	0	0	0	0	0	0	0	0	0	0	0	0	0	0	0	0	0	0	0	0	0	0	0	0	0	0	0	0	0	0	0	0	0	0
