pos	ref	alt	gene	N/S	AA	nSRAsubclonal	nSRAclonal	nSRA	nConsensus	sample0|Earth	sample1|Earth	sample2|Earth	sample3|Earth	sample4|Earth	sample5|Earth	sample6|Earth	sample7|Earth	sample8|Earth	sample9|Earth	sample10|Earth	sample11|Earth	sample12|Earth	sample13|Earth	sample14|Earth	sample15|Earth	sample16|Earth	sample17|Earth	sample18|Earth	sample19|Earth	sample20|Earth	sample21|Earth	sample22|Earth	sample23|Earth	sample24|Earth	sample25|Earth	sample26|Earth	sample27|Earth	sample28|Earth	sample29|Earth	sample30|Earth	sample31|Earth	sample32|Earth	sample33|Earth	sample34|Earth	sample35|Earth	sample36|Earth	sample37|Earth	sample38|Earth	sample39|Earth	sample40|Earth	sample41|Earth	sample42|Earth	sample43|Earth	sample44|Earth	sample45|Earth	sample46|Earth	sample47|Earth	sample48|Earth	sample49|Earth
1	A	T	ORF	S	NULL	0	0	0	0	0	0	0	0	0	0	0	0	0	0	0	0	0	0	0	0	0	0	0	0	0	0	0	0	0	0	0	0	0	0	0	0	0	0	0	0	0	0	0	0	0	0	0	0	0	0	0	0	0	0
2	A	T	ORF	S	NULL	0	0	0	0	0	0	0	0	0	0	0	0	0	0	0	0	0	0	0	0	0	0	0	0	0	0	0	0	0	0	0	0	0	0	0	0	0	0	0	0	0	0	0	0	0	0	0	0	0	0	0	0	0	0
3	A	T	ORF	S	NULL	0	0	0	0	0	0	0	0	0	0	0	0	0	0	0	0	0	0	0	0	0	0	0	0	0	0	0	0	0	0	0	0	0	0	0	0	0	0	0	0	0	0	0	0	0	0	0	0	0	0	0	0	0	0
4	A	T	ORF	S	NULL	0	0	0	0	0	0	0	0	0	0	0	0	0	0	0	0	0	0	0	0	0	0	0	0	0	0	0	0	0	0	0	0	0	0	0	0	0	0	0	0	0	0	0	0	0	0	0	0	0	0	0	0	0	0
5	A	T	ORF	S	NULL	0	0	0	0	0	0	0	0	0	0	0	0	0	0	0	0	0	0	0	0	0	0	0	0	0	0	0	0	0	0	0	0	0	0	0	0	0	0	0	0	0	0	0	0	0	0	0	0	0	0	0	0	0	0
6	A	T	ORF	S	NULL	0	0	0	0	0	0	0	0	0	0	0	0	0	0	0	0	0	0	0	0	0	0	0	0	0	0	0	0	0	0	0	0	0	0	0	0	0	0	0	0	0	0	0	0	0	0	0	0	0	0	0	0	0	0
7	A	T	ORF	S	NULL	0	0	0	0	0.208049	0.999993	0.696118	0.122131	0.103129	0.0001	0.0001	0.0001	0.163201	0.0001	0.0001	0.0001	0.0001	0.567194	0.0001	0.222051	0.0001	0.076032	0.0001	0.677209	0.0820345	0.0001	0.0280903	0.249056	0.021118	0.139134	0.275153	0.0261182	0.0300906	0.0321199	0.354069	0.0001	0.0001	0.261214	0.0001	0.0001	0.107192	0.111039	0.0481848	0.581196	0.0571224	0.0001	0.0410287	0.0001	0.476181	0.272216	0.106035	0.0001	0.0001	0.738188
8	A	T	ORF	S	NULL	0	0	0	0	0	0	0	0	0	0	0	0	0	0	0	0	0	0	0	0	0	0	0	0	0	0	0	0	0	0	0	0	0	0	0	0	0	0	0	0	0	0	0	0	0	0	0	0	0	0	0	0	0	0
9	A	T	ORF	S	NULL	0	0	0	0	0	0	0	0	0	0	0	0	0	0	0	0	0	0	0	0	0	0	0	0	0	0	0	0	0	0	0	0	0	0	0	0	0	0	0	0	0	0	0	0	0	0	0	0	0	0	0	0	0	0
10	A	T	ORF	S	NULL	0	0	0	0	0	0	0	0	0	0	0	0	0	0	0	0	0	0	0	0	0	0	0	0	0	0	0	0	0	0	0	0	0	0	0	0	0	0	0	0	0	0	0	0	0	0	0	0	0	0	0	0	0	0
11	A	T	ORF	S	NULL	0	0	0	0	0	0	0	0	0	0	0	0	0	0	0	0	0	0	0	0	0	0	0	0	0	0	0	0	0	0	0	0	0	0	0	0	0	0	0	0	0	0	0	0	0	0	0	0	0	0	0	0	0	0
12	A	T	ORF	S	NULL	0	0	0	0	0	0	0	0	0	0	0	0	0	0	0	0	0	0	0	0	0	0	0	0	0	0	0	0	0	0	0	0	0	0	0	0	0	0	0	0	0	0	0	0	0	0	0	0	0	0	0	0	0	0
13	A	T	ORF	S	NULL	0	0	0	0	0	0	0	0	0	0	0	0	0	0	0	0	0	0	0	0	0	0	0	0	0	0	0	0	0	0	0	0	0	0	0	0	0	0	0	0	0	0	0	0	0	0	0	0	0	0	0	0	0	0
14	A	T	ORF	S	NULL	0	0	0	0	0	0	0	0	0	0	0	0	0	0	0	0	0	0	0	0	0	0	0	0	0	0	0	0	0	0	0	0	0	0	0	0	0	0	0	0	0	0	0	0	0	0	0	0	0	0	0	0	0	0
15	A	T	ORF	S	NULL	0	0	0	0	0	0	0	0	0	0	0	0	0	0	0	0	0	0	0	0	0	0	0	0	0	0	0	0	0	0	0	0	0	0	0	0	0	0	0	0	0	0	0	0	0	0	0	0	0	0	0	0	0	0
16	A	T	ORF	S	NULL	0	0	0	0	0	0	0	0	0	0	0	0	0	0	0	0	0	0	0	0	0	0	0	0	0	0	0	0	0	0	0	0	0	0	0	0	0	0	0	0	0	0	0	0	0	0	0	0	0	0	0	0	0	0
17	A	T	ORF	S	NULL	0	0	0	0	0.439138	0.0001	0.0001	0.705309	0.390269	0.729186	0.000100338	0.00010011	0.0265356	0.675169	0.000100568	0.0001	0.0001	0.0402223	0.0001	0.0001	0.0001	0.0001	0.0801012	0.112231	0.00010016	0.055096	0.048412	0.0001	0.25325	0.738313	0.424272	0.670305	0.166427	0.0552247	0.0001	0.128107	0.0001	0.229561	0.0001	0.000100156	0.0235338	0.371139	0.321575	0.0012172	0.71031	0.000100037	0.660178	0.109104	0.265251	0.0725408	0.893199	0.0130912	0.144424	0.0984181
18	A	T	ORF	S	NULL	0	0	0	0	0.0001	0.0001	0.0001	0.0001	0.061027	0.188995	0.797069	0.308009	0.204162	0.0001	0.833074	0.999979	0.0001	0.0270223	0.0001	0.0001	0.0001	0.0001	0.338013	0.162039	0.602045	0.817072	0.360134	0.0001	0.309057	0.0001	0.0250222	0.0001	0.65117	0.234048	0.0001	0.526036	0.999979	0.331178	0.0001	0.576042	0.113151	0.517035	0.178159	0.0230217	0.0001	0.268004	0.298009	0.544039	0.0001	0.401186	0.0001	0.669054	0.0110908	0.0330936
19	A	T	ORF	S	NULL	0	0	0	0	0	0	0	0	0	0	0	0	0	0	0	0	0	0	0	0	0	0	0	0	0	0	0	0	0	0	0	0	0	0	0	0	0	0	0	0	0	0	0	0	0	0	0	0	0	0	0	0	0	0
20	A	T	ORF	S	NULL	0	0	0	0	0	0	0	0	0	0	0	0	0	0	0	0	0	0	0	0	0	0	0	0	0	0	0	0	0	0	0	0	0	0	0	0	0	0	0	0	0	0	0	0	0	0	0	0	0	0	0	0	0	0
21	A	T	ORF	S	NULL	0	0	0	0	0	0	0	0	0	0	0	0	0	0	0	0	0	0	0	0	0	0	0	0	0	0	0	0	0	0	0	0	0	0	0	0	0	0	0	0	0	0	0	0	0	0	0	0	0	0	0	0	0	0
22	A	T	ORF	S	NULL	0	0	0	0	0.000140843	0.0001	0.303178	0.17135	0.419381	0.000145375	0.000146707	0.691232	0.533522	0.000140305	0.166168	0.0001	0.0001	0.364374	0.999992	0.000139639	0.0001	0.923256	0.581218	0.000328807	0.000146662	0.000147035	0.38632	0.744234	0.236359	0.121343	0.000328502	0.302366	0.000273063	0.658412	0.00013973	0.345189	0.0001	0.00745624	0.316178	0.000145705	0.000453961	0.000147089	0.395505	0.393378	0.231357	0.000144281	0.000146577	0.346189	0.25736	0.180478	0.000141661	0.229175	0.000269731	0.000270524
23	A	T	ORF	S	NULL	0	0	0	0	0	0	0	0	0	0	0	0	0	0	0	0	0	0	0	0	0	0	0	0	0	0	0	0	0	0	0	0	0	0	0	0	0	0	0	0	0	0	0	0	0	0	0	0	0	0	0	0	0	0
24	A	T	ORF	S	NULL	0	0	0	0	0	0	0	0	0	0	0	0	0	0	0	0	0	0	0	0	0	0	0	0	0	0	0	0	0	0	0	0	0	0	0	0	0	0	0	0	0	0	0	0	0	0	0	0	0	0	0	0	0	0
25	A	T	ORF	S	NULL	0	0	0	0	0	0	0	0	0	0	0	0	0	0	0	0	0	0	0	0	0	0	0	0	0	0	0	0	0	0	0	0	0	0	0	0	0	0	0	0	0	0	0	0	0	0	0	0	0	0	0	0	0	0
26	A	T	ORF	S	NULL	0	0	0	0	0	0	0	0	0	0	0	0	0	0	0	0	0	0	0	0	0	0	0	0	0	0	0	0	0	0	0	0	0	0	0	0	0	0	0	0	0	0	0	0	0	0	0	0	0	0	0	0	0	0
27	A	T	ORF	S	NULL	0	0	0	0	0	0	0	0	0	0	0	0	0	0	0	0	0	0	0	0	0	0	0	0	0	0	0	0	0	0	0	0	0	0	0	0	0	0	0	0	0	0	0	0	0	0	0	0	0	0	0	0	0	0
28	A	T	ORF	S	NULL	0	0	0	0	0	0	0	0	0	0	0	0	0	0	0	0	0	0	0	0	0	0	0	0	0	0	0	0	0	0	0	0	0	0	0	0	0	0	0	0	0	0	0	0	0	0	0	0	0	0	0	0	0	0
29	A	T	ORF	S	NULL	0	0	0	0	0.0001	0.0001	0.0001	0.0001	0.061027	0.188995	0.797069	0.308009	0.204162	0.0001	0.833074	0.999979	0.0001	0.0270223	0.0001	0.0001	0.0001	0.0001	0.338013	0.162039	0.602045	0.817072	0.360134	0.0001	0.309057	0.0001	0.0250222	0.0001	0.65117	0.234048	0.0001	0.526036	0.999979	0.331178	0.0001	0.576042	0.113151	0.517035	0.178159	0.0230217	0.0001	0.268004	0.298009	0.544039	0.0001	0.401186	0.0001	0.669054	0.0110908	0.0330936
30	A	T	ORF	S	NULL	0	0	0	0	0	0	0	0	0	0	0	0	0	0	0	0	0	0	0	0	0	0	0	0	0	0	0	0	0	0	0	0	0	0	0	0	0	0	0	0	0	0	0	0	0	0	0	0	0	0	0	0	0	0
31	A	T	ORF	S	NULL	0	0	0	0	0	0	0	0	0	0	0	0	0	0	0	0	0	0	0	0	0	0	0	0	0	0	0	0	0	0	0	0	0	0	0	0	0	0	0	0	0	0	0	0	0	0	0	0	0	0	0	0	0	0
32	A	T	ORF	S	NULL	0	0	0	0	0	0	0	0	0	0	0	0	0	0	0	0	0	0	0	0	0	0	0	0	0	0	0	0	0	0	0	0	0	0	0	0	0	0	0	0	0	0	0	0	0	0	0	0	0	0	0	0	0	0
33	A	T	ORF	S	NULL	0	0	0	0	0	0	0	0	0	0	0	0	0	0	0	0	0	0	0	0	0	0	0	0	0	0	0	0	0	0	0	0	0	0	0	0	0	0	0	0	0	0	0	0	0	0	0	0	0	0	0	0	0	0
34	A	T	ORF	S	NULL	0	0	0	0	0	0	0	0	0	0	0	0	0	0	0	0	0	0	0	0	0	0	0	0	0	0	0	0	0	0	0	0	0	0	0	0	0	0	0	0	0	0	0	0	0	0	0	0	0	0	0	0	0	0
35	A	T	ORF	S	NULL	0	0	0	0	0	0	0	0	0	0	0	0	0	0	0	0	0	0	0	0	0	0	0	0	0	0	0	0	0	0	0	0	0	0	0	0	0	0	0	0	0	0	0	0	0	0	0	0	0	0	0	0	0	0
36	A	T	ORF	S	NULL	0	0	0	0	0	0	0	0	0	0	0	0	0	0	0	0	0	0	0	0	0	0	0	0	0	0	0	0	0	0	0	0	0	0	0	0	0	0	0	0	0	0	0	0	0	0	0	0	0	0	0	0	0	0
37	A	T	ORF	S	NULL	0	0	0	0	0	0	0	0	0	0	0	0	0	0	0	0	0	0	0	0	0	0	0	0	0	0	0	0	0	0	0	0	0	0	0	0	0	0	0	0	0	0	0	0	0	0	0	0	0	0	0	0	0	0
38	A	T	ORF	S	NULL	0	0	0	0	0	0	0	0	0	0	0	0	0	0	0	0	0	0	0	0	0	0	0	0	0	0	0	0	0	0	0	0	0	0	0	0	0	0	0	0	0	0	0	0	0	0	0	0	0	0	0	0	0	0
39	A	T	ORF	S	NULL	0	0	0	0	0	0	0	0	0	0	0	0	0	0	0	0	0	0	0	0	0	0	0	0	0	0	0	0	0	0	0	0	0	0	0	0	0	0	0	0	0	0	0	0	0	0	0	0	0	0	0	0	0	0
40	A	T	ORF	S	NULL	0	0	0	0	0.000140843	0.0001	0.303178	0.17135	0.419381	0.000145375	0.000146707	0.691232	0.533522	0.000140305	0.166168	0.0001	0.0001	0.364374	0.999992	0.000139639	0.0001	0.923256	0.581218	0.000328807	0.000146662	0.000147035	0.38632	0.744234	0.236359	0.121343	0.000328502	0.302366	0.000273063	0.658412	0.00013973	0.345189	0.0001	0.00745624	0.316178	0.000145705	0.000453961	0.000147089	0.395505	0.393378	0.231357	0.000144281	0.000146577	0.346189	0.25736	0.180478	0.000141661	0.229175	0.000269731	0.000270524
41	A	T	ORF	S	NULL	0	0	0	0	0	0	0	0	0	0	0	0	0	0	0	0	0	0	0	0	0	0	0	0	0	0	0	0	0	0	0	0	0	0	0	0	0	0	0	0	0	0	0	0	0	0	0	0	0	0	0	0	0	0
42	A	T	ORF	S	NULL	0	0	0	0	0	0	0	0	0	0	0	0	0	0	0	0	0	0	0	0	0	0	0	0	0	0	0	0	0	0	0	0	0	0	0	0	0	0	0	0	0	0	0	0	0	0	0	0	0	0	0	0	0	0
43	A	T	ORF	S	NULL	0	0	0	0	0	0	0	0	0	0	0	0	0	0	0	0	0	0	0	0	0	0	0	0	0	0	0	0	0	0	0	0	0	0	0	0	0	0	0	0	0	0	0	0	0	0	0	0	0	0	0	0	0	0
44	A	T	ORF	S	NULL	0	0	0	0	0	0	0	0	0	0	0	0	0	0	0	0	0	0	0	0	0	0	0	0	0	0	0	0	0	0	0	0	0	0	0	0	0	0	0	0	0	0	0	0	0	0	0	0	0	0	0	0	0	0
45	A	T	ORF	S	NULL	0	0	0	0	0	0	0	0	0	0	0	0	0	0	0	0	0	0	0	0	0	0	0	0	0	0	0	0	0	0	0	0	0	0	0	0	0	0	0	0	0	0	0	0	0	0	0	0	0	0	0	0	0	0
46	A	T	ORF	S	NULL	0	0	0	0	0.0001	0.0001	0.0001	0.0001	0.061027	0.188995	0.797069	0.308009	0.204162	0.0001	0.833074	0.999979	0.0001	0.0270223	0.0001	0.0001	0.0001	0.0001	0.338013	0.162039	0.602045	0.817072	0.360134	0.0001	0.309057	0.0001	0.0250222	0.0001	0.65117	0.234048	0.0001	0.526036	0.999979	0.331178	0.0001	0.576042	0.113151	0.517035	0.178159	0.0230217	0.0001	0.268004	0.298009	0.544039	0.0001	0.401186	0.0001	0.669054	0.0110908	0.0330936
47	A	T	ORF	S	NULL	0	0	0	0	0	0	0	0	0	0	0	0	0	0	0	0	0	0	0	0	0	0	0	0	0	0	0	0	0	0	0	0	0	0	0	0	0	0	0	0	0	0	0	0	0	0	0	0	0	0	0	0	0	0
48	A	T	ORF	S	NULL	0	0	0	0	0.0001	0.0001	0.0001	0.0001	0.061027	0.188995	0.797069	0.308009	0.204162	0.0001	0.833074	0.999979	0.0001	0.0270223	0.0001	0.0001	0.0001	0.0001	0.338013	0.162039	0.602045	0.817072	0.360134	0.0001	0.309057	0.0001	0.0250222	0.0001	0.65117	0.234048	0.0001	0.526036	0.999979	0.331178	0.0001	0.576042	0.113151	0.517035	0.178159	0.0230217	0.0001	0.268004	0.298009	0.544039	0.0001	0.401186	0.0001	0.669054	0.0110908	0.0330936
49	A	T	ORF	S	NULL	0	0	0	0	0.352671	0.0001	0.000622107	0.00118609	0.0261933	0.0816461	0.202668	0.000639881	0.0725792	0.324666	0.000641315	0.0001	0.999999	0.00118752	0.0001	0.777729	0.999999	0.000628097	0.000639846	0.0481925	0.315683	0.127658	0.177043	0.00662718	0.180216	0.00118574	0.275224	0.00118718	0.15204	0.0201955	0.64571	0.000640127	0.0001	0.17059	0.683716	0.423696	0.75567	0.000639658	0.0565764	0.00118759	0.00118667	0.731736	0.000638093	0.000640282	0.00118529	0.0735786	0.000623438	0.0886527	0.844129	0.130029
50	A	T	ORF	S	NULL	0	0	0	0	0	0	0	0	0	0	0	0	0	0	0	0	0	0	0	0	0	0	0	0	0	0	0	0	0	0	0	0	0	0	0	0	0	0	0	0	0	0	0	0	0	0	0	0	0	0	0	0	0	0
51	A	T	ORF	S	NULL	0	0	0	0	0.208049	0.999993	0.696118	0.122131	0.103129	0.0001	0.0001	0.0001	0.163201	0.0001	0.0001	0.0001	0.0001	0.567194	0.0001	0.222051	0.0001	0.076032	0.0001	0.677209	0.0820345	0.0001	0.0280903	0.249056	0.021118	0.139134	0.275153	0.0261182	0.0300906	0.0321199	0.354069	0.0001	0.0001	0.261214	0.0001	0.0001	0.107192	0.111039	0.0481848	0.581196	0.0571224	0.0001	0.0410287	0.0001	0.476181	0.272216	0.106035	0.0001	0.0001	0.738188
52	A	T	ORF	S	NULL	0	0	0	0	0	0	0	0	0	0	0	0	0	0	0	0	0	0	0	0	0	0	0	0	0	0	0	0	0	0	0	0	0	0	0	0	0	0	0	0	0	0	0	0	0	0	0	0	0	0	0	0	0	0
53	A	T	ORF	S	NULL	0	0	0	0	0.0001	0.0001	0.0001	0.0001	0.061027	0.188995	0.797069	0.308009	0.204162	0.0001	0.833074	0.999979	0.0001	0.0270223	0.0001	0.0001	0.0001	0.0001	0.338013	0.162039	0.602045	0.817072	0.360134	0.0001	0.309057	0.0001	0.0250222	0.0001	0.65117	0.234048	0.0001	0.526036	0.999979	0.331178	0.0001	0.576042	0.113151	0.517035	0.178159	0.0230217	0.0001	0.268004	0.298009	0.544039	0.0001	0.401186	0.0001	0.669054	0.0110908	0.0330936
54	A	T	ORF	S	NULL	0	0	0	0	0	0	0	0	0	0	0	0	0	0	0	0	0	0	0	0	0	0	0	0	0	0	0	0	0	0	0	0	0	0	0	0	0	0	0	0	0	0	0	0	0	0	0	0	0	0	0	0	0	0
55	A	T	ORF	S	NULL	0	0	0	0	0	0	0	0	0	0	0	0	0	0	0	0	0	0	0	0	0	0	0	0	0	0	0	0	0	0	0	0	0	0	0	0	0	0	0	0	0	0	0	0	0	0	0	0	0	0	0	0	0	0
56	A	T	ORF	S	NULL	0	0	0	0	0	0	0	0	0	0	0	0	0	0	0	0	0	0	0	0	0	0	0	0	0	0	0	0	0	0	0	0	0	0	0	0	0	0	0	0	0	0	0	0	0	0	0	0	0	0	0	0	0	0
57	A	T	ORF	S	NULL	0	0	0	0	0	0	0	0	0	0	0	0	0	0	0	0	0	0	0	0	0	0	0	0	0	0	0	0	0	0	0	0	0	0	0	0	0	0	0	0	0	0	0	0	0	0	0	0	0	0	0	0	0	0
58	A	T	ORF	S	NULL	0	0	0	0	0	0	0	0	0	0	0	0	0	0	0	0	0	0	0	0	0	0	0	0	0	0	0	0	0	0	0	0	0	0	0	0	0	0	0	0	0	0	0	0	0	0	0	0	0	0	0	0	0	0
59	A	T	ORF	S	NULL	0	0	0	0	0	0	0	0	0	0	0	0	0	0	0	0	0	0	0	0	0	0	0	0	0	0	0	0	0	0	0	0	0	0	0	0	0	0	0	0	0	0	0	0	0	0	0	0	0	0	0	0	0	0
60	A	T	ORF	S	NULL	0	0	0	0	0	0	0	0	0	0	0	0	0	0	0	0	0	0	0	0	0	0	0	0	0	0	0	0	0	0	0	0	0	0	0	0	0	0	0	0	0	0	0	0	0	0	0	0	0	0	0	0	0	0
61	A	T	ORF	S	NULL	0	0	0	0	0	0	0	0	0	0	0	0	0	0	0	0	0	0	0	0	0	0	0	0	0	0	0	0	0	0	0	0	0	0	0	0	0	0	0	0	0	0	0	0	0	0	0	0	0	0	0	0	0	0
62	A	T	ORF	S	NULL	0	0	0	0	0	0	0	0	0	0	0	0	0	0	0	0	0	0	0	0	0	0	0	0	0	0	0	0	0	0	0	0	0	0	0	0	0	0	0	0	0	0	0	0	0	0	0	0	0	0	0	0	0	0
63	A	T	ORF	S	NULL	0	0	0	0	0.0001	0.0001	0.0001	0.0001	0.061027	0.188995	0.797069	0.308009	0.204162	0.0001	0.833074	0.999979	0.0001	0.0270223	0.0001	0.0001	0.0001	0.0001	0.338013	0.162039	0.602045	0.817072	0.360134	0.0001	0.309057	0.0001	0.0250222	0.0001	0.65117	0.234048	0.0001	0.526036	0.999979	0.331178	0.0001	0.576042	0.113151	0.517035	0.178159	0.0230217	0.0001	0.268004	0.298009	0.544039	0.0001	0.401186	0.0001	0.669054	0.0110908	0.0330936
64	A	T	ORF	S	NULL	0	0	0	0	0.208049	0.999993	0.696118	0.122131	0.103129	0.0001	0.0001	0.0001	0.163201	0.0001	0.0001	0.0001	0.0001	0.567194	0.0001	0.222051	0.0001	0.076032	0.0001	0.677209	0.0820345	0.0001	0.0280903	0.249056	0.021118	0.139134	0.275153	0.0261182	0.0300906	0.0321199	0.354069	0.0001	0.0001	0.261214	0.0001	0.0001	0.107192	0.111039	0.0481848	0.581196	0.0571224	0.0001	0.0410287	0.0001	0.476181	0.272216	0.106035	0.0001	0.0001	0.738188
65	A	T	ORF	S	NULL	0	0	0	0	0	0	0	0	0	0	0	0	0	0	0	0	0	0	0	0	0	0	0	0	0	0	0	0	0	0	0	0	0	0	0	0	0	0	0	0	0	0	0	0	0	0	0	0	0	0	0	0	0	0
66	A	T	ORF	S	NULL	0	0	0	0	0	0	0	0	0	0	0	0	0	0	0	0	0	0	0	0	0	0	0	0	0	0	0	0	0	0	0	0	0	0	0	0	0	0	0	0	0	0	0	0	0	0	0	0	0	0	0	0	0	0
67	A	T	ORF	S	NULL	0	0	0	0	0	0	0	0	0	0	0	0	0	0	0	0	0	0	0	0	0	0	0	0	0	0	0	0	0	0	0	0	0	0	0	0	0	0	0	0	0	0	0	0	0	0	0	0	0	0	0	0	0	0
68	A	T	ORF	S	NULL	0	0	0	0	0	0	0	0	0	0	0	0	0	0	0	0	0	0	0	0	0	0	0	0	0	0	0	0	0	0	0	0	0	0	0	0	0	0	0	0	0	0	0	0	0	0	0	0	0	0	0	0	0	0
69	A	T	ORF	S	NULL	0	0	0	0	0.208049	0.999993	0.696118	0.122131	0.103129	0.0001	0.0001	0.0001	0.163201	0.0001	0.0001	0.0001	0.0001	0.567194	0.0001	0.222051	0.0001	0.076032	0.0001	0.677209	0.0820345	0.0001	0.0280903	0.249056	0.021118	0.139134	0.275153	0.0261182	0.0300906	0.0321199	0.354069	0.0001	0.0001	0.261214	0.0001	0.0001	0.107192	0.111039	0.0481848	0.581196	0.0571224	0.0001	0.0410287	0.0001	0.476181	0.272216	0.106035	0.0001	0.0001	0.738188
70	A	T	ORF	S	NULL	0	0	0	0	0	0	0	0	0	0	0	0	0	0	0	0	0	0	0	0	0	0	0	0	0	0	0	0	0	0	0	0	0	0	0	0	0	0	0	0	0	0	0	0	0	0	0	0	0	0	0	0	0	0
71	A	T	ORF	S	NULL	0	0	0	0	0	0	0	0	0	0	0	0	0	0	0	0	0	0	0	0	0	0	0	0	0	0	0	0	0	0	0	0	0	0	0	0	0	0	0	0	0	0	0	0	0	0	0	0	0	0	0	0	0	0
72	A	T	ORF	S	NULL	0	0	0	0	0.208049	0.999993	0.696118	0.122131	0.103129	0.0001	0.0001	0.0001	0.163201	0.0001	0.0001	0.0001	0.0001	0.567194	0.0001	0.222051	0.0001	0.076032	0.0001	0.677209	0.0820345	0.0001	0.0280903	0.249056	0.021118	0.139134	0.275153	0.0261182	0.0300906	0.0321199	0.354069	0.0001	0.0001	0.261214	0.0001	0.0001	0.107192	0.111039	0.0481848	0.581196	0.0571224	0.0001	0.0410287	0.0001	0.476181	0.272216	0.106035	0.0001	0.0001	0.738188
73	A	T	ORF	S	NULL	0	0	0	0	0	0	0	0	0	0	0	0	0	0	0	0	0	0	0	0	0	0	0	0	0	0	0	0	0	0	0	0	0	0	0	0	0	0	0	0	0	0	0	0	0	0	0	0	0	0	0	0	0	0
74	A	T	ORF	S	NULL	0	0	0	0	0	0	0	0	0	0	0	0	0	0	0	0	0	0	0	0	0	0	0	0	0	0	0	0	0	0	0	0	0	0	0	0	0	0	0	0	0	0	0	0	0	0	0	0	0	0	0	0	0	0
75	A	T	ORF	S	NULL	0	0	0	0	0	0	0	0	0	0	0	0	0	0	0	0	0	0	0	0	0	0	0	0	0	0	0	0	0	0	0	0	0	0	0	0	0	0	0	0	0	0	0	0	0	0	0	0	0	0	0	0	0	0
76	A	T	ORF	S	NULL	0	0	0	0	0	0	0	0	0	0	0	0	0	0	0	0	0	0	0	0	0	0	0	0	0	0	0	0	0	0	0	0	0	0	0	0	0	0	0	0	0	0	0	0	0	0	0	0	0	0	0	0	0	0
77	A	T	ORF	S	NULL	0	0	0	0	0	0	0	0	0	0	0	0	0	0	0	0	0	0	0	0	0	0	0	0	0	0	0	0	0	0	0	0	0	0	0	0	0	0	0	0	0	0	0	0	0	0	0	0	0	0	0	0	0	0
78	A	T	ORF	S	NULL	0	0	0	0	0.0001	0.0001	0.0001	0.0001	0.061027	0.188995	0.797069	0.308009	0.204162	0.0001	0.833074	0.999979	0.0001	0.0270223	0.0001	0.0001	0.0001	0.0001	0.338013	0.162039	0.602045	0.817072	0.360134	0.0001	0.309057	0.0001	0.0250222	0.0001	0.65117	0.234048	0.0001	0.526036	0.999979	0.331178	0.0001	0.576042	0.113151	0.517035	0.178159	0.0230217	0.0001	0.268004	0.298009	0.544039	0.0001	0.401186	0.0001	0.669054	0.0110908	0.0330936
79	A	T	ORF	S	NULL	0	0	0	0	0	0	0	0	0	0	0	0	0	0	0	0	0	0	0	0	0	0	0	0	0	0	0	0	0	0	0	0	0	0	0	0	0	0	0	0	0	0	0	0	0	0	0	0	0	0	0	0	0	0
80	A	T	ORF	S	NULL	0	0	0	0	0	0	0	0	0	0	0	0	0	0	0	0	0	0	0	0	0	0	0	0	0	0	0	0	0	0	0	0	0	0	0	0	0	0	0	0	0	0	0	0	0	0	0	0	0	0	0	0	0	0
81	A	T	ORF	S	NULL	0	0	0	0	0.439138	0.0001	0.0001	0.705309	0.390269	0.729186	0.000100338	0.00010011	0.0265356	0.675169	0.000100568	0.0001	0.0001	0.0402223	0.0001	0.0001	0.0001	0.0001	0.0801012	0.112231	0.00010016	0.055096	0.048412	0.0001	0.25325	0.738313	0.424272	0.670305	0.166427	0.0552247	0.0001	0.128107	0.0001	0.229561	0.0001	0.000100156	0.0235338	0.371139	0.321575	0.0012172	0.71031	0.000100037	0.660178	0.109104	0.265251	0.0725408	0.893199	0.0130912	0.144424	0.0984181
82	A	T	ORF	S	NULL	0	0	0	0	0	0	0	0	0	0	0	0	0	0	0	0	0	0	0	0	0	0	0	0	0	0	0	0	0	0	0	0	0	0	0	0	0	0	0	0	0	0	0	0	0	0	0	0	0	0	0	0	0	0
83	A	T	ORF	S	NULL	0	0	0	0	0.208049	0.999993	0.696118	0.122131	0.103129	0.0001	0.0001	0.0001	0.163201	0.0001	0.0001	0.0001	0.0001	0.567194	0.0001	0.222051	0.0001	0.076032	0.0001	0.677209	0.0820345	0.0001	0.0280903	0.249056	0.021118	0.139134	0.275153	0.0261182	0.0300906	0.0321199	0.354069	0.0001	0.0001	0.261214	0.0001	0.0001	0.107192	0.111039	0.0481848	0.581196	0.0571224	0.0001	0.0410287	0.0001	0.476181	0.272216	0.106035	0.0001	0.0001	0.738188
84	A	T	ORF	S	NULL	0	0	0	0	0	0	0	0	0	0	0	0	0	0	0	0	0	0	0	0	0	0	0	0	0	0	0	0	0	0	0	0	0	0	0	0	0	0	0	0	0	0	0	0	0	0	0	0	0	0	0	0	0	0
85	A	T	ORF	S	NULL	0	0	0	0	0	0	0	0	0	0	0	0	0	0	0	0	0	0	0	0	0	0	0	0	0	0	0	0	0	0	0	0	0	0	0	0	0	0	0	0	0	0	0	0	0	0	0	0	0	0	0	0	0	0
86	A	T	ORF	S	NULL	0	0	0	0	0	0	0	0	0	0	0	0	0	0	0	0	0	0	0	0	0	0	0	0	0	0	0	0	0	0	0	0	0	0	0	0	0	0	0	0	0	0	0	0	0	0	0	0	0	0	0	0	0	0
87	A	T	ORF	S	NULL	0	0	0	0	0.439138	0.0001	0.0001	0.705309	0.390269	0.729186	0.000100338	0.00010011	0.0265356	0.675169	0.000100568	0.0001	0.0001	0.0402223	0.0001	0.0001	0.0001	0.0001	0.0801012	0.112231	0.00010016	0.055096	0.048412	0.0001	0.25325	0.738313	0.424272	0.670305	0.166427	0.0552247	0.0001	0.128107	0.0001	0.229561	0.0001	0.000100156	0.0235338	0.371139	0.321575	0.0012172	0.71031	0.000100037	0.660178	0.109104	0.265251	0.0725408	0.893199	0.0130912	0.144424	0.0984181
88	A	T	ORF	S	NULL	0	0	0	0	0.000140843	0.0001	0.303178	0.17135	0.419381	0.000145375	0.000146707	0.691232	0.533522	0.000140305	0.166168	0.0001	0.0001	0.364374	0.999992	0.000139639	0.0001	0.923256	0.581218	0.000328807	0.000146662	0.000147035	0.38632	0.744234	0.236359	0.121343	0.000328502	0.302366	0.000273063	0.658412	0.00013973	0.345189	0.0001	0.00745624	0.316178	0.000145705	0.000453961	0.000147089	0.395505	0.393378	0.231357	0.000144281	0.000146577	0.346189	0.25736	0.180478	0.000141661	0.229175	0.000269731	0.000270524
89	A	T	ORF	S	NULL	0	0	0	0	0	0	0	0	0	0	0	0	0	0	0	0	0	0	0	0	0	0	0	0	0	0	0	0	0	0	0	0	0	0	0	0	0	0	0	0	0	0	0	0	0	0	0	0	0	0	0	0	0	0
90	A	T	ORF	S	NULL	0	0	0	0	0	0	0	0	0	0	0	0	0	0	0	0	0	0	0	0	0	0	0	0	0	0	0	0	0	0	0	0	0	0	0	0	0	0	0	0	0	0	0	0	0	0	0	0	0	0	0	0	0	0
91	A	T	ORF	S	NULL	0	0	0	0	0	0	0	0	0	0	0	0	0	0	0	0	0	0	0	0	0	0	0	0	0	0	0	0	0	0	0	0	0	0	0	0	0	0	0	0	0	0	0	0	0	0	0	0	0	0	0	0	0	0
92	A	T	ORF	S	NULL	0	0	0	0	0	0	0	0	0	0	0	0	0	0	0	0	0	0	0	0	0	0	0	0	0	0	0	0	0	0	0	0	0	0	0	0	0	0	0	0	0	0	0	0	0	0	0	0	0	0	0	0	0	0
93	A	T	ORF	S	NULL	0	0	0	0	0	0	0	0	0	0	0	0	0	0	0	0	0	0	0	0	0	0	0	0	0	0	0	0	0	0	0	0	0	0	0	0	0	0	0	0	0	0	0	0	0	0	0	0	0	0	0	0	0	0
94	A	T	ORF	S	NULL	0	0	0	0	0	0	0	0	0	0	0	0	0	0	0	0	0	0	0	0	0	0	0	0	0	0	0	0	0	0	0	0	0	0	0	0	0	0	0	0	0	0	0	0	0	0	0	0	0	0	0	0	0	0
95	A	T	ORF	S	NULL	0	0	0	0	0.439238	0.0002	0.0002	0.705409	0.451296	0.918182	0.797169	0.30811	0.230698	0.675269	0.833174	1.00008	0.000200001	0.0672446	0.0002	0.0002	0.000200001	0.0002	0.418115	0.27427	0.602145	0.872168	0.408546	0.0002	0.562307	0.738413	0.449295	0.670405	0.817596	0.289273	0.0002	0.654143	1.00008	0.560739	0.0002	0.576142	0.136684	0.888174	0.499734	0.0242389	0.71041	0.268104	0.958187	0.653143	0.265351	0.473727	0.893299	0.682145	0.155515	0.131512
96	A	T	ORF	S	NULL	0	0	0	0	0	0	0	0	0	0	0	0	0	0	0	0	0	0	0	0	0	0	0	0	0	0	0	0	0	0	0	0	0	0	0	0	0	0	0	0	0	0	0	0	0	0	0	0	0	0	0	0	0	0
97	A	T	ORF	S	NULL	0	0	0	0	0.0001	0.0001	0.0001	0.0001	0.061027	0.188995	0.797069	0.308009	0.204162	0.0001	0.833074	0.999979	0.0001	0.0270223	0.0001	0.0001	0.0001	0.0001	0.338013	0.162039	0.602045	0.817072	0.360134	0.0001	0.309057	0.0001	0.0250222	0.0001	0.65117	0.234048	0.0001	0.526036	0.999979	0.331178	0.0001	0.576042	0.113151	0.517035	0.178159	0.0230217	0.0001	0.268004	0.298009	0.544039	0.0001	0.401186	0.0001	0.669054	0.0110908	0.0330936
98	A	T	ORF	S	NULL	0	0	0	0	0	0	0	0	0	0	0	0	0	0	0	0	0	0	0	0	0	0	0	0	0	0	0	0	0	0	0	0	0	0	0	0	0	0	0	0	0	0	0	0	0	0	0	0	0	0	0	0	0	0
99	A	T	ORF	S	NULL	0	0	0	0	0	0	0	0	0	0	0	0	0	0	0	0	0	0	0	0	0	0	0	0	0	0	0	0	0	0	0	0	0	0	0	0	0	0	0	0	0	0	0	0	0	0	0	0	0	0	0	0	0	0
100	A	T	ORF	S	NULL	0	0	0	0	0	0	0	0	0	0	0	0	0	0	0	0	0	0	0	0	0	0	0	0	0	0	0	0	0	0	0	0	0	0	0	0	0	0	0	0	0	0	0	0	0	0	0	0	0	0	0	0	0	0
