pos	ref	alt	gene	N/S	AA	nSRAsubclonal	nSRAclonal	nSRA	nConsensus	sample0|Earth	sample1|Earth	sample2|Earth	sample3|Earth	sample4|Earth	sample5|Earth	sample6|Earth	sample7|Earth	sample8|Earth	sample9|Earth	sample10|Earth	sample11|Earth	sample12|Earth	sample13|Earth	sample14|Earth	sample15|Earth	sample16|Earth	sample17|Earth	sample18|Earth	sample19|Earth	sample20|Earth	sample21|Earth	sample22|Earth	sample23|Earth	sample24|Earth	sample25|Earth	sample26|Earth	sample27|Earth	sample28|Earth	sample29|Earth	sample30|Earth	sample31|Earth	sample32|Earth	sample33|Earth	sample34|Earth	sample35|Earth	sample36|Earth	sample37|Earth	sample38|Earth	sample39|Earth	sample40|Earth	sample41|Earth	sample42|Earth	sample43|Earth	sample44|Earth	sample45|Earth	sample46|Earth	sample47|Earth	sample48|Earth	sample49|Earth
1	A	T	ORF	S	NULL	0	0	0	0	0	0	0	0	0	0	0	0	0	0	0	0	0	0	0	0	0	0	0	0	0	0	0	0	0	0	0	0	0	0	0	0	0	0	0	0	0	0	0	0	0	0	0	0	0	0	0	0	0	0
2	A	T	ORF	S	NULL	0	0	0	0	0	0	0	0	0	0	0	0	0	0	0	0	0	0	0	0	0	0	0	0	0	0	0	0	0	0	0	0	0	0	0	0	0	0	0	0	0	0	0	0	0	0	0	0	0	0	0	0	0	0
3	A	T	ORF	S	NULL	0	0	0	0	0	0	0	0	0	0	0	0	0	0	0	0	0	0	0	0	0	0	0	0	0	0	0	0	0	0	0	0	0	0	0	0	0	0	0	0	0	0	0	0	0	0	0	0	0	0	0	0	0	0
4	A	T	ORF	S	NULL	0	0	0	0	0	0	0	0	0	0	0	0	0	0	0	0	0	0	0	0	0	0	0	0	0	0	0	0	0	0	0	0	0	0	0	0	0	0	0	0	0	0	0	0	0	0	0	0	0	0	0	0	0	0
5	A	T	ORF	S	NULL	0	0	0	0	0	0	0	0	0	0	0	0	0	0	0	0	0	0	0	0	0	0	0	0	0	0	0	0	0	0	0	0	0	0	0	0	0	0	0	0	0	0	0	0	0	0	0	0	0	0	0	0	0	0
6	A	T	ORF	S	NULL	0	0	0	0	0	0	0	0	0	0	0	0	0	0	0	0	0	0	0	0	0	0	0	0	0	0	0	0	0	0	0	0	0	0	0	0	0	0	0	0	0	0	0	0	0	0	0	0	0	0	0	0	0	0
7	A	T	ORF	S	NULL	0	0	0	0	0.20807	0.999985	0.696115	0.122122	0.103119	0.0001	0.0001	0.000100001	0.163176	0.0001	0.0001	0.0001	0.0001	0.567213	0.000100001	0.222072	0.0001	0.0760206	0.0001	0.677206	0.0820557	0.0001	0.0280745	0.24907	0.0211551	0.139225	0.275152	0.0260919	0.0301038	0.0321477	0.354069	0.0001	0.0001	0.261199	0.0001	0.0001	0.10719	0.111038	0.048234	0.581193	0.057104	0.0001	0.0410286	0.0001	0.476143	0.272236	0.10605	0.0001	0.000136272	0.738191
8	A	T	ORF	S	NULL	0	0	0	0	0	0	0	0	0	0	0	0	0	0	0	0	0	0	0	0	0	0	0	0	0	0	0	0	0	0	0	0	0	0	0	0	0	0	0	0	0	0	0	0	0	0	0	0	0	0	0	0	0	0
9	A	T	ORF	S	NULL	0	0	0	0	0	0	0	0	0	0	0	0	0	0	0	0	0	0	0	0	0	0	0	0	0	0	0	0	0	0	0	0	0	0	0	0	0	0	0	0	0	0	0	0	0	0	0	0	0	0	0	0	0	0
10	A	T	ORF	S	NULL	0	0	0	0	0	0	0	0	0	0	0	0	0	0	0	0	0	0	0	0	0	0	0	0	0	0	0	0	0	0	0	0	0	0	0	0	0	0	0	0	0	0	0	0	0	0	0	0	0	0	0	0	0	0
11	A	T	ORF	S	NULL	0	0	0	0	0	0	0	0	0	0	0	0	0	0	0	0	0	0	0	0	0	0	0	0	0	0	0	0	0	0	0	0	0	0	0	0	0	0	0	0	0	0	0	0	0	0	0	0	0	0	0	0	0	0
12	A	T	ORF	S	NULL	0	0	0	0	0	0	0	0	0	0	0	0	0	0	0	0	0	0	0	0	0	0	0	0	0	0	0	0	0	0	0	0	0	0	0	0	0	0	0	0	0	0	0	0	0	0	0	0	0	0	0	0	0	0
13	A	T	ORF	S	NULL	0	0	0	0	0	0	0	0	0	0	0	0	0	0	0	0	0	0	0	0	0	0	0	0	0	0	0	0	0	0	0	0	0	0	0	0	0	0	0	0	0	0	0	0	0	0	0	0	0	0	0	0	0	0
14	A	T	ORF	S	NULL	0	0	0	0	0	0	0	0	0	0	0	0	0	0	0	0	0	0	0	0	0	0	0	0	0	0	0	0	0	0	0	0	0	0	0	0	0	0	0	0	0	0	0	0	0	0	0	0	0	0	0	0	0	0
15	A	T	ORF	S	NULL	0	0	0	0	0	0	0	0	0	0	0	0	0	0	0	0	0	0	0	0	0	0	0	0	0	0	0	0	0	0	0	0	0	0	0	0	0	0	0	0	0	0	0	0	0	0	0	0	0	0	0	0	0	0
16	A	T	ORF	S	NULL	0	0	0	0	0	0	0	0	0	0	0	0	0	0	0	0	0	0	0	0	0	0	0	0	0	0	0	0	0	0	0	0	0	0	0	0	0	0	0	0	0	0	0	0	0	0	0	0	0	0	0	0	0	0
17	A	T	ORF	S	NULL	0	0	0	0	0.439136	0.0001	0.0001	0.705396	0.390355	0.729242	0.0001	0.000139151	0.0265009	0.67517	0.000100012	0.0001	0.0001	0.0402978	0.000100003	0.0001	0.0001	0.000100002	0.0799349	0.11223	0.0001	0.0549185	0.0483869	0.000126739	0.253237	0.738296	0.424273	0.67036	0.166387	0.0553081	0.0001	0.128098	0.0001	0.229458	0.000100001	0.0001	0.0235236	0.371131	0.321566	0.00121695	0.710285	0.000100001	0.660175	0.109095	0.265231	0.0724893	0.893245	0.0130813	0.144312	0.0983625
18	A	T	ORF	S	NULL	0	0	0	0	0.0001	0.0001	0.0001	0.0001	0.061024	0.188987	0.79708	0.308003	0.204153	0.0001	0.833093	0.999973	0.0001	0.027072	0.0001	0.0001	0.0001	0.0001	0.337954	0.162041	0.602061	0.817021	0.360131	0.0001	0.309073	0.0001	0.0250222	0.0001	0.651192	0.234033	0.0001	0.526043	0.999972	0.331145	0.0001	0.576047	0.113182	0.51705	0.178159	0.023022	0.0001	0.268008	0.298012	0.544054	0.0001	0.401205	0.0001	0.669062	0.01107	0.0331743
19	A	T	ORF	S	NULL	0	0	0	0	0	0	0	0	0	0	0	0	0	0	0	0	0	0	0	0	0	0	0	0	0	0	0	0	0	0	0	0	0	0	0	0	0	0	0	0	0	0	0	0	0	0	0	0	0	0	0	0	0	0
20	A	T	ORF	S	NULL	0	0	0	0	0	0	0	0	0	0	0	0	0	0	0	0	0	0	0	0	0	0	0	0	0	0	0	0	0	0	0	0	0	0	0	0	0	0	0	0	0	0	0	0	0	0	0	0	0	0	0	0	0	0
21	A	T	ORF	S	NULL	0	0	0	0	0	0	0	0	0	0	0	0	0	0	0	0	0	0	0	0	0	0	0	0	0	0	0	0	0	0	0	0	0	0	0	0	0	0	0	0	0	0	0	0	0	0	0	0	0	0	0	0	0	0
22	A	T	ORF	S	NULL	0	0	0	0	0.000137581	0.0001	0.30318	0.171333	0.419365	0.000135177	0.00014249	0.691221	0.533735	0.00014132	0.166167	0.0001	0.0001	0.36434	0.999985	0.000137552	0.0001	0.923351	0.580976	0.000329327	0.000141379	0.0001	0.386461	0.744223	0.236351	0.121324	0.000329492	0.302506	0.000399429	0.658391	0.00014177	0.345187	0.0001	0.00769253	0.316182	0.000430064	0.000451723	0.000145625	0.395497	0.39338	0.23152	0.000146041	0.000146461	0.34619	0.257823	0.180669	0.000126399	0.229172	0.000293229	0.000385138
23	A	T	ORF	S	NULL	0	0	0	0	0	0	0	0	0	0	0	0	0	0	0	0	0	0	0	0	0	0	0	0	0	0	0	0	0	0	0	0	0	0	0	0	0	0	0	0	0	0	0	0	0	0	0	0	0	0	0	0	0	0
24	A	T	ORF	S	NULL	0	0	0	0	0	0	0	0	0	0	0	0	0	0	0	0	0	0	0	0	0	0	0	0	0	0	0	0	0	0	0	0	0	0	0	0	0	0	0	0	0	0	0	0	0	0	0	0	0	0	0	0	0	0
25	A	T	ORF	S	NULL	0	0	0	0	0	0	0	0	0	0	0	0	0	0	0	0	0	0	0	0	0	0	0	0	0	0	0	0	0	0	0	0	0	0	0	0	0	0	0	0	0	0	0	0	0	0	0	0	0	0	0	0	0	0
26	A	T	ORF	S	NULL	0	0	0	0	0	0	0	0	0	0	0	0	0	0	0	0	0	0	0	0	0	0	0	0	0	0	0	0	0	0	0	0	0	0	0	0	0	0	0	0	0	0	0	0	0	0	0	0	0	0	0	0	0	0
27	A	T	ORF	S	NULL	0	0	0	0	0	0	0	0	0	0	0	0	0	0	0	0	0	0	0	0	0	0	0	0	0	0	0	0	0	0	0	0	0	0	0	0	0	0	0	0	0	0	0	0	0	0	0	0	0	0	0	0	0	0
28	A	T	ORF	S	NULL	0	0	0	0	0	0	0	0	0	0	0	0	0	0	0	0	0	0	0	0	0	0	0	0	0	0	0	0	0	0	0	0	0	0	0	0	0	0	0	0	0	0	0	0	0	0	0	0	0	0	0	0	0	0
29	A	T	ORF	S	NULL	0	0	0	0	0.0001	0.0001	0.0001	0.0001	0.061024	0.188987	0.79708	0.308003	0.204153	0.0001	0.833093	0.999973	0.0001	0.027072	0.0001	0.0001	0.0001	0.0001	0.337954	0.162041	0.602061	0.817021	0.360131	0.0001	0.309073	0.0001	0.0250222	0.0001	0.651192	0.234033	0.0001	0.526043	0.999972	0.331145	0.0001	0.576047	0.113182	0.51705	0.178159	0.023022	0.0001	0.268008	0.298012	0.544054	0.0001	0.401205	0.0001	0.669062	0.01107	0.0331743
30	A	T	ORF	S	NULL	0	0	0	0	0	0	0	0	0	0	0	0	0	0	0	0	0	0	0	0	0	0	0	0	0	0	0	0	0	0	0	0	0	0	0	0	0	0	0	0	0	0	0	0	0	0	0	0	0	0	0	0	0	0
31	A	T	ORF	S	NULL	0	0	0	0	0	0	0	0	0	0	0	0	0	0	0	0	0	0	0	0	0	0	0	0	0	0	0	0	0	0	0	0	0	0	0	0	0	0	0	0	0	0	0	0	0	0	0	0	0	0	0	0	0	0
32	A	T	ORF	S	NULL	0	0	0	0	0	0	0	0	0	0	0	0	0	0	0	0	0	0	0	0	0	0	0	0	0	0	0	0	0	0	0	0	0	0	0	0	0	0	0	0	0	0	0	0	0	0	0	0	0	0	0	0	0	0
33	A	T	ORF	S	NULL	0	0	0	0	0	0	0	0	0	0	0	0	0	0	0	0	0	0	0	0	0	0	0	0	0	0	0	0	0	0	0	0	0	0	0	0	0	0	0	0	0	0	0	0	0	0	0	0	0	0	0	0	0	0
34	A	T	ORF	S	NULL	0	0	0	0	0	0	0	0	0	0	0	0	0	0	0	0	0	0	0	0	0	0	0	0	0	0	0	0	0	0	0	0	0	0	0	0	0	0	0	0	0	0	0	0	0	0	0	0	0	0	0	0	0	0
35	A	T	ORF	S	NULL	0	0	0	0	0	0	0	0	0	0	0	0	0	0	0	0	0	0	0	0	0	0	0	0	0	0	0	0	0	0	0	0	0	0	0	0	0	0	0	0	0	0	0	0	0	0	0	0	0	0	0	0	0	0
36	A	T	ORF	S	NULL	0	0	0	0	0	0	0	0	0	0	0	0	0	0	0	0	0	0	0	0	0	0	0	0	0	0	0	0	0	0	0	0	0	0	0	0	0	0	0	0	0	0	0	0	0	0	0	0	0	0	0	0	0	0
37	A	T	ORF	S	NULL	0	0	0	0	0	0	0	0	0	0	0	0	0	0	0	0	0	0	0	0	0	0	0	0	0	0	0	0	0	0	0	0	0	0	0	0	0	0	0	0	0	0	0	0	0	0	0	0	0	0	0	0	0	0
38	A	T	ORF	S	NULL	0	0	0	0	0	0	0	0	0	0	0	0	0	0	0	0	0	0	0	0	0	0	0	0	0	0	0	0	0	0	0	0	0	0	0	0	0	0	0	0	0	0	0	0	0	0	0	0	0	0	0	0	0	0
39	A	T	ORF	S	NULL	0	0	0	0	0	0	0	0	0	0	0	0	0	0	0	0	0	0	0	0	0	0	0	0	0	0	0	0	0	0	0	0	0	0	0	0	0	0	0	0	0	0	0	0	0	0	0	0	0	0	0	0	0	0
40	A	T	ORF	S	NULL	0	0	0	0	0.000137581	0.0001	0.30318	0.171333	0.419365	0.000135177	0.00014249	0.691221	0.533735	0.00014132	0.166167	0.0001	0.0001	0.36434	0.999985	0.000137552	0.0001	0.923351	0.580976	0.000329327	0.000141379	0.0001	0.386461	0.744223	0.236351	0.121324	0.000329492	0.302506	0.000399429	0.658391	0.00014177	0.345187	0.0001	0.00769253	0.316182	0.000430064	0.000451723	0.000145625	0.395497	0.39338	0.23152	0.000146041	0.000146461	0.34619	0.257823	0.180669	0.000126399	0.229172	0.000293229	0.000385138
41	A	T	ORF	S	NULL	0	0	0	0	0	0	0	0	0	0	0	0	0	0	0	0	0	0	0	0	0	0	0	0	0	0	0	0	0	0	0	0	0	0	0	0	0	0	0	0	0	0	0	0	0	0	0	0	0	0	0	0	0	0
42	A	T	ORF	S	NULL	0	0	0	0	0	0	0	0	0	0	0	0	0	0	0	0	0	0	0	0	0	0	0	0	0	0	0	0	0	0	0	0	0	0	0	0	0	0	0	0	0	0	0	0	0	0	0	0	0	0	0	0	0	0
43	A	T	ORF	S	NULL	0	0	0	0	0	0	0	0	0	0	0	0	0	0	0	0	0	0	0	0	0	0	0	0	0	0	0	0	0	0	0	0	0	0	0	0	0	0	0	0	0	0	0	0	0	0	0	0	0	0	0	0	0	0
44	A	T	ORF	S	NULL	0	0	0	0	0	0	0	0	0	0	0	0	0	0	0	0	0	0	0	0	0	0	0	0	0	0	0	0	0	0	0	0	0	0	0	0	0	0	0	0	0	0	0	0	0	0	0	0	0	0	0	0	0	0
45	A	T	ORF	S	NULL	0	0	0	0	0	0	0	0	0	0	0	0	0	0	0	0	0	0	0	0	0	0	0	0	0	0	0	0	0	0	0	0	0	0	0	0	0	0	0	0	0	0	0	0	0	0	0	0	0	0	0	0	0	0
46	A	T	ORF	S	NULL	0	0	0	0	0.0001	0.0001	0.0001	0.0001	0.061024	0.188987	0.79708	0.308003	0.204153	0.0001	0.833093	0.999973	0.0001	0.027072	0.0001	0.0001	0.0001	0.0001	0.337954	0.162041	0.602061	0.817021	0.360131	0.0001	0.309073	0.0001	0.0250222	0.0001	0.651192	0.234033	0.0001	0.526043	0.999972	0.331145	0.0001	0.576047	0.113182	0.51705	0.178159	0.023022	0.0001	0.268008	0.298012	0.544054	0.0001	0.401205	0.0001	0.669062	0.01107	0.0331743
47	A	T	ORF	S	NULL	0	0	0	0	0	0	0	0	0	0	0	0	0	0	0	0	0	0	0	0	0	0	0	0	0	0	0	0	0	0	0	0	0	0	0	0	0	0	0	0	0	0	0	0	0	0	0	0	0	0	0	0	0	0
48	A	T	ORF	S	NULL	0	0	0	0	0.0001	0.0001	0.0001	0.0001	0.061024	0.188987	0.79708	0.308003	0.204153	0.0001	0.833093	0.999973	0.0001	0.027072	0.0001	0.0001	0.0001	0.0001	0.337954	0.162041	0.602061	0.817021	0.360131	0.0001	0.309073	0.0001	0.0250222	0.0001	0.651192	0.234033	0.0001	0.526043	0.999972	0.331145	0.0001	0.576047	0.113182	0.51705	0.178159	0.023022	0.0001	0.268008	0.298012	0.544054	0.0001	0.401205	0.0001	0.669062	0.01107	0.0331743
49	A	T	ORF	S	NULL	0	0	0	0	0.352657	0.0001	0.000622962	0.00113098	0.0261359	0.0816148	0.202652	0.000594997	0.0724352	0.324665	0.000635742	0.0001	0.999997	0.00107743	0.000100003	0.777712	0.999997	0.00056179	0.00113538	0.0481936	0.315663	0.12806	0.176947	0.00657982	0.180184	0.00112466	0.275224	0.00103042	0.151918	0.0201196	0.645708	0.000625591	0.0001	0.170505	0.683712	0.423485	0.755652	0.000635601	0.0565445	0.00118746	0.00107785	0.731732	0.000638211	0.000634614	0.000787527	0.0734011	0.00057798	0.0886376	0.844188	0.129887
50	A	T	ORF	S	NULL	0	0	0	0	0	0	0	0	0	0	0	0	0	0	0	0	0	0	0	0	0	0	0	0	0	0	0	0	0	0	0	0	0	0	0	0	0	0	0	0	0	0	0	0	0	0	0	0	0	0	0	0	0	0
51	A	T	ORF	S	NULL	0	0	0	0	0.20807	0.999985	0.696115	0.122122	0.103119	0.0001	0.0001	0.000100001	0.163176	0.0001	0.0001	0.0001	0.0001	0.567213	0.000100001	0.222072	0.0001	0.0760206	0.0001	0.677206	0.0820557	0.0001	0.0280745	0.24907	0.0211551	0.139225	0.275152	0.0260919	0.0301038	0.0321477	0.354069	0.0001	0.0001	0.261199	0.0001	0.0001	0.10719	0.111038	0.048234	0.581193	0.057104	0.0001	0.0410286	0.0001	0.476143	0.272236	0.10605	0.0001	0.000136272	0.738191
52	A	T	ORF	S	NULL	0	0	0	0	0	0	0	0	0	0	0	0	0	0	0	0	0	0	0	0	0	0	0	0	0	0	0	0	0	0	0	0	0	0	0	0	0	0	0	0	0	0	0	0	0	0	0	0	0	0	0	0	0	0
53	A	T	ORF	S	NULL	0	0	0	0	0.0001	0.0001	0.0001	0.0001	0.061024	0.188987	0.79708	0.308003	0.204153	0.0001	0.833093	0.999973	0.0001	0.027072	0.0001	0.0001	0.0001	0.0001	0.337954	0.162041	0.602061	0.817021	0.360131	0.0001	0.309073	0.0001	0.0250222	0.0001	0.651192	0.234033	0.0001	0.526043	0.999972	0.331145	0.0001	0.576047	0.113182	0.51705	0.178159	0.023022	0.0001	0.268008	0.298012	0.544054	0.0001	0.401205	0.0001	0.669062	0.01107	0.0331743
54	A	T	ORF	S	NULL	0	0	0	0	0	0	0	0	0	0	0	0	0	0	0	0	0	0	0	0	0	0	0	0	0	0	0	0	0	0	0	0	0	0	0	0	0	0	0	0	0	0	0	0	0	0	0	0	0	0	0	0	0	0
55	A	T	ORF	S	NULL	0	0	0	0	0	0	0	0	0	0	0	0	0	0	0	0	0	0	0	0	0	0	0	0	0	0	0	0	0	0	0	0	0	0	0	0	0	0	0	0	0	0	0	0	0	0	0	0	0	0	0	0	0	0
56	A	T	ORF	S	NULL	0	0	0	0	0	0	0	0	0	0	0	0	0	0	0	0	0	0	0	0	0	0	0	0	0	0	0	0	0	0	0	0	0	0	0	0	0	0	0	0	0	0	0	0	0	0	0	0	0	0	0	0	0	0
57	A	T	ORF	S	NULL	0	0	0	0	0	0	0	0	0	0	0	0	0	0	0	0	0	0	0	0	0	0	0	0	0	0	0	0	0	0	0	0	0	0	0	0	0	0	0	0	0	0	0	0	0	0	0	0	0	0	0	0	0	0
58	A	T	ORF	S	NULL	0	0	0	0	0	0	0	0	0	0	0	0	0	0	0	0	0	0	0	0	0	0	0	0	0	0	0	0	0	0	0	0	0	0	0	0	0	0	0	0	0	0	0	0	0	0	0	0	0	0	0	0	0	0
59	A	T	ORF	S	NULL	0	0	0	0	0	0	0	0	0	0	0	0	0	0	0	0	0	0	0	0	0	0	0	0	0	0	0	0	0	0	0	0	0	0	0	0	0	0	0	0	0	0	0	0	0	0	0	0	0	0	0	0	0	0
60	A	T	ORF	S	NULL	0	0	0	0	0	0	0	0	0	0	0	0	0	0	0	0	0	0	0	0	0	0	0	0	0	0	0	0	0	0	0	0	0	0	0	0	0	0	0	0	0	0	0	0	0	0	0	0	0	0	0	0	0	0
61	A	T	ORF	S	NULL	0	0	0	0	0	0	0	0	0	0	0	0	0	0	0	0	0	0	0	0	0	0	0	0	0	0	0	0	0	0	0	0	0	0	0	0	0	0	0	0	0	0	0	0	0	0	0	0	0	0	0	0	0	0
62	A	T	ORF	S	NULL	0	0	0	0	0	0	0	0	0	0	0	0	0	0	0	0	0	0	0	0	0	0	0	0	0	0	0	0	0	0	0	0	0	0	0	0	0	0	0	0	0	0	0	0	0	0	0	0	0	0	0	0	0	0
63	A	T	ORF	S	NULL	0	0	0	0	0.0001	0.0001	0.0001	0.0001	0.061024	0.188987	0.79708	0.308003	0.204153	0.0001	0.833093	0.999973	0.0001	0.027072	0.0001	0.0001	0.0001	0.0001	0.337954	0.162041	0.602061	0.817021	0.360131	0.0001	0.309073	0.0001	0.0250222	0.0001	0.651192	0.234033	0.0001	0.526043	0.999972	0.331145	0.0001	0.576047	0.113182	0.51705	0.178159	0.023022	0.0001	0.268008	0.298012	0.544054	0.0001	0.401205	0.0001	0.669062	0.01107	0.0331743
64	A	T	ORF	S	NULL	0	0	0	0	0.20807	0.999985	0.696115	0.122122	0.103119	0.0001	0.0001	0.000100001	0.163176	0.0001	0.0001	0.0001	0.0001	0.567213	0.000100001	0.222072	0.0001	0.0760206	0.0001	0.677206	0.0820557	0.0001	0.0280745	0.24907	0.0211551	0.139225	0.275152	0.0260919	0.0301038	0.0321477	0.354069	0.0001	0.0001	0.261199	0.0001	0.0001	0.10719	0.111038	0.048234	0.581193	0.057104	0.0001	0.0410286	0.0001	0.476143	0.272236	0.10605	0.0001	0.000136272	0.738191
65	A	T	ORF	S	NULL	0	0	0	0	0	0	0	0	0	0	0	0	0	0	0	0	0	0	0	0	0	0	0	0	0	0	0	0	0	0	0	0	0	0	0	0	0	0	0	0	0	0	0	0	0	0	0	0	0	0	0	0	0	0
66	A	T	ORF	S	NULL	0	0	0	0	0	0	0	0	0	0	0	0	0	0	0	0	0	0	0	0	0	0	0	0	0	0	0	0	0	0	0	0	0	0	0	0	0	0	0	0	0	0	0	0	0	0	0	0	0	0	0	0	0	0
67	A	T	ORF	S	NULL	0	0	0	0	0	0	0	0	0	0	0	0	0	0	0	0	0	0	0	0	0	0	0	0	0	0	0	0	0	0	0	0	0	0	0	0	0	0	0	0	0	0	0	0	0	0	0	0	0	0	0	0	0	0
68	A	T	ORF	S	NULL	0	0	0	0	0	0	0	0	0	0	0	0	0	0	0	0	0	0	0	0	0	0	0	0	0	0	0	0	0	0	0	0	0	0	0	0	0	0	0	0	0	0	0	0	0	0	0	0	0	0	0	0	0	0
69	A	T	ORF	S	NULL	0	0	0	0	0.20807	0.999985	0.696115	0.122122	0.103119	0.0001	0.0001	0.000100001	0.163176	0.0001	0.0001	0.0001	0.0001	0.567213	0.000100001	0.222072	0.0001	0.0760206	0.0001	0.677206	0.0820557	0.0001	0.0280745	0.24907	0.0211551	0.139225	0.275152	0.0260919	0.0301038	0.0321477	0.354069	0.0001	0.0001	0.261199	0.0001	0.0001	0.10719	0.111038	0.048234	0.581193	0.057104	0.0001	0.0410286	0.0001	0.476143	0.272236	0.10605	0.0001	0.000136272	0.738191
70	A	T	ORF	S	NULL	0	0	0	0	0	0	0	0	0	0	0	0	0	0	0	0	0	0	0	0	0	0	0	0	0	0	0	0	0	0	0	0	0	0	0	0	0	0	0	0	0	0	0	0	0	0	0	0	0	0	0	0	0	0
71	A	T	ORF	S	NULL	0	0	0	0	0	0	0	0	0	0	0	0	0	0	0	0	0	0	0	0	0	0	0	0	0	0	0	0	0	0	0	0	0	0	0	0	0	0	0	0	0	0	0	0	0	0	0	0	0	0	0	0	0	0
72	A	T	ORF	S	NULL	0	0	0	0	0.20807	0.999985	0.696115	0.122122	0.103119	0.0001	0.0001	0.000100001	0.163176	0.0001	0.0001	0.0001	0.0001	0.567213	0.000100001	0.222072	0.0001	0.0760206	0.0001	0.677206	0.0820557	0.0001	0.0280745	0.24907	0.0211551	0.139225	0.275152	0.0260919	0.0301038	0.0321477	0.354069	0.0001	0.0001	0.261199	0.0001	0.0001	0.10719	0.111038	0.048234	0.581193	0.057104	0.0001	0.0410286	0.0001	0.476143	0.272236	0.10605	0.0001	0.000136272	0.738191
73	A	T	ORF	S	NULL	0	0	0	0	0	0	0	0	0	0	0	0	0	0	0	0	0	0	0	0	0	0	0	0	0	0	0	0	0	0	0	0	0	0	0	0	0	0	0	0	0	0	0	0	0	0	0	0	0	0	0	0	0	0
74	A	T	ORF	S	NULL	0	0	0	0	0	0	0	0	0	0	0	0	0	0	0	0	0	0	0	0	0	0	0	0	0	0	0	0	0	0	0	0	0	0	0	0	0	0	0	0	0	0	0	0	0	0	0	0	0	0	0	0	0	0
75	A	T	ORF	S	NULL	0	0	0	0	0	0	0	0	0	0	0	0	0	0	0	0	0	0	0	0	0	0	0	0	0	0	0	0	0	0	0	0	0	0	0	0	0	0	0	0	0	0	0	0	0	0	0	0	0	0	0	0	0	0
76	A	T	ORF	S	NULL	0	0	0	0	0	0	0	0	0	0	0	0	0	0	0	0	0	0	0	0	0	0	0	0	0	0	0	0	0	0	0	0	0	0	0	0	0	0	0	0	0	0	0	0	0	0	0	0	0	0	0	0	0	0
77	A	T	ORF	S	NULL	0	0	0	0	0	0	0	0	0	0	0	0	0	0	0	0	0	0	0	0	0	0	0	0	0	0	0	0	0	0	0	0	0	0	0	0	0	0	0	0	0	0	0	0	0	0	0	0	0	0	0	0	0	0
78	A	T	ORF	S	NULL	0	0	0	0	0.0001	0.0001	0.0001	0.0001	0.061024	0.188987	0.79708	0.308003	0.204153	0.0001	0.833093	0.999973	0.0001	0.027072	0.0001	0.0001	0.0001	0.0001	0.337954	0.162041	0.602061	0.817021	0.360131	0.0001	0.309073	0.0001	0.0250222	0.0001	0.651192	0.234033	0.0001	0.526043	0.999972	0.331145	0.0001	0.576047	0.113182	0.51705	0.178159	0.023022	0.0001	0.268008	0.298012	0.544054	0.0001	0.401205	0.0001	0.669062	0.01107	0.0331743
79	A	T	ORF	S	NULL	0	0	0	0	0	0	0	0	0	0	0	0	0	0	0	0	0	0	0	0	0	0	0	0	0	0	0	0	0	0	0	0	0	0	0	0	0	0	0	0	0	0	0	0	0	0	0	0	0	0	0	0	0	0
80	A	T	ORF	S	NULL	0	0	0	0	0	0	0	0	0	0	0	0	0	0	0	0	0	0	0	0	0	0	0	0	0	0	0	0	0	0	0	0	0	0	0	0	0	0	0	0	0	0	0	0	0	0	0	0	0	0	0	0	0	0
81	A	T	ORF	S	NULL	0	0	0	0	0.439136	0.0001	0.0001	0.705396	0.390355	0.729242	0.0001	0.000139151	0.0265009	0.67517	0.000100012	0.0001	0.0001	0.0402978	0.000100003	0.0001	0.0001	0.000100002	0.0799349	0.11223	0.0001	0.0549185	0.0483869	0.000126739	0.253237	0.738296	0.424273	0.67036	0.166387	0.0553081	0.0001	0.128098	0.0001	0.229458	0.000100001	0.0001	0.0235236	0.371131	0.321566	0.00121695	0.710285	0.000100001	0.660175	0.109095	0.265231	0.0724893	0.893245	0.0130813	0.144312	0.0983625
82	A	T	ORF	S	NULL	0	0	0	0	0	0	0	0	0	0	0	0	0	0	0	0	0	0	0	0	0	0	0	0	0	0	0	0	0	0	0	0	0	0	0	0	0	0	0	0	0	0	0	0	0	0	0	0	0	0	0	0	0	0
83	A	T	ORF	S	NULL	0	0	0	0	0.20807	0.999985	0.696115	0.122122	0.103119	0.0001	0.0001	0.000100001	0.163176	0.0001	0.0001	0.0001	0.0001	0.567213	0.000100001	0.222072	0.0001	0.0760206	0.0001	0.677206	0.0820557	0.0001	0.0280745	0.24907	0.0211551	0.139225	0.275152	0.0260919	0.0301038	0.0321477	0.354069	0.0001	0.0001	0.261199	0.0001	0.0001	0.10719	0.111038	0.048234	0.581193	0.057104	0.0001	0.0410286	0.0001	0.476143	0.272236	0.10605	0.0001	0.000136272	0.738191
84	A	T	ORF	S	NULL	0	0	0	0	0	0	0	0	0	0	0	0	0	0	0	0	0	0	0	0	0	0	0	0	0	0	0	0	0	0	0	0	0	0	0	0	0	0	0	0	0	0	0	0	0	0	0	0	0	0	0	0	0	0
85	A	T	ORF	S	NULL	0	0	0	0	0	0	0	0	0	0	0	0	0	0	0	0	0	0	0	0	0	0	0	0	0	0	0	0	0	0	0	0	0	0	0	0	0	0	0	0	0	0	0	0	0	0	0	0	0	0	0	0	0	0
86	A	T	ORF	S	NULL	0	0	0	0	0	0	0	0	0	0	0	0	0	0	0	0	0	0	0	0	0	0	0	0	0	0	0	0	0	0	0	0	0	0	0	0	0	0	0	0	0	0	0	0	0	0	0	0	0	0	0	0	0	0
87	A	T	ORF	S	NULL	0	0	0	0	0.439136	0.0001	0.0001	0.705396	0.390355	0.729242	0.0001	0.000139151	0.0265009	0.67517	0.000100012	0.0001	0.0001	0.0402978	0.000100003	0.0001	0.0001	0.000100002	0.0799349	0.11223	0.0001	0.0549185	0.0483869	0.000126739	0.253237	0.738296	0.424273	0.67036	0.166387	0.0553081	0.0001	0.128098	0.0001	0.229458	0.000100001	0.0001	0.0235236	0.371131	0.321566	0.00121695	0.710285	0.000100001	0.660175	0.109095	0.265231	0.0724893	0.893245	0.0130813	0.144312	0.0983625
88	A	T	ORF	S	NULL	0	0	0	0	0.000137581	0.0001	0.30318	0.171333	0.419365	0.000135177	0.00014249	0.691221	0.533735	0.00014132	0.166167	0.0001	0.0001	0.36434	0.999985	0.000137552	0.0001	0.923351	0.580976	0.000329327	0.000141379	0.0001	0.386461	0.744223	0.236351	0.121324	0.000329492	0.302506	0.000399429	0.658391	0.00014177	0.345187	0.0001	0.00769253	0.316182	0.000430064	0.000451723	0.000145625	0.395497	0.39338	0.23152	0.000146041	0.000146461	0.34619	0.257823	0.180669	0.000126399	0.229172	0.000293229	0.000385138
89	A	T	ORF	S	NULL	0	0	0	0	0	0	0	0	0	0	0	0	0	0	0	0	0	0	0	0	0	0	0	0	0	0	0	0	0	0	0	0	0	0	0	0	0	0	0	0	0	0	0	0	0	0	0	0	0	0	0	0	0	0
90	A	T	ORF	S	NULL	0	0	0	0	0	0	0	0	0	0	0	0	0	0	0	0	0	0	0	0	0	0	0	0	0	0	0	0	0	0	0	0	0	0	0	0	0	0	0	0	0	0	0	0	0	0	0	0	0	0	0	0	0	0
91	A	T	ORF	S	NULL	0	0	0	0	0	0	0	0	0	0	0	0	0	0	0	0	0	0	0	0	0	0	0	0	0	0	0	0	0	0	0	0	0	0	0	0	0	0	0	0	0	0	0	0	0	0	0	0	0	0	0	0	0	0
92	A	T	ORF	S	NULL	0	0	0	0	0	0	0	0	0	0	0	0	0	0	0	0	0	0	0	0	0	0	0	0	0	0	0	0	0	0	0	0	0	0	0	0	0	0	0	0	0	0	0	0	0	0	0	0	0	0	0	0	0	0
93	A	T	ORF	S	NULL	0	0	0	0	0	0	0	0	0	0	0	0	0	0	0	0	0	0	0	0	0	0	0	0	0	0	0	0	0	0	0	0	0	0	0	0	0	0	0	0	0	0	0	0	0	0	0	0	0	0	0	0	0	0
94	A	T	ORF	S	NULL	0	0	0	0	0	0	0	0	0	0	0	0	0	0	0	0	0	0	0	0	0	0	0	0	0	0	0	0	0	0	0	0	0	0	0	0	0	0	0	0	0	0	0	0	0	0	0	0	0	0	0	0	0	0
95	A	T	ORF	S	NULL	0	0	0	0	0.439236	0.0002	0.0002	0.705496	0.451379	0.918229	0.79718	0.308142	0.230654	0.67527	0.833193	1.00007	0.0002	0.0673698	0.000200003	0.0002	0.0002	0.000200002	0.417889	0.274271	0.602161	0.87194	0.408518	0.000226739	0.56231	0.738396	0.449295	0.67046	0.817579	0.289341	0.0002	0.654141	1.00007	0.560603	0.000200001	0.576147	0.136706	0.888181	0.499724	0.024239	0.710385	0.268108	0.958187	0.65315	0.265331	0.473695	0.893345	0.682143	0.155382	0.131537
96	A	T	ORF	S	NULL	0	0	0	0	0	0	0	0	0	0	0	0	0	0	0	0	0	0	0	0	0	0	0	0	0	0	0	0	0	0	0	0	0	0	0	0	0	0	0	0	0	0	0	0	0	0	0	0	0	0	0	0	0	0
97	A	T	ORF	S	NULL	0	0	0	0	0.0001	0.0001	0.0001	0.0001	0.061024	0.188987	0.79708	0.308003	0.204153	0.0001	0.833093	0.999973	0.0001	0.027072	0.0001	0.0001	0.0001	0.0001	0.337954	0.162041	0.602061	0.817021	0.360131	0.0001	0.309073	0.0001	0.0250222	0.0001	0.651192	0.234033	0.0001	0.526043	0.999972	0.331145	0.0001	0.576047	0.113182	0.51705	0.178159	0.023022	0.0001	0.268008	0.298012	0.544054	0.0001	0.401205	0.0001	0.669062	0.01107	0.0331743
98	A	T	ORF	S	NULL	0	0	0	0	0	0	0	0	0	0	0	0	0	0	0	0	0	0	0	0	0	0	0	0	0	0	0	0	0	0	0	0	0	0	0	0	0	0	0	0	0	0	0	0	0	0	0	0	0	0	0	0	0	0
99	A	T	ORF	S	NULL	0	0	0	0	0	0	0	0	0	0	0	0	0	0	0	0	0	0	0	0	0	0	0	0	0	0	0	0	0	0	0	0	0	0	0	0	0	0	0	0	0	0	0	0	0	0	0	0	0	0	0	0	0	0
100	A	T	ORF	S	NULL	0	0	0	0	0	0	0	0	0	0	0	0	0	0	0	0	0	0	0	0	0	0	0	0	0	0	0	0	0	0	0	0	0	0	0	0	0	0	0	0	0	0	0	0	0	0	0	0	0	0	0	0	0	0
