pos	ref	alt	gene	N/S	AA	nSRAsubclonal	nSRAclonal	nSRA	nConsensus	sample0|Earth	sample1|Earth	sample2|Earth	sample3|Earth	sample4|Earth	sample5|Earth	sample6|Earth	sample7|Earth	sample8|Earth	sample9|Earth	sample10|Earth	sample11|Earth	sample12|Earth	sample13|Earth	sample14|Earth	sample15|Earth	sample16|Earth	sample17|Earth	sample18|Earth	sample19|Earth	sample20|Earth	sample21|Earth	sample22|Earth	sample23|Earth	sample24|Earth	sample25|Earth	sample26|Earth	sample27|Earth	sample28|Earth	sample29|Earth	sample30|Earth	sample31|Earth	sample32|Earth	sample33|Earth	sample34|Earth	sample35|Earth	sample36|Earth	sample37|Earth	sample38|Earth	sample39|Earth	sample40|Earth	sample41|Earth	sample42|Earth	sample43|Earth	sample44|Earth	sample45|Earth	sample46|Earth	sample47|Earth	sample48|Earth	sample49|Earth
1	A	T	ORF	S	NULL	0	0	0	0	0	0	0	0	0	0	0	0	0	0	0	0	0	0	0	0	0	0	0	0	0	0	0	0	0	0	0	0	0	0	0	0	0	0	0	0	0	0	0	0	0	0	0	0	0	0	0	0	0	0
2	A	T	ORF	S	NULL	0	0	0	0	0	0	0	0	0	0	0	0	0	0	0	0	0	0	0	0	0	0	0	0	0	0	0	0	0	0	0	0	0	0	0	0	0	0	0	0	0	0	0	0	0	0	0	0	0	0	0	0	0	0
3	A	T	ORF	S	NULL	0	0	0	0	0	0	0	0	0	0	0	0	0	0	0	0	0	0	0	0	0	0	0	0	0	0	0	0	0	0	0	0	0	0	0	0	0	0	0	0	0	0	0	0	0	0	0	0	0	0	0	0	0	0
4	A	T	ORF	S	NULL	0	0	0	0	0	0	0	0	0	0	0	0	0	0	0	0	0	0	0	0	0	0	0	0	0	0	0	0	0	0	0	0	0	0	0	0	0	0	0	0	0	0	0	0	0	0	0	0	0	0	0	0	0	0
5	A	T	ORF	S	NULL	0	0	0	0	0	0	0	0	0	0	0	0	0	0	0	0	0	0	0	0	0	0	0	0	0	0	0	0	0	0	0	0	0	0	0	0	0	0	0	0	0	0	0	0	0	0	0	0	0	0	0	0	0	0
6	A	T	ORF	S	NULL	0	0	0	0	0	0	0	0	0	0	0	0	0	0	0	0	0	0	0	0	0	0	0	0	0	0	0	0	0	0	0	0	0	0	0	0	0	0	0	0	0	0	0	0	0	0	0	0	0	0	0	0	0	0
7	A	T	ORF	S	NULL	0	0	0	0	0	0	0	0	0	0	0	0	0	0	0	0	0	0	0	0	0	0	0	0	0	0	0	0	0	0	0	0	0	0	0	0	0	0	0	0	0	0	0	0	0	0	0	0	0	0	0	0	0	0
8	A	T	ORF	S	NULL	0	0	0	0	0	0	0	0	0	0	0	0	0	0	0	0	0	0	0	0	0	0	0	0	0	0	0	0	0	0	0	0	0	0	0	0	0	0	0	0	0	0	0	0	0	0	0	0	0	0	0	0	0	0
9	A	T	ORF	S	NULL	0	0	0	0	0	0	0	0	0	0	0	0	0	0	0	0	0	0	0	0	0	0	0	0	0	0	0	0	0	0	0	0	0	0	0	0	0	0	0	0	0	0	0	0	0	0	0	0	0	0	0	0	0	0
10	A	T	ORF	S	NULL	0	0	0	0	0	0	0	0	0	0	0	0	0	0	0	0	0	0	0	0	0	0	0	0	0	0	0	0	0	0	0	0	0	0	0	0	0	0	0	0	0	0	0	0	0	0	0	0	0	0	0	0	0	0
11	A	T	ORF	S	NULL	0	0	0	0	0.000100062	0.263368	0.504796	0.000330529	0.000100004	0.27003	0.000100341	0.0001	0.257914	0.0001	0.0001	0.0600878	0.0001	0.0909065	0.242915	0.0001	0.0001	0.161265	0.000275345	0.000100004	0.0001	0.0001	0.000100001	0.000146169	0.000135949	0.0001	0.000100008	0.38192	0.0001	0.000101347	0.0001	0.000100001	0.0001	0.000100095	0.112361	0.0001	0.0001	0.0689031	0.000101076	0.0388376	0.0001	0.521471	0.505923	0.0001	0.000100002	0.158764	0.0001	0.0001	0.000544625	0.000100001
12	A	T	ORF	S	NULL	0	0	0	0	0	0	0	0	0	0	0	0	0	0	0	0	0	0	0	0	0	0	0	0	0	0	0	0	0	0	0	0	0	0	0	0	0	0	0	0	0	0	0	0	0	0	0	0	0	0	0	0	0	0
13	A	T	ORF	S	NULL	0	0	0	0	0	0	0	0	0	0	0	0	0	0	0	0	0	0	0	0	0	0	0	0	0	0	0	0	0	0	0	0	0	0	0	0	0	0	0	0	0	0	0	0	0	0	0	0	0	0	0	0	0	0
14	A	T	ORF	S	NULL	0	0	0	0	0	0	0	0	0	0	0	0	0	0	0	0	0	0	0	0	0	0	0	0	0	0	0	0	0	0	0	0	0	0	0	0	0	0	0	0	0	0	0	0	0	0	0	0	0	0	0	0	0	0
15	A	T	ORF	S	NULL	0	0	0	0	0.0131829	0.0259438	0.357868	0.169774	0.00168116	0.17698	0.169178	0.301934	0.0001	0.999915	0.0001	0.102782	0.0001	0.908005	0.0001	0.0001	0.0001	0.000100001	0.0296864	0.428794	0.780041	0.0205872	0.000100001	0.566875	0.206056	0.684048	0.954076	0.0001	0.0115602	0.0001	0.0001	0.0001	0.356942	0.0159184	0.152126	0.0979561	0.0223557	0.000100002	0.273998	0.0405513	0.0001	0.0001	0.0001	0.385948	0.0923139	0.397004	0.0001	0.281983	0.0001	0.593065
16	A	T	ORF	S	NULL	0	0	0	0	0.0264686	0.0001	0.0001	0.0261793	0.00257284	0.0001	0.184626	0.0001	0.0001	0.0001	0.0001	0.136909	0.0001	0.0001	0.0689111	0.0001	0.0001	0.0943986	0.0594764	0.00230516	0.0001	0.0001	0.513965	0.0396323	0.0001	0.0001	0.00849947	0.0001	0.0001	0.000100011	0.0001	0.324943	0.0001	0.0279189	0.00264227	0.0259761	0.0001	0.805986	0.0001	0.0001	0.0001	0.000100001	0.0001	0.0001	0.465013	0.0001	0.22693	0.104028	0.000153097	0.406145
17	A	T	ORF	S	NULL	0	0	0	0	0.852962	0.0001	0.0001	0.000187534	0.0001	0.235851	0.0001	0.223916	0.0001	0.0001	0.0001	0.0001	0.869201	0.0001	0.0001	0.0001	0.0001	0.0001	0.0001	0.0001	0.0001	0.793174	0.0001	0.0001	0.0001	0.0001	0.0001	0.548286	0.0409736	0.00673939	0.218942	0.673952	0.00590333	0.565681	0.0001	0.265245	0.0001	0.0001	0.161382	0.0001	0.0001	0.0001	0.0001	0.0001	0.00318762	0.0001	0.0001	0.198842	0.0001	0.0001
18	A	T	ORF	S	NULL	0	0	0	0	0.0002	0.029197	0.0207879	0.209948	0.0002	0.123806	0.0002	0.0002	0.0002	0.0002	1.00002	0.312444	0.13017	0.0002	0.686086	0.0179987	0.190025	0.249126	0.215634	0.181185	0.0876409	0.0243917	0.485061	0.113679	0.35493	0.0969562	0.000251049	0.0681083	0.0136448	0.751475	0.181031	0.0002	0.0002	0.102903	0.0799159	0.059103	0.0002	0.0002	0.106769	0.0568443	1.00002	0.0556551	0.0002	0.0002	0.0735532	0.135397	0.544068	0.00573587	0.608614	0.0002
19	A	T	ORF	S	NULL	0	0	0	0	0.0131829	0.0259438	0.357868	0.169774	0.00168116	0.17698	0.169178	0.301934	0.0001	0.999915	0.0001	0.102782	0.0001	0.908005	0.0001	0.0001	0.0001	0.000100001	0.0296864	0.428794	0.780041	0.0205872	0.000100001	0.566875	0.206056	0.684048	0.954076	0.0001	0.0115602	0.0001	0.0001	0.0001	0.356942	0.0159184	0.152126	0.0979561	0.0223557	0.000100002	0.273998	0.0405513	0.0001	0.0001	0.0001	0.385948	0.0923139	0.397004	0.0001	0.281983	0.0001	0.593065
20	A	T	ORF	S	NULL	0	0	0	0	0	0	0	0	0	0	0	0	0	0	0	0	0	0	0	0	0	0	0	0	0	0	0	0	0	0	0	0	0	0	0	0	0	0	0	0	0	0	0	0	0	0	0	0	0	0	0	0	0	0
21	A	T	ORF	S	NULL	0	0	0	0	0.000100062	0.263368	0.504796	0.000330529	0.000100004	0.27003	0.000100341	0.0001	0.257914	0.0001	0.0001	0.0600878	0.0001	0.0909065	0.242915	0.0001	0.0001	0.161265	0.000275345	0.000100004	0.0001	0.0001	0.000100001	0.000146169	0.000135949	0.0001	0.000100008	0.38192	0.0001	0.000101347	0.0001	0.000100001	0.0001	0.000100095	0.112361	0.0001	0.0001	0.0689031	0.000101076	0.0388376	0.0001	0.521471	0.505923	0.0001	0.000100002	0.158764	0.0001	0.0001	0.000544625	0.000100001
22	A	T	ORF	S	NULL	0	0	0	0	0.0001	0.477138	0.0001	0.332612	0.984031	0.0501648	0.0908803	0.0001	0.0001	0.0001	0.0001	0.164393	0.0001	0.0001	0.0001	0.98106	0.188926	0.202069	0.134574	0.0798166	0.043822	0.0001	0.0001	0.0536278	0.146301	0.0727876	0.0001	0.0001	0.308522	0.0283616	0.598974	0.0001	0.51995	0.0463022	0.524456	0.252086	0.0001	0.0001	0.0655308	0.511791	0.0001	0.0001	0.492945	0.0001	0.0146154	0.0001	0.226931	0.365579	0.000182025	0.0001
23	A	T	ORF	S	NULL	0	0	0	0	0.0131829	0.0259438	0.357868	0.169774	0.00168116	0.17698	0.169178	0.301934	0.0001	0.999915	0.0001	0.102782	0.0001	0.908005	0.0001	0.0001	0.0001	0.000100001	0.0296864	0.428794	0.780041	0.0205872	0.000100001	0.566875	0.206056	0.684048	0.954076	0.0001	0.0115602	0.0001	0.0001	0.0001	0.356942	0.0159184	0.152126	0.0979561	0.0223557	0.000100002	0.273998	0.0405513	0.0001	0.0001	0.0001	0.385948	0.0923139	0.397004	0.0001	0.281983	0.0001	0.593065
24	A	T	ORF	S	NULL	0	0	0	0	0	0	0	0	0	0	0	0	0	0	0	0	0	0	0	0	0	0	0	0	0	0	0	0	0	0	0	0	0	0	0	0	0	0	0	0	0	0	0	0	0	0	0	0	0	0	0	0	0	0
25	A	T	ORF	S	NULL	0	0	0	0	0	0	0	0	0	0	0	0	0	0	0	0	0	0	0	0	0	0	0	0	0	0	0	0	0	0	0	0	0	0	0	0	0	0	0	0	0	0	0	0	0	0	0	0	0	0	0	0	0	0
26	A	T	ORF	S	NULL	0	0	0	0	0.000100062	0.263368	0.504796	0.000330529	0.000100004	0.27003	0.000100341	0.0001	0.257914	0.0001	0.0001	0.0600878	0.0001	0.0909065	0.242915	0.0001	0.0001	0.161265	0.000275345	0.000100004	0.0001	0.0001	0.000100001	0.000146169	0.000135949	0.0001	0.000100008	0.38192	0.0001	0.000101347	0.0001	0.000100001	0.0001	0.000100095	0.112361	0.0001	0.0001	0.0689031	0.000101076	0.0388376	0.0001	0.521471	0.505923	0.0001	0.000100002	0.158764	0.0001	0.0001	0.000544625	0.000100001
27	A	T	ORF	S	NULL	0	0	0	0	0	0	0	0	0	0	0	0	0	0	0	0	0	0	0	0	0	0	0	0	0	0	0	0	0	0	0	0	0	0	0	0	0	0	0	0	0	0	0	0	0	0	0	0	0	0	0	0	0	0
28	A	T	ORF	S	NULL	0	0	0	0	0	0	0	0	0	0	0	0	0	0	0	0	0	0	0	0	0	0	0	0	0	0	0	0	0	0	0	0	0	0	0	0	0	0	0	0	0	0	0	0	0	0	0	0	0	0	0	0	0	0
29	A	T	ORF	S	NULL	0	0	0	0	0.0002	0.029197	0.0207879	0.209948	0.0002	0.123806	0.0002	0.0002	0.0002	0.0002	1.00002	0.312444	0.13017	0.0002	0.686086	0.0179987	0.190025	0.249126	0.215634	0.181185	0.0876409	0.0243917	0.485061	0.113679	0.35493	0.0969562	0.000251049	0.0681083	0.0136448	0.751475	0.181031	0.0002	0.0002	0.102903	0.0799159	0.059103	0.0002	0.0002	0.106769	0.0568443	1.00002	0.0556551	0.0002	0.0002	0.0735532	0.135397	0.544068	0.00573587	0.608614	0.0002
30	A	T	ORF	S	NULL	0	0	0	0	0.0001	0.00081877	0.0001	0.209848	0.0001	0.123706	0.0001	0.0001	0.0001	0.0001	0.0001	0.237324	0.0001	0.0001	0.000100003	0.0001	0.000100001	0.249026	0.215534	0.181085	0.0875409	0.0001	0.000100003	0.113579	0.35483	0.0968562	0.0001	0.0001	0.000739555	0.231338	0.0001	0.0001	0.0001	0.102803	0.0798159	0.059003	0.0001	0.0001	0.106669	0.0328328	0.000100003	0.0001	0.0001	0.0001	0.0734532	0.0001	0.000100002	0.000156293	0.446454	0.0001
31	A	T	ORF	S	NULL	0	0	0	0	0	0	0	0	0	0	0	0	0	0	0	0	0	0	0	0	0	0	0	0	0	0	0	0	0	0	0	0	0	0	0	0	0	0	0	0	0	0	0	0	0	0	0	0	0	0	0	0	0	0
32	A	T	ORF	S	NULL	0	0	0	0	0	0	0	0	0	0	0	0	0	0	0	0	0	0	0	0	0	0	0	0	0	0	0	0	0	0	0	0	0	0	0	0	0	0	0	0	0	0	0	0	0	0	0	0	0	0	0	0	0	0
33	A	T	ORF	S	NULL	0	0	0	0	0.0001	0.00081877	0.0001	0.209848	0.0001	0.123706	0.0001	0.0001	0.0001	0.0001	0.0001	0.237324	0.0001	0.0001	0.000100003	0.0001	0.000100001	0.249026	0.215534	0.181085	0.0875409	0.0001	0.000100003	0.113579	0.35483	0.0968562	0.0001	0.0001	0.000739555	0.231338	0.0001	0.0001	0.0001	0.102803	0.0798159	0.059003	0.0001	0.0001	0.106669	0.0328328	0.000100003	0.0001	0.0001	0.0001	0.0734532	0.0001	0.000100002	0.000156293	0.446454	0.0001
34	A	T	ORF	S	NULL	0	0	0	0	0.0001	0.00081877	0.0001	0.209848	0.0001	0.123706	0.0001	0.0001	0.0001	0.0001	0.0001	0.237324	0.0001	0.0001	0.000100003	0.0001	0.000100001	0.249026	0.215534	0.181085	0.0875409	0.0001	0.000100003	0.113579	0.35483	0.0968562	0.0001	0.0001	0.000739555	0.231338	0.0001	0.0001	0.0001	0.102803	0.0798159	0.059003	0.0001	0.0001	0.106669	0.0328328	0.000100003	0.0001	0.0001	0.0001	0.0734532	0.0001	0.000100002	0.000156293	0.446454	0.0001
35	A	T	ORF	S	NULL	0	0	0	0	0	0	0	0	0	0	0	0	0	0	0	0	0	0	0	0	0	0	0	0	0	0	0	0	0	0	0	0	0	0	0	0	0	0	0	0	0	0	0	0	0	0	0	0	0	0	0	0	0	0
36	A	T	ORF	S	NULL	0	0	0	0	0.0131829	0.0259438	0.357868	0.169774	0.00168116	0.17698	0.169178	0.301934	0.0001	0.999915	0.0001	0.102782	0.0001	0.908005	0.0001	0.0001	0.0001	0.000100001	0.0296864	0.428794	0.780041	0.0205872	0.000100001	0.566875	0.206056	0.684048	0.954076	0.0001	0.0115602	0.0001	0.0001	0.0001	0.356942	0.0159184	0.152126	0.0979561	0.0223557	0.000100002	0.273998	0.0405513	0.0001	0.0001	0.0001	0.385948	0.0923139	0.397004	0.0001	0.281983	0.0001	0.593065
37	A	T	ORF	S	NULL	0	0	0	0	0.0131829	0.0259438	0.357868	0.169774	0.00168116	0.17698	0.169178	0.301934	0.0001	0.999915	0.0001	0.102782	0.0001	0.908005	0.0001	0.0001	0.0001	0.000100001	0.0296864	0.428794	0.780041	0.0205872	0.000100001	0.566875	0.206056	0.684048	0.954076	0.0001	0.0115602	0.0001	0.0001	0.0001	0.356942	0.0159184	0.152126	0.0979561	0.0223557	0.000100002	0.273998	0.0405513	0.0001	0.0001	0.0001	0.385948	0.0923139	0.397004	0.0001	0.281983	0.0001	0.593065
38	A	T	ORF	S	NULL	0	0	0	0	0	0	0	0	0	0	0	0	0	0	0	0	0	0	0	0	0	0	0	0	0	0	0	0	0	0	0	0	0	0	0	0	0	0	0	0	0	0	0	0	0	0	0	0	0	0	0	0	0	0
39	A	T	ORF	S	NULL	0	0	0	0	0	0	0	0	0	0	0	0	0	0	0	0	0	0	0	0	0	0	0	0	0	0	0	0	0	0	0	0	0	0	0	0	0	0	0	0	0	0	0	0	0	0	0	0	0	0	0	0	0	0
40	A	T	ORF	S	NULL	0	0	0	0	0.0001	0.477138	0.0001	0.332612	0.984031	0.0501648	0.0908803	0.0001	0.0001	0.0001	0.0001	0.164393	0.0001	0.0001	0.0001	0.98106	0.188926	0.202069	0.134574	0.0798166	0.043822	0.0001	0.0001	0.0536278	0.146301	0.0727876	0.0001	0.0001	0.308522	0.0283616	0.598974	0.0001	0.51995	0.0463022	0.524456	0.252086	0.0001	0.0001	0.0655308	0.511791	0.0001	0.0001	0.492945	0.0001	0.0146154	0.0001	0.226931	0.365579	0.000182025	0.0001
41	A	T	ORF	S	NULL	0	0	0	0	0.0264686	0.0001	0.0001	0.0261793	0.00257284	0.0001	0.184626	0.0001	0.0001	0.0001	0.0001	0.136909	0.0001	0.0001	0.0689111	0.0001	0.0001	0.0943986	0.0594764	0.00230516	0.0001	0.0001	0.513965	0.0396323	0.0001	0.0001	0.00849947	0.0001	0.0001	0.000100011	0.0001	0.324943	0.0001	0.0279189	0.00264227	0.0259761	0.0001	0.805986	0.0001	0.0001	0.0001	0.000100001	0.0001	0.0001	0.465013	0.0001	0.22693	0.104028	0.000153097	0.406145
42	A	T	ORF	S	NULL	0	0	0	0	0	0	0	0	0	0	0	0	0	0	0	0	0	0	0	0	0	0	0	0	0	0	0	0	0	0	0	0	0	0	0	0	0	0	0	0	0	0	0	0	0	0	0	0	0	0	0	0	0	0
43	A	T	ORF	S	NULL	0	0	0	0	0	0	0	0	0	0	0	0	0	0	0	0	0	0	0	0	0	0	0	0	0	0	0	0	0	0	0	0	0	0	0	0	0	0	0	0	0	0	0	0	0	0	0	0	0	0	0	0	0	0
44	A	T	ORF	S	NULL	0	0	0	0	0	0	0	0	0	0	0	0	0	0	0	0	0	0	0	0	0	0	0	0	0	0	0	0	0	0	0	0	0	0	0	0	0	0	0	0	0	0	0	0	0	0	0	0	0	0	0	0	0	0
45	A	T	ORF	S	NULL	0	0	0	0	0	0	0	0	0	0	0	0	0	0	0	0	0	0	0	0	0	0	0	0	0	0	0	0	0	0	0	0	0	0	0	0	0	0	0	0	0	0	0	0	0	0	0	0	0	0	0	0	0	0
46	A	T	ORF	S	NULL	0	0	0	0	0.0002	0.029197	0.0207879	0.209948	0.0002	0.123806	0.0002	0.0002	0.0002	0.0002	1.00002	0.312444	0.13017	0.0002	0.686086	0.0179987	0.190025	0.249126	0.215634	0.181185	0.0876409	0.0243917	0.485061	0.113679	0.35493	0.0969562	0.000251049	0.0681083	0.0136448	0.751475	0.181031	0.0002	0.0002	0.102903	0.0799159	0.059103	0.0002	0.0002	0.106769	0.0568443	1.00002	0.0556551	0.0002	0.0002	0.0735532	0.135397	0.544068	0.00573587	0.608614	0.0002
47	A	T	ORF	S	NULL	0	0	0	0	0.0131829	0.0259438	0.357868	0.169774	0.00168116	0.17698	0.169178	0.301934	0.0001	0.999915	0.0001	0.102782	0.0001	0.908005	0.0001	0.0001	0.0001	0.000100001	0.0296864	0.428794	0.780041	0.0205872	0.000100001	0.566875	0.206056	0.684048	0.954076	0.0001	0.0115602	0.0001	0.0001	0.0001	0.356942	0.0159184	0.152126	0.0979561	0.0223557	0.000100002	0.273998	0.0405513	0.0001	0.0001	0.0001	0.385948	0.0923139	0.397004	0.0001	0.281983	0.0001	0.593065
48	A	T	ORF	S	NULL	0	0	0	0	0.0002	0.029197	0.0207879	0.209948	0.0002	0.123806	0.0002	0.0002	0.0002	0.0002	1.00002	0.312444	0.13017	0.0002	0.686086	0.0179987	0.190025	0.249126	0.215634	0.181185	0.0876409	0.0243917	0.485061	0.113679	0.35493	0.0969562	0.000251049	0.0681083	0.0136448	0.751475	0.181031	0.0002	0.0002	0.102903	0.0799159	0.059103	0.0002	0.0002	0.106769	0.0568443	1.00002	0.0556551	0.0002	0.0002	0.0735532	0.135397	0.544068	0.00573587	0.608614	0.0002
49	A	T	ORF	S	NULL	0	0	0	0	0.0002	0.0002	0.0002	0.000868472	0.0002	0.000396179	0.549233	0.472918	0.740963	0.0002	0.0002	0.000711376	0.0002	0.0002	0.0002	0.0002	0.61994	0.0002	0.107553	0.0002	0.00022354	0.0002	0.0002	0.000752858	0.000885557	0.000389389	0.0002	0.0002	0.523932	0.000627936	0.0002	0.0002	0.115916	0.24003	0.0002	0.213281	0.798634	0.122905	0.233503	0.0002	0.0002	0.0002	0.00076432	0.61294	0.0385835	0.177423	0.0002	0.0002	0.0012325	0.0002
50	A	T	ORF	S	NULL	0	0	0	0	0	0	0	0	0	0	0	0	0	0	0	0	0	0	0	0	0	0	0	0	0	0	0	0	0	0	0	0	0	0	0	0	0	0	0	0	0	0	0	0	0	0	0	0	0	0	0	0	0	0
51	A	T	ORF	S	NULL	0	0	0	0	0	0	0	0	0	0	0	0	0	0	0	0	0	0	0	0	0	0	0	0	0	0	0	0	0	0	0	0	0	0	0	0	0	0	0	0	0	0	0	0	0	0	0	0	0	0	0	0	0	0
52	A	T	ORF	S	NULL	0	0	0	0	0	0	0	0	0	0	0	0	0	0	0	0	0	0	0	0	0	0	0	0	0	0	0	0	0	0	0	0	0	0	0	0	0	0	0	0	0	0	0	0	0	0	0	0	0	0	0	0	0	0
53	A	T	ORF	S	NULL	0	0	0	0	0.0002	0.029197	0.0207879	0.209948	0.0002	0.123806	0.0002	0.0002	0.0002	0.0002	1.00002	0.312444	0.13017	0.0002	0.686086	0.0179987	0.190025	0.249126	0.215634	0.181185	0.0876409	0.0243917	0.485061	0.113679	0.35493	0.0969562	0.000251049	0.0681083	0.0136448	0.751475	0.181031	0.0002	0.0002	0.102903	0.0799159	0.059103	0.0002	0.0002	0.106769	0.0568443	1.00002	0.0556551	0.0002	0.0002	0.0735532	0.135397	0.544068	0.00573587	0.608614	0.0002
54	A	T	ORF	S	NULL	0	0	0	0	0.0264686	0.0001	0.0001	0.0261793	0.00257284	0.0001	0.184626	0.0001	0.0001	0.0001	0.0001	0.136909	0.0001	0.0001	0.0689111	0.0001	0.0001	0.0943986	0.0594764	0.00230516	0.0001	0.0001	0.513965	0.0396323	0.0001	0.0001	0.00849947	0.0001	0.0001	0.000100011	0.0001	0.324943	0.0001	0.0279189	0.00264227	0.0259761	0.0001	0.805986	0.0001	0.0001	0.0001	0.000100001	0.0001	0.0001	0.465013	0.0001	0.22693	0.104028	0.000153097	0.406145
55	A	T	ORF	S	NULL	0	0	0	0	0	0	0	0	0	0	0	0	0	0	0	0	0	0	0	0	0	0	0	0	0	0	0	0	0	0	0	0	0	0	0	0	0	0	0	0	0	0	0	0	0	0	0	0	0	0	0	0	0	0
56	A	T	ORF	S	NULL	0	0	0	0	0	0	0	0	0	0	0	0	0	0	0	0	0	0	0	0	0	0	0	0	0	0	0	0	0	0	0	0	0	0	0	0	0	0	0	0	0	0	0	0	0	0	0	0	0	0	0	0	0	0
57	A	T	ORF	S	NULL	0	0	0	0	0	0	0	0	0	0	0	0	0	0	0	0	0	0	0	0	0	0	0	0	0	0	0	0	0	0	0	0	0	0	0	0	0	0	0	0	0	0	0	0	0	0	0	0	0	0	0	0	0	0
58	A	T	ORF	S	NULL	0	0	0	0	0	0	0	0	0	0	0	0	0	0	0	0	0	0	0	0	0	0	0	0	0	0	0	0	0	0	0	0	0	0	0	0	0	0	0	0	0	0	0	0	0	0	0	0	0	0	0	0	0	0
59	A	T	ORF	S	NULL	0	0	0	0	0	0	0	0	0	0	0	0	0	0	0	0	0	0	0	0	0	0	0	0	0	0	0	0	0	0	0	0	0	0	0	0	0	0	0	0	0	0	0	0	0	0	0	0	0	0	0	0	0	0
60	A	T	ORF	S	NULL	0	0	0	0	0	0	0	0	0	0	0	0	0	0	0	0	0	0	0	0	0	0	0	0	0	0	0	0	0	0	0	0	0	0	0	0	0	0	0	0	0	0	0	0	0	0	0	0	0	0	0	0	0	0
61	A	T	ORF	S	NULL	0	0	0	0	0.0264686	0.0001	0.0001	0.0261793	0.00257284	0.0001	0.184626	0.0001	0.0001	0.0001	0.0001	0.136909	0.0001	0.0001	0.0689111	0.0001	0.0001	0.0943986	0.0594764	0.00230516	0.0001	0.0001	0.513965	0.0396323	0.0001	0.0001	0.00849947	0.0001	0.0001	0.000100011	0.0001	0.324943	0.0001	0.0279189	0.00264227	0.0259761	0.0001	0.805986	0.0001	0.0001	0.0001	0.000100001	0.0001	0.0001	0.465013	0.0001	0.22693	0.104028	0.000153097	0.406145
62	A	T	ORF	S	NULL	0	0	0	0	0	0	0	0	0	0	0	0	0	0	0	0	0	0	0	0	0	0	0	0	0	0	0	0	0	0	0	0	0	0	0	0	0	0	0	0	0	0	0	0	0	0	0	0	0	0	0	0	0	0
63	A	T	ORF	S	NULL	0	0	0	0	0.0002	0.029197	0.0207879	0.209948	0.0002	0.123806	0.0002	0.0002	0.0002	0.0002	1.00002	0.312444	0.13017	0.0002	0.686086	0.0179987	0.190025	0.249126	0.215634	0.181185	0.0876409	0.0243917	0.485061	0.113679	0.35493	0.0969562	0.000251049	0.0681083	0.0136448	0.751475	0.181031	0.0002	0.0002	0.102903	0.0799159	0.059103	0.0002	0.0002	0.106769	0.0568443	1.00002	0.0556551	0.0002	0.0002	0.0735532	0.135397	0.544068	0.00573587	0.608614	0.0002
64	A	T	ORF	S	NULL	0	0	0	0	0	0	0	0	0	0	0	0	0	0	0	0	0	0	0	0	0	0	0	0	0	0	0	0	0	0	0	0	0	0	0	0	0	0	0	0	0	0	0	0	0	0	0	0	0	0	0	0	0	0
65	A	T	ORF	S	NULL	0	0	0	0	0	0	0	0	0	0	0	0	0	0	0	0	0	0	0	0	0	0	0	0	0	0	0	0	0	0	0	0	0	0	0	0	0	0	0	0	0	0	0	0	0	0	0	0	0	0	0	0	0	0
66	A	T	ORF	S	NULL	0	0	0	0	0.0131829	0.0259438	0.357868	0.169774	0.00168116	0.17698	0.169178	0.301934	0.0001	0.999915	0.0001	0.102782	0.0001	0.908005	0.0001	0.0001	0.0001	0.000100001	0.0296864	0.428794	0.780041	0.0205872	0.000100001	0.566875	0.206056	0.684048	0.954076	0.0001	0.0115602	0.0001	0.0001	0.0001	0.356942	0.0159184	0.152126	0.0979561	0.0223557	0.000100002	0.273998	0.0405513	0.0001	0.0001	0.0001	0.385948	0.0923139	0.397004	0.0001	0.281983	0.0001	0.593065
67	A	T	ORF	S	NULL	0	0	0	0	0	0	0	0	0	0	0	0	0	0	0	0	0	0	0	0	0	0	0	0	0	0	0	0	0	0	0	0	0	0	0	0	0	0	0	0	0	0	0	0	0	0	0	0	0	0	0	0	0	0
68	A	T	ORF	S	NULL	0	0	0	0	0	0	0	0	0	0	0	0	0	0	0	0	0	0	0	0	0	0	0	0	0	0	0	0	0	0	0	0	0	0	0	0	0	0	0	0	0	0	0	0	0	0	0	0	0	0	0	0	0	0
69	A	T	ORF	S	NULL	0	0	0	0	0	0	0	0	0	0	0	0	0	0	0	0	0	0	0	0	0	0	0	0	0	0	0	0	0	0	0	0	0	0	0	0	0	0	0	0	0	0	0	0	0	0	0	0	0	0	0	0	0	0
70	A	T	ORF	S	NULL	0	0	0	0	0.0131829	0.0259438	0.357868	0.169774	0.00168116	0.17698	0.169178	0.301934	0.0001	0.999915	0.0001	0.102782	0.0001	0.908005	0.0001	0.0001	0.0001	0.000100001	0.0296864	0.428794	0.780041	0.0205872	0.000100001	0.566875	0.206056	0.684048	0.954076	0.0001	0.0115602	0.0001	0.0001	0.0001	0.356942	0.0159184	0.152126	0.0979561	0.0223557	0.000100002	0.273998	0.0405513	0.0001	0.0001	0.0001	0.385948	0.0923139	0.397004	0.0001	0.281983	0.0001	0.593065
71	A	T	ORF	S	NULL	0	0	0	0	0	0	0	0	0	0	0	0	0	0	0	0	0	0	0	0	0	0	0	0	0	0	0	0	0	0	0	0	0	0	0	0	0	0	0	0	0	0	0	0	0	0	0	0	0	0	0	0	0	0
72	A	T	ORF	S	NULL	0	0	0	0	0.0396514	0.0260438	0.357968	0.195954	0.00425399	0.17708	0.353803	0.302034	0.0002	1.00001	0.0002	0.239691	0.0002	0.908105	0.0690111	0.0002	0.0002	0.0944986	0.0891628	0.4311	0.780141	0.0206872	0.514065	0.606507	0.206156	0.684148	0.962576	0.0002	0.0116602	0.000200011	0.0002	0.325043	0.357042	0.0438373	0.154768	0.123932	0.0224557	0.806086	0.274098	0.0406513	0.0002	0.000200001	0.0002	0.386048	0.557326	0.397104	0.22703	0.386011	0.000253097	0.99921
73	A	T	ORF	S	NULL	0	0	0	0	0	0	0	0	0	0	0	0	0	0	0	0	0	0	0	0	0	0	0	0	0	0	0	0	0	0	0	0	0	0	0	0	0	0	0	0	0	0	0	0	0	0	0	0	0	0	0	0	0	0
74	A	T	ORF	S	NULL	0	0	0	0	0	0	0	0	0	0	0	0	0	0	0	0	0	0	0	0	0	0	0	0	0	0	0	0	0	0	0	0	0	0	0	0	0	0	0	0	0	0	0	0	0	0	0	0	0	0	0	0	0	0
75	A	T	ORF	S	NULL	0	0	0	0	0	0	0	0	0	0	0	0	0	0	0	0	0	0	0	0	0	0	0	0	0	0	0	0	0	0	0	0	0	0	0	0	0	0	0	0	0	0	0	0	0	0	0	0	0	0	0	0	0	0
76	A	T	ORF	S	NULL	0	0	0	0	0	0	0	0	0	0	0	0	0	0	0	0	0	0	0	0	0	0	0	0	0	0	0	0	0	0	0	0	0	0	0	0	0	0	0	0	0	0	0	0	0	0	0	0	0	0	0	0	0	0
77	A	T	ORF	S	NULL	0	0	0	0	0	0	0	0	0	0	0	0	0	0	0	0	0	0	0	0	0	0	0	0	0	0	0	0	0	0	0	0	0	0	0	0	0	0	0	0	0	0	0	0	0	0	0	0	0	0	0	0	0	0
78	A	T	ORF	S	NULL	0	0	0	0	0.0002	0.029197	0.0207879	0.209948	0.0002	0.123806	0.0002	0.0002	0.0002	0.0002	1.00002	0.312444	0.13017	0.0002	0.686086	0.0179987	0.190025	0.249126	0.215634	0.181185	0.0876409	0.0243917	0.485061	0.113679	0.35493	0.0969562	0.000251049	0.0681083	0.0136448	0.751475	0.181031	0.0002	0.0002	0.102903	0.0799159	0.059103	0.0002	0.0002	0.106769	0.0568443	1.00002	0.0556551	0.0002	0.0002	0.0735532	0.135397	0.544068	0.00573587	0.608614	0.0002
79	A	T	ORF	S	NULL	0	0	0	0	0	0	0	0	0	0	0	0	0	0	0	0	0	0	0	0	0	0	0	0	0	0	0	0	0	0	0	0	0	0	0	0	0	0	0	0	0	0	0	0	0	0	0	0	0	0	0	0	0	0
80	A	T	ORF	S	NULL	0	0	0	0	0	0	0	0	0	0	0	0	0	0	0	0	0	0	0	0	0	0	0	0	0	0	0	0	0	0	0	0	0	0	0	0	0	0	0	0	0	0	0	0	0	0	0	0	0	0	0	0	0	0
81	A	T	ORF	S	NULL	0	0	0	0	0.852962	0.0001	0.0001	0.000187534	0.0001	0.235851	0.0001	0.223916	0.0001	0.0001	0.0001	0.0001	0.869201	0.0001	0.0001	0.0001	0.0001	0.0001	0.0001	0.0001	0.0001	0.793174	0.0001	0.0001	0.0001	0.0001	0.0001	0.548286	0.0409736	0.00673939	0.218942	0.673952	0.00590333	0.565681	0.0001	0.265245	0.0001	0.0001	0.161382	0.0001	0.0001	0.0001	0.0001	0.0001	0.00318762	0.0001	0.0001	0.198842	0.0001	0.0001
82	A	T	ORF	S	NULL	0	0	0	0	0	0	0	0	0	0	0	0	0	0	0	0	0	0	0	0	0	0	0	0	0	0	0	0	0	0	0	0	0	0	0	0	0	0	0	0	0	0	0	0	0	0	0	0	0	0	0	0	0	0
83	A	T	ORF	S	NULL	0	0	0	0	0	0	0	0	0	0	0	0	0	0	0	0	0	0	0	0	0	0	0	0	0	0	0	0	0	0	0	0	0	0	0	0	0	0	0	0	0	0	0	0	0	0	0	0	0	0	0	0	0	0
84	A	T	ORF	S	NULL	0	0	0	0	0	0	0	0	0	0	0	0	0	0	0	0	0	0	0	0	0	0	0	0	0	0	0	0	0	0	0	0	0	0	0	0	0	0	0	0	0	0	0	0	0	0	0	0	0	0	0	0	0	0
85	A	T	ORF	S	NULL	0	0	0	0	0.0001	0.00081877	0.0001	0.209848	0.0001	0.123706	0.0001	0.0001	0.0001	0.0001	0.0001	0.237324	0.0001	0.0001	0.000100003	0.0001	0.000100001	0.249026	0.215534	0.181085	0.0875409	0.0001	0.000100003	0.113579	0.35483	0.0968562	0.0001	0.0001	0.000739555	0.231338	0.0001	0.0001	0.0001	0.102803	0.0798159	0.059003	0.0001	0.0001	0.106669	0.0328328	0.000100003	0.0001	0.0001	0.0001	0.0734532	0.0001	0.000100002	0.000156293	0.446454	0.0001
86	A	T	ORF	S	NULL	0	0	0	0	0.000100062	0.263368	0.504796	0.000330529	0.000100004	0.27003	0.000100341	0.0001	0.257914	0.0001	0.0001	0.0600878	0.0001	0.0909065	0.242915	0.0001	0.0001	0.161265	0.000275345	0.000100004	0.0001	0.0001	0.000100001	0.000146169	0.000135949	0.0001	0.000100008	0.38192	0.0001	0.000101347	0.0001	0.000100001	0.0001	0.000100095	0.112361	0.0001	0.0001	0.0689031	0.000101076	0.0388376	0.0001	0.521471	0.505923	0.0001	0.000100002	0.158764	0.0001	0.0001	0.000544625	0.000100001
87	A	T	ORF	S	NULL	0	0	0	0	0.852962	0.0001	0.0001	0.000187534	0.0001	0.235851	0.0001	0.223916	0.0001	0.0001	0.0001	0.0001	0.869201	0.0001	0.0001	0.0001	0.0001	0.0001	0.0001	0.0001	0.0001	0.793174	0.0001	0.0001	0.0001	0.0001	0.0001	0.548286	0.0409736	0.00673939	0.218942	0.673952	0.00590333	0.565681	0.0001	0.265245	0.0001	0.0001	0.161382	0.0001	0.0001	0.0001	0.0001	0.0001	0.00318762	0.0001	0.0001	0.198842	0.0001	0.0001
88	A	T	ORF	S	NULL	0	0	0	0	0.0002	0.477957	0.0002	0.54246	0.984131	0.17387	0.0909803	0.0002	0.0002	0.0002	0.0002	0.401717	0.0002	0.0002	0.000200003	0.98116	0.189026	0.451094	0.350108	0.260901	0.131363	0.0002	0.000200003	0.167207	0.501131	0.169644	0.0002	0.0002	0.309261	0.259699	0.599074	0.0002	0.52005	0.149105	0.604272	0.31109	0.0002	0.0002	0.172199	0.544624	0.000200003	0.0002	0.493045	0.0002	0.0880686	0.0002	0.227031	0.365736	0.446636	0.0002
89	A	T	ORF	S	NULL	0	0	0	0	0	0	0	0	0	0	0	0	0	0	0	0	0	0	0	0	0	0	0	0	0	0	0	0	0	0	0	0	0	0	0	0	0	0	0	0	0	0	0	0	0	0	0	0	0	0	0	0	0	0
90	A	T	ORF	S	NULL	0	0	0	0	0	0	0	0	0	0	0	0	0	0	0	0	0	0	0	0	0	0	0	0	0	0	0	0	0	0	0	0	0	0	0	0	0	0	0	0	0	0	0	0	0	0	0	0	0	0	0	0	0	0
91	A	T	ORF	S	NULL	0	0	0	0	0	0	0	0	0	0	0	0	0	0	0	0	0	0	0	0	0	0	0	0	0	0	0	0	0	0	0	0	0	0	0	0	0	0	0	0	0	0	0	0	0	0	0	0	0	0	0	0	0	0
92	A	T	ORF	S	NULL	0	0	0	0	0	0	0	0	0	0	0	0	0	0	0	0	0	0	0	0	0	0	0	0	0	0	0	0	0	0	0	0	0	0	0	0	0	0	0	0	0	0	0	0	0	0	0	0	0	0	0	0	0	0
93	A	T	ORF	S	NULL	0	0	0	0	0	0	0	0	0	0	0	0	0	0	0	0	0	0	0	0	0	0	0	0	0	0	0	0	0	0	0	0	0	0	0	0	0	0	0	0	0	0	0	0	0	0	0	0	0	0	0	0	0	0
94	A	T	ORF	S	NULL	0	0	0	0	0	0	0	0	0	0	0	0	0	0	0	0	0	0	0	0	0	0	0	0	0	0	0	0	0	0	0	0	0	0	0	0	0	0	0	0	0	0	0	0	0	0	0	0	0	0	0	0	0	0
95	A	T	ORF	S	NULL	0	0	0	0	0.853162	0.029297	0.0208879	0.210136	0.0003	0.359657	0.0003	0.224116	0.0003	0.0003	1.00012	0.312544	0.999371	0.0003	0.686186	0.0180987	0.190125	0.249226	0.215734	0.181285	0.0877409	0.817566	0.485161	0.113779	0.35503	0.0970562	0.000351049	0.616394	0.0546183	0.758215	0.399974	0.674152	0.00610333	0.668584	0.0800159	0.324348	0.0003	0.0003	0.268151	0.0569443	1.00012	0.0557551	0.0003	0.0003	0.0767408	0.135497	0.544168	0.204578	0.608714	0.0003
96	A	T	ORF	S	NULL	0	0	0	0	0	0	0	0	0	0	0	0	0	0	0	0	0	0	0	0	0	0	0	0	0	0	0	0	0	0	0	0	0	0	0	0	0	0	0	0	0	0	0	0	0	0	0	0	0	0	0	0	0	0
97	A	T	ORF	S	NULL	0	0	0	0	0.0002	0.029197	0.0207879	0.209948	0.0002	0.123806	0.0002	0.0002	0.0002	0.0002	1.00002	0.312444	0.13017	0.0002	0.686086	0.0179987	0.190025	0.249126	0.215634	0.181185	0.0876409	0.0243917	0.485061	0.113679	0.35493	0.0969562	0.000251049	0.0681083	0.0136448	0.751475	0.181031	0.0002	0.0002	0.102903	0.0799159	0.059103	0.0002	0.0002	0.106769	0.0568443	1.00002	0.0556551	0.0002	0.0002	0.0735532	0.135397	0.544068	0.00573587	0.608614	0.0002
98	A	T	ORF	S	NULL	0	0	0	0	0	0	0	0	0	0	0	0	0	0	0	0	0	0	0	0	0	0	0	0	0	0	0	0	0	0	0	0	0	0	0	0	0	0	0	0	0	0	0	0	0	0	0	0	0	0	0	0	0	0
99	A	T	ORF	S	NULL	0	0	0	0	0	0	0	0	0	0	0	0	0	0	0	0	0	0	0	0	0	0	0	0	0	0	0	0	0	0	0	0	0	0	0	0	0	0	0	0	0	0	0	0	0	0	0	0	0	0	0	0	0	0
100	A	T	ORF	S	NULL	0	0	0	0	0	0	0	0	0	0	0	0	0	0	0	0	0	0	0	0	0	0	0	0	0	0	0	0	0	0	0	0	0	0	0	0	0	0	0	0	0	0	0	0	0	0	0	0	0	0	0	0	0	0
