pos	ref	alt	gene	N/S	AA	nSRAsubclonal	nSRAclonal	nSRA	nConsensus	sample0|Earth	sample1|Earth	sample2|Earth	sample3|Earth	sample4|Earth	sample5|Earth	sample6|Earth	sample7|Earth	sample8|Earth	sample9|Earth	sample10|Earth	sample11|Earth	sample12|Earth	sample13|Earth	sample14|Earth	sample15|Earth	sample16|Earth	sample17|Earth	sample18|Earth	sample19|Earth	sample20|Earth	sample21|Earth	sample22|Earth	sample23|Earth	sample24|Earth	sample25|Earth	sample26|Earth	sample27|Earth	sample28|Earth	sample29|Earth	sample30|Earth	sample31|Earth	sample32|Earth	sample33|Earth	sample34|Earth	sample35|Earth	sample36|Earth	sample37|Earth	sample38|Earth	sample39|Earth	sample40|Earth	sample41|Earth	sample42|Earth	sample43|Earth	sample44|Earth	sample45|Earth	sample46|Earth	sample47|Earth	sample48|Earth	sample49|Earth
1	A	T	ORF	S	NULL	0	0	0	0	0.155819	0.298925	0.0001	0.0001	0.0001	0.445937	0.0001	0.0001	0.0001	0.0001	0.33677	0.555947	0.0001	0.0001	0.0001	0.0001	0.0001	0.0001	0.999953	0.880542	0.728961	0.0001	0.0166052	0.448938	0.0649054	0.999953	0.0001	0.0001	0.0001	0.0449038	0.0001	0.0001	0.0001	0.0001	0.999953	0.0001	0.184915	0.0001	0.742962	0.0777036	0.0001	0.0001	0.0001	0.0001	0.315477	0.0001	0.0001	0.0001	0.37989	0.0001
2	A	T	ORF	S	NULL	0	0	0	0	0.0354235	0.0898389	0.195287	0.0001	0.0001	0.0959639	0.0001	0.013355	0.401796	0.0880752	0.043808	0.141918	0.168882	0.145442	0.156122	0.0001	0.000100001	0.0001	0.0001	0.0001	0.000100001	0.0522197	0.0001	0.0001	0.000100008	0.0001	0.0001	0.0001	0.0001	0.00176959	0.0001	0.078124	0.0280025	0.0185239	0.0001	0.0351996	0.0001	0.356034	0.0001	0.0001	0.0683763	0.4214	0.999928	0.000100001	0.0218072	0.0001	0.0001	0.0001	0.0001	0.0001
3	A	T	ORF	S	NULL	0	0	0	0	0	0	0	0	0	0	0	0	0	0	0	0	0	0	0	0	0	0	0	0	0	0	0	0	0	0	0	0	0	0	0	0	0	0	0	0	0	0	0	0	0	0	0	0	0	0	0	0	0	0
4	A	T	ORF	S	NULL	0	0	0	0	0	0	0	0	0	0	0	0	0	0	0	0	0	0	0	0	0	0	0	0	0	0	0	0	0	0	0	0	0	0	0	0	0	0	0	0	0	0	0	0	0	0	0	0	0	0	0	0	0	0
5	A	T	ORF	S	NULL	0	0	0	0	0	0	0	0	0	0	0	0	0	0	0	0	0	0	0	0	0	0	0	0	0	0	0	0	0	0	0	0	0	0	0	0	0	0	0	0	0	0	0	0	0	0	0	0	0	0	0	0	0	0
6	A	T	ORF	S	NULL	0	0	0	0	0.0354235	0.0898389	0.195287	0.0001	0.0001	0.0959639	0.0001	0.013355	0.401796	0.0880752	0.043808	0.141918	0.168882	0.145442	0.156122	0.0001	0.000100001	0.0001	0.0001	0.0001	0.000100001	0.0522197	0.0001	0.0001	0.000100008	0.0001	0.0001	0.0001	0.0001	0.00176959	0.0001	0.078124	0.0280025	0.0185239	0.0001	0.0351996	0.0001	0.356034	0.0001	0.0001	0.0683763	0.4214	0.999928	0.000100001	0.0218072	0.0001	0.0001	0.0001	0.0001	0.0001
7	A	T	ORF	S	NULL	0	0	0	0	0	0	0	0	0	0	0	0	0	0	0	0	0	0	0	0	0	0	0	0	0	0	0	0	0	0	0	0	0	0	0	0	0	0	0	0	0	0	0	0	0	0	0	0	0	0	0	0	0	0
8	A	T	ORF	S	NULL	0	0	0	0	0	0	0	0	0	0	0	0	0	0	0	0	0	0	0	0	0	0	0	0	0	0	0	0	0	0	0	0	0	0	0	0	0	0	0	0	0	0	0	0	0	0	0	0	0	0	0	0	0	0
9	A	T	ORF	S	NULL	0	0	0	0	0	0	0	0	0	0	0	0	0	0	0	0	0	0	0	0	0	0	0	0	0	0	0	0	0	0	0	0	0	0	0	0	0	0	0	0	0	0	0	0	0	0	0	0	0	0	0	0	0	0
10	A	T	ORF	S	NULL	0	0	0	0	0	0	0	0	0	0	0	0	0	0	0	0	0	0	0	0	0	0	0	0	0	0	0	0	0	0	0	0	0	0	0	0	0	0	0	0	0	0	0	0	0	0	0	0	0	0	0	0	0	0
11	A	T	ORF	S	NULL	0	0	0	0	0	0	0	0	0	0	0	0	0	0	0	0	0	0	0	0	0	0	0	0	0	0	0	0	0	0	0	0	0	0	0	0	0	0	0	0	0	0	0	0	0	0	0	0	0	0	0	0	0	0
12	A	T	ORF	S	NULL	0	0	0	0	0	0	0	0	0	0	0	0	0	0	0	0	0	0	0	0	0	0	0	0	0	0	0	0	0	0	0	0	0	0	0	0	0	0	0	0	0	0	0	0	0	0	0	0	0	0	0	0	0	0
13	A	T	ORF	S	NULL	0	0	0	0	0	0	0	0	0	0	0	0	0	0	0	0	0	0	0	0	0	0	0	0	0	0	0	0	0	0	0	0	0	0	0	0	0	0	0	0	0	0	0	0	0	0	0	0	0	0	0	0	0	0
14	A	T	ORF	S	NULL	0	0	0	0	0	0	0	0	0	0	0	0	0	0	0	0	0	0	0	0	0	0	0	0	0	0	0	0	0	0	0	0	0	0	0	0	0	0	0	0	0	0	0	0	0	0	0	0	0	0	0	0	0	0
15	A	T	ORF	S	NULL	0	0	0	0	0	0	0	0	0	0	0	0	0	0	0	0	0	0	0	0	0	0	0	0	0	0	0	0	0	0	0	0	0	0	0	0	0	0	0	0	0	0	0	0	0	0	0	0	0	0	0	0	0	0
16	A	T	ORF	S	NULL	0	0	0	0	0	0	0	0	0	0	0	0	0	0	0	0	0	0	0	0	0	0	0	0	0	0	0	0	0	0	0	0	0	0	0	0	0	0	0	0	0	0	0	0	0	0	0	0	0	0	0	0	0	0
17	A	T	ORF	S	NULL	0	0	0	0	0.0354235	0.0898389	0.195287	0.0001	0.0001	0.0959639	0.0001	0.013355	0.401796	0.0880752	0.043808	0.141918	0.168882	0.145442	0.156122	0.0001	0.000100001	0.0001	0.0001	0.0001	0.000100001	0.0522197	0.0001	0.0001	0.000100008	0.0001	0.0001	0.0001	0.0001	0.00176959	0.0001	0.078124	0.0280025	0.0185239	0.0001	0.0351996	0.0001	0.356034	0.0001	0.0001	0.0683763	0.4214	0.999928	0.000100001	0.0218072	0.0001	0.0001	0.0001	0.0001	0.0001
18	A	T	ORF	S	NULL	0	0	0	0	0	0	0	0	0	0	0	0	0	0	0	0	0	0	0	0	0	0	0	0	0	0	0	0	0	0	0	0	0	0	0	0	0	0	0	0	0	0	0	0	0	0	0	0	0	0	0	0	0	0
19	A	T	ORF	S	NULL	0	0	0	0	0	0	0	0	0	0	0	0	0	0	0	0	0	0	0	0	0	0	0	0	0	0	0	0	0	0	0	0	0	0	0	0	0	0	0	0	0	0	0	0	0	0	0	0	0	0	0	0	0	0
20	A	T	ORF	S	NULL	0	0	0	0	0	0	0	0	0	0	0	0	0	0	0	0	0	0	0	0	0	0	0	0	0	0	0	0	0	0	0	0	0	0	0	0	0	0	0	0	0	0	0	0	0	0	0	0	0	0	0	0	0	0
21	A	T	ORF	S	NULL	0	0	0	0	0	0	0	0	0	0	0	0	0	0	0	0	0	0	0	0	0	0	0	0	0	0	0	0	0	0	0	0	0	0	0	0	0	0	0	0	0	0	0	0	0	0	0	0	0	0	0	0	0	0
22	A	T	ORF	S	NULL	0	0	0	0	0	0	0	0	0	0	0	0	0	0	0	0	0	0	0	0	0	0	0	0	0	0	0	0	0	0	0	0	0	0	0	0	0	0	0	0	0	0	0	0	0	0	0	0	0	0	0	0	0	0
23	A	T	ORF	S	NULL	0	0	0	0	0	0	0	0	0	0	0	0	0	0	0	0	0	0	0	0	0	0	0	0	0	0	0	0	0	0	0	0	0	0	0	0	0	0	0	0	0	0	0	0	0	0	0	0	0	0	0	0	0	0
24	A	T	ORF	S	NULL	0	0	0	0	0.155819	0.298925	0.0001	0.0001	0.0001	0.445937	0.0001	0.0001	0.0001	0.0001	0.33677	0.555947	0.0001	0.0001	0.0001	0.0001	0.0001	0.0001	0.999953	0.880542	0.728961	0.0001	0.0166052	0.448938	0.0649054	0.999953	0.0001	0.0001	0.0001	0.0449038	0.0001	0.0001	0.0001	0.0001	0.999953	0.0001	0.184915	0.0001	0.742962	0.0777036	0.0001	0.0001	0.0001	0.0001	0.315477	0.0001	0.0001	0.0001	0.37989	0.0001
25	A	T	ORF	S	NULL	0	0	0	0	0	0	0	0	0	0	0	0	0	0	0	0	0	0	0	0	0	0	0	0	0	0	0	0	0	0	0	0	0	0	0	0	0	0	0	0	0	0	0	0	0	0	0	0	0	0	0	0	0	0
26	A	T	ORF	S	NULL	0	0	0	0	0.210873	0.0001	0.122795	0.088378	0.751355	0.025536	0.306222	0.962505	0.216766	0.359345	0.307927	0.0001	0.120198	0.0001	0.569193	0.0001	0.526505	0.0001	0.0001	0.0001	0.0001	0.255993	0.25621	0.287871	0.151876	0.0001	0.857216	0.0001	0.0001	0.0037119	0.0001	0.242199	0.420988	0.633768	0.0001	0.74736	0.446495	0.534385	0.0001	0.0001	0.147207	0.0661805	0.0001	0.0001	0.0533095	0.0001	0.0001	0.0001	0.0001	0.473328
27	A	T	ORF	S	NULL	0	0	0	0	0	0	0	0	0	0	0	0	0	0	0	0	0	0	0	0	0	0	0	0	0	0	0	0	0	0	0	0	0	0	0	0	0	0	0	0	0	0	0	0	0	0	0	0	0	0	0	0	0	0
28	A	T	ORF	S	NULL	0	0	0	0	0	0	0	0	0	0	0	0	0	0	0	0	0	0	0	0	0	0	0	0	0	0	0	0	0	0	0	0	0	0	0	0	0	0	0	0	0	0	0	0	0	0	0	0	0	0	0	0	0	0
29	A	T	ORF	S	NULL	0	0	0	0	0	0	0	0	0	0	0	0	0	0	0	0	0	0	0	0	0	0	0	0	0	0	0	0	0	0	0	0	0	0	0	0	0	0	0	0	0	0	0	0	0	0	0	0	0	0	0	0	0	0
30	A	T	ORF	S	NULL	0	0	0	0	0	0	0	0	0	0	0	0	0	0	0	0	0	0	0	0	0	0	0	0	0	0	0	0	0	0	0	0	0	0	0	0	0	0	0	0	0	0	0	0	0	0	0	0	0	0	0	0	0	0
31	A	T	ORF	S	NULL	0	0	0	0	0.0001	0.0001	0.0001	0.0001	0.0001	0.0001	0.0001	0.0001	0.0001	0.441921	0.0001	0.300914	0.238912	0.0001	0.233911	0.0001	0.0001	0.0001	0.0001	0.0001	0.0001	0.0543797	0.0820157	0.0001	0.385918	0.0001	0.0001	0.0001	0.0001	0.0001	0.0001	0.276195	0.0001	0.0001	0.0001	0.0001	0.0001	0.109581	0.0001	0.0001	0.279052	0.0001	0.0001	0.0001	0.320568	0.0001	0.999926	0.999926	0.0001	0.0001
32	A	T	ORF	S	NULL	0	0	0	0	0.155819	0.298925	0.0001	0.0001	0.0001	0.445937	0.0001	0.0001	0.0001	0.0001	0.33677	0.555947	0.0001	0.0001	0.0001	0.0001	0.0001	0.0001	0.999953	0.880542	0.728961	0.0001	0.0166052	0.448938	0.0649054	0.999953	0.0001	0.0001	0.0001	0.0449038	0.0001	0.0001	0.0001	0.0001	0.999953	0.0001	0.184915	0.0001	0.742962	0.0777036	0.0001	0.0001	0.0001	0.0001	0.315477	0.0001	0.0001	0.0001	0.37989	0.0001
33	A	T	ORF	S	NULL	0	0	0	0	0.597884	0.0345575	0.583222	0.0101714	0.0172259	0.0340881	0.0169642	0.000920434	0.34293	0.0424217	0.180672	0.000100045	0.0367617	0.734929	0.0001	0.0001	0.0001	0.589898	0.0001	0.119458	0.0001	0.637408	0.00174477	0.0334446	0.0001	0.0001	0.0469482	0.0001	0.0001	0.00811154	0.0001	0.397061	0.10132	0.347708	0.0001	0.211296	0.279538	0.00010005	0.0001	0.739792	0.32407	0.51242	0.000100287	0.0001	0.288838	0.999856	0.0001	0.0001	0.167245	0.0203898
34	A	T	ORF	S	NULL	0	0	0	0	0.210873	0.0001	0.122795	0.088378	0.751355	0.025536	0.306222	0.962505	0.216766	0.359345	0.307927	0.0001	0.120198	0.0001	0.569193	0.0001	0.526505	0.0001	0.0001	0.0001	0.0001	0.255993	0.25621	0.287871	0.151876	0.0001	0.857216	0.0001	0.0001	0.0037119	0.0001	0.242199	0.420988	0.633768	0.0001	0.74736	0.446495	0.534385	0.0001	0.0001	0.147207	0.0661805	0.0001	0.0001	0.0533095	0.0001	0.0001	0.0001	0.0001	0.473328
35	A	T	ORF	S	NULL	0	0	0	0	0	0	0	0	0	0	0	0	0	0	0	0	0	0	0	0	0	0	0	0	0	0	0	0	0	0	0	0	0	0	0	0	0	0	0	0	0	0	0	0	0	0	0	0	0	0	0	0	0	0
36	A	T	ORF	S	NULL	0	0	0	0	0	0	0	0	0	0	0	0	0	0	0	0	0	0	0	0	0	0	0	0	0	0	0	0	0	0	0	0	0	0	0	0	0	0	0	0	0	0	0	0	0	0	0	0	0	0	0	0	0	0
37	A	T	ORF	S	NULL	0	0	0	0	0	0	0	0	0	0	0	0	0	0	0	0	0	0	0	0	0	0	0	0	0	0	0	0	0	0	0	0	0	0	0	0	0	0	0	0	0	0	0	0	0	0	0	0	0	0	0	0	0	0
38	A	T	ORF	S	NULL	0	0	0	0	0	0	0	0	0	0	0	0	0	0	0	0	0	0	0	0	0	0	0	0	0	0	0	0	0	0	0	0	0	0	0	0	0	0	0	0	0	0	0	0	0	0	0	0	0	0	0	0	0	0
39	A	T	ORF	S	NULL	0	0	0	0	0	0	0	0	0	0	0	0	0	0	0	0	0	0	0	0	0	0	0	0	0	0	0	0	0	0	0	0	0	0	0	0	0	0	0	0	0	0	0	0	0	0	0	0	0	0	0	0	0	0
40	A	T	ORF	S	NULL	0	0	0	0	0	0	0	0	0	0	0	0	0	0	0	0	0	0	0	0	0	0	0	0	0	0	0	0	0	0	0	0	0	0	0	0	0	0	0	0	0	0	0	0	0	0	0	0	0	0	0	0	0	0
41	A	T	ORF	S	NULL	0	0	0	0	0.0354235	0.0898389	0.195287	0.0001	0.0001	0.0959639	0.0001	0.013355	0.401796	0.0880752	0.043808	0.141918	0.168882	0.145442	0.156122	0.0001	0.000100001	0.0001	0.0001	0.0001	0.000100001	0.0522197	0.0001	0.0001	0.000100008	0.0001	0.0001	0.0001	0.0001	0.00176959	0.0001	0.078124	0.0280025	0.0185239	0.0001	0.0351996	0.0001	0.356034	0.0001	0.0001	0.0683763	0.4214	0.999928	0.000100001	0.0218072	0.0001	0.0001	0.0001	0.0001	0.0001
42	A	T	ORF	S	NULL	0	0	0	0	0.0001	0.0001	0.0001	0.36384	0.0583592	0.0001	0.467519	0.0001	0.0001	0.0631544	0.0772356	0.0001	0.328743	0.0001	0.0001	0.203922	0.13975	0.0001	0.0001	0.0001	0.0001	0.0001	0.46711	0.0505902	0.0001	0.0001	0.0958354	0.99992	0.0001	0.708537	0.0001	0.0001	0.0001	0.0001	0.0001	0.00614438	0.0001	0.0001	0.0001	0.0001	0.181295	0.0001	0.0001	0.0001	0.0001	0.0001	0.0001	0.0001	0.452865	0.0471936
43	A	T	ORF	S	NULL	0	0	0	0	0	0	0	0	0	0	0	0	0	0	0	0	0	0	0	0	0	0	0	0	0	0	0	0	0	0	0	0	0	0	0	0	0	0	0	0	0	0	0	0	0	0	0	0	0	0	0	0	0	0
44	A	T	ORF	S	NULL	0	0	0	0	0.597884	0.0345575	0.583222	0.0101714	0.0172259	0.0340881	0.0169642	0.000920434	0.34293	0.0424217	0.180672	0.000100045	0.0367617	0.734929	0.0001	0.0001	0.0001	0.589898	0.0001	0.119458	0.0001	0.637408	0.00174477	0.0334446	0.0001	0.0001	0.0469482	0.0001	0.0001	0.00811154	0.0001	0.397061	0.10132	0.347708	0.0001	0.211296	0.279538	0.00010005	0.0001	0.739792	0.32407	0.51242	0.000100287	0.0001	0.288838	0.999856	0.0001	0.0001	0.167245	0.0203898
45	A	T	ORF	S	NULL	0	0	0	0	0	0	0	0	0	0	0	0	0	0	0	0	0	0	0	0	0	0	0	0	0	0	0	0	0	0	0	0	0	0	0	0	0	0	0	0	0	0	0	0	0	0	0	0	0	0	0	0	0	0
46	A	T	ORF	S	NULL	0	0	0	0	0	0	0	0	0	0	0	0	0	0	0	0	0	0	0	0	0	0	0	0	0	0	0	0	0	0	0	0	0	0	0	0	0	0	0	0	0	0	0	0	0	0	0	0	0	0	0	0	0	0
47	A	T	ORF	S	NULL	0	0	0	0	0	0	0	0	0	0	0	0	0	0	0	0	0	0	0	0	0	0	0	0	0	0	0	0	0	0	0	0	0	0	0	0	0	0	0	0	0	0	0	0	0	0	0	0	0	0	0	0	0	0
48	A	T	ORF	S	NULL	0	0	0	0	0	0	0	0	0	0	0	0	0	0	0	0	0	0	0	0	0	0	0	0	0	0	0	0	0	0	0	0	0	0	0	0	0	0	0	0	0	0	0	0	0	0	0	0	0	0	0	0	0	0
49	A	T	ORF	S	NULL	0	0	0	0	0	0	0	0	0	0	0	0	0	0	0	0	0	0	0	0	0	0	0	0	0	0	0	0	0	0	0	0	0	0	0	0	0	0	0	0	0	0	0	0	0	0	0	0	0	0	0	0	0	0
50	A	T	ORF	S	NULL	0	0	0	0	0	0	0	0	0	0	0	0	0	0	0	0	0	0	0	0	0	0	0	0	0	0	0	0	0	0	0	0	0	0	0	0	0	0	0	0	0	0	0	0	0	0	0	0	0	0	0	0	0	0
51	A	T	ORF	S	NULL	0	0	0	0	0	0	0	0	0	0	0	0	0	0	0	0	0	0	0	0	0	0	0	0	0	0	0	0	0	0	0	0	0	0	0	0	0	0	0	0	0	0	0	0	0	0	0	0	0	0	0	0	0	0
52	A	T	ORF	S	NULL	0	0	0	0	0	0	0	0	0	0	0	0	0	0	0	0	0	0	0	0	0	0	0	0	0	0	0	0	0	0	0	0	0	0	0	0	0	0	0	0	0	0	0	0	0	0	0	0	0	0	0	0	0	0
53	A	T	ORF	S	NULL	0	0	0	0	0	0	0	0	0	0	0	0	0	0	0	0	0	0	0	0	0	0	0	0	0	0	0	0	0	0	0	0	0	0	0	0	0	0	0	0	0	0	0	0	0	0	0	0	0	0	0	0	0	0
54	A	T	ORF	S	NULL	0	0	0	0	0	0	0	0	0	0	0	0	0	0	0	0	0	0	0	0	0	0	0	0	0	0	0	0	0	0	0	0	0	0	0	0	0	0	0	0	0	0	0	0	0	0	0	0	0	0	0	0	0	0
55	A	T	ORF	S	NULL	0	0	0	0	0	0	0	0	0	0	0	0	0	0	0	0	0	0	0	0	0	0	0	0	0	0	0	0	0	0	0	0	0	0	0	0	0	0	0	0	0	0	0	0	0	0	0	0	0	0	0	0	0	0
56	A	T	ORF	S	NULL	0	0	0	0	0	0	0	0	0	0	0	0	0	0	0	0	0	0	0	0	0	0	0	0	0	0	0	0	0	0	0	0	0	0	0	0	0	0	0	0	0	0	0	0	0	0	0	0	0	0	0	0	0	0
57	A	T	ORF	S	NULL	0	0	0	0	0	0	0	0	0	0	0	0	0	0	0	0	0	0	0	0	0	0	0	0	0	0	0	0	0	0	0	0	0	0	0	0	0	0	0	0	0	0	0	0	0	0	0	0	0	0	0	0	0	0
58	A	T	ORF	S	NULL	0	0	0	0	0	0	0	0	0	0	0	0	0	0	0	0	0	0	0	0	0	0	0	0	0	0	0	0	0	0	0	0	0	0	0	0	0	0	0	0	0	0	0	0	0	0	0	0	0	0	0	0	0	0
59	A	T	ORF	S	NULL	0	0	0	0	0	0	0	0	0	0	0	0	0	0	0	0	0	0	0	0	0	0	0	0	0	0	0	0	0	0	0	0	0	0	0	0	0	0	0	0	0	0	0	0	0	0	0	0	0	0	0	0	0	0
60	A	T	ORF	S	NULL	0	0	0	0	0	0	0	0	0	0	0	0	0	0	0	0	0	0	0	0	0	0	0	0	0	0	0	0	0	0	0	0	0	0	0	0	0	0	0	0	0	0	0	0	0	0	0	0	0	0	0	0	0	0
61	A	T	ORF	S	NULL	0	0	0	0	0	0	0	0	0	0	0	0	0	0	0	0	0	0	0	0	0	0	0	0	0	0	0	0	0	0	0	0	0	0	0	0	0	0	0	0	0	0	0	0	0	0	0	0	0	0	0	0	0	0
62	A	T	ORF	S	NULL	0	0	0	0	0.0354235	0.0898389	0.195287	0.0001	0.0001	0.0959639	0.0001	0.013355	0.401796	0.0880752	0.043808	0.141918	0.168882	0.145442	0.156122	0.0001	0.000100001	0.0001	0.0001	0.0001	0.000100001	0.0522197	0.0001	0.0001	0.000100008	0.0001	0.0001	0.0001	0.0001	0.00176959	0.0001	0.078124	0.0280025	0.0185239	0.0001	0.0351996	0.0001	0.356034	0.0001	0.0001	0.0683763	0.4214	0.999928	0.000100001	0.0218072	0.0001	0.0001	0.0001	0.0001	0.0001
63	A	T	ORF	S	NULL	0	0	0	0	0	0	0	0	0	0	0	0	0	0	0	0	0	0	0	0	0	0	0	0	0	0	0	0	0	0	0	0	0	0	0	0	0	0	0	0	0	0	0	0	0	0	0	0	0	0	0	0	0	0
64	A	T	ORF	S	NULL	0	0	0	0	0.0001	0.0001	0.0001	0.0001	0.0001	0.0001	0.0001	0.0001	0.0001	0.441921	0.0001	0.300914	0.238912	0.0001	0.233911	0.0001	0.0001	0.0001	0.0001	0.0001	0.0001	0.0543797	0.0820157	0.0001	0.385918	0.0001	0.0001	0.0001	0.0001	0.0001	0.0001	0.276195	0.0001	0.0001	0.0001	0.0001	0.0001	0.109581	0.0001	0.0001	0.279052	0.0001	0.0001	0.0001	0.320568	0.0001	0.999926	0.999926	0.0001	0.0001
65	A	T	ORF	S	NULL	0	0	0	0	0	0	0	0	0	0	0	0	0	0	0	0	0	0	0	0	0	0	0	0	0	0	0	0	0	0	0	0	0	0	0	0	0	0	0	0	0	0	0	0	0	0	0	0	0	0	0	0	0	0
66	A	T	ORF	S	NULL	0	0	0	0	0	0	0	0	0	0	0	0	0	0	0	0	0	0	0	0	0	0	0	0	0	0	0	0	0	0	0	0	0	0	0	0	0	0	0	0	0	0	0	0	0	0	0	0	0	0	0	0	0	0
67	A	T	ORF	S	NULL	0	0	0	0	0	0	0	0	0	0	0	0	0	0	0	0	0	0	0	0	0	0	0	0	0	0	0	0	0	0	0	0	0	0	0	0	0	0	0	0	0	0	0	0	0	0	0	0	0	0	0	0	0	0
68	A	T	ORF	S	NULL	0	0	0	0	0	0	0	0	0	0	0	0	0	0	0	0	0	0	0	0	0	0	0	0	0	0	0	0	0	0	0	0	0	0	0	0	0	0	0	0	0	0	0	0	0	0	0	0	0	0	0	0	0	0
69	A	T	ORF	S	NULL	0	0	0	0	0	0	0	0	0	0	0	0	0	0	0	0	0	0	0	0	0	0	0	0	0	0	0	0	0	0	0	0	0	0	0	0	0	0	0	0	0	0	0	0	0	0	0	0	0	0	0	0	0	0
70	A	T	ORF	S	NULL	0	0	0	0	0	0	0	0	0	0	0	0	0	0	0	0	0	0	0	0	0	0	0	0	0	0	0	0	0	0	0	0	0	0	0	0	0	0	0	0	0	0	0	0	0	0	0	0	0	0	0	0	0	0
71	A	T	ORF	S	NULL	0	0	0	0	0	0	0	0	0	0	0	0	0	0	0	0	0	0	0	0	0	0	0	0	0	0	0	0	0	0	0	0	0	0	0	0	0	0	0	0	0	0	0	0	0	0	0	0	0	0	0	0	0	0
72	A	T	ORF	S	NULL	0	0	0	0	0	0	0	0	0	0	0	0	0	0	0	0	0	0	0	0	0	0	0	0	0	0	0	0	0	0	0	0	0	0	0	0	0	0	0	0	0	0	0	0	0	0	0	0	0	0	0	0	0	0
73	A	T	ORF	S	NULL	0	0	0	0	0	0	0	0	0	0	0	0	0	0	0	0	0	0	0	0	0	0	0	0	0	0	0	0	0	0	0	0	0	0	0	0	0	0	0	0	0	0	0	0	0	0	0	0	0	0	0	0	0	0
74	A	T	ORF	S	NULL	0	0	0	0	0	0	0	0	0	0	0	0	0	0	0	0	0	0	0	0	0	0	0	0	0	0	0	0	0	0	0	0	0	0	0	0	0	0	0	0	0	0	0	0	0	0	0	0	0	0	0	0	0	0
75	A	T	ORF	S	NULL	0	0	0	0	0.0001	0.57393	0.0001	0.286915	0.17306	0.0001	0.209295	0.0001	0.0001	0.0001	0.0535871	0.0001	0.096905	0.0001	0.0001	0.794941	0.296915	0.410102	0.0001	0.0001	0.0001	0.0001	0.176317	0.0001	0.0001	0.0001	0.0001	0.0001	0.999935	0.231912	0.999935	0.00642099	0.20291	0.0001	0.0001	0.0001	0.0001	0.0001	0.0001	0.182504	0.0001	0.0001	0.0001	0.0001	0.0001	0.0001	0.0001	0.0001	0.0001	0.459088
76	A	T	ORF	S	NULL	0	0	0	0	0	0	0	0	0	0	0	0	0	0	0	0	0	0	0	0	0	0	0	0	0	0	0	0	0	0	0	0	0	0	0	0	0	0	0	0	0	0	0	0	0	0	0	0	0	0	0	0	0	0
77	A	T	ORF	S	NULL	0	0	0	0	0	0	0	0	0	0	0	0	0	0	0	0	0	0	0	0	0	0	0	0	0	0	0	0	0	0	0	0	0	0	0	0	0	0	0	0	0	0	0	0	0	0	0	0	0	0	0	0	0	0
78	A	T	ORF	S	NULL	0	0	0	0	0	0	0	0	0	0	0	0	0	0	0	0	0	0	0	0	0	0	0	0	0	0	0	0	0	0	0	0	0	0	0	0	0	0	0	0	0	0	0	0	0	0	0	0	0	0	0	0	0	0
79	A	T	ORF	S	NULL	0	0	0	0	0	0	0	0	0	0	0	0	0	0	0	0	0	0	0	0	0	0	0	0	0	0	0	0	0	0	0	0	0	0	0	0	0	0	0	0	0	0	0	0	0	0	0	0	0	0	0	0	0	0
80	A	T	ORF	S	NULL	0	0	0	0	0.597884	0.0345575	0.583222	0.0101714	0.0172259	0.0340881	0.0169642	0.000920434	0.34293	0.0424217	0.180672	0.000100045	0.0367617	0.734929	0.0001	0.0001	0.0001	0.589898	0.0001	0.119458	0.0001	0.637408	0.00174477	0.0334446	0.0001	0.0001	0.0469482	0.0001	0.0001	0.00811154	0.0001	0.397061	0.10132	0.347708	0.0001	0.211296	0.279538	0.00010005	0.0001	0.739792	0.32407	0.51242	0.000100287	0.0001	0.288838	0.999856	0.0001	0.0001	0.167245	0.0203898
81	A	T	ORF	S	NULL	0	0	0	0	0.0001	0.0001	0.0001	0.36384	0.0583592	0.0001	0.467519	0.0001	0.0001	0.0631544	0.0772356	0.0001	0.328743	0.0001	0.0001	0.203922	0.13975	0.0001	0.0001	0.0001	0.0001	0.0001	0.46711	0.0505902	0.0001	0.0001	0.0958354	0.99992	0.0001	0.708537	0.0001	0.0001	0.0001	0.0001	0.0001	0.00614438	0.0001	0.0001	0.0001	0.0001	0.181295	0.0001	0.0001	0.0001	0.0001	0.0001	0.0001	0.0001	0.452865	0.0471936
82	A	T	ORF	S	NULL	0	0	0	0	0	0	0	0	0	0	0	0	0	0	0	0	0	0	0	0	0	0	0	0	0	0	0	0	0	0	0	0	0	0	0	0	0	0	0	0	0	0	0	0	0	0	0	0	0	0	0	0	0	0
83	A	T	ORF	S	NULL	0	0	0	0	0	0	0	0	0	0	0	0	0	0	0	0	0	0	0	0	0	0	0	0	0	0	0	0	0	0	0	0	0	0	0	0	0	0	0	0	0	0	0	0	0	0	0	0	0	0	0	0	0	0
84	A	T	ORF	S	NULL	0	0	0	0	0	0	0	0	0	0	0	0	0	0	0	0	0	0	0	0	0	0	0	0	0	0	0	0	0	0	0	0	0	0	0	0	0	0	0	0	0	0	0	0	0	0	0	0	0	0	0	0	0	0
85	A	T	ORF	S	NULL	0	0	0	0	0	0	0	0	0	0	0	0	0	0	0	0	0	0	0	0	0	0	0	0	0	0	0	0	0	0	0	0	0	0	0	0	0	0	0	0	0	0	0	0	0	0	0	0	0	0	0	0	0	0
86	A	T	ORF	S	NULL	0	0	0	0	0.0001	0.57393	0.0001	0.286915	0.17306	0.0001	0.209295	0.0001	0.0001	0.0001	0.0535871	0.0001	0.096905	0.0001	0.0001	0.794941	0.296915	0.410102	0.0001	0.0001	0.0001	0.0001	0.176317	0.0001	0.0001	0.0001	0.0001	0.0001	0.999935	0.231912	0.999935	0.00642099	0.20291	0.0001	0.0001	0.0001	0.0001	0.0001	0.0001	0.182504	0.0001	0.0001	0.0001	0.0001	0.0001	0.0001	0.0001	0.0001	0.0001	0.459088
87	A	T	ORF	S	NULL	0	0	0	0	0	0	0	0	0	0	0	0	0	0	0	0	0	0	0	0	0	0	0	0	0	0	0	0	0	0	0	0	0	0	0	0	0	0	0	0	0	0	0	0	0	0	0	0	0	0	0	0	0	0
88	A	T	ORF	S	NULL	0	0	0	0	0	0	0	0	0	0	0	0	0	0	0	0	0	0	0	0	0	0	0	0	0	0	0	0	0	0	0	0	0	0	0	0	0	0	0	0	0	0	0	0	0	0	0	0	0	0	0	0	0	0
89	A	T	ORF	S	NULL	0	0	0	0	0.0001	0.0001	0.0001	0.36384	0.0583592	0.0001	0.467519	0.0001	0.0001	0.0631544	0.0772356	0.0001	0.328743	0.0001	0.0001	0.203922	0.13975	0.0001	0.0001	0.0001	0.0001	0.0001	0.46711	0.0505902	0.0001	0.0001	0.0958354	0.99992	0.0001	0.708537	0.0001	0.0001	0.0001	0.0001	0.0001	0.00614438	0.0001	0.0001	0.0001	0.0001	0.181295	0.0001	0.0001	0.0001	0.0001	0.0001	0.0001	0.0001	0.452865	0.0471936
90	A	T	ORF	S	NULL	0	0	0	0	0.155819	0.298925	0.0001	0.0001	0.0001	0.445937	0.0001	0.0001	0.0001	0.0001	0.33677	0.555947	0.0001	0.0001	0.0001	0.0001	0.0001	0.0001	0.999953	0.880542	0.728961	0.0001	0.0166052	0.448938	0.0649054	0.999953	0.0001	0.0001	0.0001	0.0449038	0.0001	0.0001	0.0001	0.0001	0.999953	0.0001	0.184915	0.0001	0.742962	0.0777036	0.0001	0.0001	0.0001	0.0001	0.315477	0.0001	0.0001	0.0001	0.37989	0.0001
91	A	T	ORF	S	NULL	0	0	0	0	0	0	0	0	0	0	0	0	0	0	0	0	0	0	0	0	0	0	0	0	0	0	0	0	0	0	0	0	0	0	0	0	0	0	0	0	0	0	0	0	0	0	0	0	0	0	0	0	0	0
92	A	T	ORF	S	NULL	0	0	0	0	0	0	0	0	0	0	0	0	0	0	0	0	0	0	0	0	0	0	0	0	0	0	0	0	0	0	0	0	0	0	0	0	0	0	0	0	0	0	0	0	0	0	0	0	0	0	0	0	0	0
93	A	T	ORF	S	NULL	0	0	0	0	0.155819	0.298925	0.0001	0.0001	0.0001	0.445937	0.0001	0.0001	0.0001	0.0001	0.33677	0.555947	0.0001	0.0001	0.0001	0.0001	0.0001	0.0001	0.999953	0.880542	0.728961	0.0001	0.0166052	0.448938	0.0649054	0.999953	0.0001	0.0001	0.0001	0.0449038	0.0001	0.0001	0.0001	0.0001	0.999953	0.0001	0.184915	0.0001	0.742962	0.0777036	0.0001	0.0001	0.0001	0.0001	0.315477	0.0001	0.0001	0.0001	0.37989	0.0001
94	A	T	ORF	S	NULL	0	0	0	0	0	0	0	0	0	0	0	0	0	0	0	0	0	0	0	0	0	0	0	0	0	0	0	0	0	0	0	0	0	0	0	0	0	0	0	0	0	0	0	0	0	0	0	0	0	0	0	0	0	0
95	A	T	ORF	S	NULL	0	0	0	0	0.155819	0.298925	0.0001	0.0001	0.0001	0.445937	0.0001	0.0001	0.0001	0.0001	0.33677	0.555947	0.0001	0.0001	0.0001	0.0001	0.0001	0.0001	0.999953	0.880542	0.728961	0.0001	0.0166052	0.448938	0.0649054	0.999953	0.0001	0.0001	0.0001	0.0449038	0.0001	0.0001	0.0001	0.0001	0.999953	0.0001	0.184915	0.0001	0.742962	0.0777036	0.0001	0.0001	0.0001	0.0001	0.315477	0.0001	0.0001	0.0001	0.37989	0.0001
96	A	T	ORF	S	NULL	0	0	0	0	0	0	0	0	0	0	0	0	0	0	0	0	0	0	0	0	0	0	0	0	0	0	0	0	0	0	0	0	0	0	0	0	0	0	0	0	0	0	0	0	0	0	0	0	0	0	0	0	0	0
97	A	T	ORF	S	NULL	0	0	0	0	0	0	0	0	0	0	0	0	0	0	0	0	0	0	0	0	0	0	0	0	0	0	0	0	0	0	0	0	0	0	0	0	0	0	0	0	0	0	0	0	0	0	0	0	0	0	0	0	0	0
98	A	T	ORF	S	NULL	0	0	0	0	0	0	0	0	0	0	0	0	0	0	0	0	0	0	0	0	0	0	0	0	0	0	0	0	0	0	0	0	0	0	0	0	0	0	0	0	0	0	0	0	0	0	0	0	0	0	0	0	0	0
99	A	T	ORF	S	NULL	0	0	0	0	0.597884	0.0345575	0.583222	0.0101714	0.0172259	0.0340881	0.0169642	0.000920434	0.34293	0.0424217	0.180672	0.000100045	0.0367617	0.734929	0.0001	0.0001	0.0001	0.589898	0.0001	0.119458	0.0001	0.637408	0.00174477	0.0334446	0.0001	0.0001	0.0469482	0.0001	0.0001	0.00811154	0.0001	0.397061	0.10132	0.347708	0.0001	0.211296	0.279538	0.00010005	0.0001	0.739792	0.32407	0.51242	0.000100287	0.0001	0.288838	0.999856	0.0001	0.0001	0.167245	0.0203898
100	A	T	ORF	S	NULL	0	0	0	0	0.0001	0.57393	0.0001	0.286915	0.17306	0.0001	0.209295	0.0001	0.0001	0.0001	0.0535871	0.0001	0.096905	0.0001	0.0001	0.794941	0.296915	0.410102	0.0001	0.0001	0.0001	0.0001	0.176317	0.0001	0.0001	0.0001	0.0001	0.0001	0.999935	0.231912	0.999935	0.00642099	0.20291	0.0001	0.0001	0.0001	0.0001	0.0001	0.0001	0.182504	0.0001	0.0001	0.0001	0.0001	0.0001	0.0001	0.0001	0.0001	0.0001	0.459088
