pos	ref	alt	gene	N/S	AA	nSRAsubclonal	nSRAclonal	nSRA	nConsensus	sample0|Earth	sample1|Earth	sample2|Earth	sample3|Earth	sample4|Earth	sample5|Earth	sample6|Earth	sample7|Earth	sample8|Earth	sample9|Earth	sample10|Earth	sample11|Earth	sample12|Earth	sample13|Earth	sample14|Earth	sample15|Earth	sample16|Earth	sample17|Earth	sample18|Earth	sample19|Earth	sample20|Earth	sample21|Earth	sample22|Earth	sample23|Earth	sample24|Earth	sample25|Earth	sample26|Earth	sample27|Earth	sample28|Earth	sample29|Earth	sample30|Earth	sample31|Earth	sample32|Earth	sample33|Earth	sample34|Earth	sample35|Earth	sample36|Earth	sample37|Earth	sample38|Earth	sample39|Earth	sample40|Earth	sample41|Earth	sample42|Earth	sample43|Earth	sample44|Earth	sample45|Earth	sample46|Earth	sample47|Earth	sample48|Earth	sample49|Earth
1	A	T	ORF	S	NULL	0	0	0	0	0	0	0	0	0	0	0	0	0	0	0	0	0	0	0	0	0	0	0	0	0	0	0	0	0	0	0	0	0	0	0	0	0	0	0	0	0	0	0	0	0	0	0	0	0	0	0	0	0	0
2	A	T	ORF	S	NULL	0	0	0	0	0	0	0	0	0	0	0	0	0	0	0	0	0	0	0	0	0	0	0	0	0	0	0	0	0	0	0	0	0	0	0	0	0	0	0	0	0	0	0	0	0	0	0	0	0	0	0	0	0	0
3	A	T	ORF	S	NULL	0	0	0	0	0	0	0	0	0	0	0	0	0	0	0	0	0	0	0	0	0	0	0	0	0	0	0	0	0	0	0	0	0	0	0	0	0	0	0	0	0	0	0	0	0	0	0	0	0	0	0	0	0	0
4	A	T	ORF	S	NULL	0	0	0	0	0	0	0	0	0	0	0	0	0	0	0	0	0	0	0	0	0	0	0	0	0	0	0	0	0	0	0	0	0	0	0	0	0	0	0	0	0	0	0	0	0	0	0	0	0	0	0	0	0	0
5	A	T	ORF	S	NULL	0	0	0	0	0	0	0	0	0	0	0	0	0	0	0	0	0	0	0	0	0	0	0	0	0	0	0	0	0	0	0	0	0	0	0	0	0	0	0	0	0	0	0	0	0	0	0	0	0	0	0	0	0	0
6	A	T	ORF	S	NULL	0	0	0	0	0	0	0	0	0	0	0	0	0	0	0	0	0	0	0	0	0	0	0	0	0	0	0	0	0	0	0	0	0	0	0	0	0	0	0	0	0	0	0	0	0	0	0	0	0	0	0	0	0	0
7	A	T	ORF	S	NULL	0	0	0	0	0	0	0	0	0	0	0	0	0	0	0	0	0	0	0	0	0	0	0	0	0	0	0	0	0	0	0	0	0	0	0	0	0	0	0	0	0	0	0	0	0	0	0	0	0	0	0	0	0	0
8	A	T	ORF	S	NULL	0	0	0	0	0	0	0	0	0	0	0	0	0	0	0	0	0	0	0	0	0	0	0	0	0	0	0	0	0	0	0	0	0	0	0	0	0	0	0	0	0	0	0	0	0	0	0	0	0	0	0	0	0	0
9	A	T	ORF	S	NULL	0	0	0	0	0.218083	0.795067	0.260356	0.000100001	0.103237	0.000100003	0.502034	0.0001	0.411451	0.000100001	0.000100001	0.0001	0.732239	0.0001	0.000100001	0.22425	0.688234	0.45903	0.452276	0.0194077	0.185	0.000100033	0.999968	0.396023	0.000100001	0.0001	0.144098	0.0001	0.000100336	0.411339	0.0601646	0.000100001	0.0621217	0.000100002	0.430239	0.000100001	0.345229	0.0001	0.000100002	0.431129	0.0339843	0.187	0.294091	0.0001	0.196349	0.999968	0.3711	0.000100003	0.0001	0.999968
10	A	T	ORF	S	NULL	0	0	0	0	0	0	0	0	0	0	0	0	0	0	0	0	0	0	0	0	0	0	0	0	0	0	0	0	0	0	0	0	0	0	0	0	0	0	0	0	0	0	0	0	0	0	0	0	0	0	0	0	0	0
11	A	T	ORF	S	NULL	0	0	0	0	0.000231545	0.20417	0.0505956	0.000100001	0.119469	0.315174	0.0511494	0.000305959	0.071685	0.27017	0.00013398	0.000136576	0.267398	0.000138235	0.0131355	0.182477	0.311404	0.00014387	0.000454408	0.134692	0.423198	0.175417	0.0001	0.276179	0.000134946	0.000135579	0.0001	0.0001	0.529461	0.323467	0.939485	0.00013449	0.616285	0.231164	0.123543	0.000100001	0.117542	0.0001	0.281171	0.0001	0.000146958	0.375191	0.000231342	0.000135621	0.103604	0.0001	0.000231136	0.382353	0.0001	0.0001
12	A	T	ORF	S	NULL	0	0	0	0	0	0	0	0	0	0	0	0	0	0	0	0	0	0	0	0	0	0	0	0	0	0	0	0	0	0	0	0	0	0	0	0	0	0	0	0	0	0	0	0	0	0	0	0	0	0	0	0	0	0
13	A	T	ORF	S	NULL	0	0	0	0	0	0	0	0	0	0	0	0	0	0	0	0	0	0	0	0	0	0	0	0	0	0	0	0	0	0	0	0	0	0	0	0	0	0	0	0	0	0	0	0	0	0	0	0	0	0	0	0	0	0
14	A	T	ORF	S	NULL	0	0	0	0	0	0	0	0	0	0	0	0	0	0	0	0	0	0	0	0	0	0	0	0	0	0	0	0	0	0	0	0	0	0	0	0	0	0	0	0	0	0	0	0	0	0	0	0	0	0	0	0	0	0
15	A	T	ORF	S	NULL	0	0	0	0	0	0	0	0	0	0	0	0	0	0	0	0	0	0	0	0	0	0	0	0	0	0	0	0	0	0	0	0	0	0	0	0	0	0	0	0	0	0	0	0	0	0	0	0	0	0	0	0	0	0
16	A	T	ORF	S	NULL	0	0	0	0	0	0	0	0	0	0	0	0	0	0	0	0	0	0	0	0	0	0	0	0	0	0	0	0	0	0	0	0	0	0	0	0	0	0	0	0	0	0	0	0	0	0	0	0	0	0	0	0	0	0
17	A	T	ORF	S	NULL	0	0	0	0	0	0	0	0	0	0	0	0	0	0	0	0	0	0	0	0	0	0	0	0	0	0	0	0	0	0	0	0	0	0	0	0	0	0	0	0	0	0	0	0	0	0	0	0	0	0	0	0	0	0
18	A	T	ORF	S	NULL	0	0	0	0	0	0	0	0	0	0	0	0	0	0	0	0	0	0	0	0	0	0	0	0	0	0	0	0	0	0	0	0	0	0	0	0	0	0	0	0	0	0	0	0	0	0	0	0	0	0	0	0	0	0
19	A	T	ORF	S	NULL	0	0	0	0	0	0	0	0	0	0	0	0	0	0	0	0	0	0	0	0	0	0	0	0	0	0	0	0	0	0	0	0	0	0	0	0	0	0	0	0	0	0	0	0	0	0	0	0	0	0	0	0	0	0
20	A	T	ORF	S	NULL	0	0	0	0	0	0	0	0	0	0	0	0	0	0	0	0	0	0	0	0	0	0	0	0	0	0	0	0	0	0	0	0	0	0	0	0	0	0	0	0	0	0	0	0	0	0	0	0	0	0	0	0	0	0
21	A	T	ORF	S	NULL	0	0	0	0	0	0	0	0	0	0	0	0	0	0	0	0	0	0	0	0	0	0	0	0	0	0	0	0	0	0	0	0	0	0	0	0	0	0	0	0	0	0	0	0	0	0	0	0	0	0	0	0	0	0
22	A	T	ORF	S	NULL	0	0	0	0	0.781265	0.000100494	0.097328	0.0001	0.1044	0.000100003	0.000100087	0.452279	0.454453	0.244116	0.0001	0.669164	0.000105375	0.999202	0.0001	0.0183902	0.000105351	0.000100008	0.167408	0.34744	0.00010004	0.823406	0.0001	0.00010001	0.0001	0.114101	0.0001	0.999981	0.297345	0.000180179	0.000105297	0.249115	0.0951777	0.0001	0.000241093	0.0001	0.0862502	0.999981	0.158106	0.0001	0.960201	0.000100046	0.705256	0.128103	0.436367	0.0001	0.628247	0.0242289	0.999981	0.0001
23	A	T	ORF	S	NULL	0	0	0	0	0	0	0	0	0	0	0	0	0	0	0	0	0	0	0	0	0	0	0	0	0	0	0	0	0	0	0	0	0	0	0	0	0	0	0	0	0	0	0	0	0	0	0	0	0	0	0	0	0	0
24	A	T	ORF	S	NULL	0	0	0	0	0	0	0	0	0	0	0	0	0	0	0	0	0	0	0	0	0	0	0	0	0	0	0	0	0	0	0	0	0	0	0	0	0	0	0	0	0	0	0	0	0	0	0	0	0	0	0	0	0	0
25	A	T	ORF	S	NULL	0	0	0	0	0	0	0	0	0	0	0	0	0	0	0	0	0	0	0	0	0	0	0	0	0	0	0	0	0	0	0	0	0	0	0	0	0	0	0	0	0	0	0	0	0	0	0	0	0	0	0	0	0	0
26	A	T	ORF	S	NULL	0	0	0	0	0.218314	0.999237	0.310951	0.000200002	0.222706	0.315274	0.553184	0.000405959	0.483136	0.27027	0.00023398	0.000236576	0.999637	0.000238235	0.0132355	0.406727	0.999638	0.459174	0.45273	0.1541	0.608198	0.175517	1.00007	0.672202	0.000234946	0.00023558	0.144198	0.0002	0.529561	0.734806	0.99965	0.000234491	0.678407	0.231264	0.553782	0.000200002	0.462772	0.0002	0.281271	0.431229	0.0341312	0.562191	0.294323	0.000235622	0.299952	1.00007	0.371331	0.382453	0.0002	1.00007
27	A	T	ORF	S	NULL	0	0	0	0	0	0	0	0	0	0	0	0	0	0	0	0	0	0	0	0	0	0	0	0	0	0	0	0	0	0	0	0	0	0	0	0	0	0	0	0	0	0	0	0	0	0	0	0	0	0	0	0	0	0
28	A	T	ORF	S	NULL	0	0	0	0	0	0	0	0	0	0	0	0	0	0	0	0	0	0	0	0	0	0	0	0	0	0	0	0	0	0	0	0	0	0	0	0	0	0	0	0	0	0	0	0	0	0	0	0	0	0	0	0	0	0
29	A	T	ORF	S	NULL	0	0	0	0	0	0	0	0	0	0	0	0	0	0	0	0	0	0	0	0	0	0	0	0	0	0	0	0	0	0	0	0	0	0	0	0	0	0	0	0	0	0	0	0	0	0	0	0	0	0	0	0	0	0
30	A	T	ORF	S	NULL	0	0	0	0	0	0	0	0	0	0	0	0	0	0	0	0	0	0	0	0	0	0	0	0	0	0	0	0	0	0	0	0	0	0	0	0	0	0	0	0	0	0	0	0	0	0	0	0	0	0	0	0	0	0
31	A	T	ORF	S	NULL	0	0	0	0	0	0	0	0	0	0	0	0	0	0	0	0	0	0	0	0	0	0	0	0	0	0	0	0	0	0	0	0	0	0	0	0	0	0	0	0	0	0	0	0	0	0	0	0	0	0	0	0	0	0
32	A	T	ORF	S	NULL	0	0	0	0	0	0	0	0	0	0	0	0	0	0	0	0	0	0	0	0	0	0	0	0	0	0	0	0	0	0	0	0	0	0	0	0	0	0	0	0	0	0	0	0	0	0	0	0	0	0	0	0	0	0
33	A	T	ORF	S	NULL	0	0	0	0	0	0	0	0	0	0	0	0	0	0	0	0	0	0	0	0	0	0	0	0	0	0	0	0	0	0	0	0	0	0	0	0	0	0	0	0	0	0	0	0	0	0	0	0	0	0	0	0	0	0
34	A	T	ORF	S	NULL	0	0	0	0	0.999579	0.999337	0.408279	0.000300002	0.327106	0.315374	0.553284	0.452685	0.937589	0.514386	0.000333981	0.669401	0.999743	0.999441	0.0133355	0.425118	0.999744	0.459274	0.620139	0.501539	0.608298	0.998923	1.00017	0.672302	0.000334947	0.114337	0.144298	1.00018	0.826906	0.734987	0.999755	0.24935	0.773584	0.231364	0.554023	0.000300002	0.549022	1.00018	0.439377	0.431329	0.994332	0.562291	0.999579	0.128338	0.736319	1.00017	0.999578	0.406682	1.00018	1.00017
35	A	T	ORF	S	NULL	0	0	0	0	0	0	0	0	0	0	0	0	0	0	0	0	0	0	0	0	0	0	0	0	0	0	0	0	0	0	0	0	0	0	0	0	0	0	0	0	0	0	0	0	0	0	0	0	0	0	0	0	0	0
36	A	T	ORF	S	NULL	0	0	0	0	0	0	0	0	0	0	0	0	0	0	0	0	0	0	0	0	0	0	0	0	0	0	0	0	0	0	0	0	0	0	0	0	0	0	0	0	0	0	0	0	0	0	0	0	0	0	0	0	0	0
37	A	T	ORF	S	NULL	0	0	0	0	0	0	0	0	0	0	0	0	0	0	0	0	0	0	0	0	0	0	0	0	0	0	0	0	0	0	0	0	0	0	0	0	0	0	0	0	0	0	0	0	0	0	0	0	0	0	0	0	0	0
38	A	T	ORF	S	NULL	0	0	0	0	0.000231545	0.20417	0.0505956	0.000100001	0.119469	0.315174	0.0511494	0.000305959	0.071685	0.27017	0.00013398	0.000136576	0.267398	0.000138235	0.0131355	0.182477	0.311404	0.00014387	0.000454408	0.134692	0.423198	0.175417	0.0001	0.276179	0.000134946	0.000135579	0.0001	0.0001	0.529461	0.323467	0.939485	0.00013449	0.616285	0.231164	0.123543	0.000100001	0.117542	0.0001	0.281171	0.0001	0.000146958	0.375191	0.000231342	0.000135621	0.103604	0.0001	0.000231136	0.382353	0.0001	0.0001
39	A	T	ORF	S	NULL	0	0	0	0	0	0	0	0	0	0	0	0	0	0	0	0	0	0	0	0	0	0	0	0	0	0	0	0	0	0	0	0	0	0	0	0	0	0	0	0	0	0	0	0	0	0	0	0	0	0	0	0	0	0
40	A	T	ORF	S	NULL	0	0	0	0	0	0	0	0	0	0	0	0	0	0	0	0	0	0	0	0	0	0	0	0	0	0	0	0	0	0	0	0	0	0	0	0	0	0	0	0	0	0	0	0	0	0	0	0	0	0	0	0	0	0
41	A	T	ORF	S	NULL	0	0	0	0	0.781265	0.000100494	0.097328	0.0001	0.1044	0.000100003	0.000100087	0.452279	0.454453	0.244116	0.0001	0.669164	0.000105375	0.999202	0.0001	0.0183902	0.000105351	0.000100008	0.167408	0.34744	0.00010004	0.823406	0.0001	0.00010001	0.0001	0.114101	0.0001	0.999981	0.297345	0.000180179	0.000105297	0.249115	0.0951777	0.0001	0.000241093	0.0001	0.0862502	0.999981	0.158106	0.0001	0.960201	0.000100046	0.705256	0.128103	0.436367	0.0001	0.628247	0.0242289	0.999981	0.0001
42	A	T	ORF	S	NULL	0	0	0	0	0.218284	0.795408	0.438315	0.000200001	0.650345	0.684517	0.948433	0.117776	0.440257	0.000423805	0.485489	0.330472	0.732346	0.000428299	0.317465	0.712351	0.68834	0.459366	0.678343	0.467266	0.211337	0.000627187	1.00007	0.396359	0.000421195	0.000422269	0.999727	0.0002	0.172649	0.675984	0.0602668	0.750528	0.26199	0.000421737	0.430668	1.0001	0.569689	0.0002	0.00042324	0.999722	0.0343213	0.624394	0.294293	0.000422362	0.336304	1.00007	0.371302	0.575838	0.0002	1.00007
43	A	T	ORF	S	NULL	0	0	0	0	0	0	0	0	0	0	0	0	0	0	0	0	0	0	0	0	0	0	0	0	0	0	0	0	0	0	0	0	0	0	0	0	0	0	0	0	0	0	0	0	0	0	0	0	0	0	0	0	0	0
44	A	T	ORF	S	NULL	0	0	0	0	0.218083	0.795067	0.260356	0.000100001	0.103237	0.000100003	0.502034	0.0001	0.411451	0.000100001	0.000100001	0.0001	0.732239	0.0001	0.000100001	0.22425	0.688234	0.45903	0.452276	0.0194077	0.185	0.000100033	0.999968	0.396023	0.000100001	0.0001	0.144098	0.0001	0.000100336	0.411339	0.0601646	0.000100001	0.0621217	0.000100002	0.430239	0.000100001	0.345229	0.0001	0.000100002	0.431129	0.0339843	0.187	0.294091	0.0001	0.196349	0.999968	0.3711	0.000100003	0.0001	0.999968
45	A	T	ORF	S	NULL	0	0	0	0	0	0	0	0	0	0	0	0	0	0	0	0	0	0	0	0	0	0	0	0	0	0	0	0	0	0	0	0	0	0	0	0	0	0	0	0	0	0	0	0	0	0	0	0	0	0	0	0	0	0
46	A	T	ORF	S	NULL	0	0	0	0	0	0	0	0	0	0	0	0	0	0	0	0	0	0	0	0	0	0	0	0	0	0	0	0	0	0	0	0	0	0	0	0	0	0	0	0	0	0	0	0	0	0	0	0	0	0	0	0	0	0
47	A	T	ORF	S	NULL	0	0	0	0	0	0	0	0	0	0	0	0	0	0	0	0	0	0	0	0	0	0	0	0	0	0	0	0	0	0	0	0	0	0	0	0	0	0	0	0	0	0	0	0	0	0	0	0	0	0	0	0	0	0
48	A	T	ORF	S	NULL	0	0	0	0	0	0	0	0	0	0	0	0	0	0	0	0	0	0	0	0	0	0	0	0	0	0	0	0	0	0	0	0	0	0	0	0	0	0	0	0	0	0	0	0	0	0	0	0	0	0	0	0	0	0
49	A	T	ORF	S	NULL	0	0	0	0	0	0	0	0	0	0	0	0	0	0	0	0	0	0	0	0	0	0	0	0	0	0	0	0	0	0	0	0	0	0	0	0	0	0	0	0	0	0	0	0	0	0	0	0	0	0	0	0	0	0
50	A	T	ORF	S	NULL	0	0	0	0	0	0	0	0	0	0	0	0	0	0	0	0	0	0	0	0	0	0	0	0	0	0	0	0	0	0	0	0	0	0	0	0	0	0	0	0	0	0	0	0	0	0	0	0	0	0	0	0	0	0
51	A	T	ORF	S	NULL	0	0	0	0	0	0	0	0	0	0	0	0	0	0	0	0	0	0	0	0	0	0	0	0	0	0	0	0	0	0	0	0	0	0	0	0	0	0	0	0	0	0	0	0	0	0	0	0	0	0	0	0	0	0
52	A	T	ORF	S	NULL	0	0	0	0	0	0	0	0	0	0	0	0	0	0	0	0	0	0	0	0	0	0	0	0	0	0	0	0	0	0	0	0	0	0	0	0	0	0	0	0	0	0	0	0	0	0	0	0	0	0	0	0	0	0
53	A	T	ORF	S	NULL	0	0	0	0	0	0	0	0	0	0	0	0	0	0	0	0	0	0	0	0	0	0	0	0	0	0	0	0	0	0	0	0	0	0	0	0	0	0	0	0	0	0	0	0	0	0	0	0	0	0	0	0	0	0
54	A	T	ORF	S	NULL	0	0	0	0	0	0	0	0	0	0	0	0	0	0	0	0	0	0	0	0	0	0	0	0	0	0	0	0	0	0	0	0	0	0	0	0	0	0	0	0	0	0	0	0	0	0	0	0	0	0	0	0	0	0
55	A	T	ORF	S	NULL	0	0	0	0	0	0	0	0	0	0	0	0	0	0	0	0	0	0	0	0	0	0	0	0	0	0	0	0	0	0	0	0	0	0	0	0	0	0	0	0	0	0	0	0	0	0	0	0	0	0	0	0	0	0
56	A	T	ORF	S	NULL	0	0	0	0	0	0	0	0	0	0	0	0	0	0	0	0	0	0	0	0	0	0	0	0	0	0	0	0	0	0	0	0	0	0	0	0	0	0	0	0	0	0	0	0	0	0	0	0	0	0	0	0	0	0
57	A	T	ORF	S	NULL	0	0	0	0	0	0	0	0	0	0	0	0	0	0	0	0	0	0	0	0	0	0	0	0	0	0	0	0	0	0	0	0	0	0	0	0	0	0	0	0	0	0	0	0	0	0	0	0	0	0	0	0	0	0
58	A	T	ORF	S	NULL	0	0	0	0	0	0	0	0	0	0	0	0	0	0	0	0	0	0	0	0	0	0	0	0	0	0	0	0	0	0	0	0	0	0	0	0	0	0	0	0	0	0	0	0	0	0	0	0	0	0	0	0	0	0
59	A	T	ORF	S	NULL	0	0	0	0	0	0	0	0	0	0	0	0	0	0	0	0	0	0	0	0	0	0	0	0	0	0	0	0	0	0	0	0	0	0	0	0	0	0	0	0	0	0	0	0	0	0	0	0	0	0	0	0	0	0
60	A	T	ORF	S	NULL	0	0	0	0	0	0	0	0	0	0	0	0	0	0	0	0	0	0	0	0	0	0	0	0	0	0	0	0	0	0	0	0	0	0	0	0	0	0	0	0	0	0	0	0	0	0	0	0	0	0	0	0	0	0
61	A	T	ORF	S	NULL	0	0	0	0	0	0	0	0	0	0	0	0	0	0	0	0	0	0	0	0	0	0	0	0	0	0	0	0	0	0	0	0	0	0	0	0	0	0	0	0	0	0	0	0	0	0	0	0	0	0	0	0	0	0
62	A	T	ORF	S	NULL	0	0	0	0	0	0	0	0	0	0	0	0	0	0	0	0	0	0	0	0	0	0	0	0	0	0	0	0	0	0	0	0	0	0	0	0	0	0	0	0	0	0	0	0	0	0	0	0	0	0	0	0	0	0
63	A	T	ORF	S	NULL	0	0	0	0	0.218083	0.795067	0.260356	0.000100001	0.103237	0.000100003	0.502034	0.0001	0.411451	0.000100001	0.000100001	0.0001	0.732239	0.0001	0.000100001	0.22425	0.688234	0.45903	0.452276	0.0194077	0.185	0.000100033	0.999968	0.396023	0.000100001	0.0001	0.144098	0.0001	0.000100336	0.411339	0.0601646	0.000100001	0.0621217	0.000100002	0.430239	0.000100001	0.345229	0.0001	0.000100002	0.431129	0.0339843	0.187	0.294091	0.0001	0.196349	0.999968	0.3711	0.000100003	0.0001	0.999968
64	A	T	ORF	S	NULL	0	0	0	0	0	0	0	0	0	0	0	0	0	0	0	0	0	0	0	0	0	0	0	0	0	0	0	0	0	0	0	0	0	0	0	0	0	0	0	0	0	0	0	0	0	0	0	0	0	0	0	0	0	0
65	A	T	ORF	S	NULL	0	0	0	0	0	0	0	0	0	0	0	0	0	0	0	0	0	0	0	0	0	0	0	0	0	0	0	0	0	0	0	0	0	0	0	0	0	0	0	0	0	0	0	0	0	0	0	0	0	0	0	0	0	0
66	A	T	ORF	S	NULL	0	0	0	0	0	0	0	0	0	0	0	0	0	0	0	0	0	0	0	0	0	0	0	0	0	0	0	0	0	0	0	0	0	0	0	0	0	0	0	0	0	0	0	0	0	0	0	0	0	0	0	0	0	0
67	A	T	ORF	S	NULL	0	0	0	0	0	0	0	0	0	0	0	0	0	0	0	0	0	0	0	0	0	0	0	0	0	0	0	0	0	0	0	0	0	0	0	0	0	0	0	0	0	0	0	0	0	0	0	0	0	0	0	0	0	0
68	A	T	ORF	S	NULL	0	0	0	0	0	0	0	0	0	0	0	0	0	0	0	0	0	0	0	0	0	0	0	0	0	0	0	0	0	0	0	0	0	0	0	0	0	0	0	0	0	0	0	0	0	0	0	0	0	0	0	0	0	0
69	A	T	ORF	S	NULL	0	0	0	0	0	0	0	0	0	0	0	0	0	0	0	0	0	0	0	0	0	0	0	0	0	0	0	0	0	0	0	0	0	0	0	0	0	0	0	0	0	0	0	0	0	0	0	0	0	0	0	0	0	0
70	A	T	ORF	S	NULL	0	0	0	0	0.781265	0.000100494	0.097328	0.0001	0.1044	0.000100003	0.000100087	0.452279	0.454453	0.244116	0.0001	0.669164	0.000105375	0.999202	0.0001	0.0183902	0.000105351	0.000100008	0.167408	0.34744	0.00010004	0.823406	0.0001	0.00010001	0.0001	0.114101	0.0001	0.999981	0.297345	0.000180179	0.000105297	0.249115	0.0951777	0.0001	0.000241093	0.0001	0.0862502	0.999981	0.158106	0.0001	0.960201	0.000100046	0.705256	0.128103	0.436367	0.0001	0.628247	0.0242289	0.999981	0.0001
71	A	T	ORF	S	NULL	0	0	0	0	0	0	0	0	0	0	0	0	0	0	0	0	0	0	0	0	0	0	0	0	0	0	0	0	0	0	0	0	0	0	0	0	0	0	0	0	0	0	0	0	0	0	0	0	0	0	0	0	0	0
72	A	T	ORF	S	NULL	0	0	0	0	0	0	0	0	0	0	0	0	0	0	0	0	0	0	0	0	0	0	0	0	0	0	0	0	0	0	0	0	0	0	0	0	0	0	0	0	0	0	0	0	0	0	0	0	0	0	0	0	0	0
73	A	T	ORF	S	NULL	0	0	0	0	0.000231545	0.20417	0.0505956	0.000100001	0.119469	0.315174	0.0511494	0.000305959	0.071685	0.27017	0.00013398	0.000136576	0.267398	0.000138235	0.0131355	0.182477	0.311404	0.00014387	0.000454408	0.134692	0.423198	0.175417	0.0001	0.276179	0.000134946	0.000135579	0.0001	0.0001	0.529461	0.323467	0.939485	0.00013449	0.616285	0.231164	0.123543	0.000100001	0.117542	0.0001	0.281171	0.0001	0.000146958	0.375191	0.000231342	0.000135621	0.103604	0.0001	0.000231136	0.382353	0.0001	0.0001
74	A	T	ORF	S	NULL	0	0	0	0	0	0	0	0	0	0	0	0	0	0	0	0	0	0	0	0	0	0	0	0	0	0	0	0	0	0	0	0	0	0	0	0	0	0	0	0	0	0	0	0	0	0	0	0	0	0	0	0	0	0
75	A	T	ORF	S	NULL	0	0	0	0	0.00021958	0.000328876	0.413762	0.999996	0.125787	0.000319804	0.000324875	0.429721	0.0336051	0.485388	0.514387	0.000325375	0.000152776	0.000328991	0.669408	0.0867822	0.000152583	0.540397	0.153794	0.0506025	0.365373	0.0005579	0.0001	0.327369	0.999453	0.885439	0.000199795	0.0001	0.000554352	0.000368757	0.000149822	0.000320793	0.0265475	0.768423	0.445548	0.0001	0.226519	0.0001	0.560397	0.000202809	0.00533095	0.000323552	0.000219551	0.871437	0.123726	0.0001	0.000219522	0.0176633	0.0001	0.0001
76	A	T	ORF	S	NULL	0	0	0	0	0	0	0	0	0	0	0	0	0	0	0	0	0	0	0	0	0	0	0	0	0	0	0	0	0	0	0	0	0	0	0	0	0	0	0	0	0	0	0	0	0	0	0	0	0	0	0	0	0	0
77	A	T	ORF	S	NULL	0	0	0	0	0	0	0	0	0	0	0	0	0	0	0	0	0	0	0	0	0	0	0	0	0	0	0	0	0	0	0	0	0	0	0	0	0	0	0	0	0	0	0	0	0	0	0	0	0	0	0	0	0	0
78	A	T	ORF	S	NULL	0	0	0	0	0.781265	0.000100494	0.097328	0.0001	0.1044	0.000100003	0.000100087	0.452279	0.454453	0.244116	0.0001	0.669164	0.000105375	0.999202	0.0001	0.0183902	0.000105351	0.000100008	0.167408	0.34744	0.00010004	0.823406	0.0001	0.00010001	0.0001	0.114101	0.0001	0.999981	0.297345	0.000180179	0.000105297	0.249115	0.0951777	0.0001	0.000241093	0.0001	0.0862502	0.999981	0.158106	0.0001	0.960201	0.000100046	0.705256	0.128103	0.436367	0.0001	0.628247	0.0242289	0.999981	0.0001
79	A	T	ORF	S	NULL	0	0	0	0	0	0	0	0	0	0	0	0	0	0	0	0	0	0	0	0	0	0	0	0	0	0	0	0	0	0	0	0	0	0	0	0	0	0	0	0	0	0	0	0	0	0	0	0	0	0	0	0	0	0
80	A	T	ORF	S	NULL	0	0	0	0	0.781265	0.000100494	0.097328	0.0001	0.1044	0.000100003	0.000100087	0.452279	0.454453	0.244116	0.0001	0.669164	0.000105375	0.999202	0.0001	0.0183902	0.000105351	0.000100008	0.167408	0.34744	0.00010004	0.823406	0.0001	0.00010001	0.0001	0.114101	0.0001	0.999981	0.297345	0.000180179	0.000105297	0.249115	0.0951777	0.0001	0.000241093	0.0001	0.0862502	0.999981	0.158106	0.0001	0.960201	0.000100046	0.705256	0.128103	0.436367	0.0001	0.628247	0.0242289	0.999981	0.0001
81	A	T	ORF	S	NULL	0	0	0	0	0.000201307	0.000341094	0.177959	0.000100001	0.547107	0.684417	0.446399	0.117676	0.0288056	0.000323804	0.485389	0.330372	0.000106733	0.000328299	0.317365	0.4881	0.000106284	0.000336078	0.226067	0.447858	0.0263371	0.000527154	0.0001	0.000335938	0.000321194	0.000322268	0.855629	0.0001	0.172548	0.264645	0.000102149	0.750428	0.199868	0.000321735	0.00042891	0.999998	0.22446	0.0001	0.000323238	0.568593	0.000337061	0.437394	0.000201812	0.000322362	0.139955	0.0001	0.000202324	0.575738	0.0001	0.0001
82	A	T	ORF	S	NULL	0	0	0	0	0	0	0	0	0	0	0	0	0	0	0	0	0	0	0	0	0	0	0	0	0	0	0	0	0	0	0	0	0	0	0	0	0	0	0	0	0	0	0	0	0	0	0	0	0	0	0	0	0	0
83	A	T	ORF	S	NULL	0	0	0	0	0	0	0	0	0	0	0	0	0	0	0	0	0	0	0	0	0	0	0	0	0	0	0	0	0	0	0	0	0	0	0	0	0	0	0	0	0	0	0	0	0	0	0	0	0	0	0	0	0	0
84	A	T	ORF	S	NULL	0	0	0	0	0.218083	0.795067	0.260356	0.000100001	0.103237	0.000100003	0.502034	0.0001	0.411451	0.000100001	0.000100001	0.0001	0.732239	0.0001	0.000100001	0.22425	0.688234	0.45903	0.452276	0.0194077	0.185	0.000100033	0.999968	0.396023	0.000100001	0.0001	0.144098	0.0001	0.000100336	0.411339	0.0601646	0.000100001	0.0621217	0.000100002	0.430239	0.000100001	0.345229	0.0001	0.000100002	0.431129	0.0339843	0.187	0.294091	0.0001	0.196349	0.999968	0.3711	0.000100003	0.0001	0.999968
85	A	T	ORF	S	NULL	0	0	0	0	0	0	0	0	0	0	0	0	0	0	0	0	0	0	0	0	0	0	0	0	0	0	0	0	0	0	0	0	0	0	0	0	0	0	0	0	0	0	0	0	0	0	0	0	0	0	0	0	0	0
86	A	T	ORF	S	NULL	0	0	0	0	0.00021958	0.000328876	0.413762	0.999996	0.125787	0.000319804	0.000324875	0.429721	0.0336051	0.485388	0.514387	0.000325375	0.000152776	0.000328991	0.669408	0.0867822	0.000152583	0.540397	0.153794	0.0506025	0.365373	0.0005579	0.0001	0.327369	0.999453	0.885439	0.000199795	0.0001	0.000554352	0.000368757	0.000149822	0.000320793	0.0265475	0.768423	0.445548	0.0001	0.226519	0.0001	0.560397	0.000202809	0.00533095	0.000323552	0.000219551	0.871437	0.123726	0.0001	0.000219522	0.0176633	0.0001	0.0001
87	A	T	ORF	S	NULL	0	0	0	0	0	0	0	0	0	0	0	0	0	0	0	0	0	0	0	0	0	0	0	0	0	0	0	0	0	0	0	0	0	0	0	0	0	0	0	0	0	0	0	0	0	0	0	0	0	0	0	0	0	0
88	A	T	ORF	S	NULL	0	0	0	0	0	0	0	0	0	0	0	0	0	0	0	0	0	0	0	0	0	0	0	0	0	0	0	0	0	0	0	0	0	0	0	0	0	0	0	0	0	0	0	0	0	0	0	0	0	0	0	0	0	0
89	A	T	ORF	S	NULL	0	0	0	0	0.000201307	0.000341094	0.177959	0.000100001	0.547107	0.684417	0.446399	0.117676	0.0288056	0.000323804	0.485389	0.330372	0.000106733	0.000328299	0.317365	0.4881	0.000106284	0.000336078	0.226067	0.447858	0.0263371	0.000527154	0.0001	0.000335938	0.000321194	0.000322268	0.855629	0.0001	0.172548	0.264645	0.000102149	0.750428	0.199868	0.000321735	0.00042891	0.999998	0.22446	0.0001	0.000323238	0.568593	0.000337061	0.437394	0.000201812	0.000322362	0.139955	0.0001	0.000202324	0.575738	0.0001	0.0001
90	A	T	ORF	S	NULL	0	0	0	0	0	0	0	0	0	0	0	0	0	0	0	0	0	0	0	0	0	0	0	0	0	0	0	0	0	0	0	0	0	0	0	0	0	0	0	0	0	0	0	0	0	0	0	0	0	0	0	0	0	0
91	A	T	ORF	S	NULL	0	0	0	0	0	0	0	0	0	0	0	0	0	0	0	0	0	0	0	0	0	0	0	0	0	0	0	0	0	0	0	0	0	0	0	0	0	0	0	0	0	0	0	0	0	0	0	0	0	0	0	0	0	0
92	A	T	ORF	S	NULL	0	0	0	0	0	0	0	0	0	0	0	0	0	0	0	0	0	0	0	0	0	0	0	0	0	0	0	0	0	0	0	0	0	0	0	0	0	0	0	0	0	0	0	0	0	0	0	0	0	0	0	0	0	0
93	A	T	ORF	S	NULL	0	0	0	0	0	0	0	0	0	0	0	0	0	0	0	0	0	0	0	0	0	0	0	0	0	0	0	0	0	0	0	0	0	0	0	0	0	0	0	0	0	0	0	0	0	0	0	0	0	0	0	0	0	0
94	A	T	ORF	S	NULL	0	0	0	0	0	0	0	0	0	0	0	0	0	0	0	0	0	0	0	0	0	0	0	0	0	0	0	0	0	0	0	0	0	0	0	0	0	0	0	0	0	0	0	0	0	0	0	0	0	0	0	0	0	0
95	A	T	ORF	S	NULL	0	0	0	0	0	0	0	0	0	0	0	0	0	0	0	0	0	0	0	0	0	0	0	0	0	0	0	0	0	0	0	0	0	0	0	0	0	0	0	0	0	0	0	0	0	0	0	0	0	0	0	0	0	0
96	A	T	ORF	S	NULL	0	0	0	0	0	0	0	0	0	0	0	0	0	0	0	0	0	0	0	0	0	0	0	0	0	0	0	0	0	0	0	0	0	0	0	0	0	0	0	0	0	0	0	0	0	0	0	0	0	0	0	0	0	0
97	A	T	ORF	S	NULL	0	0	0	0	0	0	0	0	0	0	0	0	0	0	0	0	0	0	0	0	0	0	0	0	0	0	0	0	0	0	0	0	0	0	0	0	0	0	0	0	0	0	0	0	0	0	0	0	0	0	0	0	0	0
98	A	T	ORF	S	NULL	0	0	0	0	0	0	0	0	0	0	0	0	0	0	0	0	0	0	0	0	0	0	0	0	0	0	0	0	0	0	0	0	0	0	0	0	0	0	0	0	0	0	0	0	0	0	0	0	0	0	0	0	0	0
99	A	T	ORF	S	NULL	0	0	0	0	0	0	0	0	0	0	0	0	0	0	0	0	0	0	0	0	0	0	0	0	0	0	0	0	0	0	0	0	0	0	0	0	0	0	0	0	0	0	0	0	0	0	0	0	0	0	0	0	0	0
100	A	T	ORF	S	NULL	0	0	0	0	0.00021958	0.000328876	0.413762	0.999996	0.125787	0.000319804	0.000324875	0.429721	0.0336051	0.485388	0.514387	0.000325375	0.000152776	0.000328991	0.669408	0.0867822	0.000152583	0.540397	0.153794	0.0506025	0.365373	0.0005579	0.0001	0.327369	0.999453	0.885439	0.000199795	0.0001	0.000554352	0.000368757	0.000149822	0.000320793	0.0265475	0.768423	0.445548	0.0001	0.226519	0.0001	0.560397	0.000202809	0.00533095	0.000323552	0.000219551	0.871437	0.123726	0.0001	0.000219522	0.0176633	0.0001	0.0001
