pos	ref	alt	gene	N/S	AA	nSRAsubclonal	nSRAclonal	nSRA	nConsensus	sample0|Earth	sample1|Earth	sample2|Earth	sample3|Earth	sample4|Earth	sample5|Earth	sample6|Earth	sample7|Earth	sample8|Earth	sample9|Earth	sample10|Earth	sample11|Earth	sample12|Earth	sample13|Earth	sample14|Earth	sample15|Earth	sample16|Earth	sample17|Earth	sample18|Earth	sample19|Earth	sample20|Earth	sample21|Earth	sample22|Earth	sample23|Earth	sample24|Earth	sample25|Earth	sample26|Earth	sample27|Earth	sample28|Earth	sample29|Earth	sample30|Earth	sample31|Earth	sample32|Earth	sample33|Earth	sample34|Earth	sample35|Earth	sample36|Earth	sample37|Earth	sample38|Earth	sample39|Earth	sample40|Earth	sample41|Earth	sample42|Earth	sample43|Earth	sample44|Earth	sample45|Earth	sample46|Earth	sample47|Earth	sample48|Earth	sample49|Earth
1	A	T	ORF	S	NULL	0	0	0	0	0	0	0	0	0	0	0	0	0	0	0	0	0	0	0	0	0	0	0	0	0	0	0	0	0	0	0	0	0	0	0	0	0	0	0	0	0	0	0	0	0	0	0	0	0	0	0	0	0	0
2	A	T	ORF	S	NULL	0	0	0	0	0	0	0	0	0	0	0	0	0	0	0	0	0	0	0	0	0	0	0	0	0	0	0	0	0	0	0	0	0	0	0	0	0	0	0	0	0	0	0	0	0	0	0	0	0	0	0	0	0	0
3	A	T	ORF	S	NULL	0	0	0	0	0	0	0	0	0	0	0	0	0	0	0	0	0	0	0	0	0	0	0	0	0	0	0	0	0	0	0	0	0	0	0	0	0	0	0	0	0	0	0	0	0	0	0	0	0	0	0	0	0	0
4	A	T	ORF	S	NULL	0	0	0	0	0	0	0	0	0	0	0	0	0	0	0	0	0	0	0	0	0	0	0	0	0	0	0	0	0	0	0	0	0	0	0	0	0	0	0	0	0	0	0	0	0	0	0	0	0	0	0	0	0	0
5	A	T	ORF	S	NULL	0	0	0	0	0	0	0	0	0	0	0	0	0	0	0	0	0	0	0	0	0	0	0	0	0	0	0	0	0	0	0	0	0	0	0	0	0	0	0	0	0	0	0	0	0	0	0	0	0	0	0	0	0	0
6	A	T	ORF	S	NULL	0	0	0	0	0	0	0	0	0	0	0	0	0	0	0	0	0	0	0	0	0	0	0	0	0	0	0	0	0	0	0	0	0	0	0	0	0	0	0	0	0	0	0	0	0	0	0	0	0	0	0	0	0	0
7	A	T	ORF	S	NULL	0	0	0	0	0	0	0	0	0	0	0	0	0	0	0	0	0	0	0	0	0	0	0	0	0	0	0	0	0	0	0	0	0	0	0	0	0	0	0	0	0	0	0	0	0	0	0	0	0	0	0	0	0	0
8	A	T	ORF	S	NULL	0	0	0	0	0	0	0	0	0	0	0	0	0	0	0	0	0	0	0	0	0	0	0	0	0	0	0	0	0	0	0	0	0	0	0	0	0	0	0	0	0	0	0	0	0	0	0	0	0	0	0	0	0	0
9	A	T	ORF	S	NULL	0	0	0	0	0.218069	0.795105	0.260352	0.0001	0.103244	0.000170788	0.502002	0.0001	0.411457	0.000197773	0.0001	0.0001	0.732303	0.0001	0.0001	0.224279	0.688315	0.459006	0.452241	0.0194293	0.185147	0.000162757	0.999822	0.396107	0.0001	0.0001	0.144035	0.0001	0.000283595	0.411425	0.0604953	0.0001	0.0623372	0.000182681	0.430265	0.0001	0.345244	0.0001	0.000201787	0.431072	0.0339817	0.187104	0.294072	0.0001	0.19637	0.999822	0.371075	0.000203018	0.0001	0.999822
10	A	T	ORF	S	NULL	0	0	0	0	0	0	0	0	0	0	0	0	0	0	0	0	0	0	0	0	0	0	0	0	0	0	0	0	0	0	0	0	0	0	0	0	0	0	0	0	0	0	0	0	0	0	0	0	0	0	0	0	0	0
11	A	T	ORF	S	NULL	0	0	0	0	0.00024358	0.204075	0.0505918	0.0001	0.119433	0.315004	0.0511713	0.000314369	0.0716634	0.269985	0.000152719	0.000154841	0.267253	0.000135919	0.0131396	0.182401	0.311224	0.000160794	0.000501572	0.134632	0.422918	0.175292	0.000180999	0.276012	0.000138589	0.00013861	0.000155104	0.000100028	0.529104	0.323285	0.938806	0.00017864	0.615879	0.231005	0.123486	0.000129055	0.1175	0.000100028	0.280979	0.000154731	0.000146416	0.374971	0.000248616	0.000138568	0.103555	0.000180999	0.000253715	0.382132	0.000100028	0.000180999
12	A	T	ORF	S	NULL	0	0	0	0	0	0	0	0	0	0	0	0	0	0	0	0	0	0	0	0	0	0	0	0	0	0	0	0	0	0	0	0	0	0	0	0	0	0	0	0	0	0	0	0	0	0	0	0	0	0	0	0	0	0
13	A	T	ORF	S	NULL	0	0	0	0	0	0	0	0	0	0	0	0	0	0	0	0	0	0	0	0	0	0	0	0	0	0	0	0	0	0	0	0	0	0	0	0	0	0	0	0	0	0	0	0	0	0	0	0	0	0	0	0	0	0
14	A	T	ORF	S	NULL	0	0	0	0	0	0	0	0	0	0	0	0	0	0	0	0	0	0	0	0	0	0	0	0	0	0	0	0	0	0	0	0	0	0	0	0	0	0	0	0	0	0	0	0	0	0	0	0	0	0	0	0	0	0
15	A	T	ORF	S	NULL	0	0	0	0	0	0	0	0	0	0	0	0	0	0	0	0	0	0	0	0	0	0	0	0	0	0	0	0	0	0	0	0	0	0	0	0	0	0	0	0	0	0	0	0	0	0	0	0	0	0	0	0	0	0
16	A	T	ORF	S	NULL	0	0	0	0	0	0	0	0	0	0	0	0	0	0	0	0	0	0	0	0	0	0	0	0	0	0	0	0	0	0	0	0	0	0	0	0	0	0	0	0	0	0	0	0	0	0	0	0	0	0	0	0	0	0
17	A	T	ORF	S	NULL	0	0	0	0	0	0	0	0	0	0	0	0	0	0	0	0	0	0	0	0	0	0	0	0	0	0	0	0	0	0	0	0	0	0	0	0	0	0	0	0	0	0	0	0	0	0	0	0	0	0	0	0	0	0
18	A	T	ORF	S	NULL	0	0	0	0	0	0	0	0	0	0	0	0	0	0	0	0	0	0	0	0	0	0	0	0	0	0	0	0	0	0	0	0	0	0	0	0	0	0	0	0	0	0	0	0	0	0	0	0	0	0	0	0	0	0
19	A	T	ORF	S	NULL	0	0	0	0	0	0	0	0	0	0	0	0	0	0	0	0	0	0	0	0	0	0	0	0	0	0	0	0	0	0	0	0	0	0	0	0	0	0	0	0	0	0	0	0	0	0	0	0	0	0	0	0	0	0
20	A	T	ORF	S	NULL	0	0	0	0	0	0	0	0	0	0	0	0	0	0	0	0	0	0	0	0	0	0	0	0	0	0	0	0	0	0	0	0	0	0	0	0	0	0	0	0	0	0	0	0	0	0	0	0	0	0	0	0	0	0
21	A	T	ORF	S	NULL	0	0	0	0	0	0	0	0	0	0	0	0	0	0	0	0	0	0	0	0	0	0	0	0	0	0	0	0	0	0	0	0	0	0	0	0	0	0	0	0	0	0	0	0	0	0	0	0	0	0	0	0	0	0
22	A	T	ORF	S	NULL	0	0	0	0	0.781273	0.000118814	0.0973333	0.0001	0.104407	0.000119575	0.000103317	0.452283	0.454466	0.244146	0.000100495	0.669165	0.000134651	0.999216	0.000101513	0.0184033	0.000139702	0.000101648	0.167408	0.347453	0.000144117	0.823433	0.000112931	0.000127685	0.000100418	0.114105	0.000104208	0.999989	0.297397	0.000212342	0.000212085	0.249101	0.0952372	0.000124721	0.000255331	0.00010082	0.0862612	0.999989	0.158137	0.000103479	0.960214	0.000130159	0.705262	0.128106	0.436382	0.000112931	0.628251	0.0242606	0.999989	0.000112931
23	A	T	ORF	S	NULL	0	0	0	0	0	0	0	0	0	0	0	0	0	0	0	0	0	0	0	0	0	0	0	0	0	0	0	0	0	0	0	0	0	0	0	0	0	0	0	0	0	0	0	0	0	0	0	0	0	0	0	0	0	0
24	A	T	ORF	S	NULL	0	0	0	0	0	0	0	0	0	0	0	0	0	0	0	0	0	0	0	0	0	0	0	0	0	0	0	0	0	0	0	0	0	0	0	0	0	0	0	0	0	0	0	0	0	0	0	0	0	0	0	0	0	0
25	A	T	ORF	S	NULL	0	0	0	0	0	0	0	0	0	0	0	0	0	0	0	0	0	0	0	0	0	0	0	0	0	0	0	0	0	0	0	0	0	0	0	0	0	0	0	0	0	0	0	0	0	0	0	0	0	0	0	0	0	0
26	A	T	ORF	S	NULL	0	0	0	0	0.218312	0.999181	0.310944	0.0002	0.222677	0.315175	0.553174	0.000414369	0.48312	0.270183	0.000252719	0.000254841	0.999556	0.000235919	0.0132396	0.40668	0.999539	0.459167	0.452743	0.154062	0.608066	0.175455	1	0.672119	0.000238589	0.00023861	0.14419	0.000200028	0.529387	0.73471	0.999301	0.00027864	0.678216	0.231188	0.553751	0.000229055	0.462744	0.000200028	0.281181	0.431227	0.0341281	0.562075	0.294321	0.000238568	0.299925	1	0.371329	0.382335	0.000200028	1
27	A	T	ORF	S	NULL	0	0	0	0	0	0	0	0	0	0	0	0	0	0	0	0	0	0	0	0	0	0	0	0	0	0	0	0	0	0	0	0	0	0	0	0	0	0	0	0	0	0	0	0	0	0	0	0	0	0	0	0	0	0
28	A	T	ORF	S	NULL	0	0	0	0	0	0	0	0	0	0	0	0	0	0	0	0	0	0	0	0	0	0	0	0	0	0	0	0	0	0	0	0	0	0	0	0	0	0	0	0	0	0	0	0	0	0	0	0	0	0	0	0	0	0
29	A	T	ORF	S	NULL	0	0	0	0	0	0	0	0	0	0	0	0	0	0	0	0	0	0	0	0	0	0	0	0	0	0	0	0	0	0	0	0	0	0	0	0	0	0	0	0	0	0	0	0	0	0	0	0	0	0	0	0	0	0
30	A	T	ORF	S	NULL	0	0	0	0	0	0	0	0	0	0	0	0	0	0	0	0	0	0	0	0	0	0	0	0	0	0	0	0	0	0	0	0	0	0	0	0	0	0	0	0	0	0	0	0	0	0	0	0	0	0	0	0	0	0
31	A	T	ORF	S	NULL	0	0	0	0	0	0	0	0	0	0	0	0	0	0	0	0	0	0	0	0	0	0	0	0	0	0	0	0	0	0	0	0	0	0	0	0	0	0	0	0	0	0	0	0	0	0	0	0	0	0	0	0	0	0
32	A	T	ORF	S	NULL	0	0	0	0	0	0	0	0	0	0	0	0	0	0	0	0	0	0	0	0	0	0	0	0	0	0	0	0	0	0	0	0	0	0	0	0	0	0	0	0	0	0	0	0	0	0	0	0	0	0	0	0	0	0
33	A	T	ORF	S	NULL	0	0	0	0	0	0	0	0	0	0	0	0	0	0	0	0	0	0	0	0	0	0	0	0	0	0	0	0	0	0	0	0	0	0	0	0	0	0	0	0	0	0	0	0	0	0	0	0	0	0	0	0	0	0
34	A	T	ORF	S	NULL	0	0	0	0	0.999585	0.999299	0.408277	0.0003	0.327084	0.315295	0.553277	0.452697	0.937587	0.514329	0.000353214	0.66942	0.99969	0.999452	0.0133411	0.425083	0.999679	0.459269	0.620151	0.501515	0.60821	0.998888	1.00012	0.672246	0.000339007	0.114343	0.144294	1.00019	0.826785	0.734922	0.999513	0.249379	0.773453	0.231313	0.554007	0.000329875	0.549005	1.00019	0.439317	0.43133	0.994342	0.562205	0.999582	0.128345	0.736306	1.00012	0.99958	0.406595	1.00019	1.00012
35	A	T	ORF	S	NULL	0	0	0	0	0	0	0	0	0	0	0	0	0	0	0	0	0	0	0	0	0	0	0	0	0	0	0	0	0	0	0	0	0	0	0	0	0	0	0	0	0	0	0	0	0	0	0	0	0	0	0	0	0	0
36	A	T	ORF	S	NULL	0	0	0	0	0	0	0	0	0	0	0	0	0	0	0	0	0	0	0	0	0	0	0	0	0	0	0	0	0	0	0	0	0	0	0	0	0	0	0	0	0	0	0	0	0	0	0	0	0	0	0	0	0	0
37	A	T	ORF	S	NULL	0	0	0	0	0	0	0	0	0	0	0	0	0	0	0	0	0	0	0	0	0	0	0	0	0	0	0	0	0	0	0	0	0	0	0	0	0	0	0	0	0	0	0	0	0	0	0	0	0	0	0	0	0	0
38	A	T	ORF	S	NULL	0	0	0	0	0.00024358	0.204075	0.0505918	0.0001	0.119433	0.315004	0.0511713	0.000314369	0.0716634	0.269985	0.000152719	0.000154841	0.267253	0.000135919	0.0131396	0.182401	0.311224	0.000160794	0.000501572	0.134632	0.422918	0.175292	0.000180999	0.276012	0.000138589	0.00013861	0.000155104	0.000100028	0.529104	0.323285	0.938806	0.00017864	0.615879	0.231005	0.123486	0.000129055	0.1175	0.000100028	0.280979	0.000154731	0.000146416	0.374971	0.000248616	0.000138568	0.103555	0.000180999	0.000253715	0.382132	0.000100028	0.000180999
39	A	T	ORF	S	NULL	0	0	0	0	0	0	0	0	0	0	0	0	0	0	0	0	0	0	0	0	0	0	0	0	0	0	0	0	0	0	0	0	0	0	0	0	0	0	0	0	0	0	0	0	0	0	0	0	0	0	0	0	0	0
40	A	T	ORF	S	NULL	0	0	0	0	0	0	0	0	0	0	0	0	0	0	0	0	0	0	0	0	0	0	0	0	0	0	0	0	0	0	0	0	0	0	0	0	0	0	0	0	0	0	0	0	0	0	0	0	0	0	0	0	0	0
41	A	T	ORF	S	NULL	0	0	0	0	0.781273	0.000118814	0.0973333	0.0001	0.104407	0.000119575	0.000103317	0.452283	0.454466	0.244146	0.000100495	0.669165	0.000134651	0.999216	0.000101513	0.0184033	0.000139702	0.000101648	0.167408	0.347453	0.000144117	0.823433	0.000112931	0.000127685	0.000100418	0.114105	0.000104208	0.999989	0.297397	0.000212342	0.000212085	0.249101	0.0952372	0.000124721	0.000255331	0.00010082	0.0862612	0.999989	0.158137	0.000103479	0.960214	0.000130159	0.705262	0.128106	0.436382	0.000112931	0.628251	0.0242606	0.999989	0.000112931
42	A	T	ORF	S	NULL	0	0	0	0	0.218266	0.795471	0.438313	0.0002	0.650366	0.684648	0.948392	0.117769	0.440264	0.000588648	0.485466	0.330452	0.732452	0.000422792	0.317459	0.712406	0.688476	0.459346	0.678291	0.467308	0.211574	0.000727471	0.999932	0.396499	0.000426411	0.000426239	0.999645	0.0002	0.172943	0.676124	0.06082	0.750489	0.262339	0.000564759	0.430712	1.00005	0.569717	0.0002	0.000595652	0.999643	0.0343138	0.624567	0.294271	0.000426183	0.336338	0.999932	0.371275	0.576018	0.0002	0.999932
43	A	T	ORF	S	NULL	0	0	0	0	0	0	0	0	0	0	0	0	0	0	0	0	0	0	0	0	0	0	0	0	0	0	0	0	0	0	0	0	0	0	0	0	0	0	0	0	0	0	0	0	0	0	0	0	0	0	0	0	0	0
44	A	T	ORF	S	NULL	0	0	0	0	0.218069	0.795105	0.260352	0.0001	0.103244	0.000170788	0.502002	0.0001	0.411457	0.000197773	0.0001	0.0001	0.732303	0.0001	0.0001	0.224279	0.688315	0.459006	0.452241	0.0194293	0.185147	0.000162757	0.999822	0.396107	0.0001	0.0001	0.144035	0.0001	0.000283595	0.411425	0.0604953	0.0001	0.0623372	0.000182681	0.430265	0.0001	0.345244	0.0001	0.000201787	0.431072	0.0339817	0.187104	0.294072	0.0001	0.19637	0.999822	0.371075	0.000203018	0.0001	0.999822
45	A	T	ORF	S	NULL	0	0	0	0	0	0	0	0	0	0	0	0	0	0	0	0	0	0	0	0	0	0	0	0	0	0	0	0	0	0	0	0	0	0	0	0	0	0	0	0	0	0	0	0	0	0	0	0	0	0	0	0	0	0
46	A	T	ORF	S	NULL	0	0	0	0	0	0	0	0	0	0	0	0	0	0	0	0	0	0	0	0	0	0	0	0	0	0	0	0	0	0	0	0	0	0	0	0	0	0	0	0	0	0	0	0	0	0	0	0	0	0	0	0	0	0
47	A	T	ORF	S	NULL	0	0	0	0	0	0	0	0	0	0	0	0	0	0	0	0	0	0	0	0	0	0	0	0	0	0	0	0	0	0	0	0	0	0	0	0	0	0	0	0	0	0	0	0	0	0	0	0	0	0	0	0	0	0
48	A	T	ORF	S	NULL	0	0	0	0	0	0	0	0	0	0	0	0	0	0	0	0	0	0	0	0	0	0	0	0	0	0	0	0	0	0	0	0	0	0	0	0	0	0	0	0	0	0	0	0	0	0	0	0	0	0	0	0	0	0
49	A	T	ORF	S	NULL	0	0	0	0	0	0	0	0	0	0	0	0	0	0	0	0	0	0	0	0	0	0	0	0	0	0	0	0	0	0	0	0	0	0	0	0	0	0	0	0	0	0	0	0	0	0	0	0	0	0	0	0	0	0
50	A	T	ORF	S	NULL	0	0	0	0	0	0	0	0	0	0	0	0	0	0	0	0	0	0	0	0	0	0	0	0	0	0	0	0	0	0	0	0	0	0	0	0	0	0	0	0	0	0	0	0	0	0	0	0	0	0	0	0	0	0
51	A	T	ORF	S	NULL	0	0	0	0	0	0	0	0	0	0	0	0	0	0	0	0	0	0	0	0	0	0	0	0	0	0	0	0	0	0	0	0	0	0	0	0	0	0	0	0	0	0	0	0	0	0	0	0	0	0	0	0	0	0
52	A	T	ORF	S	NULL	0	0	0	0	0	0	0	0	0	0	0	0	0	0	0	0	0	0	0	0	0	0	0	0	0	0	0	0	0	0	0	0	0	0	0	0	0	0	0	0	0	0	0	0	0	0	0	0	0	0	0	0	0	0
53	A	T	ORF	S	NULL	0	0	0	0	0	0	0	0	0	0	0	0	0	0	0	0	0	0	0	0	0	0	0	0	0	0	0	0	0	0	0	0	0	0	0	0	0	0	0	0	0	0	0	0	0	0	0	0	0	0	0	0	0	0
54	A	T	ORF	S	NULL	0	0	0	0	0	0	0	0	0	0	0	0	0	0	0	0	0	0	0	0	0	0	0	0	0	0	0	0	0	0	0	0	0	0	0	0	0	0	0	0	0	0	0	0	0	0	0	0	0	0	0	0	0	0
55	A	T	ORF	S	NULL	0	0	0	0	0	0	0	0	0	0	0	0	0	0	0	0	0	0	0	0	0	0	0	0	0	0	0	0	0	0	0	0	0	0	0	0	0	0	0	0	0	0	0	0	0	0	0	0	0	0	0	0	0	0
56	A	T	ORF	S	NULL	0	0	0	0	0	0	0	0	0	0	0	0	0	0	0	0	0	0	0	0	0	0	0	0	0	0	0	0	0	0	0	0	0	0	0	0	0	0	0	0	0	0	0	0	0	0	0	0	0	0	0	0	0	0
57	A	T	ORF	S	NULL	0	0	0	0	0	0	0	0	0	0	0	0	0	0	0	0	0	0	0	0	0	0	0	0	0	0	0	0	0	0	0	0	0	0	0	0	0	0	0	0	0	0	0	0	0	0	0	0	0	0	0	0	0	0
58	A	T	ORF	S	NULL	0	0	0	0	0	0	0	0	0	0	0	0	0	0	0	0	0	0	0	0	0	0	0	0	0	0	0	0	0	0	0	0	0	0	0	0	0	0	0	0	0	0	0	0	0	0	0	0	0	0	0	0	0	0
59	A	T	ORF	S	NULL	0	0	0	0	0	0	0	0	0	0	0	0	0	0	0	0	0	0	0	0	0	0	0	0	0	0	0	0	0	0	0	0	0	0	0	0	0	0	0	0	0	0	0	0	0	0	0	0	0	0	0	0	0	0
60	A	T	ORF	S	NULL	0	0	0	0	0	0	0	0	0	0	0	0	0	0	0	0	0	0	0	0	0	0	0	0	0	0	0	0	0	0	0	0	0	0	0	0	0	0	0	0	0	0	0	0	0	0	0	0	0	0	0	0	0	0
61	A	T	ORF	S	NULL	0	0	0	0	0	0	0	0	0	0	0	0	0	0	0	0	0	0	0	0	0	0	0	0	0	0	0	0	0	0	0	0	0	0	0	0	0	0	0	0	0	0	0	0	0	0	0	0	0	0	0	0	0	0
62	A	T	ORF	S	NULL	0	0	0	0	0	0	0	0	0	0	0	0	0	0	0	0	0	0	0	0	0	0	0	0	0	0	0	0	0	0	0	0	0	0	0	0	0	0	0	0	0	0	0	0	0	0	0	0	0	0	0	0	0	0
63	A	T	ORF	S	NULL	0	0	0	0	0.218069	0.795105	0.260352	0.0001	0.103244	0.000170788	0.502002	0.0001	0.411457	0.000197773	0.0001	0.0001	0.732303	0.0001	0.0001	0.224279	0.688315	0.459006	0.452241	0.0194293	0.185147	0.000162757	0.999822	0.396107	0.0001	0.0001	0.144035	0.0001	0.000283595	0.411425	0.0604953	0.0001	0.0623372	0.000182681	0.430265	0.0001	0.345244	0.0001	0.000201787	0.431072	0.0339817	0.187104	0.294072	0.0001	0.19637	0.999822	0.371075	0.000203018	0.0001	0.999822
64	A	T	ORF	S	NULL	0	0	0	0	0	0	0	0	0	0	0	0	0	0	0	0	0	0	0	0	0	0	0	0	0	0	0	0	0	0	0	0	0	0	0	0	0	0	0	0	0	0	0	0	0	0	0	0	0	0	0	0	0	0
65	A	T	ORF	S	NULL	0	0	0	0	0	0	0	0	0	0	0	0	0	0	0	0	0	0	0	0	0	0	0	0	0	0	0	0	0	0	0	0	0	0	0	0	0	0	0	0	0	0	0	0	0	0	0	0	0	0	0	0	0	0
66	A	T	ORF	S	NULL	0	0	0	0	0	0	0	0	0	0	0	0	0	0	0	0	0	0	0	0	0	0	0	0	0	0	0	0	0	0	0	0	0	0	0	0	0	0	0	0	0	0	0	0	0	0	0	0	0	0	0	0	0	0
67	A	T	ORF	S	NULL	0	0	0	0	0	0	0	0	0	0	0	0	0	0	0	0	0	0	0	0	0	0	0	0	0	0	0	0	0	0	0	0	0	0	0	0	0	0	0	0	0	0	0	0	0	0	0	0	0	0	0	0	0	0
68	A	T	ORF	S	NULL	0	0	0	0	0	0	0	0	0	0	0	0	0	0	0	0	0	0	0	0	0	0	0	0	0	0	0	0	0	0	0	0	0	0	0	0	0	0	0	0	0	0	0	0	0	0	0	0	0	0	0	0	0	0
69	A	T	ORF	S	NULL	0	0	0	0	0	0	0	0	0	0	0	0	0	0	0	0	0	0	0	0	0	0	0	0	0	0	0	0	0	0	0	0	0	0	0	0	0	0	0	0	0	0	0	0	0	0	0	0	0	0	0	0	0	0
70	A	T	ORF	S	NULL	0	0	0	0	0.781273	0.000118814	0.0973333	0.0001	0.104407	0.000119575	0.000103317	0.452283	0.454466	0.244146	0.000100495	0.669165	0.000134651	0.999216	0.000101513	0.0184033	0.000139702	0.000101648	0.167408	0.347453	0.000144117	0.823433	0.000112931	0.000127685	0.000100418	0.114105	0.000104208	0.999989	0.297397	0.000212342	0.000212085	0.249101	0.0952372	0.000124721	0.000255331	0.00010082	0.0862612	0.999989	0.158137	0.000103479	0.960214	0.000130159	0.705262	0.128106	0.436382	0.000112931	0.628251	0.0242606	0.999989	0.000112931
71	A	T	ORF	S	NULL	0	0	0	0	0	0	0	0	0	0	0	0	0	0	0	0	0	0	0	0	0	0	0	0	0	0	0	0	0	0	0	0	0	0	0	0	0	0	0	0	0	0	0	0	0	0	0	0	0	0	0	0	0	0
72	A	T	ORF	S	NULL	0	0	0	0	0	0	0	0	0	0	0	0	0	0	0	0	0	0	0	0	0	0	0	0	0	0	0	0	0	0	0	0	0	0	0	0	0	0	0	0	0	0	0	0	0	0	0	0	0	0	0	0	0	0
73	A	T	ORF	S	NULL	0	0	0	0	0.00024358	0.204075	0.0505918	0.0001	0.119433	0.315004	0.0511713	0.000314369	0.0716634	0.269985	0.000152719	0.000154841	0.267253	0.000135919	0.0131396	0.182401	0.311224	0.000160794	0.000501572	0.134632	0.422918	0.175292	0.000180999	0.276012	0.000138589	0.00013861	0.000155104	0.000100028	0.529104	0.323285	0.938806	0.00017864	0.615879	0.231005	0.123486	0.000129055	0.1175	0.000100028	0.280979	0.000154731	0.000146416	0.374971	0.000248616	0.000138568	0.103555	0.000180999	0.000253715	0.382132	0.000100028	0.000180999
74	A	T	ORF	S	NULL	0	0	0	0	0	0	0	0	0	0	0	0	0	0	0	0	0	0	0	0	0	0	0	0	0	0	0	0	0	0	0	0	0	0	0	0	0	0	0	0	0	0	0	0	0	0	0	0	0	0	0	0	0	0
75	A	T	ORF	S	NULL	0	0	0	0	0.000217743	0.000338466	0.413762	0.999985	0.125794	0.000331023	0.000337698	0.429715	0.0336064	0.485377	0.514387	0.000325768	0.000162928	0.000323442	0.669406	0.0867899	0.000162961	0.540396	0.1538	0.0506063	0.365366	0.000555293	0.000111904	0.327365	0.999442	0.885429	0.000214483	0.0001	0.000561233	0.000379199	0.000163443	0.000328861	0.0265452	0.76841	0.445546	0.000102511	0.226522	0.0001	0.560386	0.000216418	0.0053258	0.00033456	0.000218982	0.871427	0.123725	0.000111904	0.000220237	0.0176691	0.0001	0.000111904
76	A	T	ORF	S	NULL	0	0	0	0	0	0	0	0	0	0	0	0	0	0	0	0	0	0	0	0	0	0	0	0	0	0	0	0	0	0	0	0	0	0	0	0	0	0	0	0	0	0	0	0	0	0	0	0	0	0	0	0	0	0
77	A	T	ORF	S	NULL	0	0	0	0	0	0	0	0	0	0	0	0	0	0	0	0	0	0	0	0	0	0	0	0	0	0	0	0	0	0	0	0	0	0	0	0	0	0	0	0	0	0	0	0	0	0	0	0	0	0	0	0	0	0
78	A	T	ORF	S	NULL	0	0	0	0	0.781273	0.000118814	0.0973333	0.0001	0.104407	0.000119575	0.000103317	0.452283	0.454466	0.244146	0.000100495	0.669165	0.000134651	0.999216	0.000101513	0.0184033	0.000139702	0.000101648	0.167408	0.347453	0.000144117	0.823433	0.000112931	0.000127685	0.000100418	0.114105	0.000104208	0.999989	0.297397	0.000212342	0.000212085	0.249101	0.0952372	0.000124721	0.000255331	0.00010082	0.0862612	0.999989	0.158137	0.000103479	0.960214	0.000130159	0.705262	0.128106	0.436382	0.000112931	0.628251	0.0242606	0.999989	0.000112931
79	A	T	ORF	S	NULL	0	0	0	0	0	0	0	0	0	0	0	0	0	0	0	0	0	0	0	0	0	0	0	0	0	0	0	0	0	0	0	0	0	0	0	0	0	0	0	0	0	0	0	0	0	0	0	0	0	0	0	0	0	0
80	A	T	ORF	S	NULL	0	0	0	0	0.781273	0.000118814	0.0973333	0.0001	0.104407	0.000119575	0.000103317	0.452283	0.454466	0.244146	0.000100495	0.669165	0.000134651	0.999216	0.000101513	0.0184033	0.000139702	0.000101648	0.167408	0.347453	0.000144117	0.823433	0.000112931	0.000127685	0.000100418	0.114105	0.000104208	0.999989	0.297397	0.000212342	0.000212085	0.249101	0.0952372	0.000124721	0.000255331	0.00010082	0.0862612	0.999989	0.158137	0.000103479	0.960214	0.000130159	0.705262	0.128106	0.436382	0.000112931	0.628251	0.0242606	0.999989	0.000112931
81	A	T	ORF	S	NULL	0	0	0	0	0.000197787	0.000365761	0.177961	0.0001	0.547122	0.684478	0.446389	0.117669	0.0288067	0.000390875	0.485366	0.330352	0.000149721	0.000322792	0.317359	0.488127	0.00016111	0.000339821	0.22605	0.447879	0.0264272	0.000564714	0.000110787	0.000392052	0.000326411	0.000326239	0.85561	0.0001	0.172659	0.264699	0.000324664	0.750389	0.200001	0.000382078	0.000447204	0.999949	0.224473	0.0001	0.000393866	0.568571	0.000332069	0.437464	0.000198867	0.000326183	0.139968	0.000110787	0.00019996	0.575815	0.0001	0.000110787
82	A	T	ORF	S	NULL	0	0	0	0	0	0	0	0	0	0	0	0	0	0	0	0	0	0	0	0	0	0	0	0	0	0	0	0	0	0	0	0	0	0	0	0	0	0	0	0	0	0	0	0	0	0	0	0	0	0	0	0	0	0
83	A	T	ORF	S	NULL	0	0	0	0	0	0	0	0	0	0	0	0	0	0	0	0	0	0	0	0	0	0	0	0	0	0	0	0	0	0	0	0	0	0	0	0	0	0	0	0	0	0	0	0	0	0	0	0	0	0	0	0	0	0
84	A	T	ORF	S	NULL	0	0	0	0	0.218069	0.795105	0.260352	0.0001	0.103244	0.000170788	0.502002	0.0001	0.411457	0.000197773	0.0001	0.0001	0.732303	0.0001	0.0001	0.224279	0.688315	0.459006	0.452241	0.0194293	0.185147	0.000162757	0.999822	0.396107	0.0001	0.0001	0.144035	0.0001	0.000283595	0.411425	0.0604953	0.0001	0.0623372	0.000182681	0.430265	0.0001	0.345244	0.0001	0.000201787	0.431072	0.0339817	0.187104	0.294072	0.0001	0.19637	0.999822	0.371075	0.000203018	0.0001	0.999822
85	A	T	ORF	S	NULL	0	0	0	0	0	0	0	0	0	0	0	0	0	0	0	0	0	0	0	0	0	0	0	0	0	0	0	0	0	0	0	0	0	0	0	0	0	0	0	0	0	0	0	0	0	0	0	0	0	0	0	0	0	0
86	A	T	ORF	S	NULL	0	0	0	0	0.000217743	0.000338466	0.413762	0.999985	0.125794	0.000331023	0.000337698	0.429715	0.0336064	0.485377	0.514387	0.000325768	0.000162928	0.000323442	0.669406	0.0867899	0.000162961	0.540396	0.1538	0.0506063	0.365366	0.000555293	0.000111904	0.327365	0.999442	0.885429	0.000214483	0.0001	0.000561233	0.000379199	0.000163443	0.000328861	0.0265452	0.76841	0.445546	0.000102511	0.226522	0.0001	0.560386	0.000216418	0.0053258	0.00033456	0.000218982	0.871427	0.123725	0.000111904	0.000220237	0.0176691	0.0001	0.000111904
87	A	T	ORF	S	NULL	0	0	0	0	0	0	0	0	0	0	0	0	0	0	0	0	0	0	0	0	0	0	0	0	0	0	0	0	0	0	0	0	0	0	0	0	0	0	0	0	0	0	0	0	0	0	0	0	0	0	0	0	0	0
88	A	T	ORF	S	NULL	0	0	0	0	0	0	0	0	0	0	0	0	0	0	0	0	0	0	0	0	0	0	0	0	0	0	0	0	0	0	0	0	0	0	0	0	0	0	0	0	0	0	0	0	0	0	0	0	0	0	0	0	0	0
89	A	T	ORF	S	NULL	0	0	0	0	0.000197787	0.000365761	0.177961	0.0001	0.547122	0.684478	0.446389	0.117669	0.0288067	0.000390875	0.485366	0.330352	0.000149721	0.000322792	0.317359	0.488127	0.00016111	0.000339821	0.22605	0.447879	0.0264272	0.000564714	0.000110787	0.000392052	0.000326411	0.000326239	0.85561	0.0001	0.172659	0.264699	0.000324664	0.750389	0.200001	0.000382078	0.000447204	0.999949	0.224473	0.0001	0.000393866	0.568571	0.000332069	0.437464	0.000198867	0.000326183	0.139968	0.000110787	0.00019996	0.575815	0.0001	0.000110787
90	A	T	ORF	S	NULL	0	0	0	0	0	0	0	0	0	0	0	0	0	0	0	0	0	0	0	0	0	0	0	0	0	0	0	0	0	0	0	0	0	0	0	0	0	0	0	0	0	0	0	0	0	0	0	0	0	0	0	0	0	0
91	A	T	ORF	S	NULL	0	0	0	0	0	0	0	0	0	0	0	0	0	0	0	0	0	0	0	0	0	0	0	0	0	0	0	0	0	0	0	0	0	0	0	0	0	0	0	0	0	0	0	0	0	0	0	0	0	0	0	0	0	0
92	A	T	ORF	S	NULL	0	0	0	0	0	0	0	0	0	0	0	0	0	0	0	0	0	0	0	0	0	0	0	0	0	0	0	0	0	0	0	0	0	0	0	0	0	0	0	0	0	0	0	0	0	0	0	0	0	0	0	0	0	0
93	A	T	ORF	S	NULL	0	0	0	0	0	0	0	0	0	0	0	0	0	0	0	0	0	0	0	0	0	0	0	0	0	0	0	0	0	0	0	0	0	0	0	0	0	0	0	0	0	0	0	0	0	0	0	0	0	0	0	0	0	0
94	A	T	ORF	S	NULL	0	0	0	0	0	0	0	0	0	0	0	0	0	0	0	0	0	0	0	0	0	0	0	0	0	0	0	0	0	0	0	0	0	0	0	0	0	0	0	0	0	0	0	0	0	0	0	0	0	0	0	0	0	0
95	A	T	ORF	S	NULL	0	0	0	0	0	0	0	0	0	0	0	0	0	0	0	0	0	0	0	0	0	0	0	0	0	0	0	0	0	0	0	0	0	0	0	0	0	0	0	0	0	0	0	0	0	0	0	0	0	0	0	0	0	0
96	A	T	ORF	S	NULL	0	0	0	0	0	0	0	0	0	0	0	0	0	0	0	0	0	0	0	0	0	0	0	0	0	0	0	0	0	0	0	0	0	0	0	0	0	0	0	0	0	0	0	0	0	0	0	0	0	0	0	0	0	0
97	A	T	ORF	S	NULL	0	0	0	0	0	0	0	0	0	0	0	0	0	0	0	0	0	0	0	0	0	0	0	0	0	0	0	0	0	0	0	0	0	0	0	0	0	0	0	0	0	0	0	0	0	0	0	0	0	0	0	0	0	0
98	A	T	ORF	S	NULL	0	0	0	0	0	0	0	0	0	0	0	0	0	0	0	0	0	0	0	0	0	0	0	0	0	0	0	0	0	0	0	0	0	0	0	0	0	0	0	0	0	0	0	0	0	0	0	0	0	0	0	0	0	0
99	A	T	ORF	S	NULL	0	0	0	0	0	0	0	0	0	0	0	0	0	0	0	0	0	0	0	0	0	0	0	0	0	0	0	0	0	0	0	0	0	0	0	0	0	0	0	0	0	0	0	0	0	0	0	0	0	0	0	0	0	0
100	A	T	ORF	S	NULL	0	0	0	0	0.000217743	0.000338466	0.413762	0.999985	0.125794	0.000331023	0.000337698	0.429715	0.0336064	0.485377	0.514387	0.000325768	0.000162928	0.000323442	0.669406	0.0867899	0.000162961	0.540396	0.1538	0.0506063	0.365366	0.000555293	0.000111904	0.327365	0.999442	0.885429	0.000214483	0.0001	0.000561233	0.000379199	0.000163443	0.000328861	0.0265452	0.76841	0.445546	0.000102511	0.226522	0.0001	0.560386	0.000216418	0.0053258	0.00033456	0.000218982	0.871427	0.123725	0.000111904	0.000220237	0.0176691	0.0001	0.000111904
