pos	ref	alt	gene	N/S	AA	nSRAsubclonal	nSRAclonal	nSRA	nConsensus	sample0|Earth	sample1|Earth	sample2|Earth	sample3|Earth	sample4|Earth	sample5|Earth	sample6|Earth	sample7|Earth	sample8|Earth	sample9|Earth	sample10|Earth	sample11|Earth	sample12|Earth	sample13|Earth	sample14|Earth	sample15|Earth	sample16|Earth	sample17|Earth	sample18|Earth	sample19|Earth	sample20|Earth	sample21|Earth	sample22|Earth	sample23|Earth	sample24|Earth	sample25|Earth	sample26|Earth	sample27|Earth	sample28|Earth	sample29|Earth	sample30|Earth	sample31|Earth	sample32|Earth	sample33|Earth	sample34|Earth	sample35|Earth	sample36|Earth	sample37|Earth	sample38|Earth	sample39|Earth	sample40|Earth	sample41|Earth	sample42|Earth	sample43|Earth	sample44|Earth	sample45|Earth	sample46|Earth	sample47|Earth	sample48|Earth	sample49|Earth
1	A	T	ORF	S	NULL	0	0	0	0	0.16739	0.298935	0.0001	0.0001	0.0001	0.445952	0.0001	0.0001	0.0001	0.0001	0.336939	0.555965	0.0001	0.0001	0.0001	0.0001	0.0001	0.0001	0.999989	0.882003	0.728985	0.0001	0.0169242	0.448952	0.0649076	0.999989	0.0001	0.0001	0.0001	0.0449052	0.0001	0.00240913	0.0001	0.0001	0.999989	0.0001	0.184922	0.0001	0.742987	0.0839098	0.0001	0.0001	0.0001	0.0001	0.317591	0.0001	0.0001	0.0001	0.380944	0.0001
2	A	T	ORF	S	NULL	0	0	0	0	0.0459173	0.0919103	0.199277	0.0001	0.0001	0.0944907	0.0001	0.0155273	0.424947	0.0662457	0.0359302	0.141916	0.167334	0.186123	0.162918	0.0001	0.0001	0.0001	0.0001	0.0001	0.0001	0.063561	0.0001	0.0001	0.0001	0.0001	0.0001	0.0001	0.0001	0.00142311	0.0001	0.0678433	0.0244296	0.0153753	0.0001	0.022821	0.0001	0.364941	0.0001	0.0001	0.061363	0.435526	0.999914	0.0001	0.0268593	0.0001	0.0001	0.0001	0.0001	0.0001
3	A	T	ORF	S	NULL	0	0	0	0	0	0	0	0	0	0	0	0	0	0	0	0	0	0	0	0	0	0	0	0	0	0	0	0	0	0	0	0	0	0	0	0	0	0	0	0	0	0	0	0	0	0	0	0	0	0	0	0	0	0
4	A	T	ORF	S	NULL	0	0	0	0	0	0	0	0	0	0	0	0	0	0	0	0	0	0	0	0	0	0	0	0	0	0	0	0	0	0	0	0	0	0	0	0	0	0	0	0	0	0	0	0	0	0	0	0	0	0	0	0	0	0
5	A	T	ORF	S	NULL	0	0	0	0	0	0	0	0	0	0	0	0	0	0	0	0	0	0	0	0	0	0	0	0	0	0	0	0	0	0	0	0	0	0	0	0	0	0	0	0	0	0	0	0	0	0	0	0	0	0	0	0	0	0
6	A	T	ORF	S	NULL	0	0	0	0	0.0459173	0.0919103	0.199277	0.0001	0.0001	0.0944907	0.0001	0.0155273	0.424947	0.0662457	0.0359302	0.141916	0.167334	0.186123	0.162918	0.0001	0.0001	0.0001	0.0001	0.0001	0.0001	0.063561	0.0001	0.0001	0.0001	0.0001	0.0001	0.0001	0.0001	0.00142311	0.0001	0.0678433	0.0244296	0.0153753	0.0001	0.022821	0.0001	0.364941	0.0001	0.0001	0.061363	0.435526	0.999914	0.0001	0.0268593	0.0001	0.0001	0.0001	0.0001	0.0001
7	A	T	ORF	S	NULL	0	0	0	0	0	0	0	0	0	0	0	0	0	0	0	0	0	0	0	0	0	0	0	0	0	0	0	0	0	0	0	0	0	0	0	0	0	0	0	0	0	0	0	0	0	0	0	0	0	0	0	0	0	0
8	A	T	ORF	S	NULL	0	0	0	0	0	0	0	0	0	0	0	0	0	0	0	0	0	0	0	0	0	0	0	0	0	0	0	0	0	0	0	0	0	0	0	0	0	0	0	0	0	0	0	0	0	0	0	0	0	0	0	0	0	0
9	A	T	ORF	S	NULL	0	0	0	0	0.498266	0.0001	0.387226	0.0832023	0.736294	0.0455894	0.298361	0.111879	0.0001	0.341963	0.269407	0.0001	0.0618753	0.0405541	0.0001	0.0001	0.0001	0.0001	0.0001	0.0001	0.0001	0.455257	0.146335	0.270927	0.0001	0.0001	0.84377	0.0001	0.0001	0.0104674	0.0001	0.580899	0.175118	0.984625	0.0001	0.549892	0.0001	0.0001	0.0001	0.0001	0.431364	0.264385	0.0001	0.0001	0.184139	0.0001	0.0001	0.0001	0.0001	0.461918
10	A	T	ORF	S	NULL	0	0	0	0	0	0	0	0	0	0	0	0	0	0	0	0	0	0	0	0	0	0	0	0	0	0	0	0	0	0	0	0	0	0	0	0	0	0	0	0	0	0	0	0	0	0	0	0	0	0	0	0	0	0
11	A	T	ORF	S	NULL	0	0	0	0	0.0001	0.0001	0.0001	0.00589211	0.0227594	0.00528881	0.0158849	0.865274	0.229918	0.0230952	0.176895	0.0001	0.0867614	0.0001	0.539943	0.0001	0.49894	0.0001	0.0001	0.0001	0.0001	0.0849836	0.103199	0.0194169	0.145912	0.0001	0.0516225	0.0001	0.0001	0.0001	0.0001	0.0001	0.326073	0.0001	0.0001	0.369331	0.444936	0.516941	0.0001	0.0001	0.0001	0.0001	0.0001	0.0001	0.0001	0.0001	0.0001	0.0001	0.0001	0.0208546
12	A	T	ORF	S	NULL	0	0	0	0	0	0	0	0	0	0	0	0	0	0	0	0	0	0	0	0	0	0	0	0	0	0	0	0	0	0	0	0	0	0	0	0	0	0	0	0	0	0	0	0	0	0	0	0	0	0	0	0	0	0
13	A	T	ORF	S	NULL	0	0	0	0	0	0	0	0	0	0	0	0	0	0	0	0	0	0	0	0	0	0	0	0	0	0	0	0	0	0	0	0	0	0	0	0	0	0	0	0	0	0	0	0	0	0	0	0	0	0	0	0	0	0
14	A	T	ORF	S	NULL	0	0	0	0	0	0	0	0	0	0	0	0	0	0	0	0	0	0	0	0	0	0	0	0	0	0	0	0	0	0	0	0	0	0	0	0	0	0	0	0	0	0	0	0	0	0	0	0	0	0	0	0	0	0
15	A	T	ORF	S	NULL	0	0	0	0	0	0	0	0	0	0	0	0	0	0	0	0	0	0	0	0	0	0	0	0	0	0	0	0	0	0	0	0	0	0	0	0	0	0	0	0	0	0	0	0	0	0	0	0	0	0	0	0	0	0
16	A	T	ORF	S	NULL	0	0	0	0	0	0	0	0	0	0	0	0	0	0	0	0	0	0	0	0	0	0	0	0	0	0	0	0	0	0	0	0	0	0	0	0	0	0	0	0	0	0	0	0	0	0	0	0	0	0	0	0	0	0
17	A	T	ORF	S	NULL	0	0	0	0	0.0459173	0.0919103	0.199277	0.0001	0.0001	0.0944907	0.0001	0.0155273	0.424947	0.0662457	0.0359302	0.141916	0.167334	0.186123	0.162918	0.0001	0.0001	0.0001	0.0001	0.0001	0.0001	0.063561	0.0001	0.0001	0.0001	0.0001	0.0001	0.0001	0.0001	0.00142311	0.0001	0.0678433	0.0244296	0.0153753	0.0001	0.022821	0.0001	0.364941	0.0001	0.0001	0.061363	0.435526	0.999914	0.0001	0.0268593	0.0001	0.0001	0.0001	0.0001	0.0001
18	A	T	ORF	S	NULL	0	0	0	0	0	0	0	0	0	0	0	0	0	0	0	0	0	0	0	0	0	0	0	0	0	0	0	0	0	0	0	0	0	0	0	0	0	0	0	0	0	0	0	0	0	0	0	0	0	0	0	0	0	0
19	A	T	ORF	S	NULL	0	0	0	0	0	0	0	0	0	0	0	0	0	0	0	0	0	0	0	0	0	0	0	0	0	0	0	0	0	0	0	0	0	0	0	0	0	0	0	0	0	0	0	0	0	0	0	0	0	0	0	0	0	0
20	A	T	ORF	S	NULL	0	0	0	0	0	0	0	0	0	0	0	0	0	0	0	0	0	0	0	0	0	0	0	0	0	0	0	0	0	0	0	0	0	0	0	0	0	0	0	0	0	0	0	0	0	0	0	0	0	0	0	0	0	0
21	A	T	ORF	S	NULL	0	0	0	0	0	0	0	0	0	0	0	0	0	0	0	0	0	0	0	0	0	0	0	0	0	0	0	0	0	0	0	0	0	0	0	0	0	0	0	0	0	0	0	0	0	0	0	0	0	0	0	0	0	0
22	A	T	ORF	S	NULL	0	0	0	0	0	0	0	0	0	0	0	0	0	0	0	0	0	0	0	0	0	0	0	0	0	0	0	0	0	0	0	0	0	0	0	0	0	0	0	0	0	0	0	0	0	0	0	0	0	0	0	0	0	0
23	A	T	ORF	S	NULL	0	0	0	0	0	0	0	0	0	0	0	0	0	0	0	0	0	0	0	0	0	0	0	0	0	0	0	0	0	0	0	0	0	0	0	0	0	0	0	0	0	0	0	0	0	0	0	0	0	0	0	0	0	0
24	A	T	ORF	S	NULL	0	0	0	0	0.16739	0.298935	0.0001	0.0001	0.0001	0.445952	0.0001	0.0001	0.0001	0.0001	0.336939	0.555965	0.0001	0.0001	0.0001	0.0001	0.0001	0.0001	0.999989	0.882003	0.728985	0.0001	0.0169242	0.448952	0.0649076	0.999989	0.0001	0.0001	0.0001	0.0449052	0.0001	0.00240913	0.0001	0.0001	0.999989	0.0001	0.184922	0.0001	0.742987	0.0839098	0.0001	0.0001	0.0001	0.0001	0.317591	0.0001	0.0001	0.0001	0.380944	0.0001
25	A	T	ORF	S	NULL	0	0	0	0	0	0	0	0	0	0	0	0	0	0	0	0	0	0	0	0	0	0	0	0	0	0	0	0	0	0	0	0	0	0	0	0	0	0	0	0	0	0	0	0	0	0	0	0	0	0	0	0	0	0
26	A	T	ORF	S	NULL	0	0	0	0	0.498366	0.0002	0.387326	0.0890944	0.759054	0.0508782	0.314246	0.977154	0.230018	0.365058	0.446303	0.0002	0.148637	0.0406541	0.540043	0.0002	0.49904	0.0002	0.0002	0.0002	0.0002	0.540241	0.249534	0.290344	0.146012	0.0002	0.895392	0.0002	0.0002	0.0105674	0.0002	0.580999	0.501191	0.984725	0.0002	0.919223	0.445036	0.517041	0.0002	0.0002	0.431464	0.264485	0.0002	0.0002	0.184239	0.0002	0.0002	0.0002	0.0002	0.482773
27	A	T	ORF	S	NULL	0	0	0	0	0	0	0	0	0	0	0	0	0	0	0	0	0	0	0	0	0	0	0	0	0	0	0	0	0	0	0	0	0	0	0	0	0	0	0	0	0	0	0	0	0	0	0	0	0	0	0	0	0	0
28	A	T	ORF	S	NULL	0	0	0	0	0	0	0	0	0	0	0	0	0	0	0	0	0	0	0	0	0	0	0	0	0	0	0	0	0	0	0	0	0	0	0	0	0	0	0	0	0	0	0	0	0	0	0	0	0	0	0	0	0	0
29	A	T	ORF	S	NULL	0	0	0	0	0	0	0	0	0	0	0	0	0	0	0	0	0	0	0	0	0	0	0	0	0	0	0	0	0	0	0	0	0	0	0	0	0	0	0	0	0	0	0	0	0	0	0	0	0	0	0	0	0	0
30	A	T	ORF	S	NULL	0	0	0	0	0	0	0	0	0	0	0	0	0	0	0	0	0	0	0	0	0	0	0	0	0	0	0	0	0	0	0	0	0	0	0	0	0	0	0	0	0	0	0	0	0	0	0	0	0	0	0	0	0	0
31	A	T	ORF	S	NULL	0	0	0	0	0.0001	0.0001	0.0001	0.0001	0.0001	0.0001	0.0001	0.0001	0.0001	0.44193	0.0001	0.300921	0.238917	0.0001	0.233916	0.0001	0.0001	0.0001	0.0001	0.0001	0.0001	0.0749065	0.0829728	0.0001	0.385927	0.0001	0.0001	0.0001	0.0001	0.0001	0.0001	0.305449	0.0001	0.0001	0.0001	0.0001	0.0001	0.115908	0.0001	0.0001	0.298922	0.0001	0.0001	0.0001	0.326886	0.0001	0.999947	0.999947	0.0001	0.0001
32	A	T	ORF	S	NULL	0	0	0	0	0.16739	0.298935	0.0001	0.0001	0.0001	0.445952	0.0001	0.0001	0.0001	0.0001	0.336939	0.555965	0.0001	0.0001	0.0001	0.0001	0.0001	0.0001	0.999989	0.882003	0.728985	0.0001	0.0169242	0.448952	0.0649076	0.999989	0.0001	0.0001	0.0001	0.0449052	0.0001	0.00240913	0.0001	0.0001	0.999989	0.0001	0.184922	0.0001	0.742987	0.0839098	0.0001	0.0001	0.0001	0.0001	0.317591	0.0001	0.0001	0.0001	0.380944	0.0001
33	A	T	ORF	S	NULL	0	0	0	0	0.288427	0.0329036	0.275238	0.0001	0.0001	0.00135414	0.0001	0.00342903	0.343939	0.0001	0.00639867	0.0001	0.00131851	0.667929	0.0001	0.0001	0.0001	0.575967	0.0001	0.116914	0.0001	0.306636	0.0001	0.0001	0.0001	0.0001	0.0001	0.0001	0.0001	0.000306423	0.0001	0.0174814	0.00551101	0.0001	0.0001	0.00338925	0.305935	0.0001	0.0001	0.718984	0.0150216	0.300089	0.0001	0.0001	0.144524	0.999908	0.0001	0.0001	0.161919	0.0001
34	A	T	ORF	S	NULL	0	0	0	0	0.498366	0.0002	0.387326	0.0890944	0.759054	0.0508782	0.314246	0.977154	0.230018	0.365058	0.446303	0.0002	0.148637	0.0406541	0.540043	0.0002	0.49904	0.0002	0.0002	0.0002	0.0002	0.540241	0.249534	0.290344	0.146012	0.0002	0.895392	0.0002	0.0002	0.0105674	0.0002	0.580999	0.501191	0.984725	0.0002	0.919223	0.445036	0.517041	0.0002	0.0002	0.431464	0.264485	0.0002	0.0002	0.184239	0.0002	0.0002	0.0002	0.0002	0.482773
35	A	T	ORF	S	NULL	0	0	0	0	0	0	0	0	0	0	0	0	0	0	0	0	0	0	0	0	0	0	0	0	0	0	0	0	0	0	0	0	0	0	0	0	0	0	0	0	0	0	0	0	0	0	0	0	0	0	0	0	0	0
36	A	T	ORF	S	NULL	0	0	0	0	0	0	0	0	0	0	0	0	0	0	0	0	0	0	0	0	0	0	0	0	0	0	0	0	0	0	0	0	0	0	0	0	0	0	0	0	0	0	0	0	0	0	0	0	0	0	0	0	0	0
37	A	T	ORF	S	NULL	0	0	0	0	0	0	0	0	0	0	0	0	0	0	0	0	0	0	0	0	0	0	0	0	0	0	0	0	0	0	0	0	0	0	0	0	0	0	0	0	0	0	0	0	0	0	0	0	0	0	0	0	0	0
38	A	T	ORF	S	NULL	0	0	0	0	0.0001	0.0001	0.0001	0.00589211	0.0227594	0.00528881	0.0158849	0.865274	0.229918	0.0230952	0.176895	0.0001	0.0867614	0.0001	0.539943	0.0001	0.49894	0.0001	0.0001	0.0001	0.0001	0.0849836	0.103199	0.0194169	0.145912	0.0001	0.0516225	0.0001	0.0001	0.0001	0.0001	0.0001	0.326073	0.0001	0.0001	0.369331	0.444936	0.516941	0.0001	0.0001	0.0001	0.0001	0.0001	0.0001	0.0001	0.0001	0.0001	0.0001	0.0001	0.0208546
39	A	T	ORF	S	NULL	0	0	0	0	0	0	0	0	0	0	0	0	0	0	0	0	0	0	0	0	0	0	0	0	0	0	0	0	0	0	0	0	0	0	0	0	0	0	0	0	0	0	0	0	0	0	0	0	0	0	0	0	0	0
40	A	T	ORF	S	NULL	0	0	0	0	0	0	0	0	0	0	0	0	0	0	0	0	0	0	0	0	0	0	0	0	0	0	0	0	0	0	0	0	0	0	0	0	0	0	0	0	0	0	0	0	0	0	0	0	0	0	0	0	0	0
41	A	T	ORF	S	NULL	0	0	0	0	0.0459173	0.0919103	0.199277	0.0001	0.0001	0.0944907	0.0001	0.0155273	0.424947	0.0662457	0.0359302	0.141916	0.167334	0.186123	0.162918	0.0001	0.0001	0.0001	0.0001	0.0001	0.0001	0.063561	0.0001	0.0001	0.0001	0.0001	0.0001	0.0001	0.0001	0.00142311	0.0001	0.0678433	0.0244296	0.0153753	0.0001	0.022821	0.0001	0.364941	0.0001	0.0001	0.061363	0.435526	0.999914	0.0001	0.0268593	0.0001	0.0001	0.0001	0.0001	0.0001
42	A	T	ORF	S	NULL	0	0	0	0	0.498366	0.0002	0.387326	0.443609	0.782429	0.0456894	0.763566	0.111979	0.0002	0.390563	0.338425	0.0002	0.394498	0.0406541	0.061006	0.204019	0.202019	0.0002	0.0002	0.0002	0.0002	0.455357	0.619947	0.310362	0.0002	0.0002	0.948378	1.00003	0.0002	0.717693	0.0002	0.580999	0.175218	0.984725	0.0002	0.572843	0.0002	0.0002	0.0002	0.0002	0.571404	0.264485	0.0002	0.0002	0.184239	0.0002	0.000200001	0.000200001	0.455045	0.504039
43	A	T	ORF	S	NULL	0	0	0	0	0	0	0	0	0	0	0	0	0	0	0	0	0	0	0	0	0	0	0	0	0	0	0	0	0	0	0	0	0	0	0	0	0	0	0	0	0	0	0	0	0	0	0	0	0	0	0	0	0	0
44	A	T	ORF	S	NULL	0	0	0	0	0.786693	0.0330036	0.662465	0.0833023	0.736394	0.0469435	0.298461	0.115308	0.344039	0.342063	0.275806	0.0002	0.0631938	0.708483	0.0002	0.0002	0.0002	0.576067	0.0002	0.117014	0.0002	0.761893	0.146435	0.271027	0.0002	0.0002	0.84387	0.0002	0.0002	0.0107738	0.0002	0.59838	0.180629	0.984725	0.0002	0.553281	0.306035	0.0002	0.0002	0.719084	0.446386	0.564474	0.0002	0.0002	0.328663	1.00001	0.0002	0.0002	0.162019	0.462018
45	A	T	ORF	S	NULL	0	0	0	0	0	0	0	0	0	0	0	0	0	0	0	0	0	0	0	0	0	0	0	0	0	0	0	0	0	0	0	0	0	0	0	0	0	0	0	0	0	0	0	0	0	0	0	0	0	0	0	0	0	0
46	A	T	ORF	S	NULL	0	0	0	0	0	0	0	0	0	0	0	0	0	0	0	0	0	0	0	0	0	0	0	0	0	0	0	0	0	0	0	0	0	0	0	0	0	0	0	0	0	0	0	0	0	0	0	0	0	0	0	0	0	0
47	A	T	ORF	S	NULL	0	0	0	0	0	0	0	0	0	0	0	0	0	0	0	0	0	0	0	0	0	0	0	0	0	0	0	0	0	0	0	0	0	0	0	0	0	0	0	0	0	0	0	0	0	0	0	0	0	0	0	0	0	0
48	A	T	ORF	S	NULL	0	0	0	0	0	0	0	0	0	0	0	0	0	0	0	0	0	0	0	0	0	0	0	0	0	0	0	0	0	0	0	0	0	0	0	0	0	0	0	0	0	0	0	0	0	0	0	0	0	0	0	0	0	0
49	A	T	ORF	S	NULL	0	0	0	0	0	0	0	0	0	0	0	0	0	0	0	0	0	0	0	0	0	0	0	0	0	0	0	0	0	0	0	0	0	0	0	0	0	0	0	0	0	0	0	0	0	0	0	0	0	0	0	0	0	0
50	A	T	ORF	S	NULL	0	0	0	0	0	0	0	0	0	0	0	0	0	0	0	0	0	0	0	0	0	0	0	0	0	0	0	0	0	0	0	0	0	0	0	0	0	0	0	0	0	0	0	0	0	0	0	0	0	0	0	0	0	0
51	A	T	ORF	S	NULL	0	0	0	0	0	0	0	0	0	0	0	0	0	0	0	0	0	0	0	0	0	0	0	0	0	0	0	0	0	0	0	0	0	0	0	0	0	0	0	0	0	0	0	0	0	0	0	0	0	0	0	0	0	0
52	A	T	ORF	S	NULL	0	0	0	0	0	0	0	0	0	0	0	0	0	0	0	0	0	0	0	0	0	0	0	0	0	0	0	0	0	0	0	0	0	0	0	0	0	0	0	0	0	0	0	0	0	0	0	0	0	0	0	0	0	0
53	A	T	ORF	S	NULL	0	0	0	0	0	0	0	0	0	0	0	0	0	0	0	0	0	0	0	0	0	0	0	0	0	0	0	0	0	0	0	0	0	0	0	0	0	0	0	0	0	0	0	0	0	0	0	0	0	0	0	0	0	0
54	A	T	ORF	S	NULL	0	0	0	0	0	0	0	0	0	0	0	0	0	0	0	0	0	0	0	0	0	0	0	0	0	0	0	0	0	0	0	0	0	0	0	0	0	0	0	0	0	0	0	0	0	0	0	0	0	0	0	0	0	0
55	A	T	ORF	S	NULL	0	0	0	0	0	0	0	0	0	0	0	0	0	0	0	0	0	0	0	0	0	0	0	0	0	0	0	0	0	0	0	0	0	0	0	0	0	0	0	0	0	0	0	0	0	0	0	0	0	0	0	0	0	0
56	A	T	ORF	S	NULL	0	0	0	0	0	0	0	0	0	0	0	0	0	0	0	0	0	0	0	0	0	0	0	0	0	0	0	0	0	0	0	0	0	0	0	0	0	0	0	0	0	0	0	0	0	0	0	0	0	0	0	0	0	0
57	A	T	ORF	S	NULL	0	0	0	0	0	0	0	0	0	0	0	0	0	0	0	0	0	0	0	0	0	0	0	0	0	0	0	0	0	0	0	0	0	0	0	0	0	0	0	0	0	0	0	0	0	0	0	0	0	0	0	0	0	0
58	A	T	ORF	S	NULL	0	0	0	0	0	0	0	0	0	0	0	0	0	0	0	0	0	0	0	0	0	0	0	0	0	0	0	0	0	0	0	0	0	0	0	0	0	0	0	0	0	0	0	0	0	0	0	0	0	0	0	0	0	0
59	A	T	ORF	S	NULL	0	0	0	0	0	0	0	0	0	0	0	0	0	0	0	0	0	0	0	0	0	0	0	0	0	0	0	0	0	0	0	0	0	0	0	0	0	0	0	0	0	0	0	0	0	0	0	0	0	0	0	0	0	0
60	A	T	ORF	S	NULL	0	0	0	0	0	0	0	0	0	0	0	0	0	0	0	0	0	0	0	0	0	0	0	0	0	0	0	0	0	0	0	0	0	0	0	0	0	0	0	0	0	0	0	0	0	0	0	0	0	0	0	0	0	0
61	A	T	ORF	S	NULL	0	0	0	0	0	0	0	0	0	0	0	0	0	0	0	0	0	0	0	0	0	0	0	0	0	0	0	0	0	0	0	0	0	0	0	0	0	0	0	0	0	0	0	0	0	0	0	0	0	0	0	0	0	0
62	A	T	ORF	S	NULL	0	0	0	0	0.0459173	0.0919103	0.199277	0.0001	0.0001	0.0944907	0.0001	0.0155273	0.424947	0.0662457	0.0359302	0.141916	0.167334	0.186123	0.162918	0.0001	0.0001	0.0001	0.0001	0.0001	0.0001	0.063561	0.0001	0.0001	0.0001	0.0001	0.0001	0.0001	0.0001	0.00142311	0.0001	0.0678433	0.0244296	0.0153753	0.0001	0.022821	0.0001	0.364941	0.0001	0.0001	0.061363	0.435526	0.999914	0.0001	0.0268593	0.0001	0.0001	0.0001	0.0001	0.0001
63	A	T	ORF	S	NULL	0	0	0	0	0.498266	0.0001	0.387226	0.0832023	0.736294	0.0455894	0.298361	0.111879	0.0001	0.341963	0.269407	0.0001	0.0618753	0.0405541	0.0001	0.0001	0.0001	0.0001	0.0001	0.0001	0.0001	0.455257	0.146335	0.270927	0.0001	0.0001	0.84377	0.0001	0.0001	0.0104674	0.0001	0.580899	0.175118	0.984625	0.0001	0.549892	0.0001	0.0001	0.0001	0.0001	0.431364	0.264385	0.0001	0.0001	0.184139	0.0001	0.0001	0.0001	0.0001	0.461918
64	A	T	ORF	S	NULL	0	0	0	0	0.0001	0.0001	0.0001	0.0001	0.0001	0.0001	0.0001	0.0001	0.0001	0.44193	0.0001	0.300921	0.238917	0.0001	0.233916	0.0001	0.0001	0.0001	0.0001	0.0001	0.0001	0.0749065	0.0829728	0.0001	0.385927	0.0001	0.0001	0.0001	0.0001	0.0001	0.0001	0.305449	0.0001	0.0001	0.0001	0.0001	0.0001	0.115908	0.0001	0.0001	0.298922	0.0001	0.0001	0.0001	0.326886	0.0001	0.999947	0.999947	0.0001	0.0001
65	A	T	ORF	S	NULL	0	0	0	0	0	0	0	0	0	0	0	0	0	0	0	0	0	0	0	0	0	0	0	0	0	0	0	0	0	0	0	0	0	0	0	0	0	0	0	0	0	0	0	0	0	0	0	0	0	0	0	0	0	0
66	A	T	ORF	S	NULL	0	0	0	0	0	0	0	0	0	0	0	0	0	0	0	0	0	0	0	0	0	0	0	0	0	0	0	0	0	0	0	0	0	0	0	0	0	0	0	0	0	0	0	0	0	0	0	0	0	0	0	0	0	0
67	A	T	ORF	S	NULL	0	0	0	0	0	0	0	0	0	0	0	0	0	0	0	0	0	0	0	0	0	0	0	0	0	0	0	0	0	0	0	0	0	0	0	0	0	0	0	0	0	0	0	0	0	0	0	0	0	0	0	0	0	0
68	A	T	ORF	S	NULL	0	0	0	0	0	0	0	0	0	0	0	0	0	0	0	0	0	0	0	0	0	0	0	0	0	0	0	0	0	0	0	0	0	0	0	0	0	0	0	0	0	0	0	0	0	0	0	0	0	0	0	0	0	0
69	A	T	ORF	S	NULL	0	0	0	0	0	0	0	0	0	0	0	0	0	0	0	0	0	0	0	0	0	0	0	0	0	0	0	0	0	0	0	0	0	0	0	0	0	0	0	0	0	0	0	0	0	0	0	0	0	0	0	0	0	0
70	A	T	ORF	S	NULL	0	0	0	0	0	0	0	0	0	0	0	0	0	0	0	0	0	0	0	0	0	0	0	0	0	0	0	0	0	0	0	0	0	0	0	0	0	0	0	0	0	0	0	0	0	0	0	0	0	0	0	0	0	0
71	A	T	ORF	S	NULL	0	0	0	0	0	0	0	0	0	0	0	0	0	0	0	0	0	0	0	0	0	0	0	0	0	0	0	0	0	0	0	0	0	0	0	0	0	0	0	0	0	0	0	0	0	0	0	0	0	0	0	0	0	0
72	A	T	ORF	S	NULL	0	0	0	0	0	0	0	0	0	0	0	0	0	0	0	0	0	0	0	0	0	0	0	0	0	0	0	0	0	0	0	0	0	0	0	0	0	0	0	0	0	0	0	0	0	0	0	0	0	0	0	0	0	0
73	A	T	ORF	S	NULL	0	0	0	0	0.0001	0.0001	0.0001	0.00589211	0.0227594	0.00528881	0.0158849	0.865274	0.229918	0.0230952	0.176895	0.0001	0.0867614	0.0001	0.539943	0.0001	0.49894	0.0001	0.0001	0.0001	0.0001	0.0849836	0.103199	0.0194169	0.145912	0.0001	0.0516225	0.0001	0.0001	0.0001	0.0001	0.0001	0.326073	0.0001	0.0001	0.369331	0.444936	0.516941	0.0001	0.0001	0.0001	0.0001	0.0001	0.0001	0.0001	0.0001	0.0001	0.0001	0.0001	0.0208546
74	A	T	ORF	S	NULL	0	0	0	0	0	0	0	0	0	0	0	0	0	0	0	0	0	0	0	0	0	0	0	0	0	0	0	0	0	0	0	0	0	0	0	0	0	0	0	0	0	0	0	0	0	0	0	0	0	0	0	0	0	0
75	A	T	ORF	S	NULL	0	0	0	0	0.0001	0.57394	0.0001	0.28692	0.194811	0.0001	0.220549	0.0001	0.0001	0.0001	0.0539033	0.0001	0.0969066	0.0001	0.0001	0.794955	0.296921	0.422929	0.0001	0.0001	0.0001	0.0001	0.176957	0.0001	0.0001	0.0001	0.0001	0.0001	0.999934	0.231916	0.999934	0.0259184	0.202914	0.0001	0.0001	0.0139004	0.0001	0.0001	0.0001	0.194914	0.0001	0.0001	0.0001	0.0001	0.0001	0.0001	0.0001	0.0001	0.0001	0.475106
76	A	T	ORF	S	NULL	0	0	0	0	0	0	0	0	0	0	0	0	0	0	0	0	0	0	0	0	0	0	0	0	0	0	0	0	0	0	0	0	0	0	0	0	0	0	0	0	0	0	0	0	0	0	0	0	0	0	0	0	0	0
77	A	T	ORF	S	NULL	0	0	0	0	0	0	0	0	0	0	0	0	0	0	0	0	0	0	0	0	0	0	0	0	0	0	0	0	0	0	0	0	0	0	0	0	0	0	0	0	0	0	0	0	0	0	0	0	0	0	0	0	0	0
78	A	T	ORF	S	NULL	0	0	0	0	0	0	0	0	0	0	0	0	0	0	0	0	0	0	0	0	0	0	0	0	0	0	0	0	0	0	0	0	0	0	0	0	0	0	0	0	0	0	0	0	0	0	0	0	0	0	0	0	0	0
79	A	T	ORF	S	NULL	0	0	0	0	0	0	0	0	0	0	0	0	0	0	0	0	0	0	0	0	0	0	0	0	0	0	0	0	0	0	0	0	0	0	0	0	0	0	0	0	0	0	0	0	0	0	0	0	0	0	0	0	0	0
80	A	T	ORF	S	NULL	0	0	0	0	0.288427	0.0329036	0.275238	0.0001	0.0001	0.00135414	0.0001	0.00342903	0.343939	0.0001	0.00639867	0.0001	0.00131851	0.667929	0.0001	0.0001	0.0001	0.575967	0.0001	0.116914	0.0001	0.306636	0.0001	0.0001	0.0001	0.0001	0.0001	0.0001	0.0001	0.000306423	0.0001	0.0174814	0.00551101	0.0001	0.0001	0.00338925	0.305935	0.0001	0.0001	0.718984	0.0150216	0.300089	0.0001	0.0001	0.144524	0.999908	0.0001	0.0001	0.161919	0.0001
81	A	T	ORF	S	NULL	0	0	0	0	0.0001	0.0001	0.0001	0.360407	0.0461347	0.0001	0.465205	0.0001	0.0001	0.0486007	0.0690178	0.0001	0.332623	0.0001	0.060906	0.203919	0.201919	0.0001	0.0001	0.0001	0.0001	0.0001	0.473612	0.0394343	0.0001	0.0001	0.104608	0.99993	0.0001	0.707225	0.0001	0.0001	0.0001	0.0001	0.0001	0.0229504	0.0001	0.0001	0.0001	0.0001	0.140039	0.0001	0.0001	0.0001	0.0001	0.0001	0.000100001	0.000100001	0.454945	0.0421208
82	A	T	ORF	S	NULL	0	0	0	0	0	0	0	0	0	0	0	0	0	0	0	0	0	0	0	0	0	0	0	0	0	0	0	0	0	0	0	0	0	0	0	0	0	0	0	0	0	0	0	0	0	0	0	0	0	0	0	0	0	0
83	A	T	ORF	S	NULL	0	0	0	0	0	0	0	0	0	0	0	0	0	0	0	0	0	0	0	0	0	0	0	0	0	0	0	0	0	0	0	0	0	0	0	0	0	0	0	0	0	0	0	0	0	0	0	0	0	0	0	0	0	0
84	A	T	ORF	S	NULL	0	0	0	0	0.498266	0.0001	0.387226	0.0832023	0.736294	0.0455894	0.298361	0.111879	0.0001	0.341963	0.269407	0.0001	0.0618753	0.0405541	0.0001	0.0001	0.0001	0.0001	0.0001	0.0001	0.0001	0.455257	0.146335	0.270927	0.0001	0.0001	0.84377	0.0001	0.0001	0.0104674	0.0001	0.580899	0.175118	0.984625	0.0001	0.549892	0.0001	0.0001	0.0001	0.0001	0.431364	0.264385	0.0001	0.0001	0.184139	0.0001	0.0001	0.0001	0.0001	0.461918
85	A	T	ORF	S	NULL	0	0	0	0	0	0	0	0	0	0	0	0	0	0	0	0	0	0	0	0	0	0	0	0	0	0	0	0	0	0	0	0	0	0	0	0	0	0	0	0	0	0	0	0	0	0	0	0	0	0	0	0	0	0
86	A	T	ORF	S	NULL	0	0	0	0	0.0001	0.57394	0.0001	0.28692	0.194811	0.0001	0.220549	0.0001	0.0001	0.0001	0.0539033	0.0001	0.0969066	0.0001	0.0001	0.794955	0.296921	0.422929	0.0001	0.0001	0.0001	0.0001	0.176957	0.0001	0.0001	0.0001	0.0001	0.0001	0.999934	0.231916	0.999934	0.0259184	0.202914	0.0001	0.0001	0.0139004	0.0001	0.0001	0.0001	0.194914	0.0001	0.0001	0.0001	0.0001	0.0001	0.0001	0.0001	0.0001	0.0001	0.475106
87	A	T	ORF	S	NULL	0	0	0	0	0	0	0	0	0	0	0	0	0	0	0	0	0	0	0	0	0	0	0	0	0	0	0	0	0	0	0	0	0	0	0	0	0	0	0	0	0	0	0	0	0	0	0	0	0	0	0	0	0	0
88	A	T	ORF	S	NULL	0	0	0	0	0	0	0	0	0	0	0	0	0	0	0	0	0	0	0	0	0	0	0	0	0	0	0	0	0	0	0	0	0	0	0	0	0	0	0	0	0	0	0	0	0	0	0	0	0	0	0	0	0	0
89	A	T	ORF	S	NULL	0	0	0	0	0.0001	0.0001	0.0001	0.360407	0.0461347	0.0001	0.465205	0.0001	0.0001	0.0486007	0.0690178	0.0001	0.332623	0.0001	0.060906	0.203919	0.201919	0.0001	0.0001	0.0001	0.0001	0.0001	0.473612	0.0394343	0.0001	0.0001	0.104608	0.99993	0.0001	0.707225	0.0001	0.0001	0.0001	0.0001	0.0001	0.0229504	0.0001	0.0001	0.0001	0.0001	0.140039	0.0001	0.0001	0.0001	0.0001	0.0001	0.000100001	0.000100001	0.454945	0.0421208
90	A	T	ORF	S	NULL	0	0	0	0	0.16739	0.298935	0.0001	0.0001	0.0001	0.445952	0.0001	0.0001	0.0001	0.0001	0.336939	0.555965	0.0001	0.0001	0.0001	0.0001	0.0001	0.0001	0.999989	0.882003	0.728985	0.0001	0.0169242	0.448952	0.0649076	0.999989	0.0001	0.0001	0.0001	0.0449052	0.0001	0.00240913	0.0001	0.0001	0.999989	0.0001	0.184922	0.0001	0.742987	0.0839098	0.0001	0.0001	0.0001	0.0001	0.317591	0.0001	0.0001	0.0001	0.380944	0.0001
91	A	T	ORF	S	NULL	0	0	0	0	0	0	0	0	0	0	0	0	0	0	0	0	0	0	0	0	0	0	0	0	0	0	0	0	0	0	0	0	0	0	0	0	0	0	0	0	0	0	0	0	0	0	0	0	0	0	0	0	0	0
92	A	T	ORF	S	NULL	0	0	0	0	0	0	0	0	0	0	0	0	0	0	0	0	0	0	0	0	0	0	0	0	0	0	0	0	0	0	0	0	0	0	0	0	0	0	0	0	0	0	0	0	0	0	0	0	0	0	0	0	0	0
93	A	T	ORF	S	NULL	0	0	0	0	0.16739	0.298935	0.0001	0.0001	0.0001	0.445952	0.0001	0.0001	0.0001	0.0001	0.336939	0.555965	0.0001	0.0001	0.0001	0.0001	0.0001	0.0001	0.999989	0.882003	0.728985	0.0001	0.0169242	0.448952	0.0649076	0.999989	0.0001	0.0001	0.0001	0.0449052	0.0001	0.00240913	0.0001	0.0001	0.999989	0.0001	0.184922	0.0001	0.742987	0.0839098	0.0001	0.0001	0.0001	0.0001	0.317591	0.0001	0.0001	0.0001	0.380944	0.0001
94	A	T	ORF	S	NULL	0	0	0	0	0	0	0	0	0	0	0	0	0	0	0	0	0	0	0	0	0	0	0	0	0	0	0	0	0	0	0	0	0	0	0	0	0	0	0	0	0	0	0	0	0	0	0	0	0	0	0	0	0	0
95	A	T	ORF	S	NULL	0	0	0	0	0.16739	0.298935	0.0001	0.0001	0.0001	0.445952	0.0001	0.0001	0.0001	0.0001	0.336939	0.555965	0.0001	0.0001	0.0001	0.0001	0.0001	0.0001	0.999989	0.882003	0.728985	0.0001	0.0169242	0.448952	0.0649076	0.999989	0.0001	0.0001	0.0001	0.0449052	0.0001	0.00240913	0.0001	0.0001	0.999989	0.0001	0.184922	0.0001	0.742987	0.0839098	0.0001	0.0001	0.0001	0.0001	0.317591	0.0001	0.0001	0.0001	0.380944	0.0001
96	A	T	ORF	S	NULL	0	0	0	0	0	0	0	0	0	0	0	0	0	0	0	0	0	0	0	0	0	0	0	0	0	0	0	0	0	0	0	0	0	0	0	0	0	0	0	0	0	0	0	0	0	0	0	0	0	0	0	0	0	0
97	A	T	ORF	S	NULL	0	0	0	0	0	0	0	0	0	0	0	0	0	0	0	0	0	0	0	0	0	0	0	0	0	0	0	0	0	0	0	0	0	0	0	0	0	0	0	0	0	0	0	0	0	0	0	0	0	0	0	0	0	0
98	A	T	ORF	S	NULL	0	0	0	0	0	0	0	0	0	0	0	0	0	0	0	0	0	0	0	0	0	0	0	0	0	0	0	0	0	0	0	0	0	0	0	0	0	0	0	0	0	0	0	0	0	0	0	0	0	0	0	0	0	0
99	A	T	ORF	S	NULL	0	0	0	0	0.288427	0.0329036	0.275238	0.0001	0.0001	0.00135414	0.0001	0.00342903	0.343939	0.0001	0.00639867	0.0001	0.00131851	0.667929	0.0001	0.0001	0.0001	0.575967	0.0001	0.116914	0.0001	0.306636	0.0001	0.0001	0.0001	0.0001	0.0001	0.0001	0.0001	0.000306423	0.0001	0.0174814	0.00551101	0.0001	0.0001	0.00338925	0.305935	0.0001	0.0001	0.718984	0.0150216	0.300089	0.0001	0.0001	0.144524	0.999908	0.0001	0.0001	0.161919	0.0001
100	A	T	ORF	S	NULL	0	0	0	0	0.0001	0.57394	0.0001	0.28692	0.194811	0.0001	0.220549	0.0001	0.0001	0.0001	0.0539033	0.0001	0.0969066	0.0001	0.0001	0.794955	0.296921	0.422929	0.0001	0.0001	0.0001	0.0001	0.176957	0.0001	0.0001	0.0001	0.0001	0.0001	0.999934	0.231916	0.999934	0.0259184	0.202914	0.0001	0.0001	0.0139004	0.0001	0.0001	0.0001	0.194914	0.0001	0.0001	0.0001	0.0001	0.0001	0.0001	0.0001	0.0001	0.0001	0.475106
