pos	ref	alt	gene	N/S	AA	nSRAsubclonal	nSRAclonal	nSRA	nConsensus	sample0|Earth	sample1|Earth	sample2|Earth	sample3|Earth	sample4|Earth	sample5|Earth	sample6|Earth	sample7|Earth	sample8|Earth	sample9|Earth	sample10|Earth	sample11|Earth	sample12|Earth	sample13|Earth	sample14|Earth	sample15|Earth	sample16|Earth	sample17|Earth	sample18|Earth	sample19|Earth	sample20|Earth	sample21|Earth	sample22|Earth	sample23|Earth	sample24|Earth	sample25|Earth	sample26|Earth	sample27|Earth	sample28|Earth	sample29|Earth	sample30|Earth	sample31|Earth	sample32|Earth	sample33|Earth	sample34|Earth	sample35|Earth	sample36|Earth	sample37|Earth	sample38|Earth	sample39|Earth	sample40|Earth	sample41|Earth	sample42|Earth	sample43|Earth	sample44|Earth	sample45|Earth	sample46|Earth	sample47|Earth	sample48|Earth	sample49|Earth
1	A	T	ORF	S	NULL	0	0	0	0	0	0	0	0	0	0	0	0	0	0	0	0	0	0	0	0	0	0	0	0	0	0	0	0	0	0	0	0	0	0	0	0	0	0	0	0	0	0	0	0	0	0	0	0	0	0	0	0	0	0
2	A	T	ORF	S	NULL	0	0	0	0	0	0	0	0	0	0	0	0	0	0	0	0	0	0	0	0	0	0	0	0	0	0	0	0	0	0	0	0	0	0	0	0	0	0	0	0	0	0	0	0	0	0	0	0	0	0	0	0	0	0
3	A	T	ORF	S	NULL	0	0	0	0	0	0	0	0	0	0	0	0	0	0	0	0	0	0	0	0	0	0	0	0	0	0	0	0	0	0	0	0	0	0	0	0	0	0	0	0	0	0	0	0	0	0	0	0	0	0	0	0	0	0
4	A	T	ORF	S	NULL	0	0	0	0	0	0	0	0	0	0	0	0	0	0	0	0	0	0	0	0	0	0	0	0	0	0	0	0	0	0	0	0	0	0	0	0	0	0	0	0	0	0	0	0	0	0	0	0	0	0	0	0	0	0
5	A	T	ORF	S	NULL	0	0	0	0	0	0	0	0	0	0	0	0	0	0	0	0	0	0	0	0	0	0	0	0	0	0	0	0	0	0	0	0	0	0	0	0	0	0	0	0	0	0	0	0	0	0	0	0	0	0	0	0	0	0
6	A	T	ORF	S	NULL	0	0	0	0	0	0	0	0	0	0	0	0	0	0	0	0	0	0	0	0	0	0	0	0	0	0	0	0	0	0	0	0	0	0	0	0	0	0	0	0	0	0	0	0	0	0	0	0	0	0	0	0	0	0
7	A	T	ORF	S	NULL	0	0	0	0	0	0	0	0	0	0	0	0	0	0	0	0	0	0	0	0	0	0	0	0	0	0	0	0	0	0	0	0	0	0	0	0	0	0	0	0	0	0	0	0	0	0	0	0	0	0	0	0	0	0
8	A	T	ORF	S	NULL	0	0	0	0	0	0	0	0	0	0	0	0	0	0	0	0	0	0	0	0	0	0	0	0	0	0	0	0	0	0	0	0	0	0	0	0	0	0	0	0	0	0	0	0	0	0	0	0	0	0	0	0	0	0
9	A	T	ORF	S	NULL	0	0	0	0	0.218007	0.795124	0.260212	0.0001	0.103223	0.000100109	0.501981	0.0001	0.411504	0.000100067	0.0001	0.0001	0.73221	0.0001	0.000100004	0.224252	0.688291	0.459017	0.452313	0.0194113	0.185005	0.000100045	0.999968	0.396042	0.0001	0.0001	0.144179	0.0001	0.00010016	0.411392	0.0602177	0.0001	0.0620961	0.000100076	0.430191	0.0001	0.345221	0.0001	0.000100074	0.431094	0.034061	0.186943	0.294086	0.0001	0.196258	0.999968	0.371099	0.000100119	0.0001	0.999968
10	A	T	ORF	S	NULL	0	0	0	0	0	0	0	0	0	0	0	0	0	0	0	0	0	0	0	0	0	0	0	0	0	0	0	0	0	0	0	0	0	0	0	0	0	0	0	0	0	0	0	0	0	0	0	0	0	0	0	0	0	0
11	A	T	ORF	S	NULL	0	0	0	0	0.000463555	0.20416	0.0510183	0.0001	0.119441	0.315171	0.0511831	0.000212146	0.0716407	0.270218	0.000160294	0.000129229	0.267499	0.0001	0.0131038	0.182477	0.311353	0.000207159	0.00111203	0.134688	0.423193	0.175287	0.000100044	0.276159	0.000134419	0.000121625	0.000100009	0.0001	0.529556	0.32337	0.93944	0.000122381	0.61636	0.231105	0.123705	0.0001	0.117658	0.0001	0.281162	0.00010004	0.000100002	0.375192	0.000262132	0.0001	0.103518	0.0001	0.000215664	0.382357	0.000100001	0.000100069
12	A	T	ORF	S	NULL	0	0	0	0	0	0	0	0	0	0	0	0	0	0	0	0	0	0	0	0	0	0	0	0	0	0	0	0	0	0	0	0	0	0	0	0	0	0	0	0	0	0	0	0	0	0	0	0	0	0	0	0	0	0
13	A	T	ORF	S	NULL	0	0	0	0	0	0	0	0	0	0	0	0	0	0	0	0	0	0	0	0	0	0	0	0	0	0	0	0	0	0	0	0	0	0	0	0	0	0	0	0	0	0	0	0	0	0	0	0	0	0	0	0	0	0
14	A	T	ORF	S	NULL	0	0	0	0	0	0	0	0	0	0	0	0	0	0	0	0	0	0	0	0	0	0	0	0	0	0	0	0	0	0	0	0	0	0	0	0	0	0	0	0	0	0	0	0	0	0	0	0	0	0	0	0	0	0
15	A	T	ORF	S	NULL	0	0	0	0	0	0	0	0	0	0	0	0	0	0	0	0	0	0	0	0	0	0	0	0	0	0	0	0	0	0	0	0	0	0	0	0	0	0	0	0	0	0	0	0	0	0	0	0	0	0	0	0	0	0
16	A	T	ORF	S	NULL	0	0	0	0	0	0	0	0	0	0	0	0	0	0	0	0	0	0	0	0	0	0	0	0	0	0	0	0	0	0	0	0	0	0	0	0	0	0	0	0	0	0	0	0	0	0	0	0	0	0	0	0	0	0
17	A	T	ORF	S	NULL	0	0	0	0	0	0	0	0	0	0	0	0	0	0	0	0	0	0	0	0	0	0	0	0	0	0	0	0	0	0	0	0	0	0	0	0	0	0	0	0	0	0	0	0	0	0	0	0	0	0	0	0	0	0
18	A	T	ORF	S	NULL	0	0	0	0	0	0	0	0	0	0	0	0	0	0	0	0	0	0	0	0	0	0	0	0	0	0	0	0	0	0	0	0	0	0	0	0	0	0	0	0	0	0	0	0	0	0	0	0	0	0	0	0	0	0
19	A	T	ORF	S	NULL	0	0	0	0	0	0	0	0	0	0	0	0	0	0	0	0	0	0	0	0	0	0	0	0	0	0	0	0	0	0	0	0	0	0	0	0	0	0	0	0	0	0	0	0	0	0	0	0	0	0	0	0	0	0
20	A	T	ORF	S	NULL	0	0	0	0	0	0	0	0	0	0	0	0	0	0	0	0	0	0	0	0	0	0	0	0	0	0	0	0	0	0	0	0	0	0	0	0	0	0	0	0	0	0	0	0	0	0	0	0	0	0	0	0	0	0
21	A	T	ORF	S	NULL	0	0	0	0	0	0	0	0	0	0	0	0	0	0	0	0	0	0	0	0	0	0	0	0	0	0	0	0	0	0	0	0	0	0	0	0	0	0	0	0	0	0	0	0	0	0	0	0	0	0	0	0	0	0
22	A	T	ORF	S	NULL	0	0	0	0	0.781209	0.000100033	0.0972615	0.0001	0.104492	0.000100014	0.000100017	0.452201	0.454428	0.244043	0.000167664	0.669163	0.000100035	0.999117	0.000170122	0.0183918	0.000119016	0.000100012	0.167222	0.347518	0.000100025	0.823301	0.000100046	0.000125959	0.0001	0.114134	0.000100006	0.999971	0.29739	0.000160782	0.000138382	0.249151	0.095162	0.000100011	0.000201555	0.0001	0.0862628	0.999971	0.158033	0.000100014	0.960145	0.00010003	0.705263	0.128107	0.436281	0.000100044	0.628299	0.0242131	0.999971	0.000100046
23	A	T	ORF	S	NULL	0	0	0	0	0	0	0	0	0	0	0	0	0	0	0	0	0	0	0	0	0	0	0	0	0	0	0	0	0	0	0	0	0	0	0	0	0	0	0	0	0	0	0	0	0	0	0	0	0	0	0	0	0	0
24	A	T	ORF	S	NULL	0	0	0	0	0	0	0	0	0	0	0	0	0	0	0	0	0	0	0	0	0	0	0	0	0	0	0	0	0	0	0	0	0	0	0	0	0	0	0	0	0	0	0	0	0	0	0	0	0	0	0	0	0	0
25	A	T	ORF	S	NULL	0	0	0	0	0	0	0	0	0	0	0	0	0	0	0	0	0	0	0	0	0	0	0	0	0	0	0	0	0	0	0	0	0	0	0	0	0	0	0	0	0	0	0	0	0	0	0	0	0	0	0	0	0	0
26	A	T	ORF	S	NULL	0	0	0	0	0.218471	0.999284	0.311231	0.0002	0.222664	0.315272	0.553164	0.000312146	0.483145	0.270318	0.000260294	0.000229229	0.999709	0.0002	0.0132038	0.406729	0.999644	0.459224	0.453425	0.154099	0.608198	0.175387	1.00007	0.672201	0.000234419	0.000221625	0.144279	0.0002	0.529656	0.734762	0.999657	0.000222381	0.678456	0.231205	0.553896	0.0002	0.462879	0.0002	0.281262	0.431194	0.034161	0.562135	0.294348	0.0002	0.299776	1.00007	0.371315	0.382458	0.000200001	1.00007
27	A	T	ORF	S	NULL	0	0	0	0	0	0	0	0	0	0	0	0	0	0	0	0	0	0	0	0	0	0	0	0	0	0	0	0	0	0	0	0	0	0	0	0	0	0	0	0	0	0	0	0	0	0	0	0	0	0	0	0	0	0
28	A	T	ORF	S	NULL	0	0	0	0	0	0	0	0	0	0	0	0	0	0	0	0	0	0	0	0	0	0	0	0	0	0	0	0	0	0	0	0	0	0	0	0	0	0	0	0	0	0	0	0	0	0	0	0	0	0	0	0	0	0
29	A	T	ORF	S	NULL	0	0	0	0	0	0	0	0	0	0	0	0	0	0	0	0	0	0	0	0	0	0	0	0	0	0	0	0	0	0	0	0	0	0	0	0	0	0	0	0	0	0	0	0	0	0	0	0	0	0	0	0	0	0
30	A	T	ORF	S	NULL	0	0	0	0	0	0	0	0	0	0	0	0	0	0	0	0	0	0	0	0	0	0	0	0	0	0	0	0	0	0	0	0	0	0	0	0	0	0	0	0	0	0	0	0	0	0	0	0	0	0	0	0	0	0
31	A	T	ORF	S	NULL	0	0	0	0	0	0	0	0	0	0	0	0	0	0	0	0	0	0	0	0	0	0	0	0	0	0	0	0	0	0	0	0	0	0	0	0	0	0	0	0	0	0	0	0	0	0	0	0	0	0	0	0	0	0
32	A	T	ORF	S	NULL	0	0	0	0	0	0	0	0	0	0	0	0	0	0	0	0	0	0	0	0	0	0	0	0	0	0	0	0	0	0	0	0	0	0	0	0	0	0	0	0	0	0	0	0	0	0	0	0	0	0	0	0	0	0
33	A	T	ORF	S	NULL	0	0	0	0	0	0	0	0	0	0	0	0	0	0	0	0	0	0	0	0	0	0	0	0	0	0	0	0	0	0	0	0	0	0	0	0	0	0	0	0	0	0	0	0	0	0	0	0	0	0	0	0	0	0
34	A	T	ORF	S	NULL	0	0	0	0	0.999681	0.999384	0.408492	0.0003	0.327155	0.315372	0.553264	0.452513	0.937572	0.514361	0.000427959	0.669392	0.999809	0.999317	0.0133739	0.425121	0.999763	0.459324	0.620647	0.501617	0.608298	0.998688	1.00017	0.672327	0.000334419	0.114356	0.144379	1.00017	0.827046	0.734922	0.999796	0.249373	0.773618	0.231305	0.554097	0.0003	0.549142	1.00017	0.439295	0.431294	0.994306	0.562235	0.999611	0.128307	0.736057	1.00017	0.999614	0.406671	1.00017	1.00017
35	A	T	ORF	S	NULL	0	0	0	0	0	0	0	0	0	0	0	0	0	0	0	0	0	0	0	0	0	0	0	0	0	0	0	0	0	0	0	0	0	0	0	0	0	0	0	0	0	0	0	0	0	0	0	0	0	0	0	0	0	0
36	A	T	ORF	S	NULL	0	0	0	0	0	0	0	0	0	0	0	0	0	0	0	0	0	0	0	0	0	0	0	0	0	0	0	0	0	0	0	0	0	0	0	0	0	0	0	0	0	0	0	0	0	0	0	0	0	0	0	0	0	0
37	A	T	ORF	S	NULL	0	0	0	0	0	0	0	0	0	0	0	0	0	0	0	0	0	0	0	0	0	0	0	0	0	0	0	0	0	0	0	0	0	0	0	0	0	0	0	0	0	0	0	0	0	0	0	0	0	0	0	0	0	0
38	A	T	ORF	S	NULL	0	0	0	0	0.000463555	0.20416	0.0510183	0.0001	0.119441	0.315171	0.0511831	0.000212146	0.0716407	0.270218	0.000160294	0.000129229	0.267499	0.0001	0.0131038	0.182477	0.311353	0.000207159	0.00111203	0.134688	0.423193	0.175287	0.000100044	0.276159	0.000134419	0.000121625	0.000100009	0.0001	0.529556	0.32337	0.93944	0.000122381	0.61636	0.231105	0.123705	0.0001	0.117658	0.0001	0.281162	0.00010004	0.000100002	0.375192	0.000262132	0.0001	0.103518	0.0001	0.000215664	0.382357	0.000100001	0.000100069
39	A	T	ORF	S	NULL	0	0	0	0	0	0	0	0	0	0	0	0	0	0	0	0	0	0	0	0	0	0	0	0	0	0	0	0	0	0	0	0	0	0	0	0	0	0	0	0	0	0	0	0	0	0	0	0	0	0	0	0	0	0
40	A	T	ORF	S	NULL	0	0	0	0	0	0	0	0	0	0	0	0	0	0	0	0	0	0	0	0	0	0	0	0	0	0	0	0	0	0	0	0	0	0	0	0	0	0	0	0	0	0	0	0	0	0	0	0	0	0	0	0	0	0
41	A	T	ORF	S	NULL	0	0	0	0	0.781209	0.000100033	0.0972615	0.0001	0.104492	0.000100014	0.000100017	0.452201	0.454428	0.244043	0.000167664	0.669163	0.000100035	0.999117	0.000170122	0.0183918	0.000119016	0.000100012	0.167222	0.347518	0.000100025	0.823301	0.000100046	0.000125959	0.0001	0.114134	0.000100006	0.999971	0.29739	0.000160782	0.000138382	0.249151	0.095162	0.000100011	0.000201555	0.0001	0.0862628	0.999971	0.158033	0.000100014	0.960145	0.00010003	0.705263	0.128107	0.436281	0.000100044	0.628299	0.0242131	0.999971	0.000100046
42	A	T	ORF	S	NULL	0	0	0	0	0.218169	0.795545	0.438114	0.0002	0.650306	0.684516	0.948486	0.117869	0.44038	0.000435487	0.485414	0.330463	0.73231	0.00073217	0.317438	0.712348	0.688391	0.459333	0.678116	0.467228	0.211338	0.000369524	1.00007	0.396355	0.000337786	0.000409633	0.999764	0.0002	0.172612	0.675954	0.0603177	0.750515	0.261951	0.000468848	0.430586	1.00009	0.569618	0.0002	0.000233422	0.99961	0.0344287	0.624388	0.29421	0.000352186	0.336421	1.00007	0.371282	0.575698	0.0002	1.00007
43	A	T	ORF	S	NULL	0	0	0	0	0	0	0	0	0	0	0	0	0	0	0	0	0	0	0	0	0	0	0	0	0	0	0	0	0	0	0	0	0	0	0	0	0	0	0	0	0	0	0	0	0	0	0	0	0	0	0	0	0	0
44	A	T	ORF	S	NULL	0	0	0	0	0.218007	0.795124	0.260212	0.0001	0.103223	0.000100109	0.501981	0.0001	0.411504	0.000100067	0.0001	0.0001	0.73221	0.0001	0.000100004	0.224252	0.688291	0.459017	0.452313	0.0194113	0.185005	0.000100045	0.999968	0.396042	0.0001	0.0001	0.144179	0.0001	0.00010016	0.411392	0.0602177	0.0001	0.0620961	0.000100076	0.430191	0.0001	0.345221	0.0001	0.000100074	0.431094	0.034061	0.186943	0.294086	0.0001	0.196258	0.999968	0.371099	0.000100119	0.0001	0.999968
45	A	T	ORF	S	NULL	0	0	0	0	0	0	0	0	0	0	0	0	0	0	0	0	0	0	0	0	0	0	0	0	0	0	0	0	0	0	0	0	0	0	0	0	0	0	0	0	0	0	0	0	0	0	0	0	0	0	0	0	0	0
46	A	T	ORF	S	NULL	0	0	0	0	0	0	0	0	0	0	0	0	0	0	0	0	0	0	0	0	0	0	0	0	0	0	0	0	0	0	0	0	0	0	0	0	0	0	0	0	0	0	0	0	0	0	0	0	0	0	0	0	0	0
47	A	T	ORF	S	NULL	0	0	0	0	0	0	0	0	0	0	0	0	0	0	0	0	0	0	0	0	0	0	0	0	0	0	0	0	0	0	0	0	0	0	0	0	0	0	0	0	0	0	0	0	0	0	0	0	0	0	0	0	0	0
48	A	T	ORF	S	NULL	0	0	0	0	0	0	0	0	0	0	0	0	0	0	0	0	0	0	0	0	0	0	0	0	0	0	0	0	0	0	0	0	0	0	0	0	0	0	0	0	0	0	0	0	0	0	0	0	0	0	0	0	0	0
49	A	T	ORF	S	NULL	0	0	0	0	0	0	0	0	0	0	0	0	0	0	0	0	0	0	0	0	0	0	0	0	0	0	0	0	0	0	0	0	0	0	0	0	0	0	0	0	0	0	0	0	0	0	0	0	0	0	0	0	0	0
50	A	T	ORF	S	NULL	0	0	0	0	0	0	0	0	0	0	0	0	0	0	0	0	0	0	0	0	0	0	0	0	0	0	0	0	0	0	0	0	0	0	0	0	0	0	0	0	0	0	0	0	0	0	0	0	0	0	0	0	0	0
51	A	T	ORF	S	NULL	0	0	0	0	0	0	0	0	0	0	0	0	0	0	0	0	0	0	0	0	0	0	0	0	0	0	0	0	0	0	0	0	0	0	0	0	0	0	0	0	0	0	0	0	0	0	0	0	0	0	0	0	0	0
52	A	T	ORF	S	NULL	0	0	0	0	0	0	0	0	0	0	0	0	0	0	0	0	0	0	0	0	0	0	0	0	0	0	0	0	0	0	0	0	0	0	0	0	0	0	0	0	0	0	0	0	0	0	0	0	0	0	0	0	0	0
53	A	T	ORF	S	NULL	0	0	0	0	0	0	0	0	0	0	0	0	0	0	0	0	0	0	0	0	0	0	0	0	0	0	0	0	0	0	0	0	0	0	0	0	0	0	0	0	0	0	0	0	0	0	0	0	0	0	0	0	0	0
54	A	T	ORF	S	NULL	0	0	0	0	0	0	0	0	0	0	0	0	0	0	0	0	0	0	0	0	0	0	0	0	0	0	0	0	0	0	0	0	0	0	0	0	0	0	0	0	0	0	0	0	0	0	0	0	0	0	0	0	0	0
55	A	T	ORF	S	NULL	0	0	0	0	0	0	0	0	0	0	0	0	0	0	0	0	0	0	0	0	0	0	0	0	0	0	0	0	0	0	0	0	0	0	0	0	0	0	0	0	0	0	0	0	0	0	0	0	0	0	0	0	0	0
56	A	T	ORF	S	NULL	0	0	0	0	0	0	0	0	0	0	0	0	0	0	0	0	0	0	0	0	0	0	0	0	0	0	0	0	0	0	0	0	0	0	0	0	0	0	0	0	0	0	0	0	0	0	0	0	0	0	0	0	0	0
57	A	T	ORF	S	NULL	0	0	0	0	0	0	0	0	0	0	0	0	0	0	0	0	0	0	0	0	0	0	0	0	0	0	0	0	0	0	0	0	0	0	0	0	0	0	0	0	0	0	0	0	0	0	0	0	0	0	0	0	0	0
58	A	T	ORF	S	NULL	0	0	0	0	0	0	0	0	0	0	0	0	0	0	0	0	0	0	0	0	0	0	0	0	0	0	0	0	0	0	0	0	0	0	0	0	0	0	0	0	0	0	0	0	0	0	0	0	0	0	0	0	0	0
59	A	T	ORF	S	NULL	0	0	0	0	0	0	0	0	0	0	0	0	0	0	0	0	0	0	0	0	0	0	0	0	0	0	0	0	0	0	0	0	0	0	0	0	0	0	0	0	0	0	0	0	0	0	0	0	0	0	0	0	0	0
60	A	T	ORF	S	NULL	0	0	0	0	0	0	0	0	0	0	0	0	0	0	0	0	0	0	0	0	0	0	0	0	0	0	0	0	0	0	0	0	0	0	0	0	0	0	0	0	0	0	0	0	0	0	0	0	0	0	0	0	0	0
61	A	T	ORF	S	NULL	0	0	0	0	0	0	0	0	0	0	0	0	0	0	0	0	0	0	0	0	0	0	0	0	0	0	0	0	0	0	0	0	0	0	0	0	0	0	0	0	0	0	0	0	0	0	0	0	0	0	0	0	0	0
62	A	T	ORF	S	NULL	0	0	0	0	0	0	0	0	0	0	0	0	0	0	0	0	0	0	0	0	0	0	0	0	0	0	0	0	0	0	0	0	0	0	0	0	0	0	0	0	0	0	0	0	0	0	0	0	0	0	0	0	0	0
63	A	T	ORF	S	NULL	0	0	0	0	0.218007	0.795124	0.260212	0.0001	0.103223	0.000100109	0.501981	0.0001	0.411504	0.000100067	0.0001	0.0001	0.73221	0.0001	0.000100004	0.224252	0.688291	0.459017	0.452313	0.0194113	0.185005	0.000100045	0.999968	0.396042	0.0001	0.0001	0.144179	0.0001	0.00010016	0.411392	0.0602177	0.0001	0.0620961	0.000100076	0.430191	0.0001	0.345221	0.0001	0.000100074	0.431094	0.034061	0.186943	0.294086	0.0001	0.196258	0.999968	0.371099	0.000100119	0.0001	0.999968
64	A	T	ORF	S	NULL	0	0	0	0	0	0	0	0	0	0	0	0	0	0	0	0	0	0	0	0	0	0	0	0	0	0	0	0	0	0	0	0	0	0	0	0	0	0	0	0	0	0	0	0	0	0	0	0	0	0	0	0	0	0
65	A	T	ORF	S	NULL	0	0	0	0	0	0	0	0	0	0	0	0	0	0	0	0	0	0	0	0	0	0	0	0	0	0	0	0	0	0	0	0	0	0	0	0	0	0	0	0	0	0	0	0	0	0	0	0	0	0	0	0	0	0
66	A	T	ORF	S	NULL	0	0	0	0	0	0	0	0	0	0	0	0	0	0	0	0	0	0	0	0	0	0	0	0	0	0	0	0	0	0	0	0	0	0	0	0	0	0	0	0	0	0	0	0	0	0	0	0	0	0	0	0	0	0
67	A	T	ORF	S	NULL	0	0	0	0	0	0	0	0	0	0	0	0	0	0	0	0	0	0	0	0	0	0	0	0	0	0	0	0	0	0	0	0	0	0	0	0	0	0	0	0	0	0	0	0	0	0	0	0	0	0	0	0	0	0
68	A	T	ORF	S	NULL	0	0	0	0	0	0	0	0	0	0	0	0	0	0	0	0	0	0	0	0	0	0	0	0	0	0	0	0	0	0	0	0	0	0	0	0	0	0	0	0	0	0	0	0	0	0	0	0	0	0	0	0	0	0
69	A	T	ORF	S	NULL	0	0	0	0	0	0	0	0	0	0	0	0	0	0	0	0	0	0	0	0	0	0	0	0	0	0	0	0	0	0	0	0	0	0	0	0	0	0	0	0	0	0	0	0	0	0	0	0	0	0	0	0	0	0
70	A	T	ORF	S	NULL	0	0	0	0	0.781209	0.000100033	0.0972615	0.0001	0.104492	0.000100014	0.000100017	0.452201	0.454428	0.244043	0.000167664	0.669163	0.000100035	0.999117	0.000170122	0.0183918	0.000119016	0.000100012	0.167222	0.347518	0.000100025	0.823301	0.000100046	0.000125959	0.0001	0.114134	0.000100006	0.999971	0.29739	0.000160782	0.000138382	0.249151	0.095162	0.000100011	0.000201555	0.0001	0.0862628	0.999971	0.158033	0.000100014	0.960145	0.00010003	0.705263	0.128107	0.436281	0.000100044	0.628299	0.0242131	0.999971	0.000100046
71	A	T	ORF	S	NULL	0	0	0	0	0	0	0	0	0	0	0	0	0	0	0	0	0	0	0	0	0	0	0	0	0	0	0	0	0	0	0	0	0	0	0	0	0	0	0	0	0	0	0	0	0	0	0	0	0	0	0	0	0	0
72	A	T	ORF	S	NULL	0	0	0	0	0	0	0	0	0	0	0	0	0	0	0	0	0	0	0	0	0	0	0	0	0	0	0	0	0	0	0	0	0	0	0	0	0	0	0	0	0	0	0	0	0	0	0	0	0	0	0	0	0	0
73	A	T	ORF	S	NULL	0	0	0	0	0.000463555	0.20416	0.0510183	0.0001	0.119441	0.315171	0.0511831	0.000212146	0.0716407	0.270218	0.000160294	0.000129229	0.267499	0.0001	0.0131038	0.182477	0.311353	0.000207159	0.00111203	0.134688	0.423193	0.175287	0.000100044	0.276159	0.000134419	0.000121625	0.000100009	0.0001	0.529556	0.32337	0.93944	0.000122381	0.61636	0.231105	0.123705	0.0001	0.117658	0.0001	0.281162	0.00010004	0.000100002	0.375192	0.000262132	0.0001	0.103518	0.0001	0.000215664	0.382357	0.000100001	0.000100069
74	A	T	ORF	S	NULL	0	0	0	0	0	0	0	0	0	0	0	0	0	0	0	0	0	0	0	0	0	0	0	0	0	0	0	0	0	0	0	0	0	0	0	0	0	0	0	0	0	0	0	0	0	0	0	0	0	0	0	0	0	0
75	A	T	ORF	S	NULL	0	0	0	0	0.000157558	0.000247256	0.413607	0.999986	0.125762	0.000321881	0.00024383	0.429817	0.0335521	0.485403	0.514329	0.000324391	0.000183362	0.000144409	0.669388	0.0867838	0.00020599	0.540383	0.15355	0.0505655	0.365376	0.00107547	0.000100024	0.32736	0.999548	0.885434	0.000188828	0.0001	0.000501856	0.000515139	0.000137312	0.000311467	0.0265273	0.768481	0.445507	0.0001	0.226461	0.0001	0.560672	0.000250744	0.00536828	0.000351002	0.000264775	0.871546	0.123781	0.0001	0.000203687	0.0178308	0.0001	0.000100021
76	A	T	ORF	S	NULL	0	0	0	0	0	0	0	0	0	0	0	0	0	0	0	0	0	0	0	0	0	0	0	0	0	0	0	0	0	0	0	0	0	0	0	0	0	0	0	0	0	0	0	0	0	0	0	0	0	0	0	0	0	0
77	A	T	ORF	S	NULL	0	0	0	0	0	0	0	0	0	0	0	0	0	0	0	0	0	0	0	0	0	0	0	0	0	0	0	0	0	0	0	0	0	0	0	0	0	0	0	0	0	0	0	0	0	0	0	0	0	0	0	0	0	0
78	A	T	ORF	S	NULL	0	0	0	0	0.781209	0.000100033	0.0972615	0.0001	0.104492	0.000100014	0.000100017	0.452201	0.454428	0.244043	0.000167664	0.669163	0.000100035	0.999117	0.000170122	0.0183918	0.000119016	0.000100012	0.167222	0.347518	0.000100025	0.823301	0.000100046	0.000125959	0.0001	0.114134	0.000100006	0.999971	0.29739	0.000160782	0.000138382	0.249151	0.095162	0.000100011	0.000201555	0.0001	0.0862628	0.999971	0.158033	0.000100014	0.960145	0.00010003	0.705263	0.128107	0.436281	0.000100044	0.628299	0.0242131	0.999971	0.000100046
79	A	T	ORF	S	NULL	0	0	0	0	0	0	0	0	0	0	0	0	0	0	0	0	0	0	0	0	0	0	0	0	0	0	0	0	0	0	0	0	0	0	0	0	0	0	0	0	0	0	0	0	0	0	0	0	0	0	0	0	0	0
80	A	T	ORF	S	NULL	0	0	0	0	0.781209	0.000100033	0.0972615	0.0001	0.104492	0.000100014	0.000100017	0.452201	0.454428	0.244043	0.000167664	0.669163	0.000100035	0.999117	0.000170122	0.0183918	0.000119016	0.000100012	0.167222	0.347518	0.000100025	0.823301	0.000100046	0.000125959	0.0001	0.114134	0.000100006	0.999971	0.29739	0.000160782	0.000138382	0.249151	0.095162	0.000100011	0.000201555	0.0001	0.0862628	0.999971	0.158033	0.000100014	0.960145	0.00010003	0.705263	0.128107	0.436281	0.000100044	0.628299	0.0242131	0.999971	0.000100046
81	A	T	ORF	S	NULL	0	0	0	0	0.000161931	0.000420703	0.177901	0.0001	0.547082	0.684416	0.446505	0.117769	0.0288757	0.00033542	0.485314	0.330363	0.000100012	0.00063217	0.317338	0.488096	0.000100009	0.00031669	0.225803	0.447817	0.0263328	0.000269479	0.00010012	0.000313196	0.000237786	0.000309632	0.855585	0.0001	0.172512	0.264562	0.0001	0.750415	0.199854	0.000368772	0.000395239	0.999985	0.224397	0.0001	0.000133348	0.568516	0.000367668	0.437445	0.000124216	0.000252186	0.140162	0.000100192	0.00018252	0.575598	0.0001	0.000100097
82	A	T	ORF	S	NULL	0	0	0	0	0	0	0	0	0	0	0	0	0	0	0	0	0	0	0	0	0	0	0	0	0	0	0	0	0	0	0	0	0	0	0	0	0	0	0	0	0	0	0	0	0	0	0	0	0	0	0	0	0	0
83	A	T	ORF	S	NULL	0	0	0	0	0	0	0	0	0	0	0	0	0	0	0	0	0	0	0	0	0	0	0	0	0	0	0	0	0	0	0	0	0	0	0	0	0	0	0	0	0	0	0	0	0	0	0	0	0	0	0	0	0	0
84	A	T	ORF	S	NULL	0	0	0	0	0.218007	0.795124	0.260212	0.0001	0.103223	0.000100109	0.501981	0.0001	0.411504	0.000100067	0.0001	0.0001	0.73221	0.0001	0.000100004	0.224252	0.688291	0.459017	0.452313	0.0194113	0.185005	0.000100045	0.999968	0.396042	0.0001	0.0001	0.144179	0.0001	0.00010016	0.411392	0.0602177	0.0001	0.0620961	0.000100076	0.430191	0.0001	0.345221	0.0001	0.000100074	0.431094	0.034061	0.186943	0.294086	0.0001	0.196258	0.999968	0.371099	0.000100119	0.0001	0.999968
85	A	T	ORF	S	NULL	0	0	0	0	0	0	0	0	0	0	0	0	0	0	0	0	0	0	0	0	0	0	0	0	0	0	0	0	0	0	0	0	0	0	0	0	0	0	0	0	0	0	0	0	0	0	0	0	0	0	0	0	0	0
86	A	T	ORF	S	NULL	0	0	0	0	0.000157558	0.000247256	0.413607	0.999986	0.125762	0.000321881	0.00024383	0.429817	0.0335521	0.485403	0.514329	0.000324391	0.000183362	0.000144409	0.669388	0.0867838	0.00020599	0.540383	0.15355	0.0505655	0.365376	0.00107547	0.000100024	0.32736	0.999548	0.885434	0.000188828	0.0001	0.000501856	0.000515139	0.000137312	0.000311467	0.0265273	0.768481	0.445507	0.0001	0.226461	0.0001	0.560672	0.000250744	0.00536828	0.000351002	0.000264775	0.871546	0.123781	0.0001	0.000203687	0.0178308	0.0001	0.000100021
87	A	T	ORF	S	NULL	0	0	0	0	0	0	0	0	0	0	0	0	0	0	0	0	0	0	0	0	0	0	0	0	0	0	0	0	0	0	0	0	0	0	0	0	0	0	0	0	0	0	0	0	0	0	0	0	0	0	0	0	0	0
88	A	T	ORF	S	NULL	0	0	0	0	0	0	0	0	0	0	0	0	0	0	0	0	0	0	0	0	0	0	0	0	0	0	0	0	0	0	0	0	0	0	0	0	0	0	0	0	0	0	0	0	0	0	0	0	0	0	0	0	0	0
89	A	T	ORF	S	NULL	0	0	0	0	0.000161931	0.000420703	0.177901	0.0001	0.547082	0.684416	0.446505	0.117769	0.0288757	0.00033542	0.485314	0.330363	0.000100012	0.00063217	0.317338	0.488096	0.000100009	0.00031669	0.225803	0.447817	0.0263328	0.000269479	0.00010012	0.000313196	0.000237786	0.000309632	0.855585	0.0001	0.172512	0.264562	0.0001	0.750415	0.199854	0.000368772	0.000395239	0.999985	0.224397	0.0001	0.000133348	0.568516	0.000367668	0.437445	0.000124216	0.000252186	0.140162	0.000100192	0.00018252	0.575598	0.0001	0.000100097
90	A	T	ORF	S	NULL	0	0	0	0	0	0	0	0	0	0	0	0	0	0	0	0	0	0	0	0	0	0	0	0	0	0	0	0	0	0	0	0	0	0	0	0	0	0	0	0	0	0	0	0	0	0	0	0	0	0	0	0	0	0
91	A	T	ORF	S	NULL	0	0	0	0	0	0	0	0	0	0	0	0	0	0	0	0	0	0	0	0	0	0	0	0	0	0	0	0	0	0	0	0	0	0	0	0	0	0	0	0	0	0	0	0	0	0	0	0	0	0	0	0	0	0
92	A	T	ORF	S	NULL	0	0	0	0	0	0	0	0	0	0	0	0	0	0	0	0	0	0	0	0	0	0	0	0	0	0	0	0	0	0	0	0	0	0	0	0	0	0	0	0	0	0	0	0	0	0	0	0	0	0	0	0	0	0
93	A	T	ORF	S	NULL	0	0	0	0	0	0	0	0	0	0	0	0	0	0	0	0	0	0	0	0	0	0	0	0	0	0	0	0	0	0	0	0	0	0	0	0	0	0	0	0	0	0	0	0	0	0	0	0	0	0	0	0	0	0
94	A	T	ORF	S	NULL	0	0	0	0	0	0	0	0	0	0	0	0	0	0	0	0	0	0	0	0	0	0	0	0	0	0	0	0	0	0	0	0	0	0	0	0	0	0	0	0	0	0	0	0	0	0	0	0	0	0	0	0	0	0
95	A	T	ORF	S	NULL	0	0	0	0	0	0	0	0	0	0	0	0	0	0	0	0	0	0	0	0	0	0	0	0	0	0	0	0	0	0	0	0	0	0	0	0	0	0	0	0	0	0	0	0	0	0	0	0	0	0	0	0	0	0
96	A	T	ORF	S	NULL	0	0	0	0	0	0	0	0	0	0	0	0	0	0	0	0	0	0	0	0	0	0	0	0	0	0	0	0	0	0	0	0	0	0	0	0	0	0	0	0	0	0	0	0	0	0	0	0	0	0	0	0	0	0
97	A	T	ORF	S	NULL	0	0	0	0	0	0	0	0	0	0	0	0	0	0	0	0	0	0	0	0	0	0	0	0	0	0	0	0	0	0	0	0	0	0	0	0	0	0	0	0	0	0	0	0	0	0	0	0	0	0	0	0	0	0
98	A	T	ORF	S	NULL	0	0	0	0	0	0	0	0	0	0	0	0	0	0	0	0	0	0	0	0	0	0	0	0	0	0	0	0	0	0	0	0	0	0	0	0	0	0	0	0	0	0	0	0	0	0	0	0	0	0	0	0	0	0
99	A	T	ORF	S	NULL	0	0	0	0	0	0	0	0	0	0	0	0	0	0	0	0	0	0	0	0	0	0	0	0	0	0	0	0	0	0	0	0	0	0	0	0	0	0	0	0	0	0	0	0	0	0	0	0	0	0	0	0	0	0
100	A	T	ORF	S	NULL	0	0	0	0	0.000157558	0.000247256	0.413607	0.999986	0.125762	0.000321881	0.00024383	0.429817	0.0335521	0.485403	0.514329	0.000324391	0.000183362	0.000144409	0.669388	0.0867838	0.00020599	0.540383	0.15355	0.0505655	0.365376	0.00107547	0.000100024	0.32736	0.999548	0.885434	0.000188828	0.0001	0.000501856	0.000515139	0.000137312	0.000311467	0.0265273	0.768481	0.445507	0.0001	0.226461	0.0001	0.560672	0.000250744	0.00536828	0.000351002	0.000264775	0.871546	0.123781	0.0001	0.000203687	0.0178308	0.0001	0.000100021
