pos	ref	alt	gene	N/S	AA	nSRAsubclonal	nSRAclonal	nSRA	nConsensus	sample0|Earth	sample1|Earth	sample2|Earth	sample3|Earth	sample4|Earth	sample5|Earth	sample6|Earth	sample7|Earth	sample8|Earth	sample9|Earth	sample10|Earth	sample11|Earth	sample12|Earth	sample13|Earth	sample14|Earth	sample15|Earth	sample16|Earth	sample17|Earth	sample18|Earth	sample19|Earth	sample20|Earth	sample21|Earth	sample22|Earth	sample23|Earth	sample24|Earth	sample25|Earth	sample26|Earth	sample27|Earth	sample28|Earth	sample29|Earth	sample30|Earth	sample31|Earth	sample32|Earth	sample33|Earth	sample34|Earth	sample35|Earth	sample36|Earth	sample37|Earth	sample38|Earth	sample39|Earth	sample40|Earth	sample41|Earth	sample42|Earth	sample43|Earth	sample44|Earth	sample45|Earth	sample46|Earth	sample47|Earth	sample48|Earth	sample49|Earth
1	A	T	ORF	S	NULL	0	0	0	0	0	0	0	0	0	0	0	0	0	0	0	0	0	0	0	0	0	0	0	0	0	0	0	0	0	0	0	0	0	0	0	0	0	0	0	0	0	0	0	0	0	0	0	0	0	0	0	0	0	0
2	A	T	ORF	S	NULL	0	0	0	0	0	0	0	0	0	0	0	0	0	0	0	0	0	0	0	0	0	0	0	0	0	0	0	0	0	0	0	0	0	0	0	0	0	0	0	0	0	0	0	0	0	0	0	0	0	0	0	0	0	0
3	A	T	ORF	S	NULL	0	0	0	0	0	0	0	0	0	0	0	0	0	0	0	0	0	0	0	0	0	0	0	0	0	0	0	0	0	0	0	0	0	0	0	0	0	0	0	0	0	0	0	0	0	0	0	0	0	0	0	0	0	0
4	A	T	ORF	S	NULL	0	0	0	0	0	0	0	0	0	0	0	0	0	0	0	0	0	0	0	0	0	0	0	0	0	0	0	0	0	0	0	0	0	0	0	0	0	0	0	0	0	0	0	0	0	0	0	0	0	0	0	0	0	0
5	A	T	ORF	S	NULL	0	0	0	0	0	0	0	0	0	0	0	0	0	0	0	0	0	0	0	0	0	0	0	0	0	0	0	0	0	0	0	0	0	0	0	0	0	0	0	0	0	0	0	0	0	0	0	0	0	0	0	0	0	0
6	A	T	ORF	S	NULL	0	0	0	0	0	0	0	0	0	0	0	0	0	0	0	0	0	0	0	0	0	0	0	0	0	0	0	0	0	0	0	0	0	0	0	0	0	0	0	0	0	0	0	0	0	0	0	0	0	0	0	0	0	0
7	A	T	ORF	S	NULL	0	0	0	0	0	0	0	0	0	0	0	0	0	0	0	0	0	0	0	0	0	0	0	0	0	0	0	0	0	0	0	0	0	0	0	0	0	0	0	0	0	0	0	0	0	0	0	0	0	0	0	0	0	0
8	A	T	ORF	S	NULL	0	0	0	0	0	0	0	0	0	0	0	0	0	0	0	0	0	0	0	0	0	0	0	0	0	0	0	0	0	0	0	0	0	0	0	0	0	0	0	0	0	0	0	0	0	0	0	0	0	0	0	0	0	0
9	A	T	ORF	S	NULL	0	0	0	0	0.218005	0.795114	0.26021	0.0001	0.103225	0.000100009	0.501977	0.0001	0.4115	0.000100005	0.000100001	0.000100001	0.732202	0.0001	0.000100001	0.224252	0.688283	0.459012	0.452311	0.0194139	0.185002	0.000100004	0.999964	0.396037	0.0001	0.0001	0.144185	0.0001	0.000100012	0.411388	0.0602144	0.000100002	0.0620961	0.000100005	0.430186	0.000100001	0.345219	0.0001	0.000100006	0.431091	0.0340623	0.186942	0.294084	0.0001	0.196257	0.999963	0.371096	0.00010001	0.0001	0.999964
10	A	T	ORF	S	NULL	0	0	0	0	0	0	0	0	0	0	0	0	0	0	0	0	0	0	0	0	0	0	0	0	0	0	0	0	0	0	0	0	0	0	0	0	0	0	0	0	0	0	0	0	0	0	0	0	0	0	0	0	0	0
11	A	T	ORF	S	NULL	0	0	0	0	0.000468134	0.204165	0.0510221	0.0001	0.119443	0.315175	0.0511852	0.000214084	0.0716435	0.27022	0.000162346	0.000131205	0.267501	0.0001	0.0131058	0.182479	0.311356	0.000209592	0.00111624	0.134691	0.423195	0.175289	0.0001	0.276161	0.000136515	0.000123154	0.000100002	0.0001	0.529556	0.323372	0.939442	0.000126101	0.61636	0.231106	0.123707	0.000100005	0.117661	0.0001	0.281161	0.000100001	0.0001	0.375193	0.000265179	0.000100053	0.10352	0.0001	0.000218508	0.382359	0.0001	0.0001
12	A	T	ORF	S	NULL	0	0	0	0	0	0	0	0	0	0	0	0	0	0	0	0	0	0	0	0	0	0	0	0	0	0	0	0	0	0	0	0	0	0	0	0	0	0	0	0	0	0	0	0	0	0	0	0	0	0	0	0	0	0
13	A	T	ORF	S	NULL	0	0	0	0	0	0	0	0	0	0	0	0	0	0	0	0	0	0	0	0	0	0	0	0	0	0	0	0	0	0	0	0	0	0	0	0	0	0	0	0	0	0	0	0	0	0	0	0	0	0	0	0	0	0
14	A	T	ORF	S	NULL	0	0	0	0	0	0	0	0	0	0	0	0	0	0	0	0	0	0	0	0	0	0	0	0	0	0	0	0	0	0	0	0	0	0	0	0	0	0	0	0	0	0	0	0	0	0	0	0	0	0	0	0	0	0
15	A	T	ORF	S	NULL	0	0	0	0	0	0	0	0	0	0	0	0	0	0	0	0	0	0	0	0	0	0	0	0	0	0	0	0	0	0	0	0	0	0	0	0	0	0	0	0	0	0	0	0	0	0	0	0	0	0	0	0	0	0
16	A	T	ORF	S	NULL	0	0	0	0	0	0	0	0	0	0	0	0	0	0	0	0	0	0	0	0	0	0	0	0	0	0	0	0	0	0	0	0	0	0	0	0	0	0	0	0	0	0	0	0	0	0	0	0	0	0	0	0	0	0
17	A	T	ORF	S	NULL	0	0	0	0	0	0	0	0	0	0	0	0	0	0	0	0	0	0	0	0	0	0	0	0	0	0	0	0	0	0	0	0	0	0	0	0	0	0	0	0	0	0	0	0	0	0	0	0	0	0	0	0	0	0
18	A	T	ORF	S	NULL	0	0	0	0	0	0	0	0	0	0	0	0	0	0	0	0	0	0	0	0	0	0	0	0	0	0	0	0	0	0	0	0	0	0	0	0	0	0	0	0	0	0	0	0	0	0	0	0	0	0	0	0	0	0
19	A	T	ORF	S	NULL	0	0	0	0	0	0	0	0	0	0	0	0	0	0	0	0	0	0	0	0	0	0	0	0	0	0	0	0	0	0	0	0	0	0	0	0	0	0	0	0	0	0	0	0	0	0	0	0	0	0	0	0	0	0
20	A	T	ORF	S	NULL	0	0	0	0	0	0	0	0	0	0	0	0	0	0	0	0	0	0	0	0	0	0	0	0	0	0	0	0	0	0	0	0	0	0	0	0	0	0	0	0	0	0	0	0	0	0	0	0	0	0	0	0	0	0
21	A	T	ORF	S	NULL	0	0	0	0	0	0	0	0	0	0	0	0	0	0	0	0	0	0	0	0	0	0	0	0	0	0	0	0	0	0	0	0	0	0	0	0	0	0	0	0	0	0	0	0	0	0	0	0	0	0	0	0	0	0
22	A	T	ORF	S	NULL	0	0	0	0	0.781201	0.0001	0.0972618	0.0001	0.104492	0.000100001	0.0001	0.452196	0.454423	0.244039	0.000170739	0.669156	0.0001	0.999105	0.000172733	0.0183928	0.000119012	0.0001	0.167221	0.347516	0.000100108	0.82329	0.0001	0.000126053	0.0001	0.114134	0.0001	0.999955	0.297386	0.000161002	0.000135463	0.249152	0.0951605	0.000100001	0.000202244	0.000100001	0.0862627	0.999955	0.158031	0.0001	0.960134	0.000100002	0.705254	0.128106	0.436276	0.0001	0.628292	0.0242139	0.999955	0.0001
23	A	T	ORF	S	NULL	0	0	0	0	0	0	0	0	0	0	0	0	0	0	0	0	0	0	0	0	0	0	0	0	0	0	0	0	0	0	0	0	0	0	0	0	0	0	0	0	0	0	0	0	0	0	0	0	0	0	0	0	0	0
24	A	T	ORF	S	NULL	0	0	0	0	0	0	0	0	0	0	0	0	0	0	0	0	0	0	0	0	0	0	0	0	0	0	0	0	0	0	0	0	0	0	0	0	0	0	0	0	0	0	0	0	0	0	0	0	0	0	0	0	0	0
25	A	T	ORF	S	NULL	0	0	0	0	0	0	0	0	0	0	0	0	0	0	0	0	0	0	0	0	0	0	0	0	0	0	0	0	0	0	0	0	0	0	0	0	0	0	0	0	0	0	0	0	0	0	0	0	0	0	0	0	0	0
26	A	T	ORF	S	NULL	0	0	0	0	0.218473	0.999279	0.311232	0.0002	0.222668	0.315275	0.553162	0.000314084	0.483143	0.27032	0.000262347	0.000231207	0.999702	0.0002	0.0132058	0.406731	0.999638	0.459222	0.453427	0.154104	0.608197	0.175389	1.00006	0.672198	0.000236515	0.000223154	0.144285	0.0002	0.529656	0.73476	0.999657	0.000226103	0.678456	0.231206	0.553893	0.000200007	0.462879	0.0002	0.281261	0.431191	0.0341623	0.562135	0.294349	0.000200053	0.299777	1.00006	0.371314	0.382459	0.0002	1.00006
27	A	T	ORF	S	NULL	0	0	0	0	0	0	0	0	0	0	0	0	0	0	0	0	0	0	0	0	0	0	0	0	0	0	0	0	0	0	0	0	0	0	0	0	0	0	0	0	0	0	0	0	0	0	0	0	0	0	0	0	0	0
28	A	T	ORF	S	NULL	0	0	0	0	0	0	0	0	0	0	0	0	0	0	0	0	0	0	0	0	0	0	0	0	0	0	0	0	0	0	0	0	0	0	0	0	0	0	0	0	0	0	0	0	0	0	0	0	0	0	0	0	0	0
29	A	T	ORF	S	NULL	0	0	0	0	0	0	0	0	0	0	0	0	0	0	0	0	0	0	0	0	0	0	0	0	0	0	0	0	0	0	0	0	0	0	0	0	0	0	0	0	0	0	0	0	0	0	0	0	0	0	0	0	0	0
30	A	T	ORF	S	NULL	0	0	0	0	0	0	0	0	0	0	0	0	0	0	0	0	0	0	0	0	0	0	0	0	0	0	0	0	0	0	0	0	0	0	0	0	0	0	0	0	0	0	0	0	0	0	0	0	0	0	0	0	0	0
31	A	T	ORF	S	NULL	0	0	0	0	0	0	0	0	0	0	0	0	0	0	0	0	0	0	0	0	0	0	0	0	0	0	0	0	0	0	0	0	0	0	0	0	0	0	0	0	0	0	0	0	0	0	0	0	0	0	0	0	0	0
32	A	T	ORF	S	NULL	0	0	0	0	0	0	0	0	0	0	0	0	0	0	0	0	0	0	0	0	0	0	0	0	0	0	0	0	0	0	0	0	0	0	0	0	0	0	0	0	0	0	0	0	0	0	0	0	0	0	0	0	0	0
33	A	T	ORF	S	NULL	0	0	0	0	0	0	0	0	0	0	0	0	0	0	0	0	0	0	0	0	0	0	0	0	0	0	0	0	0	0	0	0	0	0	0	0	0	0	0	0	0	0	0	0	0	0	0	0	0	0	0	0	0	0
34	A	T	ORF	S	NULL	0	0	0	0	0.999674	0.999379	0.408494	0.0003	0.32716	0.315375	0.553262	0.45251	0.937566	0.51436	0.000433086	0.669387	0.999802	0.999305	0.0133785	0.425124	0.999757	0.459322	0.620648	0.50162	0.608297	0.998679	1.00016	0.672324	0.000336515	0.114357	0.144385	1.00015	0.827042	0.734921	0.999792	0.249378	0.773616	0.231306	0.554095	0.000300008	0.549142	1.00015	0.439292	0.431291	0.994296	0.562235	0.999604	0.128306	0.736053	1.00016	0.999606	0.406673	1.00015	1.00016
35	A	T	ORF	S	NULL	0	0	0	0	0	0	0	0	0	0	0	0	0	0	0	0	0	0	0	0	0	0	0	0	0	0	0	0	0	0	0	0	0	0	0	0	0	0	0	0	0	0	0	0	0	0	0	0	0	0	0	0	0	0
36	A	T	ORF	S	NULL	0	0	0	0	0	0	0	0	0	0	0	0	0	0	0	0	0	0	0	0	0	0	0	0	0	0	0	0	0	0	0	0	0	0	0	0	0	0	0	0	0	0	0	0	0	0	0	0	0	0	0	0	0	0
37	A	T	ORF	S	NULL	0	0	0	0	0	0	0	0	0	0	0	0	0	0	0	0	0	0	0	0	0	0	0	0	0	0	0	0	0	0	0	0	0	0	0	0	0	0	0	0	0	0	0	0	0	0	0	0	0	0	0	0	0	0
38	A	T	ORF	S	NULL	0	0	0	0	0.000468134	0.204165	0.0510221	0.0001	0.119443	0.315175	0.0511852	0.000214084	0.0716435	0.27022	0.000162346	0.000131205	0.267501	0.0001	0.0131058	0.182479	0.311356	0.000209592	0.00111624	0.134691	0.423195	0.175289	0.0001	0.276161	0.000136515	0.000123154	0.000100002	0.0001	0.529556	0.323372	0.939442	0.000126101	0.61636	0.231106	0.123707	0.000100005	0.117661	0.0001	0.281161	0.000100001	0.0001	0.375193	0.000265179	0.000100053	0.10352	0.0001	0.000218508	0.382359	0.0001	0.0001
39	A	T	ORF	S	NULL	0	0	0	0	0	0	0	0	0	0	0	0	0	0	0	0	0	0	0	0	0	0	0	0	0	0	0	0	0	0	0	0	0	0	0	0	0	0	0	0	0	0	0	0	0	0	0	0	0	0	0	0	0	0
40	A	T	ORF	S	NULL	0	0	0	0	0	0	0	0	0	0	0	0	0	0	0	0	0	0	0	0	0	0	0	0	0	0	0	0	0	0	0	0	0	0	0	0	0	0	0	0	0	0	0	0	0	0	0	0	0	0	0	0	0	0
41	A	T	ORF	S	NULL	0	0	0	0	0.781201	0.0001	0.0972618	0.0001	0.104492	0.000100001	0.0001	0.452196	0.454423	0.244039	0.000170739	0.669156	0.0001	0.999105	0.000172733	0.0183928	0.000119012	0.0001	0.167221	0.347516	0.000100108	0.82329	0.0001	0.000126053	0.0001	0.114134	0.0001	0.999955	0.297386	0.000161002	0.000135463	0.249152	0.0951605	0.000100001	0.000202244	0.000100001	0.0862627	0.999955	0.158031	0.0001	0.960134	0.000100002	0.705254	0.128106	0.436276	0.0001	0.628292	0.0242139	0.999955	0.0001
42	A	T	ORF	S	NULL	0	0	0	0	0.218171	0.795537	0.438109	0.0002	0.650299	0.684505	0.94848	0.117872	0.440379	0.00043905	0.485404	0.330459	0.732302	0.000738295	0.317434	0.71234	0.688383	0.459332	0.678112	0.467224	0.211337	0.000371459	1.00006	0.396354	0.000341057	0.000412352	0.999754	0.0002	0.172611	0.675948	0.0603144	0.750503	0.261949	0.000471594	0.430585	1.00007	0.569614	0.0002	0.000234858	0.999596	0.0344341	0.624383	0.294212	0.000353066	0.336421	1.00006	0.371283	0.575689	0.0002	1.00006
43	A	T	ORF	S	NULL	0	0	0	0	0	0	0	0	0	0	0	0	0	0	0	0	0	0	0	0	0	0	0	0	0	0	0	0	0	0	0	0	0	0	0	0	0	0	0	0	0	0	0	0	0	0	0	0	0	0	0	0	0	0
44	A	T	ORF	S	NULL	0	0	0	0	0.218005	0.795114	0.26021	0.0001	0.103225	0.000100009	0.501977	0.0001	0.4115	0.000100005	0.000100001	0.000100001	0.732202	0.0001	0.000100001	0.224252	0.688283	0.459012	0.452311	0.0194139	0.185002	0.000100004	0.999964	0.396037	0.0001	0.0001	0.144185	0.0001	0.000100012	0.411388	0.0602144	0.000100002	0.0620961	0.000100005	0.430186	0.000100001	0.345219	0.0001	0.000100006	0.431091	0.0340623	0.186942	0.294084	0.0001	0.196257	0.999963	0.371096	0.00010001	0.0001	0.999964
45	A	T	ORF	S	NULL	0	0	0	0	0	0	0	0	0	0	0	0	0	0	0	0	0	0	0	0	0	0	0	0	0	0	0	0	0	0	0	0	0	0	0	0	0	0	0	0	0	0	0	0	0	0	0	0	0	0	0	0	0	0
46	A	T	ORF	S	NULL	0	0	0	0	0	0	0	0	0	0	0	0	0	0	0	0	0	0	0	0	0	0	0	0	0	0	0	0	0	0	0	0	0	0	0	0	0	0	0	0	0	0	0	0	0	0	0	0	0	0	0	0	0	0
47	A	T	ORF	S	NULL	0	0	0	0	0	0	0	0	0	0	0	0	0	0	0	0	0	0	0	0	0	0	0	0	0	0	0	0	0	0	0	0	0	0	0	0	0	0	0	0	0	0	0	0	0	0	0	0	0	0	0	0	0	0
48	A	T	ORF	S	NULL	0	0	0	0	0	0	0	0	0	0	0	0	0	0	0	0	0	0	0	0	0	0	0	0	0	0	0	0	0	0	0	0	0	0	0	0	0	0	0	0	0	0	0	0	0	0	0	0	0	0	0	0	0	0
49	A	T	ORF	S	NULL	0	0	0	0	0	0	0	0	0	0	0	0	0	0	0	0	0	0	0	0	0	0	0	0	0	0	0	0	0	0	0	0	0	0	0	0	0	0	0	0	0	0	0	0	0	0	0	0	0	0	0	0	0	0
50	A	T	ORF	S	NULL	0	0	0	0	0	0	0	0	0	0	0	0	0	0	0	0	0	0	0	0	0	0	0	0	0	0	0	0	0	0	0	0	0	0	0	0	0	0	0	0	0	0	0	0	0	0	0	0	0	0	0	0	0	0
51	A	T	ORF	S	NULL	0	0	0	0	0	0	0	0	0	0	0	0	0	0	0	0	0	0	0	0	0	0	0	0	0	0	0	0	0	0	0	0	0	0	0	0	0	0	0	0	0	0	0	0	0	0	0	0	0	0	0	0	0	0
52	A	T	ORF	S	NULL	0	0	0	0	0	0	0	0	0	0	0	0	0	0	0	0	0	0	0	0	0	0	0	0	0	0	0	0	0	0	0	0	0	0	0	0	0	0	0	0	0	0	0	0	0	0	0	0	0	0	0	0	0	0
53	A	T	ORF	S	NULL	0	0	0	0	0	0	0	0	0	0	0	0	0	0	0	0	0	0	0	0	0	0	0	0	0	0	0	0	0	0	0	0	0	0	0	0	0	0	0	0	0	0	0	0	0	0	0	0	0	0	0	0	0	0
54	A	T	ORF	S	NULL	0	0	0	0	0	0	0	0	0	0	0	0	0	0	0	0	0	0	0	0	0	0	0	0	0	0	0	0	0	0	0	0	0	0	0	0	0	0	0	0	0	0	0	0	0	0	0	0	0	0	0	0	0	0
55	A	T	ORF	S	NULL	0	0	0	0	0	0	0	0	0	0	0	0	0	0	0	0	0	0	0	0	0	0	0	0	0	0	0	0	0	0	0	0	0	0	0	0	0	0	0	0	0	0	0	0	0	0	0	0	0	0	0	0	0	0
56	A	T	ORF	S	NULL	0	0	0	0	0	0	0	0	0	0	0	0	0	0	0	0	0	0	0	0	0	0	0	0	0	0	0	0	0	0	0	0	0	0	0	0	0	0	0	0	0	0	0	0	0	0	0	0	0	0	0	0	0	0
57	A	T	ORF	S	NULL	0	0	0	0	0	0	0	0	0	0	0	0	0	0	0	0	0	0	0	0	0	0	0	0	0	0	0	0	0	0	0	0	0	0	0	0	0	0	0	0	0	0	0	0	0	0	0	0	0	0	0	0	0	0
58	A	T	ORF	S	NULL	0	0	0	0	0	0	0	0	0	0	0	0	0	0	0	0	0	0	0	0	0	0	0	0	0	0	0	0	0	0	0	0	0	0	0	0	0	0	0	0	0	0	0	0	0	0	0	0	0	0	0	0	0	0
59	A	T	ORF	S	NULL	0	0	0	0	0	0	0	0	0	0	0	0	0	0	0	0	0	0	0	0	0	0	0	0	0	0	0	0	0	0	0	0	0	0	0	0	0	0	0	0	0	0	0	0	0	0	0	0	0	0	0	0	0	0
60	A	T	ORF	S	NULL	0	0	0	0	0	0	0	0	0	0	0	0	0	0	0	0	0	0	0	0	0	0	0	0	0	0	0	0	0	0	0	0	0	0	0	0	0	0	0	0	0	0	0	0	0	0	0	0	0	0	0	0	0	0
61	A	T	ORF	S	NULL	0	0	0	0	0	0	0	0	0	0	0	0	0	0	0	0	0	0	0	0	0	0	0	0	0	0	0	0	0	0	0	0	0	0	0	0	0	0	0	0	0	0	0	0	0	0	0	0	0	0	0	0	0	0
62	A	T	ORF	S	NULL	0	0	0	0	0	0	0	0	0	0	0	0	0	0	0	0	0	0	0	0	0	0	0	0	0	0	0	0	0	0	0	0	0	0	0	0	0	0	0	0	0	0	0	0	0	0	0	0	0	0	0	0	0	0
63	A	T	ORF	S	NULL	0	0	0	0	0.218005	0.795114	0.26021	0.0001	0.103225	0.000100009	0.501977	0.0001	0.4115	0.000100005	0.000100001	0.000100001	0.732202	0.0001	0.000100001	0.224252	0.688283	0.459012	0.452311	0.0194139	0.185002	0.000100004	0.999964	0.396037	0.0001	0.0001	0.144185	0.0001	0.000100012	0.411388	0.0602144	0.000100002	0.0620961	0.000100005	0.430186	0.000100001	0.345219	0.0001	0.000100006	0.431091	0.0340623	0.186942	0.294084	0.0001	0.196257	0.999963	0.371096	0.00010001	0.0001	0.999964
64	A	T	ORF	S	NULL	0	0	0	0	0	0	0	0	0	0	0	0	0	0	0	0	0	0	0	0	0	0	0	0	0	0	0	0	0	0	0	0	0	0	0	0	0	0	0	0	0	0	0	0	0	0	0	0	0	0	0	0	0	0
65	A	T	ORF	S	NULL	0	0	0	0	0	0	0	0	0	0	0	0	0	0	0	0	0	0	0	0	0	0	0	0	0	0	0	0	0	0	0	0	0	0	0	0	0	0	0	0	0	0	0	0	0	0	0	0	0	0	0	0	0	0
66	A	T	ORF	S	NULL	0	0	0	0	0	0	0	0	0	0	0	0	0	0	0	0	0	0	0	0	0	0	0	0	0	0	0	0	0	0	0	0	0	0	0	0	0	0	0	0	0	0	0	0	0	0	0	0	0	0	0	0	0	0
67	A	T	ORF	S	NULL	0	0	0	0	0	0	0	0	0	0	0	0	0	0	0	0	0	0	0	0	0	0	0	0	0	0	0	0	0	0	0	0	0	0	0	0	0	0	0	0	0	0	0	0	0	0	0	0	0	0	0	0	0	0
68	A	T	ORF	S	NULL	0	0	0	0	0	0	0	0	0	0	0	0	0	0	0	0	0	0	0	0	0	0	0	0	0	0	0	0	0	0	0	0	0	0	0	0	0	0	0	0	0	0	0	0	0	0	0	0	0	0	0	0	0	0
69	A	T	ORF	S	NULL	0	0	0	0	0	0	0	0	0	0	0	0	0	0	0	0	0	0	0	0	0	0	0	0	0	0	0	0	0	0	0	0	0	0	0	0	0	0	0	0	0	0	0	0	0	0	0	0	0	0	0	0	0	0
70	A	T	ORF	S	NULL	0	0	0	0	0.781201	0.0001	0.0972618	0.0001	0.104492	0.000100001	0.0001	0.452196	0.454423	0.244039	0.000170739	0.669156	0.0001	0.999105	0.000172733	0.0183928	0.000119012	0.0001	0.167221	0.347516	0.000100108	0.82329	0.0001	0.000126053	0.0001	0.114134	0.0001	0.999955	0.297386	0.000161002	0.000135463	0.249152	0.0951605	0.000100001	0.000202244	0.000100001	0.0862627	0.999955	0.158031	0.0001	0.960134	0.000100002	0.705254	0.128106	0.436276	0.0001	0.628292	0.0242139	0.999955	0.0001
71	A	T	ORF	S	NULL	0	0	0	0	0	0	0	0	0	0	0	0	0	0	0	0	0	0	0	0	0	0	0	0	0	0	0	0	0	0	0	0	0	0	0	0	0	0	0	0	0	0	0	0	0	0	0	0	0	0	0	0	0	0
72	A	T	ORF	S	NULL	0	0	0	0	0	0	0	0	0	0	0	0	0	0	0	0	0	0	0	0	0	0	0	0	0	0	0	0	0	0	0	0	0	0	0	0	0	0	0	0	0	0	0	0	0	0	0	0	0	0	0	0	0	0
73	A	T	ORF	S	NULL	0	0	0	0	0.000468134	0.204165	0.0510221	0.0001	0.119443	0.315175	0.0511852	0.000214084	0.0716435	0.27022	0.000162346	0.000131205	0.267501	0.0001	0.0131058	0.182479	0.311356	0.000209592	0.00111624	0.134691	0.423195	0.175289	0.0001	0.276161	0.000136515	0.000123154	0.000100002	0.0001	0.529556	0.323372	0.939442	0.000126101	0.61636	0.231106	0.123707	0.000100005	0.117661	0.0001	0.281161	0.000100001	0.0001	0.375193	0.000265179	0.000100053	0.10352	0.0001	0.000218508	0.382359	0.0001	0.0001
74	A	T	ORF	S	NULL	0	0	0	0	0	0	0	0	0	0	0	0	0	0	0	0	0	0	0	0	0	0	0	0	0	0	0	0	0	0	0	0	0	0	0	0	0	0	0	0	0	0	0	0	0	0	0	0	0	0	0	0	0	0
75	A	T	ORF	S	NULL	0	0	0	0	0.000160474	0.000249077	0.413607	0.999987	0.125767	0.000328007	0.0002463	0.429818	0.0335548	0.485401	0.514329	0.00032968	0.000185327	0.000146471	0.669387	0.086788	0.000207773	0.540381	0.153552	0.05057	0.365375	0.00108166	0.0001	0.327359	0.999541	0.88543	0.000195817	0.0001	0.000505542	0.000519122	0.000138581	0.000318584	0.0265307	0.768477	0.445506	0.000100006	0.226462	0.0001	0.560673	0.000257876	0.00537232	0.000354729	0.000268837	0.871546	0.123783	0.0001	0.00020681	0.017838	0.0001	0.0001
76	A	T	ORF	S	NULL	0	0	0	0	0	0	0	0	0	0	0	0	0	0	0	0	0	0	0	0	0	0	0	0	0	0	0	0	0	0	0	0	0	0	0	0	0	0	0	0	0	0	0	0	0	0	0	0	0	0	0	0	0	0
77	A	T	ORF	S	NULL	0	0	0	0	0	0	0	0	0	0	0	0	0	0	0	0	0	0	0	0	0	0	0	0	0	0	0	0	0	0	0	0	0	0	0	0	0	0	0	0	0	0	0	0	0	0	0	0	0	0	0	0	0	0
78	A	T	ORF	S	NULL	0	0	0	0	0.781201	0.0001	0.0972618	0.0001	0.104492	0.000100001	0.0001	0.452196	0.454423	0.244039	0.000170739	0.669156	0.0001	0.999105	0.000172733	0.0183928	0.000119012	0.0001	0.167221	0.347516	0.000100108	0.82329	0.0001	0.000126053	0.0001	0.114134	0.0001	0.999955	0.297386	0.000161002	0.000135463	0.249152	0.0951605	0.000100001	0.000202244	0.000100001	0.0862627	0.999955	0.158031	0.0001	0.960134	0.000100002	0.705254	0.128106	0.436276	0.0001	0.628292	0.0242139	0.999955	0.0001
79	A	T	ORF	S	NULL	0	0	0	0	0	0	0	0	0	0	0	0	0	0	0	0	0	0	0	0	0	0	0	0	0	0	0	0	0	0	0	0	0	0	0	0	0	0	0	0	0	0	0	0	0	0	0	0	0	0	0	0	0	0
80	A	T	ORF	S	NULL	0	0	0	0	0.781201	0.0001	0.0972618	0.0001	0.104492	0.000100001	0.0001	0.452196	0.454423	0.244039	0.000170739	0.669156	0.0001	0.999105	0.000172733	0.0183928	0.000119012	0.0001	0.167221	0.347516	0.000100108	0.82329	0.0001	0.000126053	0.0001	0.114134	0.0001	0.999955	0.297386	0.000161002	0.000135463	0.249152	0.0951605	0.000100001	0.000202244	0.000100001	0.0862627	0.999955	0.158031	0.0001	0.960134	0.000100002	0.705254	0.128106	0.436276	0.0001	0.628292	0.0242139	0.999955	0.0001
81	A	T	ORF	S	NULL	0	0	0	0	0.000165608	0.000423385	0.177899	0.0001	0.547074	0.684405	0.446503	0.117772	0.0288789	0.000339045	0.485304	0.330359	0.0001	0.000638295	0.317334	0.488088	0.0001	0.000320177	0.225801	0.44781	0.0263349	0.000271455	0.000100001	0.00031643	0.000241057	0.000312352	0.855568	0.0001	0.172511	0.26456	0.0001	0.750403	0.199853	0.000371589	0.000398694	0.999973	0.224396	0.0001	0.000134853	0.568505	0.000371759	0.437441	0.000127616	0.000253066	0.140164	0.000100001	0.000186736	0.575589	0.0001	0.000100001
82	A	T	ORF	S	NULL	0	0	0	0	0	0	0	0	0	0	0	0	0	0	0	0	0	0	0	0	0	0	0	0	0	0	0	0	0	0	0	0	0	0	0	0	0	0	0	0	0	0	0	0	0	0	0	0	0	0	0	0	0	0
83	A	T	ORF	S	NULL	0	0	0	0	0	0	0	0	0	0	0	0	0	0	0	0	0	0	0	0	0	0	0	0	0	0	0	0	0	0	0	0	0	0	0	0	0	0	0	0	0	0	0	0	0	0	0	0	0	0	0	0	0	0
84	A	T	ORF	S	NULL	0	0	0	0	0.218005	0.795114	0.26021	0.0001	0.103225	0.000100009	0.501977	0.0001	0.4115	0.000100005	0.000100001	0.000100001	0.732202	0.0001	0.000100001	0.224252	0.688283	0.459012	0.452311	0.0194139	0.185002	0.000100004	0.999964	0.396037	0.0001	0.0001	0.144185	0.0001	0.000100012	0.411388	0.0602144	0.000100002	0.0620961	0.000100005	0.430186	0.000100001	0.345219	0.0001	0.000100006	0.431091	0.0340623	0.186942	0.294084	0.0001	0.196257	0.999963	0.371096	0.00010001	0.0001	0.999964
85	A	T	ORF	S	NULL	0	0	0	0	0	0	0	0	0	0	0	0	0	0	0	0	0	0	0	0	0	0	0	0	0	0	0	0	0	0	0	0	0	0	0	0	0	0	0	0	0	0	0	0	0	0	0	0	0	0	0	0	0	0
86	A	T	ORF	S	NULL	0	0	0	0	0.000160474	0.000249077	0.413607	0.999987	0.125767	0.000328007	0.0002463	0.429818	0.0335548	0.485401	0.514329	0.00032968	0.000185327	0.000146471	0.669387	0.086788	0.000207773	0.540381	0.153552	0.05057	0.365375	0.00108166	0.0001	0.327359	0.999541	0.88543	0.000195817	0.0001	0.000505542	0.000519122	0.000138581	0.000318584	0.0265307	0.768477	0.445506	0.000100006	0.226462	0.0001	0.560673	0.000257876	0.00537232	0.000354729	0.000268837	0.871546	0.123783	0.0001	0.00020681	0.017838	0.0001	0.0001
87	A	T	ORF	S	NULL	0	0	0	0	0	0	0	0	0	0	0	0	0	0	0	0	0	0	0	0	0	0	0	0	0	0	0	0	0	0	0	0	0	0	0	0	0	0	0	0	0	0	0	0	0	0	0	0	0	0	0	0	0	0
88	A	T	ORF	S	NULL	0	0	0	0	0	0	0	0	0	0	0	0	0	0	0	0	0	0	0	0	0	0	0	0	0	0	0	0	0	0	0	0	0	0	0	0	0	0	0	0	0	0	0	0	0	0	0	0	0	0	0	0	0	0
89	A	T	ORF	S	NULL	0	0	0	0	0.000165608	0.000423385	0.177899	0.0001	0.547074	0.684405	0.446503	0.117772	0.0288789	0.000339045	0.485304	0.330359	0.0001	0.000638295	0.317334	0.488088	0.0001	0.000320177	0.225801	0.44781	0.0263349	0.000271455	0.000100001	0.00031643	0.000241057	0.000312352	0.855568	0.0001	0.172511	0.26456	0.0001	0.750403	0.199853	0.000371589	0.000398694	0.999973	0.224396	0.0001	0.000134853	0.568505	0.000371759	0.437441	0.000127616	0.000253066	0.140164	0.000100001	0.000186736	0.575589	0.0001	0.000100001
90	A	T	ORF	S	NULL	0	0	0	0	0	0	0	0	0	0	0	0	0	0	0	0	0	0	0	0	0	0	0	0	0	0	0	0	0	0	0	0	0	0	0	0	0	0	0	0	0	0	0	0	0	0	0	0	0	0	0	0	0	0
91	A	T	ORF	S	NULL	0	0	0	0	0	0	0	0	0	0	0	0	0	0	0	0	0	0	0	0	0	0	0	0	0	0	0	0	0	0	0	0	0	0	0	0	0	0	0	0	0	0	0	0	0	0	0	0	0	0	0	0	0	0
92	A	T	ORF	S	NULL	0	0	0	0	0	0	0	0	0	0	0	0	0	0	0	0	0	0	0	0	0	0	0	0	0	0	0	0	0	0	0	0	0	0	0	0	0	0	0	0	0	0	0	0	0	0	0	0	0	0	0	0	0	0
93	A	T	ORF	S	NULL	0	0	0	0	0	0	0	0	0	0	0	0	0	0	0	0	0	0	0	0	0	0	0	0	0	0	0	0	0	0	0	0	0	0	0	0	0	0	0	0	0	0	0	0	0	0	0	0	0	0	0	0	0	0
94	A	T	ORF	S	NULL	0	0	0	0	0	0	0	0	0	0	0	0	0	0	0	0	0	0	0	0	0	0	0	0	0	0	0	0	0	0	0	0	0	0	0	0	0	0	0	0	0	0	0	0	0	0	0	0	0	0	0	0	0	0
95	A	T	ORF	S	NULL	0	0	0	0	0	0	0	0	0	0	0	0	0	0	0	0	0	0	0	0	0	0	0	0	0	0	0	0	0	0	0	0	0	0	0	0	0	0	0	0	0	0	0	0	0	0	0	0	0	0	0	0	0	0
96	A	T	ORF	S	NULL	0	0	0	0	0	0	0	0	0	0	0	0	0	0	0	0	0	0	0	0	0	0	0	0	0	0	0	0	0	0	0	0	0	0	0	0	0	0	0	0	0	0	0	0	0	0	0	0	0	0	0	0	0	0
97	A	T	ORF	S	NULL	0	0	0	0	0	0	0	0	0	0	0	0	0	0	0	0	0	0	0	0	0	0	0	0	0	0	0	0	0	0	0	0	0	0	0	0	0	0	0	0	0	0	0	0	0	0	0	0	0	0	0	0	0	0
98	A	T	ORF	S	NULL	0	0	0	0	0	0	0	0	0	0	0	0	0	0	0	0	0	0	0	0	0	0	0	0	0	0	0	0	0	0	0	0	0	0	0	0	0	0	0	0	0	0	0	0	0	0	0	0	0	0	0	0	0	0
99	A	T	ORF	S	NULL	0	0	0	0	0	0	0	0	0	0	0	0	0	0	0	0	0	0	0	0	0	0	0	0	0	0	0	0	0	0	0	0	0	0	0	0	0	0	0	0	0	0	0	0	0	0	0	0	0	0	0	0	0	0
100	A	T	ORF	S	NULL	0	0	0	0	0.000160474	0.000249077	0.413607	0.999987	0.125767	0.000328007	0.0002463	0.429818	0.0335548	0.485401	0.514329	0.00032968	0.000185327	0.000146471	0.669387	0.086788	0.000207773	0.540381	0.153552	0.05057	0.365375	0.00108166	0.0001	0.327359	0.999541	0.88543	0.000195817	0.0001	0.000505542	0.000519122	0.000138581	0.000318584	0.0265307	0.768477	0.445506	0.000100006	0.226462	0.0001	0.560673	0.000257876	0.00537232	0.000354729	0.000268837	0.871546	0.123783	0.0001	0.00020681	0.017838	0.0001	0.0001
