pos	ref	alt	gene	N/S	AA	nSRAsubclonal	nSRAclonal	nSRA	nConsensus	sample0|Earth	sample1|Earth	sample2|Earth	sample3|Earth	sample4|Earth	sample5|Earth	sample6|Earth	sample7|Earth	sample8|Earth	sample9|Earth	sample10|Earth	sample11|Earth	sample12|Earth	sample13|Earth	sample14|Earth	sample15|Earth	sample16|Earth	sample17|Earth	sample18|Earth	sample19|Earth	sample20|Earth	sample21|Earth	sample22|Earth	sample23|Earth	sample24|Earth	sample25|Earth	sample26|Earth	sample27|Earth	sample28|Earth	sample29|Earth	sample30|Earth	sample31|Earth	sample32|Earth	sample33|Earth	sample34|Earth	sample35|Earth	sample36|Earth	sample37|Earth	sample38|Earth	sample39|Earth	sample40|Earth	sample41|Earth	sample42|Earth	sample43|Earth	sample44|Earth	sample45|Earth	sample46|Earth	sample47|Earth	sample48|Earth	sample49|Earth
1	A	T	ORF	S	NULL	0	0	0	0	0.16991	0.298919	0.0001	0.0001	0.0001	0.445928	0.0001	0.0001	0.0001	0.0001	0.334236	0.555935	0.0001	0.0001	0.0001	0.0001	0.0001	0.0001	0.999933	0.881956	0.728946	0.0001	0.0196872	0.448928	0.0649041	0.999933	0.0001	0.0001	0.0001	0.0449028	0.0001	0.0001	0.0001	0.0001	0.999933	0.0001	0.184912	0.0001	0.742947	0.0839052	0.0001	0.0001	0.0001	0.0001	0.31792	0.0001	0.0001	0.0001	0.380924	0.0001
2	A	T	ORF	S	NULL	0	0	0	0	0.0375393	0.0897188	0.183555	0.0001	0.0001	0.0948491	0.0001	0.0130135	0.401495	0.0839328	0.0356593	0.141916	0.167666	0.141745	0.162919	0.0001	0.0001	0.0001	0.0001	0.0001	0.0001	0.0471788	0.0001	0.0001	0.0001	0.0001	0.0001	0.0001	0.0001	0.00149737	0.0001	0.0706445	0.0257958	0.0360852	0.0001	0.0314113	0.0001	0.364942	0.0001	0.0001	0.0590855	0.41911	0.999925	0.0001	0.0188044	0.0001	0.0001	0.0001	0.0001	0.0001
3	A	T	ORF	S	NULL	0	0	0	0	0	0	0	0	0	0	0	0	0	0	0	0	0	0	0	0	0	0	0	0	0	0	0	0	0	0	0	0	0	0	0	0	0	0	0	0	0	0	0	0	0	0	0	0	0	0	0	0	0	0
4	A	T	ORF	S	NULL	0	0	0	0	0	0	0	0	0	0	0	0	0	0	0	0	0	0	0	0	0	0	0	0	0	0	0	0	0	0	0	0	0	0	0	0	0	0	0	0	0	0	0	0	0	0	0	0	0	0	0	0	0	0
5	A	T	ORF	S	NULL	0	0	0	0	0	0	0	0	0	0	0	0	0	0	0	0	0	0	0	0	0	0	0	0	0	0	0	0	0	0	0	0	0	0	0	0	0	0	0	0	0	0	0	0	0	0	0	0	0	0	0	0	0	0
6	A	T	ORF	S	NULL	0	0	0	0	0.0375393	0.0897188	0.183555	0.0001	0.0001	0.0948491	0.0001	0.0130135	0.401495	0.0839328	0.0356593	0.141916	0.167666	0.141745	0.162919	0.0001	0.0001	0.0001	0.0001	0.0001	0.0001	0.0471788	0.0001	0.0001	0.0001	0.0001	0.0001	0.0001	0.0001	0.00149737	0.0001	0.0706445	0.0257958	0.0360852	0.0001	0.0314113	0.0001	0.364942	0.0001	0.0001	0.0590855	0.41911	0.999925	0.0001	0.0188044	0.0001	0.0001	0.0001	0.0001	0.0001
7	A	T	ORF	S	NULL	0	0	0	0	0	0	0	0	0	0	0	0	0	0	0	0	0	0	0	0	0	0	0	0	0	0	0	0	0	0	0	0	0	0	0	0	0	0	0	0	0	0	0	0	0	0	0	0	0	0	0	0	0	0
8	A	T	ORF	S	NULL	0	0	0	0	0	0	0	0	0	0	0	0	0	0	0	0	0	0	0	0	0	0	0	0	0	0	0	0	0	0	0	0	0	0	0	0	0	0	0	0	0	0	0	0	0	0	0	0	0	0	0	0	0	0
9	A	T	ORF	S	NULL	0	0	0	0	0	0	0	0	0	0	0	0	0	0	0	0	0	0	0	0	0	0	0	0	0	0	0	0	0	0	0	0	0	0	0	0	0	0	0	0	0	0	0	0	0	0	0	0	0	0	0	0	0	0
10	A	T	ORF	S	NULL	0	0	0	0	0	0	0	0	0	0	0	0	0	0	0	0	0	0	0	0	0	0	0	0	0	0	0	0	0	0	0	0	0	0	0	0	0	0	0	0	0	0	0	0	0	0	0	0	0	0	0	0	0	0
11	A	T	ORF	S	NULL	0	0	0	0	0.0465403	0.0001	0.014713	0.0269508	0.238693	0.0137115	0.0990433	0.882754	0.193409	0.109643	0.22475	0.0001	0.0981312	0.0001	0.539955	0.0001	0.498949	0.0001	0.0001	0.0001	0.0001	0.138023	0.143553	0.0879532	0.145915	0.0001	0.277542	0.0001	0.0001	0.00104551	0.0001	0.0727038	0.358418	0.197385	0.0001	0.481635	0.412743	0.516953	0.0001	0.0001	0.0408966	0.000100106	0.0001	0.0001	0.00549486	0.0001	0.0001	0.0001	0.0001	0.152783
12	A	T	ORF	S	NULL	0	0	0	0	0	0	0	0	0	0	0	0	0	0	0	0	0	0	0	0	0	0	0	0	0	0	0	0	0	0	0	0	0	0	0	0	0	0	0	0	0	0	0	0	0	0	0	0	0	0	0	0	0	0
13	A	T	ORF	S	NULL	0	0	0	0	0	0	0	0	0	0	0	0	0	0	0	0	0	0	0	0	0	0	0	0	0	0	0	0	0	0	0	0	0	0	0	0	0	0	0	0	0	0	0	0	0	0	0	0	0	0	0	0	0	0
14	A	T	ORF	S	NULL	0	0	0	0	0	0	0	0	0	0	0	0	0	0	0	0	0	0	0	0	0	0	0	0	0	0	0	0	0	0	0	0	0	0	0	0	0	0	0	0	0	0	0	0	0	0	0	0	0	0	0	0	0	0
15	A	T	ORF	S	NULL	0	0	0	0	0	0	0	0	0	0	0	0	0	0	0	0	0	0	0	0	0	0	0	0	0	0	0	0	0	0	0	0	0	0	0	0	0	0	0	0	0	0	0	0	0	0	0	0	0	0	0	0	0	0
16	A	T	ORF	S	NULL	0	0	0	0	0	0	0	0	0	0	0	0	0	0	0	0	0	0	0	0	0	0	0	0	0	0	0	0	0	0	0	0	0	0	0	0	0	0	0	0	0	0	0	0	0	0	0	0	0	0	0	0	0	0
17	A	T	ORF	S	NULL	0	0	0	0	0.0375393	0.0897188	0.183555	0.0001	0.0001	0.0948491	0.0001	0.0130135	0.401495	0.0839328	0.0356593	0.141916	0.167666	0.141745	0.162919	0.0001	0.0001	0.0001	0.0001	0.0001	0.0001	0.0471788	0.0001	0.0001	0.0001	0.0001	0.0001	0.0001	0.0001	0.00149737	0.0001	0.0706445	0.0257958	0.0360852	0.0001	0.0314113	0.0001	0.364942	0.0001	0.0001	0.0590855	0.41911	0.999925	0.0001	0.0188044	0.0001	0.0001	0.0001	0.0001	0.0001
18	A	T	ORF	S	NULL	0	0	0	0	0	0	0	0	0	0	0	0	0	0	0	0	0	0	0	0	0	0	0	0	0	0	0	0	0	0	0	0	0	0	0	0	0	0	0	0	0	0	0	0	0	0	0	0	0	0	0	0	0	0
19	A	T	ORF	S	NULL	0	0	0	0	0	0	0	0	0	0	0	0	0	0	0	0	0	0	0	0	0	0	0	0	0	0	0	0	0	0	0	0	0	0	0	0	0	0	0	0	0	0	0	0	0	0	0	0	0	0	0	0	0	0
20	A	T	ORF	S	NULL	0	0	0	0	0	0	0	0	0	0	0	0	0	0	0	0	0	0	0	0	0	0	0	0	0	0	0	0	0	0	0	0	0	0	0	0	0	0	0	0	0	0	0	0	0	0	0	0	0	0	0	0	0	0
21	A	T	ORF	S	NULL	0	0	0	0	0	0	0	0	0	0	0	0	0	0	0	0	0	0	0	0	0	0	0	0	0	0	0	0	0	0	0	0	0	0	0	0	0	0	0	0	0	0	0	0	0	0	0	0	0	0	0	0	0	0
22	A	T	ORF	S	NULL	0	0	0	0	0	0	0	0	0	0	0	0	0	0	0	0	0	0	0	0	0	0	0	0	0	0	0	0	0	0	0	0	0	0	0	0	0	0	0	0	0	0	0	0	0	0	0	0	0	0	0	0	0	0
23	A	T	ORF	S	NULL	0	0	0	0	0	0	0	0	0	0	0	0	0	0	0	0	0	0	0	0	0	0	0	0	0	0	0	0	0	0	0	0	0	0	0	0	0	0	0	0	0	0	0	0	0	0	0	0	0	0	0	0	0	0
24	A	T	ORF	S	NULL	0	0	0	0	0.16991	0.298919	0.0001	0.0001	0.0001	0.445928	0.0001	0.0001	0.0001	0.0001	0.334236	0.555935	0.0001	0.0001	0.0001	0.0001	0.0001	0.0001	0.999933	0.881956	0.728946	0.0001	0.0196872	0.448928	0.0649041	0.999933	0.0001	0.0001	0.0001	0.0449028	0.0001	0.0001	0.0001	0.0001	0.999933	0.0001	0.184912	0.0001	0.742947	0.0839052	0.0001	0.0001	0.0001	0.0001	0.31792	0.0001	0.0001	0.0001	0.380924	0.0001
25	A	T	ORF	S	NULL	0	0	0	0	0	0	0	0	0	0	0	0	0	0	0	0	0	0	0	0	0	0	0	0	0	0	0	0	0	0	0	0	0	0	0	0	0	0	0	0	0	0	0	0	0	0	0	0	0	0	0	0	0	0
26	A	T	ORF	S	NULL	0	0	0	0	0.0465403	0.0001	0.014713	0.0269508	0.238693	0.0137115	0.0990433	0.882754	0.193409	0.109643	0.22475	0.0001	0.0981312	0.0001	0.539955	0.0001	0.498949	0.0001	0.0001	0.0001	0.0001	0.138023	0.143553	0.0879532	0.145915	0.0001	0.277542	0.0001	0.0001	0.00104551	0.0001	0.0727038	0.358418	0.197385	0.0001	0.481635	0.412743	0.516953	0.0001	0.0001	0.0408966	0.000100106	0.0001	0.0001	0.00549486	0.0001	0.0001	0.0001	0.0001	0.152783
27	A	T	ORF	S	NULL	0	0	0	0	0	0	0	0	0	0	0	0	0	0	0	0	0	0	0	0	0	0	0	0	0	0	0	0	0	0	0	0	0	0	0	0	0	0	0	0	0	0	0	0	0	0	0	0	0	0	0	0	0	0
28	A	T	ORF	S	NULL	0	0	0	0	0	0	0	0	0	0	0	0	0	0	0	0	0	0	0	0	0	0	0	0	0	0	0	0	0	0	0	0	0	0	0	0	0	0	0	0	0	0	0	0	0	0	0	0	0	0	0	0	0	0
29	A	T	ORF	S	NULL	0	0	0	0	0	0	0	0	0	0	0	0	0	0	0	0	0	0	0	0	0	0	0	0	0	0	0	0	0	0	0	0	0	0	0	0	0	0	0	0	0	0	0	0	0	0	0	0	0	0	0	0	0	0
30	A	T	ORF	S	NULL	0	0	0	0	0	0	0	0	0	0	0	0	0	0	0	0	0	0	0	0	0	0	0	0	0	0	0	0	0	0	0	0	0	0	0	0	0	0	0	0	0	0	0	0	0	0	0	0	0	0	0	0	0	0
31	A	T	ORF	S	NULL	0	0	0	0	0.0001	0.0001	0.0001	0.0001	0.0001	0.0001	0.0001	0.0001	0.0001	0.441919	0.0001	0.300913	0.238105	0.0001	0.23391	0.0001	0.0001	0.0001	0.0001	0.0001	0.0001	0.0749038	0.0912617	0.0001	0.385917	0.0001	0.0001	0.0001	0.0001	0.0001	0.0001	0.295554	0.0001	0.0001	0.0001	0.0001	0.0001	0.115905	0.0001	0.0001	0.284498	0.0001	0.0001	0.0001	0.327915	0.0001	0.999917	0.999917	0.0001	0.00985597
32	A	T	ORF	S	NULL	0	0	0	0	0.16991	0.298919	0.0001	0.0001	0.0001	0.445928	0.0001	0.0001	0.0001	0.0001	0.334236	0.555935	0.0001	0.0001	0.0001	0.0001	0.0001	0.0001	0.999933	0.881956	0.728946	0.0001	0.0196872	0.448928	0.0649041	0.999933	0.0001	0.0001	0.0001	0.0449028	0.0001	0.0001	0.0001	0.0001	0.999933	0.0001	0.184912	0.0001	0.742947	0.0839052	0.0001	0.0001	0.0001	0.0001	0.31792	0.0001	0.0001	0.0001	0.380924	0.0001
33	A	T	ORF	S	NULL	0	0	0	0	0.678327	0.0279578	0.614558	0.0340369	0.301224	0.0441763	0.125222	0.104233	0.299177	0.140032	0.250388	0.0001	0.0578182	0.609428	0.0001	0.0001	0.0001	0.486753	0.0001	0.0987512	0.0001	0.695711	0.0599031	0.111215	0.0001	0.0001	0.351027	0.0001	0.0001	0.0102437	0.0001	0.534892	0.169805	0.644932	0.0001	0.385764	0.263844	0.0001	0.0001	0.607649	0.416685	0.52105	0.000100001	0.0001	0.304913	0.845204	0.0001	0.0001	0.136788	0.192905
34	A	T	ORF	S	NULL	0	0	0	0	0.724867	0.0280578	0.629271	0.0609877	0.539917	0.0578878	0.224265	0.986987	0.492586	0.249675	0.475138	0.0002	0.155949	0.609528	0.540055	0.0002	0.499049	0.486853	0.0002	0.0988512	0.0002	0.833734	0.203456	0.199169	0.146015	0.0002	0.628568	0.0002	0.0002	0.0112892	0.0002	0.607596	0.528223	0.842317	0.0002	0.867399	0.676588	0.517053	0.0002	0.607749	0.457582	0.52115	0.000200001	0.0002	0.310407	0.845304	0.0002	0.0002	0.136888	0.345688
35	A	T	ORF	S	NULL	0	0	0	0	0	0	0	0	0	0	0	0	0	0	0	0	0	0	0	0	0	0	0	0	0	0	0	0	0	0	0	0	0	0	0	0	0	0	0	0	0	0	0	0	0	0	0	0	0	0	0	0	0	0
36	A	T	ORF	S	NULL	0	0	0	0	0	0	0	0	0	0	0	0	0	0	0	0	0	0	0	0	0	0	0	0	0	0	0	0	0	0	0	0	0	0	0	0	0	0	0	0	0	0	0	0	0	0	0	0	0	0	0	0	0	0
37	A	T	ORF	S	NULL	0	0	0	0	0	0	0	0	0	0	0	0	0	0	0	0	0	0	0	0	0	0	0	0	0	0	0	0	0	0	0	0	0	0	0	0	0	0	0	0	0	0	0	0	0	0	0	0	0	0	0	0	0	0
38	A	T	ORF	S	NULL	0	0	0	0	0.0465403	0.0001	0.014713	0.0269508	0.238693	0.0137115	0.0990433	0.882754	0.193409	0.109643	0.22475	0.0001	0.0981312	0.0001	0.539955	0.0001	0.498949	0.0001	0.0001	0.0001	0.0001	0.138023	0.143553	0.0879532	0.145915	0.0001	0.277542	0.0001	0.0001	0.00104551	0.0001	0.0727038	0.358418	0.197385	0.0001	0.481635	0.412743	0.516953	0.0001	0.0001	0.0408966	0.000100106	0.0001	0.0001	0.00549486	0.0001	0.0001	0.0001	0.0001	0.152783
39	A	T	ORF	S	NULL	0	0	0	0	0	0	0	0	0	0	0	0	0	0	0	0	0	0	0	0	0	0	0	0	0	0	0	0	0	0	0	0	0	0	0	0	0	0	0	0	0	0	0	0	0	0	0	0	0	0	0	0	0	0
40	A	T	ORF	S	NULL	0	0	0	0	0	0	0	0	0	0	0	0	0	0	0	0	0	0	0	0	0	0	0	0	0	0	0	0	0	0	0	0	0	0	0	0	0	0	0	0	0	0	0	0	0	0	0	0	0	0	0	0	0	0
41	A	T	ORF	S	NULL	0	0	0	0	0.0375393	0.0897188	0.183555	0.0001	0.0001	0.0948491	0.0001	0.0130135	0.401495	0.0839328	0.0356593	0.141916	0.167666	0.141745	0.162919	0.0001	0.0001	0.0001	0.0001	0.0001	0.0001	0.0471788	0.0001	0.0001	0.0001	0.0001	0.0001	0.0001	0.0001	0.00149737	0.0001	0.0706445	0.0257958	0.0360852	0.0001	0.0314113	0.0001	0.364942	0.0001	0.0001	0.0590855	0.41911	0.999925	0.0001	0.0188044	0.0001	0.0001	0.0001	0.0001	0.0001
42	A	T	ORF	S	NULL	0	0	0	0	0.0262801	0.0001	0.0001	0.374013	0.215805	0.0001	0.527344	0.0001	0.0001	0.104524	0.10645	0.0001	0.341915	0.0001	0.0609021	0.20391	0.201913	0.0001	0.0001	0.0001	0.0001	0.0001	0.503073	0.0837391	0.0001	0.0001	0.264286	0.999885	0.0001	0.708887	0.0001	0.00688736	0.0001	0.121583	0.0001	0.0993355	0.0001	0.0001	0.0001	0.0001	0.198835	0.0001	0.0001	0.0001	0.0001	0.0001	0.0001	0.0001	0.453808	0.143429
43	A	T	ORF	S	NULL	0	0	0	0	0	0	0	0	0	0	0	0	0	0	0	0	0	0	0	0	0	0	0	0	0	0	0	0	0	0	0	0	0	0	0	0	0	0	0	0	0	0	0	0	0	0	0	0	0	0	0	0	0	0
44	A	T	ORF	S	NULL	0	0	0	0	0.678327	0.0279578	0.614558	0.0340369	0.301224	0.0441763	0.125222	0.104233	0.299177	0.140032	0.250388	0.0001	0.0578182	0.609428	0.0001	0.0001	0.0001	0.486753	0.0001	0.0987512	0.0001	0.695711	0.0599031	0.111215	0.0001	0.0001	0.351027	0.0001	0.0001	0.0102437	0.0001	0.534892	0.169805	0.644932	0.0001	0.385764	0.263844	0.0001	0.0001	0.607649	0.416685	0.52105	0.000100001	0.0001	0.304913	0.845204	0.0001	0.0001	0.136788	0.192905
45	A	T	ORF	S	NULL	0	0	0	0	0	0	0	0	0	0	0	0	0	0	0	0	0	0	0	0	0	0	0	0	0	0	0	0	0	0	0	0	0	0	0	0	0	0	0	0	0	0	0	0	0	0	0	0	0	0	0	0	0	0
46	A	T	ORF	S	NULL	0	0	0	0	0	0	0	0	0	0	0	0	0	0	0	0	0	0	0	0	0	0	0	0	0	0	0	0	0	0	0	0	0	0	0	0	0	0	0	0	0	0	0	0	0	0	0	0	0	0	0	0	0	0
47	A	T	ORF	S	NULL	0	0	0	0	0	0	0	0	0	0	0	0	0	0	0	0	0	0	0	0	0	0	0	0	0	0	0	0	0	0	0	0	0	0	0	0	0	0	0	0	0	0	0	0	0	0	0	0	0	0	0	0	0	0
48	A	T	ORF	S	NULL	0	0	0	0	0	0	0	0	0	0	0	0	0	0	0	0	0	0	0	0	0	0	0	0	0	0	0	0	0	0	0	0	0	0	0	0	0	0	0	0	0	0	0	0	0	0	0	0	0	0	0	0	0	0
49	A	T	ORF	S	NULL	0	0	0	0	0	0	0	0	0	0	0	0	0	0	0	0	0	0	0	0	0	0	0	0	0	0	0	0	0	0	0	0	0	0	0	0	0	0	0	0	0	0	0	0	0	0	0	0	0	0	0	0	0	0
50	A	T	ORF	S	NULL	0	0	0	0	0	0	0	0	0	0	0	0	0	0	0	0	0	0	0	0	0	0	0	0	0	0	0	0	0	0	0	0	0	0	0	0	0	0	0	0	0	0	0	0	0	0	0	0	0	0	0	0	0	0
51	A	T	ORF	S	NULL	0	0	0	0	0	0	0	0	0	0	0	0	0	0	0	0	0	0	0	0	0	0	0	0	0	0	0	0	0	0	0	0	0	0	0	0	0	0	0	0	0	0	0	0	0	0	0	0	0	0	0	0	0	0
52	A	T	ORF	S	NULL	0	0	0	0	0	0	0	0	0	0	0	0	0	0	0	0	0	0	0	0	0	0	0	0	0	0	0	0	0	0	0	0	0	0	0	0	0	0	0	0	0	0	0	0	0	0	0	0	0	0	0	0	0	0
53	A	T	ORF	S	NULL	0	0	0	0	0	0	0	0	0	0	0	0	0	0	0	0	0	0	0	0	0	0	0	0	0	0	0	0	0	0	0	0	0	0	0	0	0	0	0	0	0	0	0	0	0	0	0	0	0	0	0	0	0	0
54	A	T	ORF	S	NULL	0	0	0	0	0	0	0	0	0	0	0	0	0	0	0	0	0	0	0	0	0	0	0	0	0	0	0	0	0	0	0	0	0	0	0	0	0	0	0	0	0	0	0	0	0	0	0	0	0	0	0	0	0	0
55	A	T	ORF	S	NULL	0	0	0	0	0	0	0	0	0	0	0	0	0	0	0	0	0	0	0	0	0	0	0	0	0	0	0	0	0	0	0	0	0	0	0	0	0	0	0	0	0	0	0	0	0	0	0	0	0	0	0	0	0	0
56	A	T	ORF	S	NULL	0	0	0	0	0	0	0	0	0	0	0	0	0	0	0	0	0	0	0	0	0	0	0	0	0	0	0	0	0	0	0	0	0	0	0	0	0	0	0	0	0	0	0	0	0	0	0	0	0	0	0	0	0	0
57	A	T	ORF	S	NULL	0	0	0	0	0	0	0	0	0	0	0	0	0	0	0	0	0	0	0	0	0	0	0	0	0	0	0	0	0	0	0	0	0	0	0	0	0	0	0	0	0	0	0	0	0	0	0	0	0	0	0	0	0	0
58	A	T	ORF	S	NULL	0	0	0	0	0	0	0	0	0	0	0	0	0	0	0	0	0	0	0	0	0	0	0	0	0	0	0	0	0	0	0	0	0	0	0	0	0	0	0	0	0	0	0	0	0	0	0	0	0	0	0	0	0	0
59	A	T	ORF	S	NULL	0	0	0	0	0	0	0	0	0	0	0	0	0	0	0	0	0	0	0	0	0	0	0	0	0	0	0	0	0	0	0	0	0	0	0	0	0	0	0	0	0	0	0	0	0	0	0	0	0	0	0	0	0	0
60	A	T	ORF	S	NULL	0	0	0	0	0	0	0	0	0	0	0	0	0	0	0	0	0	0	0	0	0	0	0	0	0	0	0	0	0	0	0	0	0	0	0	0	0	0	0	0	0	0	0	0	0	0	0	0	0	0	0	0	0	0
61	A	T	ORF	S	NULL	0	0	0	0	0	0	0	0	0	0	0	0	0	0	0	0	0	0	0	0	0	0	0	0	0	0	0	0	0	0	0	0	0	0	0	0	0	0	0	0	0	0	0	0	0	0	0	0	0	0	0	0	0	0
62	A	T	ORF	S	NULL	0	0	0	0	0.0375393	0.0897188	0.183555	0.0001	0.0001	0.0948491	0.0001	0.0130135	0.401495	0.0839328	0.0356593	0.141916	0.167666	0.141745	0.162919	0.0001	0.0001	0.0001	0.0001	0.0001	0.0001	0.0471788	0.0001	0.0001	0.0001	0.0001	0.0001	0.0001	0.0001	0.00149737	0.0001	0.0706445	0.0257958	0.0360852	0.0001	0.0314113	0.0001	0.364942	0.0001	0.0001	0.0590855	0.41911	0.999925	0.0001	0.0188044	0.0001	0.0001	0.0001	0.0001	0.0001
63	A	T	ORF	S	NULL	0	0	0	0	0	0	0	0	0	0	0	0	0	0	0	0	0	0	0	0	0	0	0	0	0	0	0	0	0	0	0	0	0	0	0	0	0	0	0	0	0	0	0	0	0	0	0	0	0	0	0	0	0	0
64	A	T	ORF	S	NULL	0	0	0	0	0.0001	0.0001	0.0001	0.0001	0.0001	0.0001	0.0001	0.0001	0.0001	0.441919	0.0001	0.300913	0.238105	0.0001	0.23391	0.0001	0.0001	0.0001	0.0001	0.0001	0.0001	0.0749038	0.0912617	0.0001	0.385917	0.0001	0.0001	0.0001	0.0001	0.0001	0.0001	0.295554	0.0001	0.0001	0.0001	0.0001	0.0001	0.115905	0.0001	0.0001	0.284498	0.0001	0.0001	0.0001	0.327915	0.0001	0.999917	0.999917	0.0001	0.00985597
65	A	T	ORF	S	NULL	0	0	0	0	0	0	0	0	0	0	0	0	0	0	0	0	0	0	0	0	0	0	0	0	0	0	0	0	0	0	0	0	0	0	0	0	0	0	0	0	0	0	0	0	0	0	0	0	0	0	0	0	0	0
66	A	T	ORF	S	NULL	0	0	0	0	0	0	0	0	0	0	0	0	0	0	0	0	0	0	0	0	0	0	0	0	0	0	0	0	0	0	0	0	0	0	0	0	0	0	0	0	0	0	0	0	0	0	0	0	0	0	0	0	0	0
67	A	T	ORF	S	NULL	0	0	0	0	0	0	0	0	0	0	0	0	0	0	0	0	0	0	0	0	0	0	0	0	0	0	0	0	0	0	0	0	0	0	0	0	0	0	0	0	0	0	0	0	0	0	0	0	0	0	0	0	0	0
68	A	T	ORF	S	NULL	0	0	0	0	0	0	0	0	0	0	0	0	0	0	0	0	0	0	0	0	0	0	0	0	0	0	0	0	0	0	0	0	0	0	0	0	0	0	0	0	0	0	0	0	0	0	0	0	0	0	0	0	0	0
69	A	T	ORF	S	NULL	0	0	0	0	0	0	0	0	0	0	0	0	0	0	0	0	0	0	0	0	0	0	0	0	0	0	0	0	0	0	0	0	0	0	0	0	0	0	0	0	0	0	0	0	0	0	0	0	0	0	0	0	0	0
70	A	T	ORF	S	NULL	0	0	0	0	0	0	0	0	0	0	0	0	0	0	0	0	0	0	0	0	0	0	0	0	0	0	0	0	0	0	0	0	0	0	0	0	0	0	0	0	0	0	0	0	0	0	0	0	0	0	0	0	0	0
71	A	T	ORF	S	NULL	0	0	0	0	0	0	0	0	0	0	0	0	0	0	0	0	0	0	0	0	0	0	0	0	0	0	0	0	0	0	0	0	0	0	0	0	0	0	0	0	0	0	0	0	0	0	0	0	0	0	0	0	0	0
72	A	T	ORF	S	NULL	0	0	0	0	0	0	0	0	0	0	0	0	0	0	0	0	0	0	0	0	0	0	0	0	0	0	0	0	0	0	0	0	0	0	0	0	0	0	0	0	0	0	0	0	0	0	0	0	0	0	0	0	0	0
73	A	T	ORF	S	NULL	0	0	0	0	0.0465403	0.0001	0.014713	0.0269508	0.238693	0.0137115	0.0990433	0.882754	0.193409	0.109643	0.22475	0.0001	0.0981312	0.0001	0.539955	0.0001	0.498949	0.0001	0.0001	0.0001	0.0001	0.138023	0.143553	0.0879532	0.145915	0.0001	0.277542	0.0001	0.0001	0.00104551	0.0001	0.0727038	0.358418	0.197385	0.0001	0.481635	0.412743	0.516953	0.0001	0.0001	0.0408966	0.000100106	0.0001	0.0001	0.00549486	0.0001	0.0001	0.0001	0.0001	0.152783
74	A	T	ORF	S	NULL	0	0	0	0	0	0	0	0	0	0	0	0	0	0	0	0	0	0	0	0	0	0	0	0	0	0	0	0	0	0	0	0	0	0	0	0	0	0	0	0	0	0	0	0	0	0	0	0	0	0	0	0	0	0
75	A	T	ORF	S	NULL	0	0	0	0	0.000106443	0.573916	0.0001	0.286933	0.244277	0.0001	0.233996	0.0001	0.000100596	0.000194195	0.0485172	0.0001	0.0963625	0.000100497	0.0001	0.794922	0.296908	0.422908	0.0001	0.000100137	0.0001	0.0001	0.182522	0.000175363	0.0001	0.0001	0.0003383	0.0001	0.999908	0.231906	0.999908	0.0193187	0.202896	0.000114225	0.0001	0.00185439	0.000100544	0.000100001	0.0001	0.194901	0.0001	0.0001	0.000100001	0.0001	0.0001	0.00010179	0.0001	0.0001	0.00010022	0.501026
76	A	T	ORF	S	NULL	0	0	0	0	0	0	0	0	0	0	0	0	0	0	0	0	0	0	0	0	0	0	0	0	0	0	0	0	0	0	0	0	0	0	0	0	0	0	0	0	0	0	0	0	0	0	0	0	0	0	0	0	0	0
77	A	T	ORF	S	NULL	0	0	0	0	0	0	0	0	0	0	0	0	0	0	0	0	0	0	0	0	0	0	0	0	0	0	0	0	0	0	0	0	0	0	0	0	0	0	0	0	0	0	0	0	0	0	0	0	0	0	0	0	0	0
78	A	T	ORF	S	NULL	0	0	0	0	0	0	0	0	0	0	0	0	0	0	0	0	0	0	0	0	0	0	0	0	0	0	0	0	0	0	0	0	0	0	0	0	0	0	0	0	0	0	0	0	0	0	0	0	0	0	0	0	0	0
79	A	T	ORF	S	NULL	0	0	0	0	0	0	0	0	0	0	0	0	0	0	0	0	0	0	0	0	0	0	0	0	0	0	0	0	0	0	0	0	0	0	0	0	0	0	0	0	0	0	0	0	0	0	0	0	0	0	0	0	0	0
80	A	T	ORF	S	NULL	0	0	0	0	0.678327	0.0279578	0.614558	0.0340369	0.301224	0.0441763	0.125222	0.104233	0.299177	0.140032	0.250388	0.0001	0.0578182	0.609428	0.0001	0.0001	0.0001	0.486753	0.0001	0.0987512	0.0001	0.695711	0.0599031	0.111215	0.0001	0.0001	0.351027	0.0001	0.0001	0.0102437	0.0001	0.534892	0.169805	0.644932	0.0001	0.385764	0.263844	0.0001	0.0001	0.607649	0.416685	0.52105	0.000100001	0.0001	0.304913	0.845204	0.0001	0.0001	0.136788	0.192905
81	A	T	ORF	S	NULL	0	0	0	0	0.0262801	0.0001	0.0001	0.374013	0.215805	0.0001	0.527344	0.0001	0.0001	0.104524	0.10645	0.0001	0.341915	0.0001	0.0609021	0.20391	0.201913	0.0001	0.0001	0.0001	0.0001	0.0001	0.503073	0.0837391	0.0001	0.0001	0.264286	0.999885	0.0001	0.708887	0.0001	0.00688736	0.0001	0.121583	0.0001	0.0993355	0.0001	0.0001	0.0001	0.0001	0.198835	0.0001	0.0001	0.0001	0.0001	0.0001	0.0001	0.0001	0.453808	0.143429
82	A	T	ORF	S	NULL	0	0	0	0	0	0	0	0	0	0	0	0	0	0	0	0	0	0	0	0	0	0	0	0	0	0	0	0	0	0	0	0	0	0	0	0	0	0	0	0	0	0	0	0	0	0	0	0	0	0	0	0	0	0
83	A	T	ORF	S	NULL	0	0	0	0	0	0	0	0	0	0	0	0	0	0	0	0	0	0	0	0	0	0	0	0	0	0	0	0	0	0	0	0	0	0	0	0	0	0	0	0	0	0	0	0	0	0	0	0	0	0	0	0	0	0
84	A	T	ORF	S	NULL	0	0	0	0	0	0	0	0	0	0	0	0	0	0	0	0	0	0	0	0	0	0	0	0	0	0	0	0	0	0	0	0	0	0	0	0	0	0	0	0	0	0	0	0	0	0	0	0	0	0	0	0	0	0
85	A	T	ORF	S	NULL	0	0	0	0	0	0	0	0	0	0	0	0	0	0	0	0	0	0	0	0	0	0	0	0	0	0	0	0	0	0	0	0	0	0	0	0	0	0	0	0	0	0	0	0	0	0	0	0	0	0	0	0	0	0
86	A	T	ORF	S	NULL	0	0	0	0	0.000106443	0.573916	0.0001	0.286933	0.244277	0.0001	0.233996	0.0001	0.000100596	0.000194195	0.0485172	0.0001	0.0963625	0.000100497	0.0001	0.794922	0.296908	0.422908	0.0001	0.000100137	0.0001	0.0001	0.182522	0.000175363	0.0001	0.0001	0.0003383	0.0001	0.999908	0.231906	0.999908	0.0193187	0.202896	0.000114225	0.0001	0.00185439	0.000100544	0.000100001	0.0001	0.194901	0.0001	0.0001	0.000100001	0.0001	0.0001	0.00010179	0.0001	0.0001	0.00010022	0.501026
87	A	T	ORF	S	NULL	0	0	0	0	0	0	0	0	0	0	0	0	0	0	0	0	0	0	0	0	0	0	0	0	0	0	0	0	0	0	0	0	0	0	0	0	0	0	0	0	0	0	0	0	0	0	0	0	0	0	0	0	0	0
88	A	T	ORF	S	NULL	0	0	0	0	0	0	0	0	0	0	0	0	0	0	0	0	0	0	0	0	0	0	0	0	0	0	0	0	0	0	0	0	0	0	0	0	0	0	0	0	0	0	0	0	0	0	0	0	0	0	0	0	0	0
89	A	T	ORF	S	NULL	0	0	0	0	0.0262801	0.0001	0.0001	0.374013	0.215805	0.0001	0.527344	0.0001	0.0001	0.104524	0.10645	0.0001	0.341915	0.0001	0.0609021	0.20391	0.201913	0.0001	0.0001	0.0001	0.0001	0.0001	0.503073	0.0837391	0.0001	0.0001	0.264286	0.999885	0.0001	0.708887	0.0001	0.00688736	0.0001	0.121583	0.0001	0.0993355	0.0001	0.0001	0.0001	0.0001	0.198835	0.0001	0.0001	0.0001	0.0001	0.0001	0.0001	0.0001	0.453808	0.143429
90	A	T	ORF	S	NULL	0	0	0	0	0.16991	0.298919	0.0001	0.0001	0.0001	0.445928	0.0001	0.0001	0.0001	0.0001	0.334236	0.555935	0.0001	0.0001	0.0001	0.0001	0.0001	0.0001	0.999933	0.881956	0.728946	0.0001	0.0196872	0.448928	0.0649041	0.999933	0.0001	0.0001	0.0001	0.0449028	0.0001	0.0001	0.0001	0.0001	0.999933	0.0001	0.184912	0.0001	0.742947	0.0839052	0.0001	0.0001	0.0001	0.0001	0.31792	0.0001	0.0001	0.0001	0.380924	0.0001
91	A	T	ORF	S	NULL	0	0	0	0	0	0	0	0	0	0	0	0	0	0	0	0	0	0	0	0	0	0	0	0	0	0	0	0	0	0	0	0	0	0	0	0	0	0	0	0	0	0	0	0	0	0	0	0	0	0	0	0	0	0
92	A	T	ORF	S	NULL	0	0	0	0	0	0	0	0	0	0	0	0	0	0	0	0	0	0	0	0	0	0	0	0	0	0	0	0	0	0	0	0	0	0	0	0	0	0	0	0	0	0	0	0	0	0	0	0	0	0	0	0	0	0
93	A	T	ORF	S	NULL	0	0	0	0	0.16991	0.298919	0.0001	0.0001	0.0001	0.445928	0.0001	0.0001	0.0001	0.0001	0.334236	0.555935	0.0001	0.0001	0.0001	0.0001	0.0001	0.0001	0.999933	0.881956	0.728946	0.0001	0.0196872	0.448928	0.0649041	0.999933	0.0001	0.0001	0.0001	0.0449028	0.0001	0.0001	0.0001	0.0001	0.999933	0.0001	0.184912	0.0001	0.742947	0.0839052	0.0001	0.0001	0.0001	0.0001	0.31792	0.0001	0.0001	0.0001	0.380924	0.0001
94	A	T	ORF	S	NULL	0	0	0	0	0	0	0	0	0	0	0	0	0	0	0	0	0	0	0	0	0	0	0	0	0	0	0	0	0	0	0	0	0	0	0	0	0	0	0	0	0	0	0	0	0	0	0	0	0	0	0	0	0	0
95	A	T	ORF	S	NULL	0	0	0	0	0.16991	0.298919	0.0001	0.0001	0.0001	0.445928	0.0001	0.0001	0.0001	0.0001	0.334236	0.555935	0.0001	0.0001	0.0001	0.0001	0.0001	0.0001	0.999933	0.881956	0.728946	0.0001	0.0196872	0.448928	0.0649041	0.999933	0.0001	0.0001	0.0001	0.0449028	0.0001	0.0001	0.0001	0.0001	0.999933	0.0001	0.184912	0.0001	0.742947	0.0839052	0.0001	0.0001	0.0001	0.0001	0.31792	0.0001	0.0001	0.0001	0.380924	0.0001
96	A	T	ORF	S	NULL	0	0	0	0	0	0	0	0	0	0	0	0	0	0	0	0	0	0	0	0	0	0	0	0	0	0	0	0	0	0	0	0	0	0	0	0	0	0	0	0	0	0	0	0	0	0	0	0	0	0	0	0	0	0
97	A	T	ORF	S	NULL	0	0	0	0	0	0	0	0	0	0	0	0	0	0	0	0	0	0	0	0	0	0	0	0	0	0	0	0	0	0	0	0	0	0	0	0	0	0	0	0	0	0	0	0	0	0	0	0	0	0	0	0	0	0
98	A	T	ORF	S	NULL	0	0	0	0	0	0	0	0	0	0	0	0	0	0	0	0	0	0	0	0	0	0	0	0	0	0	0	0	0	0	0	0	0	0	0	0	0	0	0	0	0	0	0	0	0	0	0	0	0	0	0	0	0	0
99	A	T	ORF	S	NULL	0	0	0	0	0.678327	0.0279578	0.614558	0.0340369	0.301224	0.0441763	0.125222	0.104233	0.299177	0.140032	0.250388	0.0001	0.0578182	0.609428	0.0001	0.0001	0.0001	0.486753	0.0001	0.0987512	0.0001	0.695711	0.0599031	0.111215	0.0001	0.0001	0.351027	0.0001	0.0001	0.0102437	0.0001	0.534892	0.169805	0.644932	0.0001	0.385764	0.263844	0.0001	0.0001	0.607649	0.416685	0.52105	0.000100001	0.0001	0.304913	0.845204	0.0001	0.0001	0.136788	0.192905
100	A	T	ORF	S	NULL	0	0	0	0	0.000106443	0.573916	0.0001	0.286933	0.244277	0.0001	0.233996	0.0001	0.000100596	0.000194195	0.0485172	0.0001	0.0963625	0.000100497	0.0001	0.794922	0.296908	0.422908	0.0001	0.000100137	0.0001	0.0001	0.182522	0.000175363	0.0001	0.0001	0.0003383	0.0001	0.999908	0.231906	0.999908	0.0193187	0.202896	0.000114225	0.0001	0.00185439	0.000100544	0.000100001	0.0001	0.194901	0.0001	0.0001	0.000100001	0.0001	0.0001	0.00010179	0.0001	0.0001	0.00010022	0.501026
