pos	ref	alt	gene	N/S	AA	nSRAsubclonal	nSRAclonal	nSRA	nConsensus	sample0|Earth	sample1|Earth	sample2|Earth	sample3|Earth	sample4|Earth	sample5|Earth	sample6|Earth	sample7|Earth	sample8|Earth	sample9|Earth	sample10|Earth	sample11|Earth	sample12|Earth	sample13|Earth	sample14|Earth	sample15|Earth	sample16|Earth	sample17|Earth	sample18|Earth	sample19|Earth	sample20|Earth	sample21|Earth	sample22|Earth	sample23|Earth	sample24|Earth	sample25|Earth	sample26|Earth	sample27|Earth	sample28|Earth	sample29|Earth	sample30|Earth	sample31|Earth	sample32|Earth	sample33|Earth	sample34|Earth	sample35|Earth	sample36|Earth	sample37|Earth	sample38|Earth	sample39|Earth	sample40|Earth	sample41|Earth	sample42|Earth	sample43|Earth	sample44|Earth	sample45|Earth	sample46|Earth	sample47|Earth	sample48|Earth	sample49|Earth
1	A	T	ORF	S	NULL	0	0	0	0	0	0	0	0	0	0	0	0	0	0	0	0	0	0	0	0	0	0	0	0	0	0	0	0	0	0	0	0	0	0	0	0	0	0	0	0	0	0	0	0	0	0	0	0	0	0	0	0	0	0
2	A	T	ORF	S	NULL	0	0	0	0	0.999941	0.000100769	0.0001	0.999941	0.999941	0.0001	0.903002	0.0001	0.0001	0.0001	0.021865	0.0271354	0.000100119	0.0001	0.0001	0.33715	0.000100344	0.00820766	0.376522	0.959794	0.0271082	0.0001	0.0542683	0.0271354	0.00490472	0.0271354	0.999941	0.0001	0.0001	0.0001	0.00010042	0.0001	0.0001	0.0692414	0.479577	0.0001	0.0001	0.0001	0.0001	0.0254611	0.160322	0.0001	0.000100683	0.0001	0.00208152	0.0001	0.766003	0.0001	0.0001	0.235873
3	A	T	ORF	S	NULL	0	0	0	0	0	0	0	0	0	0	0	0	0	0	0	0	0	0	0	0	0	0	0	0	0	0	0	0	0	0	0	0	0	0	0	0	0	0	0	0	0	0	0	0	0	0	0	0	0	0	0	0	0	0
4	A	T	ORF	S	NULL	0	0	0	0	0.0002	0.000200379	0.000203303	0.0002	0.0002	1.00001	0.00020003	0.127604	0.000202002	0.000211518	0.290855	0.0002	0.817156	0.59477	0.640407	0.0401114	0.528049	0.00044723	0.347386	0.0002	0.0002	0.369023	0.0034093	0.0002	0.000569209	0.0002	0.0002	0.999201	0.653055	0.999201	0.420872	0.978061	0.0931623	0.132008	0.000202231	1.00002	0.000200005	0.000200022	0.0002	0.000200003	0.487258	0.145025	0.000200445	0.0002	0.685043	0.164965	0.0940409	0.45336	0.150894	0.000200015
5	A	T	ORF	S	NULL	0	0	0	0	0	0	0	0	0	0	0	0	0	0	0	0	0	0	0	0	0	0	0	0	0	0	0	0	0	0	0	0	0	0	0	0	0	0	0	0	0	0	0	0	0	0	0	0	0	0	0	0	0	0
6	A	T	ORF	S	NULL	0	0	0	0	0.0002	0.0002	0.724044	0.0002	0.0002	0.00020002	0.0002	0.332274	0.840914	0.000596597	0.0002	0.0002	0.000200019	0.00721038	0.145326	0.471057	0.017002	0.246015	0.0002	0.0110007	0.0002	0.630039	0.228008	0.0002	0.788744	0.0002	0.0002	0.0002	0.342068	0.0002	0.000200056	0.000200002	0.9063	0.0002	0.0002	0.0002	0.999399	0.000200021	0.0254551	0.105006	0.00641056	0.699042	0.0002	0.40172	0.049003	0.27357	0.0002	0.232284	0.092978	0.00952108
7	A	T	ORF	S	NULL	0	0	0	0	0	0	0	0	0	0	0	0	0	0	0	0	0	0	0	0	0	0	0	0	0	0	0	0	0	0	0	0	0	0	0	0	0	0	0	0	0	0	0	0	0	0	0	0	0	0	0	0	0	0
8	A	T	ORF	S	NULL	0	0	0	0	0	0	0	0	0	0	0	0	0	0	0	0	0	0	0	0	0	0	0	0	0	0	0	0	0	0	0	0	0	0	0	0	0	0	0	0	0	0	0	0	0	0	0	0	0	0	0	0	0	0
9	A	T	ORF	S	NULL	0	0	0	0	1.00014	1.00017	0.00030359	1.00014	1.00014	0.00030002	0.999036	0.0003	0.000302056	0.000312982	0.430125	0.0273354	0.373617	0.000304116	0.52024	0.527508	0.982039	0.130194	0.723802	0.959994	0.0273082	0.0003	0.40123	0.0273354	0.00510472	0.0273354	1.00014	0.801339	0.00410042	0.692331	0.837049	0.000300002	0.000300001	0.0694414	0.694829	1.00012	0.000300001	0.000300022	0.0003	0.196752	0.54226	0.000302018	0.983215	0.0003	0.00228152	0.165065	0.979909	0.000300006	0.150994	0.236073
10	A	T	ORF	S	NULL	0	0	0	0	0	0	0	0	0	0	0	0	0	0	0	0	0	0	0	0	0	0	0	0	0	0	0	0	0	0	0	0	0	0	0	0	0	0	0	0	0	0	0	0	0	0	0	0	0	0	0	0	0	0
11	A	T	ORF	S	NULL	0	0	0	0	0.0001	0.000100379	0.0001	0.0001	0.0001	0.00010002	0.00010003	0.0001	0.000100001	0.0001	0.290543	0.0001	0.209259	0.0001	0.520038	0.0400114	0.527949	0.000343995	0.34718	0.0001	0.0001	0.0001	0.0033093	0.0001	0.000100001	0.0001	0.0001	0.801139	0.0001	0.692131	0.258952	0.000100002	0.000100001	0.0001	0.0001	0.999919	0.000100001	0.000100022	0.0001	0.000100003	0.381838	0.0001	0.00010032	0.0001	0.000100005	0.164864	0.0939409	0.000100006	0.150794	0.000100015
12	A	T	ORF	S	NULL	0	0	0	0	0	0	0	0	0	0	0	0	0	0	0	0	0	0	0	0	0	0	0	0	0	0	0	0	0	0	0	0	0	0	0	0	0	0	0	0	0	0	0	0	0	0	0	0	0	0	0	0	0	0
13	A	T	ORF	S	NULL	0	0	0	0	0	0	0	0	0	0	0	0	0	0	0	0	0	0	0	0	0	0	0	0	0	0	0	0	0	0	0	0	0	0	0	0	0	0	0	0	0	0	0	0	0	0	0	0	0	0	0	0	0	0
14	A	T	ORF	S	NULL	0	0	0	0	0	0	0	0	0	0	0	0	0	0	0	0	0	0	0	0	0	0	0	0	0	0	0	0	0	0	0	0	0	0	0	0	0	0	0	0	0	0	0	0	0	0	0	0	0	0	0	0	0	0
15	A	T	ORF	S	NULL	0	0	0	0	0	0	0	0	0	0	0	0	0	0	0	0	0	0	0	0	0	0	0	0	0	0	0	0	0	0	0	0	0	0	0	0	0	0	0	0	0	0	0	0	0	0	0	0	0	0	0	0	0	0
16	A	T	ORF	S	NULL	0	0	0	0	0.0001	0.000100252	0.274908	0.0001	0.0001	0.0001	0.00010003	0.0001	0.157905	0.991394	0.000100221	0.000100377	0.0001	0.308844	0.147033	0.000100048	0.00010012	0.26291	0.000100078	0.00010002	0.000100383	0.000100008	0.0001	0.000100377	0.000100129	0.00010017	0.0001	0.00010001	0.000100008	0.000100009	0.000100188	0.000100008	0.00010001	0.000100326	0.187907	0.0001	0.000100014	0.0001	0.0001	0.000100282	0.0001	0.154922	0.0159003	0.0001	0.00010007	0.142364	0.000100037	0.0001	0.0001	0.0001
17	A	T	ORF	S	NULL	0	0	0	0	0	0	0	0	0	0	0	0	0	0	0	0	0	0	0	0	0	0	0	0	0	0	0	0	0	0	0	0	0	0	0	0	0	0	0	0	0	0	0	0	0	0	0	0	0	0	0	0	0	0
18	A	T	ORF	S	NULL	0	0	0	0	0	0	0	0	0	0	0	0	0	0	0	0	0	0	0	0	0	0	0	0	0	0	0	0	0	0	0	0	0	0	0	0	0	0	0	0	0	0	0	0	0	0	0	0	0	0	0	0	0	0
19	A	T	ORF	S	NULL	0	0	0	0	0	0	0	0	0	0	0	0	0	0	0	0	0	0	0	0	0	0	0	0	0	0	0	0	0	0	0	0	0	0	0	0	0	0	0	0	0	0	0	0	0	0	0	0	0	0	0	0	0	0
20	A	T	ORF	S	NULL	0	0	0	0	0.0001	0.000100252	0.274908	0.0001	0.0001	0.0001	0.00010003	0.0001	0.157905	0.991394	0.000100221	0.000100377	0.0001	0.308844	0.147033	0.000100048	0.00010012	0.26291	0.000100078	0.00010002	0.000100383	0.000100008	0.0001	0.000100377	0.000100129	0.00010017	0.0001	0.00010001	0.000100008	0.000100009	0.000100188	0.000100008	0.00010001	0.000100326	0.187907	0.0001	0.000100014	0.0001	0.0001	0.000100282	0.0001	0.154922	0.0159003	0.0001	0.00010007	0.142364	0.000100037	0.0001	0.0001	0.0001
21	A	T	ORF	S	NULL	0	0	0	0	0	0	0	0	0	0	0	0	0	0	0	0	0	0	0	0	0	0	0	0	0	0	0	0	0	0	0	0	0	0	0	0	0	0	0	0	0	0	0	0	0	0	0	0	0	0	0	0	0	0
22	A	T	ORF	S	NULL	0	0	0	0	0	0	0	0	0	0	0	0	0	0	0	0	0	0	0	0	0	0	0	0	0	0	0	0	0	0	0	0	0	0	0	0	0	0	0	0	0	0	0	0	0	0	0	0	0	0	0	0	0	0
23	A	T	ORF	S	NULL	0	0	0	0	0.0001	0.0001	0.0001	0.0001	0.0001	0.00010002	0.0001	0.332174	0.277949	0.000496597	0.0001	0.0001	0.000100019	0.00711038	0.145226	0.470957	0.016902	0.000100002	0.0001	0.0001	0.0001	0.0001	0.227908	0.0001	0.787706	0.0001	0.0001	0.0001	0.341968	0.0001	0.000100056	0.000100002	0.9062	0.0001	0.0001	0.0001	0.960172	0.000100021	0.0253551	0.0001	0.00631056	0.0001	0.0001	0.40162	0.000100005	0.273248	0.0001	0.00870735	0.00883012	0.00942108
24	A	T	ORF	S	NULL	0	0	0	0	0	0	0	0	0	0	0	0	0	0	0	0	0	0	0	0	0	0	0	0	0	0	0	0	0	0	0	0	0	0	0	0	0	0	0	0	0	0	0	0	0	0	0	0	0	0	0	0	0	0
25	A	T	ORF	S	NULL	0	0	0	0	0	0	0	0	0	0	0	0	0	0	0	0	0	0	0	0	0	0	0	0	0	0	0	0	0	0	0	0	0	0	0	0	0	0	0	0	0	0	0	0	0	0	0	0	0	0	0	0	0	0
26	A	T	ORF	S	NULL	0	0	0	0	0	0	0	0	0	0	0	0	0	0	0	0	0	0	0	0	0	0	0	0	0	0	0	0	0	0	0	0	0	0	0	0	0	0	0	0	0	0	0	0	0	0	0	0	0	0	0	0	0	0
27	A	T	ORF	S	NULL	0	0	0	0	0.0001	0.000100379	0.0001	0.0001	0.0001	0.00010002	0.00010003	0.0001	0.000100001	0.0001	0.290543	0.0001	0.209259	0.0001	0.520038	0.0400114	0.527949	0.000343995	0.34718	0.0001	0.0001	0.0001	0.0033093	0.0001	0.000100001	0.0001	0.0001	0.801139	0.0001	0.692131	0.258952	0.000100002	0.000100001	0.0001	0.0001	0.999919	0.000100001	0.000100022	0.0001	0.000100003	0.381838	0.0001	0.00010032	0.0001	0.000100005	0.164864	0.0939409	0.000100006	0.150794	0.000100015
28	A	T	ORF	S	NULL	0	0	0	0	0	0	0	0	0	0	0	0	0	0	0	0	0	0	0	0	0	0	0	0	0	0	0	0	0	0	0	0	0	0	0	0	0	0	0	0	0	0	0	0	0	0	0	0	0	0	0	0	0	0
29	A	T	ORF	S	NULL	0	0	0	0	0	0	0	0	0	0	0	0	0	0	0	0	0	0	0	0	0	0	0	0	0	0	0	0	0	0	0	0	0	0	0	0	0	0	0	0	0	0	0	0	0	0	0	0	0	0	0	0	0	0
30	A	T	ORF	S	NULL	0	0	0	0	0.0001	0.0001	0.723944	0.0001	0.0001	0.0001	0.0001	0.0001	0.562965	0.0001	0.0001	0.0001	0.0001	0.0001	0.000100104	0.000100004	0.0001	0.245915	0.0001	0.0109007	0.0001	0.629939	0.0001	0.0001	0.00103834	0.0001	0.0001	0.0001	0.000100003	0.0001	0.0001	0.0001	0.000100008	0.0001	0.0001	0.0001	0.0392273	0.0001	0.0001	0.104906	0.0001	0.698942	0.0001	0.0001	0.048903	0.000322301	0.0001	0.223576	0.0841479	0.0001
31	A	T	ORF	S	NULL	0	0	0	0	0	0	0	0	0	0	0	0	0	0	0	0	0	0	0	0	0	0	0	0	0	0	0	0	0	0	0	0	0	0	0	0	0	0	0	0	0	0	0	0	0	0	0	0	0	0	0	0	0	0
32	A	T	ORF	S	NULL	0	0	0	0	0	0	0	0	0	0	0	0	0	0	0	0	0	0	0	0	0	0	0	0	0	0	0	0	0	0	0	0	0	0	0	0	0	0	0	0	0	0	0	0	0	0	0	0	0	0	0	0	0	0
33	A	T	ORF	S	NULL	0	0	0	0	0	0	0	0	0	0	0	0	0	0	0	0	0	0	0	0	0	0	0	0	0	0	0	0	0	0	0	0	0	0	0	0	0	0	0	0	0	0	0	0	0	0	0	0	0	0	0	0	0	0
34	A	T	ORF	S	NULL	0	0	0	0	0	0	0	0	0	0	0	0	0	0	0	0	0	0	0	0	0	0	0	0	0	0	0	0	0	0	0	0	0	0	0	0	0	0	0	0	0	0	0	0	0	0	0	0	0	0	0	0	0	0
35	A	T	ORF	S	NULL	0	0	0	0	0	0	0	0	0	0	0	0	0	0	0	0	0	0	0	0	0	0	0	0	0	0	0	0	0	0	0	0	0	0	0	0	0	0	0	0	0	0	0	0	0	0	0	0	0	0	0	0	0	0
36	A	T	ORF	S	NULL	0	0	0	0	0	0	0	0	0	0	0	0	0	0	0	0	0	0	0	0	0	0	0	0	0	0	0	0	0	0	0	0	0	0	0	0	0	0	0	0	0	0	0	0	0	0	0	0	0	0	0	0	0	0
37	A	T	ORF	S	NULL	0	0	0	0	0	0	0	0	0	0	0	0	0	0	0	0	0	0	0	0	0	0	0	0	0	0	0	0	0	0	0	0	0	0	0	0	0	0	0	0	0	0	0	0	0	0	0	0	0	0	0	0	0	0
38	A	T	ORF	S	NULL	0	0	0	0	0.0002	0.000200379	0.000200001	0.0002	0.0002	0.00020002	0.00020003	0.0330216	0.000200063	0.000764391	0.290643	0.0002	0.226353	0.00713241	0.585153	0.0401114	0.528049	0.113314	0.34728	0.0002	0.0002	0.0002	0.372459	0.0002	0.000200002	0.0002	0.0002	0.801239	0.0002	0.692231	0.259052	0.0210025	0.000200001	0.0002	0.0002	1.00002	0.000200001	1.00004	0.0299891	0.000200003	0.632787	0.0002	0.00020032	0.0412324	0.180006	0.208439	0.112861	0.246739	0.157931	0.588397
39	A	T	ORF	S	NULL	0	0	0	0	0	0	0	0	0	0	0	0	0	0	0	0	0	0	0	0	0	0	0	0	0	0	0	0	0	0	0	0	0	0	0	0	0	0	0	0	0	0	0	0	0	0	0	0	0	0	0	0	0	0
40	A	T	ORF	S	NULL	0	0	0	0	0	0	0	0	0	0	0	0	0	0	0	0	0	0	0	0	0	0	0	0	0	0	0	0	0	0	0	0	0	0	0	0	0	0	0	0	0	0	0	0	0	0	0	0	0	0	0	0	0	0
41	A	T	ORF	S	NULL	0	0	0	0	0	0	0	0	0	0	0	0	0	0	0	0	0	0	0	0	0	0	0	0	0	0	0	0	0	0	0	0	0	0	0	0	0	0	0	0	0	0	0	0	0	0	0	0	0	0	0	0	0	0
42	A	T	ORF	S	NULL	0	0	0	0	0.0001	0.0001	0.000103303	0.0001	0.0001	0.999912	0.0001	0.127504	0.000102001	0.000111518	0.000311746	0.0001	0.607896	0.59467	0.120369	0.0001	0.0001	0.000103235	0.000206018	0.0001	0.0001	0.368923	0.0001	0.0001	0.000469208	0.0001	0.0001	0.198062	0.652955	0.307069	0.16192	0.977961	0.0930623	0.131908	0.000102231	0.0001	0.000100004	0.0001	0.0001	0.0001	0.10542	0.144925	0.000100125	0.0001	0.684943	0.000101089	0.0001	0.45326	0.0001	0.0001
43	A	T	ORF	S	NULL	0	0	0	0	0	0	0	0	0	0	0	0	0	0	0	0	0	0	0	0	0	0	0	0	0	0	0	0	0	0	0	0	0	0	0	0	0	0	0	0	0	0	0	0	0	0	0	0	0	0	0	0	0	0
44	A	T	ORF	S	NULL	0	0	0	0	0	0	0	0	0	0	0	0	0	0	0	0	0	0	0	0	0	0	0	0	0	0	0	0	0	0	0	0	0	0	0	0	0	0	0	0	0	0	0	0	0	0	0	0	0	0	0	0	0	0
45	A	T	ORF	S	NULL	0	0	0	0	1.00004	0.000200769	0.0002	1.00004	1.00004	0.0002	0.903102	0.507501	0.000200002	0.00752083	0.546748	0.945438	0.000200119	0.082439	0.0002	0.33725	0.000200344	0.230322	0.634587	0.986352	0.944493	0.0002	0.0543683	0.945438	0.197892	0.945438	1.00004	0.0002	0.0002	0.0002	0.00020042	0.0002	0.0002	0.822236	0.586547	0.0002	0.0002	0.0002	0.944856	0.670622	0.255483	0.0002	0.000200683	0.557348	0.0785377	0.375738	0.766103	0.0679169	0.749191	0.402282
46	A	T	ORF	S	NULL	0	0	0	0	0	0	0	0	0	0	0	0	0	0	0	0	0	0	0	0	0	0	0	0	0	0	0	0	0	0	0	0	0	0	0	0	0	0	0	0	0	0	0	0	0	0	0	0	0	0	0	0	0	0
47	A	T	ORF	S	NULL	0	0	0	0	0	0	0	0	0	0	0	0	0	0	0	0	0	0	0	0	0	0	0	0	0	0	0	0	0	0	0	0	0	0	0	0	0	0	0	0	0	0	0	0	0	0	0	0	0	0	0	0	0	0
48	A	T	ORF	S	NULL	0	0	0	0	0	0	0	0	0	0	0	0	0	0	0	0	0	0	0	0	0	0	0	0	0	0	0	0	0	0	0	0	0	0	0	0	0	0	0	0	0	0	0	0	0	0	0	0	0	0	0	0	0	0
49	A	T	ORF	S	NULL	0	0	0	0	0	0	0	0	0	0	0	0	0	0	0	0	0	0	0	0	0	0	0	0	0	0	0	0	0	0	0	0	0	0	0	0	0	0	0	0	0	0	0	0	0	0	0	0	0	0	0	0	0	0
50	A	T	ORF	S	NULL	0	0	0	0	0	0	0	0	0	0	0	0	0	0	0	0	0	0	0	0	0	0	0	0	0	0	0	0	0	0	0	0	0	0	0	0	0	0	0	0	0	0	0	0	0	0	0	0	0	0	0	0	0	0
51	A	T	ORF	S	NULL	0	0	0	0	0	0	0	0	0	0	0	0	0	0	0	0	0	0	0	0	0	0	0	0	0	0	0	0	0	0	0	0	0	0	0	0	0	0	0	0	0	0	0	0	0	0	0	0	0	0	0	0	0	0
52	A	T	ORF	S	NULL	0	0	0	0	0	0	0	0	0	0	0	0	0	0	0	0	0	0	0	0	0	0	0	0	0	0	0	0	0	0	0	0	0	0	0	0	0	0	0	0	0	0	0	0	0	0	0	0	0	0	0	0	0	0
53	A	T	ORF	S	NULL	0	0	0	0	0	0	0	0	0	0	0	0	0	0	0	0	0	0	0	0	0	0	0	0	0	0	0	0	0	0	0	0	0	0	0	0	0	0	0	0	0	0	0	0	0	0	0	0	0	0	0	0	0	0
54	A	T	ORF	S	NULL	0	0	0	0	0	0	0	0	0	0	0	0	0	0	0	0	0	0	0	0	0	0	0	0	0	0	0	0	0	0	0	0	0	0	0	0	0	0	0	0	0	0	0	0	0	0	0	0	0	0	0	0	0	0
55	A	T	ORF	S	NULL	0	0	0	0	0	0	0	0	0	0	0	0	0	0	0	0	0	0	0	0	0	0	0	0	0	0	0	0	0	0	0	0	0	0	0	0	0	0	0	0	0	0	0	0	0	0	0	0	0	0	0	0	0	0
56	A	T	ORF	S	NULL	0	0	0	0	0.0002	0.0002	0.000200001	0.0002	0.0002	0.00020002	0.0002	0.365095	0.278049	0.00116099	0.0002	0.0002	0.0171941	0.0141428	0.21034	0.471057	0.017002	0.11307	0.0002	0.0002	0.0002	0.0002	0.597058	0.0002	0.787806	0.0002	0.0002	0.0002	0.342068	0.0002	0.000200056	0.0210025	0.9063	0.0002	0.0002	0.0002	0.960272	1.00004	0.0552442	0.0002	0.25726	0.0002	0.0002	0.442752	0.180006	0.316824	0.0190201	0.255347	0.0159673	0.597718
57	A	T	ORF	S	NULL	0	0	0	0	0	0	0	0	0	0	0	0	0	0	0	0	0	0	0	0	0	0	0	0	0	0	0	0	0	0	0	0	0	0	0	0	0	0	0	0	0	0	0	0	0	0	0	0	0	0	0	0	0	0
58	A	T	ORF	S	NULL	0	0	0	0	0.0001	0.0001	0.0001	0.0001	0.0001	0.00010002	0.0001	0.332174	0.277949	0.000496597	0.0001	0.0001	0.000100019	0.00711038	0.145226	0.470957	0.016902	0.000100002	0.0001	0.0001	0.0001	0.0001	0.227908	0.0001	0.787706	0.0001	0.0001	0.0001	0.341968	0.0001	0.000100056	0.000100002	0.9062	0.0001	0.0001	0.0001	0.960172	0.000100021	0.0253551	0.0001	0.00631056	0.0001	0.0001	0.40162	0.000100005	0.273248	0.0001	0.00870735	0.00883012	0.00942108
59	A	T	ORF	S	NULL	0	0	0	0	0	0	0	0	0	0	0	0	0	0	0	0	0	0	0	0	0	0	0	0	0	0	0	0	0	0	0	0	0	0	0	0	0	0	0	0	0	0	0	0	0	0	0	0	0	0	0	0	0	0
60	A	T	ORF	S	NULL	0	0	0	0	0	0	0	0	0	0	0	0	0	0	0	0	0	0	0	0	0	0	0	0	0	0	0	0	0	0	0	0	0	0	0	0	0	0	0	0	0	0	0	0	0	0	0	0	0	0	0	0	0	0
61	A	T	ORF	S	NULL	0	0	0	0	0	0	0	0	0	0	0	0	0	0	0	0	0	0	0	0	0	0	0	0	0	0	0	0	0	0	0	0	0	0	0	0	0	0	0	0	0	0	0	0	0	0	0	0	0	0	0	0	0	0
62	A	T	ORF	S	NULL	0	0	0	0	0.0001	0.0001	0.000103303	0.0001	0.0001	0.999912	0.0001	0.127504	0.000102001	0.000111518	0.000311746	0.0001	0.607896	0.59467	0.120369	0.0001	0.0001	0.000103235	0.000206018	0.0001	0.0001	0.368923	0.0001	0.0001	0.000469208	0.0001	0.0001	0.198062	0.652955	0.307069	0.16192	0.977961	0.0930623	0.131908	0.000102231	0.0001	0.000100004	0.0001	0.0001	0.0001	0.10542	0.144925	0.000100125	0.0001	0.684943	0.000101089	0.0001	0.45326	0.0001	0.0001
63	A	T	ORF	S	NULL	0	0	0	0	0	0	0	0	0	0	0	0	0	0	0	0	0	0	0	0	0	0	0	0	0	0	0	0	0	0	0	0	0	0	0	0	0	0	0	0	0	0	0	0	0	0	0	0	0	0	0	0	0	0
64	A	T	ORF	S	NULL	0	0	0	0	0	0	0	0	0	0	0	0	0	0	0	0	0	0	0	0	0	0	0	0	0	0	0	0	0	0	0	0	0	0	0	0	0	0	0	0	0	0	0	0	0	0	0	0	0	0	0	0	0	0
65	A	T	ORF	S	NULL	0	0	0	0	0	0	0	0	0	0	0	0	0	0	0	0	0	0	0	0	0	0	0	0	0	0	0	0	0	0	0	0	0	0	0	0	0	0	0	0	0	0	0	0	0	0	0	0	0	0	0	0	0	0
66	A	T	ORF	S	NULL	0	0	0	0	0	0	0	0	0	0	0	0	0	0	0	0	0	0	0	0	0	0	0	0	0	0	0	0	0	0	0	0	0	0	0	0	0	0	0	0	0	0	0	0	0	0	0	0	0	0	0	0	0	0
67	A	T	ORF	S	NULL	0	0	0	0	0	0	0	0	0	0	0	0	0	0	0	0	0	0	0	0	0	0	0	0	0	0	0	0	0	0	0	0	0	0	0	0	0	0	0	0	0	0	0	0	0	0	0	0	0	0	0	0	0	0
68	A	T	ORF	S	NULL	0	0	0	0	0	0	0	0	0	0	0	0	0	0	0	0	0	0	0	0	0	0	0	0	0	0	0	0	0	0	0	0	0	0	0	0	0	0	0	0	0	0	0	0	0	0	0	0	0	0	0	0	0	0
69	A	T	ORF	S	NULL	0	0	0	0	0	0	0	0	0	0	0	0	0	0	0	0	0	0	0	0	0	0	0	0	0	0	0	0	0	0	0	0	0	0	0	0	0	0	0	0	0	0	0	0	0	0	0	0	0	0	0	0	0	0
70	A	T	ORF	S	NULL	0	0	0	0	0	0	0	0	0	0	0	0	0	0	0	0	0	0	0	0	0	0	0	0	0	0	0	0	0	0	0	0	0	0	0	0	0	0	0	0	0	0	0	0	0	0	0	0	0	0	0	0	0	0
71	A	T	ORF	S	NULL	0	0	0	0	0.0001	0.0001	0.000100001	0.0001	0.0001	0.0001	0.0001	0.0329216	0.000100062	0.000664391	0.0001	0.0001	0.0170941	0.00703241	0.0651145	0.0001	0.0001	0.11297	0.0001	0.0001	0.0001	0.0001	0.36915	0.0001	0.000100001	0.0001	0.0001	0.0001	0.0001	0.0001	0.0001	0.0209025	0.0001	0.0001	0.0001	0.0001	0.0001	0.999939	0.0298891	0.0001	0.250949	0.0001	0.0001	0.0411324	0.179906	0.0435757	0.0189201	0.246639	0.0071372	0.588297
72	A	T	ORF	S	NULL	0	0	0	0	0	0	0	0	0	0	0	0	0	0	0	0	0	0	0	0	0	0	0	0	0	0	0	0	0	0	0	0	0	0	0	0	0	0	0	0	0	0	0	0	0	0	0	0	0	0	0	0	0	0
73	A	T	ORF	S	NULL	0	0	0	0	0.0001	0.999966	0.00010359	0.0001	0.0001	0.0001	0.0959348	0.0001	0.000102056	0.000112982	0.117717	0.0001	0.164258	0.000104116	0.000102296	0.150347	0.45399	0.121642	0.0001	0.0001	0.0001	0.0001	0.343653	0.0001	0.0001	0.0001	0.0001	0.0001	0.00390042	0.0001	0.577997	0.0001	0.0001	0.0001	0.215152	0.0001	0.0001	0.0001	0.0001	0.171191	0.0001	0.000102018	0.983014	0.0001	0.0001	0.000101532	0.119965	0.0001	0.0001	0.0001
74	A	T	ORF	S	NULL	0	0	0	0	0.0001	0.0001	0.723944	0.0001	0.0001	0.0001	0.0001	0.0001	0.562965	0.0001	0.0001	0.0001	0.0001	0.0001	0.000100104	0.000100004	0.0001	0.245915	0.0001	0.0109007	0.0001	0.629939	0.0001	0.0001	0.00103834	0.0001	0.0001	0.0001	0.000100003	0.0001	0.0001	0.0001	0.000100008	0.0001	0.0001	0.0001	0.0392273	0.0001	0.0001	0.104906	0.0001	0.698942	0.0001	0.0001	0.048903	0.000322301	0.0001	0.223576	0.0841479	0.0001
75	A	T	ORF	S	NULL	0	0	0	0	0	0	0	0	0	0	0	0	0	0	0	0	0	0	0	0	0	0	0	0	0	0	0	0	0	0	0	0	0	0	0	0	0	0	0	0	0	0	0	0	0	0	0	0	0	0	0	0	0	0
76	A	T	ORF	S	NULL	0	0	0	0	0	0	0	0	0	0	0	0	0	0	0	0	0	0	0	0	0	0	0	0	0	0	0	0	0	0	0	0	0	0	0	0	0	0	0	0	0	0	0	0	0	0	0	0	0	0	0	0	0	0
77	A	T	ORF	S	NULL	0	0	0	0	0	0	0	0	0	0	0	0	0	0	0	0	0	0	0	0	0	0	0	0	0	0	0	0	0	0	0	0	0	0	0	0	0	0	0	0	0	0	0	0	0	0	0	0	0	0	0	0	0	0
78	A	T	ORF	S	NULL	0	0	0	0	0	0	0	0	0	0	0	0	0	0	0	0	0	0	0	0	0	0	0	0	0	0	0	0	0	0	0	0	0	0	0	0	0	0	0	0	0	0	0	0	0	0	0	0	0	0	0	0	0	0
79	A	T	ORF	S	NULL	0	0	0	0	0.0002	0.000200252	0.275011	0.0002	0.0002	1.00001	0.00020003	0.127604	0.158007	0.991505	0.000411967	0.000200377	0.607996	0.903514	0.267401	0.000200049	0.00020012	0.263014	0.000306095	0.00020002	0.000200383	0.369023	0.0002	0.000200377	0.000569338	0.00020017	0.0002	0.198162	0.653055	0.307169	0.16202	0.978061	0.0931623	0.132009	0.188009	0.0002	0.000200018	0.0002	0.0002	0.000200282	0.10552	0.299847	0.0160004	0.0002	0.685043	0.142465	0.000200037	0.45336	0.0002	0.0002
80	A	T	ORF	S	NULL	0	0	0	0	0	0	0	0	0	0	0	0	0	0	0	0	0	0	0	0	0	0	0	0	0	0	0	0	0	0	0	0	0	0	0	0	0	0	0	0	0	0	0	0	0	0	0	0	0	0	0	0	0	0
81	A	T	ORF	S	NULL	0	0	0	0	0	0	0	0	0	0	0	0	0	0	0	0	0	0	0	0	0	0	0	0	0	0	0	0	0	0	0	0	0	0	0	0	0	0	0	0	0	0	0	0	0	0	0	0	0	0	0	0	0	0
82	A	T	ORF	S	NULL	0	0	0	0	0	0	0	0	0	0	0	0	0	0	0	0	0	0	0	0	0	0	0	0	0	0	0	0	0	0	0	0	0	0	0	0	0	0	0	0	0	0	0	0	0	0	0	0	0	0	0	0	0	0
83	A	T	ORF	S	NULL	0	0	0	0	0	0	0	0	0	0	0	0	0	0	0	0	0	0	0	0	0	0	0	0	0	0	0	0	0	0	0	0	0	0	0	0	0	0	0	0	0	0	0	0	0	0	0	0	0	0	0	0	0	0
84	A	T	ORF	S	NULL	0	0	0	0	0	0	0	0	0	0	0	0	0	0	0	0	0	0	0	0	0	0	0	0	0	0	0	0	0	0	0	0	0	0	0	0	0	0	0	0	0	0	0	0	0	0	0	0	0	0	0	0	0	0
85	A	T	ORF	S	NULL	0	0	0	0	0	0	0	0	0	0	0	0	0	0	0	0	0	0	0	0	0	0	0	0	0	0	0	0	0	0	0	0	0	0	0	0	0	0	0	0	0	0	0	0	0	0	0	0	0	0	0	0	0	0
86	A	T	ORF	S	NULL	0	0	0	0	0	0	0	0	0	0	0	0	0	0	0	0	0	0	0	0	0	0	0	0	0	0	0	0	0	0	0	0	0	0	0	0	0	0	0	0	0	0	0	0	0	0	0	0	0	0	0	0	0	0
87	A	T	ORF	S	NULL	0	0	0	0	0	0	0	0	0	0	0	0	0	0	0	0	0	0	0	0	0	0	0	0	0	0	0	0	0	0	0	0	0	0	0	0	0	0	0	0	0	0	0	0	0	0	0	0	0	0	0	0	0	0
88	A	T	ORF	S	NULL	0	0	0	0	0	0	0	0	0	0	0	0	0	0	0	0	0	0	0	0	0	0	0	0	0	0	0	0	0	0	0	0	0	0	0	0	0	0	0	0	0	0	0	0	0	0	0	0	0	0	0	0	0	0
89	A	T	ORF	S	NULL	0	0	0	0	0	0	0	0	0	0	0	0	0	0	0	0	0	0	0	0	0	0	0	0	0	0	0	0	0	0	0	0	0	0	0	0	0	0	0	0	0	0	0	0	0	0	0	0	0	0	0	0	0	0
90	A	T	ORF	S	NULL	0	0	0	0	0.0001	0.000100252	0.274908	0.0001	0.0001	0.0001	0.00010003	0.0001	0.157905	0.991394	0.000100221	0.000100377	0.0001	0.308844	0.147033	0.000100048	0.00010012	0.26291	0.000100078	0.00010002	0.000100383	0.000100008	0.0001	0.000100377	0.000100129	0.00010017	0.0001	0.00010001	0.000100008	0.000100009	0.000100188	0.000100008	0.00010001	0.000100326	0.187907	0.0001	0.000100014	0.0001	0.0001	0.000100282	0.0001	0.154922	0.0159003	0.0001	0.00010007	0.142364	0.000100037	0.0001	0.0001	0.0001
91	A	T	ORF	S	NULL	0	0	0	0	0	0	0	0	0	0	0	0	0	0	0	0	0	0	0	0	0	0	0	0	0	0	0	0	0	0	0	0	0	0	0	0	0	0	0	0	0	0	0	0	0	0	0	0	0	0	0	0	0	0
92	A	T	ORF	S	NULL	0	0	0	0	0	0	0	0	0	0	0	0	0	0	0	0	0	0	0	0	0	0	0	0	0	0	0	0	0	0	0	0	0	0	0	0	0	0	0	0	0	0	0	0	0	0	0	0	0	0	0	0	0	0
93	A	T	ORF	S	NULL	0	0	0	0	0	0	0	0	0	0	0	0	0	0	0	0	0	0	0	0	0	0	0	0	0	0	0	0	0	0	0	0	0	0	0	0	0	0	0	0	0	0	0	0	0	0	0	0	0	0	0	0	0	0
94	A	T	ORF	S	NULL	0	0	0	0	0.0001	0.000100252	0.274908	0.0001	0.0001	0.0001	0.00010003	0.0001	0.157905	0.991394	0.000100221	0.000100377	0.0001	0.308844	0.147033	0.000100048	0.00010012	0.26291	0.000100078	0.00010002	0.000100383	0.000100008	0.0001	0.000100377	0.000100129	0.00010017	0.0001	0.00010001	0.000100008	0.000100009	0.000100188	0.000100008	0.00010001	0.000100326	0.187907	0.0001	0.000100014	0.0001	0.0001	0.000100282	0.0001	0.154922	0.0159003	0.0001	0.00010007	0.142364	0.000100037	0.0001	0.0001	0.0001
95	A	T	ORF	S	NULL	0	0	0	0	0	0	0	0	0	0	0	0	0	0	0	0	0	0	0	0	0	0	0	0	0	0	0	0	0	0	0	0	0	0	0	0	0	0	0	0	0	0	0	0	0	0	0	0	0	0	0	0	0	0
96	A	T	ORF	S	NULL	0	0	0	0	0	0	0	0	0	0	0	0	0	0	0	0	0	0	0	0	0	0	0	0	0	0	0	0	0	0	0	0	0	0	0	0	0	0	0	0	0	0	0	0	0	0	0	0	0	0	0	0	0	0
97	A	T	ORF	S	NULL	0	0	0	0	0	0	0	0	0	0	0	0	0	0	0	0	0	0	0	0	0	0	0	0	0	0	0	0	0	0	0	0	0	0	0	0	0	0	0	0	0	0	0	0	0	0	0	0	0	0	0	0	0	0
98	A	T	ORF	S	NULL	0	0	0	0	0.0002	0.0002	0.000203303	0.0002	0.0002	1.00001	0.0002	0.459677	0.278051	0.000608114	0.000411746	0.0002	0.607996	0.601781	0.265594	0.471057	0.017002	0.000203237	0.000306018	0.0002	0.0002	0.369023	0.228008	0.0002	0.788175	0.0002	0.0002	0.198162	0.994923	0.307169	0.16202	0.978061	0.999263	0.132008	0.000202231	0.0002	0.960272	0.000200021	0.0254551	0.0002	0.11173	0.145025	0.000200125	0.40172	0.685043	0.273349	0.0002	0.461967	0.00893012	0.00952108
99	A	T	ORF	S	NULL	0	0	0	0	0.0001	0.0001	0.000100001	0.0001	0.0001	0.0001	0.0001	0.0329216	0.000100062	0.000664391	0.0001	0.0001	0.0170941	0.00703241	0.0651145	0.0001	0.0001	0.11297	0.0001	0.0001	0.0001	0.0001	0.36915	0.0001	0.000100001	0.0001	0.0001	0.0001	0.0001	0.0001	0.0001	0.0209025	0.0001	0.0001	0.0001	0.0001	0.0001	0.999939	0.0298891	0.0001	0.250949	0.0001	0.0001	0.0411324	0.179906	0.0435757	0.0189201	0.246639	0.0071372	0.588297
100	A	T	ORF	S	NULL	0	0	0	0	0.0001	0.0001	0.000103303	0.0001	0.0001	0.999912	0.0001	0.127504	0.000102001	0.000111518	0.000311746	0.0001	0.607896	0.59467	0.120369	0.0001	0.0001	0.000103235	0.000206018	0.0001	0.0001	0.368923	0.0001	0.0001	0.000469208	0.0001	0.0001	0.198062	0.652955	0.307069	0.16192	0.977961	0.0930623	0.131908	0.000102231	0.0001	0.000100004	0.0001	0.0001	0.0001	0.10542	0.144925	0.000100125	0.0001	0.684943	0.000101089	0.0001	0.45326	0.0001	0.0001
