pos	ref	alt	gene	N/S	AA	nSRAsubclonal	nSRAclonal	nSRA	nConsensus	sample0|Earth	sample1|Earth	sample2|Earth	sample3|Earth	sample4|Earth	sample5|Earth	sample6|Earth	sample7|Earth	sample8|Earth	sample9|Earth	sample10|Earth	sample11|Earth	sample12|Earth	sample13|Earth	sample14|Earth	sample15|Earth	sample16|Earth	sample17|Earth	sample18|Earth	sample19|Earth	sample20|Earth	sample21|Earth	sample22|Earth	sample23|Earth	sample24|Earth	sample25|Earth	sample26|Earth	sample27|Earth	sample28|Earth	sample29|Earth	sample30|Earth	sample31|Earth	sample32|Earth	sample33|Earth	sample34|Earth	sample35|Earth	sample36|Earth	sample37|Earth	sample38|Earth	sample39|Earth	sample40|Earth	sample41|Earth	sample42|Earth	sample43|Earth	sample44|Earth	sample45|Earth	sample46|Earth	sample47|Earth	sample48|Earth	sample49|Earth
1	A	T	ORF	S	NULL	0	0	0	0	0	0	0	0	0	0	0	0	0	0	0	0	0	0	0	0	0	0	0	0	0	0	0	0	0	0	0	0	0	0	0	0	0	0	0	0	0	0	0	0	0	0	0	0	0	0	0	0	0	0
2	A	T	ORF	S	NULL	0	0	0	0	0.999956	0.0001	0.0001	0.999956	0.999956	0.0001	0.902835	0.0001	0.0001	0.0001	0.0001	0.0001	0.0001	0.0001	0.0001	0.337001	0.0001	0.0001	0.367789	0.95884	0.0001	0.0001	0.054171	0.0001	0.0001	0.0001	0.999956	0.0001	0.0001	0.0001	0.0001	0.0001	0.0001	0.0467534	0.475013	0.0001	0.0001	0.0001	0.0001	0.0001	0.175974	0.0001	0.0001	0.0001	0.0001	0.0001	0.765825	0.0001	0.0001	0.25981
3	A	T	ORF	S	NULL	0	0	0	0	0	0	0	0	0	0	0	0	0	0	0	0	0	0	0	0	0	0	0	0	0	0	0	0	0	0	0	0	0	0	0	0	0	0	0	0	0	0	0	0	0	0	0	0	0	0	0	0	0	0
4	A	T	ORF	S	NULL	0	0	0	0	0.0002	0.000200001	0.0002	0.0002	0.0002	1.00009	0.0002	0.173261	0.0002	0.0002	0.293232	0.0002	0.817344	0.601354	0.640627	0.0402033	0.528131	0.000203153	0.349137	0.0002	0.0002	0.369147	0.00347975	0.0002	0.0002	0.0002	0.0002	0.999414	0.653188	0.999415	0.42102	0.97823	0.0932348	0.132108	0.000200359	1.00005	0.0002	0.0002	0.0002	0.0002	0.498563	0.145116	0.0002	0.0002	0.68519	0.198249	0.0941054	0.459155	0.157091	0.0002
5	A	T	ORF	S	NULL	0	0	0	0	0	0	0	0	0	0	0	0	0	0	0	0	0	0	0	0	0	0	0	0	0	0	0	0	0	0	0	0	0	0	0	0	0	0	0	0	0	0	0	0	0	0	0	0	0	0	0	0	0	0
6	A	T	ORF	S	NULL	0	0	0	0	0.0002	0.0002	0.724297	0.0002	0.0002	0.0002	0.0002	0.294577	0.84121	0.000200068	0.000264493	0.0002	0.000230259	0.000289093	0.145487	0.471242	0.017094	0.246495	0.0002	0.0111808	0.000203072	0.630285	0.228233	0.0002	0.791408	0.0002	0.0002	0.0002	0.342143	0.0002	0.000200981	0.000200672	0.906404	0.0002	0.000260067	0.0002	0.999594	0.0002	0.0002	0.105348	0.0002	0.699294	0.000200694	0.369156	0.0492062	0.288922	0.0002	0.235223	0.0953347	0.0002
7	A	T	ORF	S	NULL	0	0	0	0	0	0	0	0	0	0	0	0	0	0	0	0	0	0	0	0	0	0	0	0	0	0	0	0	0	0	0	0	0	0	0	0	0	0	0	0	0	0	0	0	0	0	0	0	0	0	0	0	0	0
8	A	T	ORF	S	NULL	0	0	0	0	0	0	0	0	0	0	0	0	0	0	0	0	0	0	0	0	0	0	0	0	0	0	0	0	0	0	0	0	0	0	0	0	0	0	0	0	0	0	0	0	0	0	0	0	0	0	0	0	0	0
9	A	T	ORF	S	NULL	0	0	0	0	1.00016	1.00019	0.000397123	1.00016	1.00016	0.0003	0.999256	0.000553493	0.00039792	0.000387503	0.421007	0.0003	0.374034	0.000535002	0.520631	0.527893	0.982418	0.126832	0.717133	0.959249	0.000401896	0.000399026	0.401689	0.0003	0.000376902	0.0003	1.00016	0.801469	0.00439943	0.692455	0.837398	0.000398999	0.000348947	0.0471548	0.692914	1.00015	0.00030295	0.0003	0.0003	0.184635	0.562916	0.00039851	0.983535	0.000390412	0.000399758	0.199312	0.980157	0.000392647	0.157508	0.278144
10	A	T	ORF	S	NULL	0	0	0	0	0	0	0	0	0	0	0	0	0	0	0	0	0	0	0	0	0	0	0	0	0	0	0	0	0	0	0	0	0	0	0	0	0	0	0	0	0	0	0	0	0	0	0	0	0	0	0	0	0	0
11	A	T	ORF	S	NULL	0	0	0	0	0.0001	0.0001	0.0001	0.0001	0.0001	0.0001	0.0001	0.0001	0.0001	0.0001	0.293132	0.0001	0.209301	0.0001	0.520145	0.0401033	0.528031	0.0001	0.349037	0.0001	0.0001	0.0001	0.00337975	0.0001	0.0001	0.0001	0.0001	0.801268	0.0001	0.692254	0.258998	0.0001	0.0001	0.0001	0.000100358	0.999951	0.0001	0.0001	0.0001	0.0001	0.38647	0.0001	0.0001	0.0001	0.0001	0.198149	0.0940054	0.0001	0.156991	0.0001
12	A	T	ORF	S	NULL	0	0	0	0	0	0	0	0	0	0	0	0	0	0	0	0	0	0	0	0	0	0	0	0	0	0	0	0	0	0	0	0	0	0	0	0	0	0	0	0	0	0	0	0	0	0	0	0	0	0	0	0	0	0
13	A	T	ORF	S	NULL	0	0	0	0	0	0	0	0	0	0	0	0	0	0	0	0	0	0	0	0	0	0	0	0	0	0	0	0	0	0	0	0	0	0	0	0	0	0	0	0	0	0	0	0	0	0	0	0	0	0	0	0	0	0
14	A	T	ORF	S	NULL	0	0	0	0	0	0	0	0	0	0	0	0	0	0	0	0	0	0	0	0	0	0	0	0	0	0	0	0	0	0	0	0	0	0	0	0	0	0	0	0	0	0	0	0	0	0	0	0	0	0	0	0	0	0
15	A	T	ORF	S	NULL	0	0	0	0	0	0	0	0	0	0	0	0	0	0	0	0	0	0	0	0	0	0	0	0	0	0	0	0	0	0	0	0	0	0	0	0	0	0	0	0	0	0	0	0	0	0	0	0	0	0	0	0	0	0
16	A	T	ORF	S	NULL	0	0	0	0	0.0001	0.0001	0.275061	0.0001	0.0001	0.0001	0.0001	0.0001	0.158043	0.992168	0.0001	0.0001	0.0001	0.315288	0.147238	0.0001	0.0001	0.263206	0.0001	0.0001	0.0001	0.0001	0.0001	0.0001	0.0001	0.0001	0.0001	0.0001	0.0001	0.0001	0.0001	0.0001	0.0001	0.0001	0.188086	0.0001	0.0001	0.0001	0.0001	0.0001	0.0001	0.155044	0.0160213	0.0001	0.0001	0.167206	0.0001	0.0001	0.0001	0.0001
17	A	T	ORF	S	NULL	0	0	0	0	0	0	0	0	0	0	0	0	0	0	0	0	0	0	0	0	0	0	0	0	0	0	0	0	0	0	0	0	0	0	0	0	0	0	0	0	0	0	0	0	0	0	0	0	0	0	0	0	0	0
18	A	T	ORF	S	NULL	0	0	0	0	0	0	0	0	0	0	0	0	0	0	0	0	0	0	0	0	0	0	0	0	0	0	0	0	0	0	0	0	0	0	0	0	0	0	0	0	0	0	0	0	0	0	0	0	0	0	0	0	0	0
19	A	T	ORF	S	NULL	0	0	0	0	0	0	0	0	0	0	0	0	0	0	0	0	0	0	0	0	0	0	0	0	0	0	0	0	0	0	0	0	0	0	0	0	0	0	0	0	0	0	0	0	0	0	0	0	0	0	0	0	0	0
20	A	T	ORF	S	NULL	0	0	0	0	0.0001	0.0001	0.275061	0.0001	0.0001	0.0001	0.0001	0.0001	0.158043	0.992168	0.0001	0.0001	0.0001	0.315288	0.147238	0.0001	0.0001	0.263206	0.0001	0.0001	0.0001	0.0001	0.0001	0.0001	0.0001	0.0001	0.0001	0.0001	0.0001	0.0001	0.0001	0.0001	0.0001	0.0001	0.188086	0.0001	0.0001	0.0001	0.0001	0.0001	0.0001	0.155044	0.0160213	0.0001	0.0001	0.167206	0.0001	0.0001	0.0001	0.0001
21	A	T	ORF	S	NULL	0	0	0	0	0	0	0	0	0	0	0	0	0	0	0	0	0	0	0	0	0	0	0	0	0	0	0	0	0	0	0	0	0	0	0	0	0	0	0	0	0	0	0	0	0	0	0	0	0	0	0	0	0	0
22	A	T	ORF	S	NULL	0	0	0	0	0	0	0	0	0	0	0	0	0	0	0	0	0	0	0	0	0	0	0	0	0	0	0	0	0	0	0	0	0	0	0	0	0	0	0	0	0	0	0	0	0	0	0	0	0	0	0	0	0	0
23	A	T	ORF	S	NULL	0	0	0	0	0.0001	0.0001	0.0001	0.0001	0.0001	0.0001	0.0001	0.294477	0.278029	0.0001	0.0001	0.0001	0.0001	0.0001	0.145347	0.471079	0.0169886	0.0001	0.0001	0.0001	0.0001	0.0001	0.228019	0.0001	0.791308	0.0001	0.0001	0.0001	0.342038	0.0001	0.0001	0.0001	0.906304	0.0001	0.0001	0.0001	0.960253	0.0001	0.0001	0.0001	0.0001	0.0001	0.0001	0.369055	0.0001	0.23428	0.0001	0.0001	0.0001	0.0001
24	A	T	ORF	S	NULL	0	0	0	0	0	0	0	0	0	0	0	0	0	0	0	0	0	0	0	0	0	0	0	0	0	0	0	0	0	0	0	0	0	0	0	0	0	0	0	0	0	0	0	0	0	0	0	0	0	0	0	0	0	0
25	A	T	ORF	S	NULL	0	0	0	0	0	0	0	0	0	0	0	0	0	0	0	0	0	0	0	0	0	0	0	0	0	0	0	0	0	0	0	0	0	0	0	0	0	0	0	0	0	0	0	0	0	0	0	0	0	0	0	0	0	0
26	A	T	ORF	S	NULL	0	0	0	0	0	0	0	0	0	0	0	0	0	0	0	0	0	0	0	0	0	0	0	0	0	0	0	0	0	0	0	0	0	0	0	0	0	0	0	0	0	0	0	0	0	0	0	0	0	0	0	0	0	0
27	A	T	ORF	S	NULL	0	0	0	0	0.0001	0.0001	0.0001	0.0001	0.0001	0.0001	0.0001	0.0001	0.0001	0.0001	0.293132	0.0001	0.209301	0.0001	0.520145	0.0401033	0.528031	0.0001	0.349037	0.0001	0.0001	0.0001	0.00337975	0.0001	0.0001	0.0001	0.0001	0.801268	0.0001	0.692254	0.258998	0.0001	0.0001	0.0001	0.000100358	0.999951	0.0001	0.0001	0.0001	0.0001	0.38647	0.0001	0.0001	0.0001	0.0001	0.198149	0.0940054	0.0001	0.156991	0.0001
28	A	T	ORF	S	NULL	0	0	0	0	0	0	0	0	0	0	0	0	0	0	0	0	0	0	0	0	0	0	0	0	0	0	0	0	0	0	0	0	0	0	0	0	0	0	0	0	0	0	0	0	0	0	0	0	0	0	0	0	0	0
29	A	T	ORF	S	NULL	0	0	0	0	0	0	0	0	0	0	0	0	0	0	0	0	0	0	0	0	0	0	0	0	0	0	0	0	0	0	0	0	0	0	0	0	0	0	0	0	0	0	0	0	0	0	0	0	0	0	0	0	0	0
30	A	T	ORF	S	NULL	0	0	0	0	0.0001	0.0001	0.724197	0.0001	0.0001	0.0001	0.0001	0.0001	0.563181	0.000100068	0.000164493	0.0001	0.000130259	0.000189093	0.000140061	0.000162732	0.00010548	0.246395	0.0001	0.0110808	0.000103072	0.630185	0.000213546	0.0001	0.0001	0.0001	0.0001	0.0001	0.000105196	0.0001	0.000100981	0.000100672	0.0001	0.0001	0.000160067	0.0001	0.0393408	0.0001	0.0001	0.105248	0.0001	0.699194	0.000100694	0.000100708	0.0491062	0.0546423	0.0001	0.235123	0.0952347	0.0001
31	A	T	ORF	S	NULL	0	0	0	0	0	0	0	0	0	0	0	0	0	0	0	0	0	0	0	0	0	0	0	0	0	0	0	0	0	0	0	0	0	0	0	0	0	0	0	0	0	0	0	0	0	0	0	0	0	0	0	0	0	0
32	A	T	ORF	S	NULL	0	0	0	0	0	0	0	0	0	0	0	0	0	0	0	0	0	0	0	0	0	0	0	0	0	0	0	0	0	0	0	0	0	0	0	0	0	0	0	0	0	0	0	0	0	0	0	0	0	0	0	0	0	0
33	A	T	ORF	S	NULL	0	0	0	0	0	0	0	0	0	0	0	0	0	0	0	0	0	0	0	0	0	0	0	0	0	0	0	0	0	0	0	0	0	0	0	0	0	0	0	0	0	0	0	0	0	0	0	0	0	0	0	0	0	0
34	A	T	ORF	S	NULL	0	0	0	0	0.0001	0.0001	0.0001	0.0001	0.0001	0.0001	0.0001	0.459035	0.0001	0.00688484	0.0001	0.0001	0.0001	0.081874	0.0001	0.0001	0.0001	0.0001	0.0001	0.0001	0.0001	0.0001	0.0001	0.0001	0.00206163	0.0001	0.0001	0.0001	0.0001	0.0001	0.0001	0.0001	0.0001	0.0001	0.0001	0.0001	0.0001	0.0001	0.520929	0.0001	0.0800165	0.0001	0.0001	0.629919	0.0001	0.342826	0.0001	0.0638825	0.133863	0.144048
35	A	T	ORF	S	NULL	0	0	0	0	0	0	0	0	0	0	0	0	0	0	0	0	0	0	0	0	0	0	0	0	0	0	0	0	0	0	0	0	0	0	0	0	0	0	0	0	0	0	0	0	0	0	0	0	0	0	0	0	0	0
36	A	T	ORF	S	NULL	0	0	0	0	0	0	0	0	0	0	0	0	0	0	0	0	0	0	0	0	0	0	0	0	0	0	0	0	0	0	0	0	0	0	0	0	0	0	0	0	0	0	0	0	0	0	0	0	0	0	0	0	0	0
37	A	T	ORF	S	NULL	0	0	0	0	0	0	0	0	0	0	0	0	0	0	0	0	0	0	0	0	0	0	0	0	0	0	0	0	0	0	0	0	0	0	0	0	0	0	0	0	0	0	0	0	0	0	0	0	0	0	0	0	0	0
38	A	T	ORF	S	NULL	0	0	0	0	0.0002	0.0002	0.0002	0.0002	0.0002	0.0002	0.0002	0.0002	0.0002	0.0002	0.293232	0.0002	0.226557	0.000250033	0.585462	0.0402033	0.528131	0.119361	0.349137	0.0002	0.0002	0.0002	0.372715	0.0002	0.0002	0.0002	0.0002	0.801368	0.0002	0.692354	0.259098	0.0211517	0.0002	0.0002	0.000200358	1.00005	0.0002	1.00004	0.0002	0.000250494	0.629921	0.0002	0.0002	0.0002	0.182172	0.198368	0.113044	0.241204	0.157176	0.576423
39	A	T	ORF	S	NULL	0	0	0	0	0	0	0	0	0	0	0	0	0	0	0	0	0	0	0	0	0	0	0	0	0	0	0	0	0	0	0	0	0	0	0	0	0	0	0	0	0	0	0	0	0	0	0	0	0	0	0	0	0	0
40	A	T	ORF	S	NULL	0	0	0	0	0	0	0	0	0	0	0	0	0	0	0	0	0	0	0	0	0	0	0	0	0	0	0	0	0	0	0	0	0	0	0	0	0	0	0	0	0	0	0	0	0	0	0	0	0	0	0	0	0	0
41	A	T	ORF	S	NULL	0	0	0	0	0	0	0	0	0	0	0	0	0	0	0	0	0	0	0	0	0	0	0	0	0	0	0	0	0	0	0	0	0	0	0	0	0	0	0	0	0	0	0	0	0	0	0	0	0	0	0	0	0	0
42	A	T	ORF	S	NULL	0	0	0	0	0.0001	0.0001	0.0001	0.0001	0.0001	0.999989	0.0001	0.173161	0.0001	0.0001	0.0001	0.0001	0.608043	0.601254	0.120482	0.0001	0.0001	0.000103153	0.0001	0.0001	0.0001	0.369047	0.0001	0.0001	0.0001	0.0001	0.0001	0.198145	0.653088	0.307161	0.162022	0.97813	0.0931348	0.132008	0.0001	0.0001	0.0001	0.0001	0.0001	0.0001	0.112093	0.145016	0.0001	0.0001	0.68509	0.0001	0.0001	0.459055	0.0001	0.0001
43	A	T	ORF	S	NULL	0	0	0	0	0	0	0	0	0	0	0	0	0	0	0	0	0	0	0	0	0	0	0	0	0	0	0	0	0	0	0	0	0	0	0	0	0	0	0	0	0	0	0	0	0	0	0	0	0	0	0	0	0	0
44	A	T	ORF	S	NULL	0	0	0	0	0	0	0	0	0	0	0	0	0	0	0	0	0	0	0	0	0	0	0	0	0	0	0	0	0	0	0	0	0	0	0	0	0	0	0	0	0	0	0	0	0	0	0	0	0	0	0	0	0	0
45	A	T	ORF	S	NULL	0	0	0	0	1.00016	0.0003	0.000694235	1.00016	1.00016	0.0003	0.903655	0.531977	0.000695825	0.00757591	0.578975	1.00019	0.000790588	0.0828809	0.00114377	0.337835	0.000702113	0.244558	0.650626	0.988666	0.999823	0.000698044	0.05493	1.00019	0.208579	1.00019	1.00016	0.00062474	0.000697823	0.000624211	0.000700235	0.000698025	0.000597835	0.867656	0.593867	0.0003	0.000503978	0.000301306	1.0001	0.710204	0.257444	0.000697004	0.000695101	0.630665	0.0837094	0.344493	0.766639	0.0645938	0.747094	0.405394
46	A	T	ORF	S	NULL	0	0	0	0	0	0	0	0	0	0	0	0	0	0	0	0	0	0	0	0	0	0	0	0	0	0	0	0	0	0	0	0	0	0	0	0	0	0	0	0	0	0	0	0	0	0	0	0	0	0	0	0	0	0
47	A	T	ORF	S	NULL	0	0	0	0	0	0	0	0	0	0	0	0	0	0	0	0	0	0	0	0	0	0	0	0	0	0	0	0	0	0	0	0	0	0	0	0	0	0	0	0	0	0	0	0	0	0	0	0	0	0	0	0	0	0
48	A	T	ORF	S	NULL	0	0	0	0	0	0	0	0	0	0	0	0	0	0	0	0	0	0	0	0	0	0	0	0	0	0	0	0	0	0	0	0	0	0	0	0	0	0	0	0	0	0	0	0	0	0	0	0	0	0	0	0	0	0
49	A	T	ORF	S	NULL	0	0	0	0	0	0	0	0	0	0	0	0	0	0	0	0	0	0	0	0	0	0	0	0	0	0	0	0	0	0	0	0	0	0	0	0	0	0	0	0	0	0	0	0	0	0	0	0	0	0	0	0	0	0
50	A	T	ORF	S	NULL	0	0	0	0	0	0	0	0	0	0	0	0	0	0	0	0	0	0	0	0	0	0	0	0	0	0	0	0	0	0	0	0	0	0	0	0	0	0	0	0	0	0	0	0	0	0	0	0	0	0	0	0	0	0
51	A	T	ORF	S	NULL	0	0	0	0	0	0	0	0	0	0	0	0	0	0	0	0	0	0	0	0	0	0	0	0	0	0	0	0	0	0	0	0	0	0	0	0	0	0	0	0	0	0	0	0	0	0	0	0	0	0	0	0	0	0
52	A	T	ORF	S	NULL	0	0	0	0	0	0	0	0	0	0	0	0	0	0	0	0	0	0	0	0	0	0	0	0	0	0	0	0	0	0	0	0	0	0	0	0	0	0	0	0	0	0	0	0	0	0	0	0	0	0	0	0	0	0
53	A	T	ORF	S	NULL	0	0	0	0	0	0	0	0	0	0	0	0	0	0	0	0	0	0	0	0	0	0	0	0	0	0	0	0	0	0	0	0	0	0	0	0	0	0	0	0	0	0	0	0	0	0	0	0	0	0	0	0	0	0
54	A	T	ORF	S	NULL	0	0	0	0	0.0001	0.0001	0.0001	0.0001	0.0001	0.0001	0.0001	0.459035	0.0001	0.00688484	0.0001	0.0001	0.0001	0.081874	0.0001	0.0001	0.0001	0.0001	0.0001	0.0001	0.0001	0.0001	0.0001	0.0001	0.00206163	0.0001	0.0001	0.0001	0.0001	0.0001	0.0001	0.0001	0.0001	0.0001	0.0001	0.0001	0.0001	0.0001	0.520929	0.0001	0.0800165	0.0001	0.0001	0.629919	0.0001	0.342826	0.0001	0.0638825	0.133863	0.144048
55	A	T	ORF	S	NULL	0	0	0	0	0	0	0	0	0	0	0	0	0	0	0	0	0	0	0	0	0	0	0	0	0	0	0	0	0	0	0	0	0	0	0	0	0	0	0	0	0	0	0	0	0	0	0	0	0	0	0	0	0	0
56	A	T	ORF	S	NULL	0	0	0	0	0.0002	0.0002	0.0002	0.0002	0.0002	0.0002	0.0002	0.294577	0.278129	0.0002	0.0002	0.0002	0.0173562	0.000250033	0.210665	0.471179	0.0170886	0.119361	0.0002	0.0002	0.0002	0.0002	0.597354	0.0002	0.791408	0.0002	0.0002	0.0002	0.342138	0.0002	0.0002	0.0211517	0.906404	0.0002	0.0002	0.0002	0.960353	1.00004	0.0002	0.000250494	0.24355	0.0002	0.0002	0.369155	0.182172	0.234499	0.019139	0.241204	0.000285704	0.576423
57	A	T	ORF	S	NULL	0	0	0	0	0	0	0	0	0	0	0	0	0	0	0	0	0	0	0	0	0	0	0	0	0	0	0	0	0	0	0	0	0	0	0	0	0	0	0	0	0	0	0	0	0	0	0	0	0	0	0	0	0	0
58	A	T	ORF	S	NULL	0	0	0	0	0.0002	0.0002	0.0002	0.0002	0.0002	0.0002	0.0002	0.753512	0.278129	0.00698484	0.0002	0.0002	0.0002	0.081974	0.145447	0.471179	0.0170886	0.0002	0.0002	0.0002	0.0002	0.0002	0.228119	0.0002	0.79337	0.0002	0.0002	0.0002	0.342138	0.0002	0.0002	0.0002	0.906404	0.0002	0.0002	0.0002	0.960353	0.0002	0.521029	0.0002	0.0801165	0.0002	0.0002	0.998974	0.0002	0.577106	0.0002	0.0639825	0.133963	0.144148
59	A	T	ORF	S	NULL	0	0	0	0	0	0	0	0	0	0	0	0	0	0	0	0	0	0	0	0	0	0	0	0	0	0	0	0	0	0	0	0	0	0	0	0	0	0	0	0	0	0	0	0	0	0	0	0	0	0	0	0	0	0
60	A	T	ORF	S	NULL	0	0	0	0	0	0	0	0	0	0	0	0	0	0	0	0	0	0	0	0	0	0	0	0	0	0	0	0	0	0	0	0	0	0	0	0	0	0	0	0	0	0	0	0	0	0	0	0	0	0	0	0	0	0
61	A	T	ORF	S	NULL	0	0	0	0	0	0	0	0	0	0	0	0	0	0	0	0	0	0	0	0	0	0	0	0	0	0	0	0	0	0	0	0	0	0	0	0	0	0	0	0	0	0	0	0	0	0	0	0	0	0	0	0	0	0
62	A	T	ORF	S	NULL	0	0	0	0	0.0001	0.0001	0.0001	0.0001	0.0001	0.999989	0.0001	0.173161	0.0001	0.0001	0.0001	0.0001	0.608043	0.601254	0.120482	0.0001	0.0001	0.000103153	0.0001	0.0001	0.0001	0.369047	0.0001	0.0001	0.0001	0.0001	0.0001	0.198145	0.653088	0.307161	0.162022	0.97813	0.0931348	0.132008	0.0001	0.0001	0.0001	0.0001	0.0001	0.0001	0.112093	0.145016	0.0001	0.0001	0.68509	0.0001	0.0001	0.459055	0.0001	0.0001
63	A	T	ORF	S	NULL	0	0	0	0	0	0	0	0	0	0	0	0	0	0	0	0	0	0	0	0	0	0	0	0	0	0	0	0	0	0	0	0	0	0	0	0	0	0	0	0	0	0	0	0	0	0	0	0	0	0	0	0	0	0
64	A	T	ORF	S	NULL	0	0	0	0	0	0	0	0	0	0	0	0	0	0	0	0	0	0	0	0	0	0	0	0	0	0	0	0	0	0	0	0	0	0	0	0	0	0	0	0	0	0	0	0	0	0	0	0	0	0	0	0	0	0
65	A	T	ORF	S	NULL	0	0	0	0	0	0	0	0	0	0	0	0	0	0	0	0	0	0	0	0	0	0	0	0	0	0	0	0	0	0	0	0	0	0	0	0	0	0	0	0	0	0	0	0	0	0	0	0	0	0	0	0	0	0
66	A	T	ORF	S	NULL	0	0	0	0	0	0	0	0	0	0	0	0	0	0	0	0	0	0	0	0	0	0	0	0	0	0	0	0	0	0	0	0	0	0	0	0	0	0	0	0	0	0	0	0	0	0	0	0	0	0	0	0	0	0
67	A	T	ORF	S	NULL	0	0	0	0	0	0	0	0	0	0	0	0	0	0	0	0	0	0	0	0	0	0	0	0	0	0	0	0	0	0	0	0	0	0	0	0	0	0	0	0	0	0	0	0	0	0	0	0	0	0	0	0	0	0
68	A	T	ORF	S	NULL	0	0	0	0	0	0	0	0	0	0	0	0	0	0	0	0	0	0	0	0	0	0	0	0	0	0	0	0	0	0	0	0	0	0	0	0	0	0	0	0	0	0	0	0	0	0	0	0	0	0	0	0	0	0
69	A	T	ORF	S	NULL	0	0	0	0	0	0	0	0	0	0	0	0	0	0	0	0	0	0	0	0	0	0	0	0	0	0	0	0	0	0	0	0	0	0	0	0	0	0	0	0	0	0	0	0	0	0	0	0	0	0	0	0	0	0
70	A	T	ORF	S	NULL	0	0	0	0	0	0	0	0	0	0	0	0	0	0	0	0	0	0	0	0	0	0	0	0	0	0	0	0	0	0	0	0	0	0	0	0	0	0	0	0	0	0	0	0	0	0	0	0	0	0	0	0	0	0
71	A	T	ORF	S	NULL	0	0	0	0	0.0001	0.0001	0.0001	0.0001	0.0001	0.0001	0.0001	0.0001	0.0001	0.0001	0.0001	0.0001	0.0172562	0.000150033	0.0653174	0.0001	0.0001	0.119261	0.0001	0.0001	0.0001	0.0001	0.369335	0.0001	0.0001	0.0001	0.0001	0.0001	0.0001	0.0001	0.0001	0.0210517	0.0001	0.0001	0.0001	0.0001	0.0001	0.999943	0.0001	0.000150494	0.24345	0.0001	0.0001	0.0001	0.182072	0.000219157	0.019039	0.241104	0.000185704	0.576323
72	A	T	ORF	S	NULL	0	0	0	0	0	0	0	0	0	0	0	0	0	0	0	0	0	0	0	0	0	0	0	0	0	0	0	0	0	0	0	0	0	0	0	0	0	0	0	0	0	0	0	0	0	0	0	0	0	0	0	0	0	0
73	A	T	ORF	S	NULL	0	0	0	0	0.0001	0.999994	0.000197123	0.0001	0.0001	0.0001	0.0963213	0.000353493	0.000197919	0.000187503	0.127776	0.0001	0.164633	0.000335002	0.000386616	0.150789	0.454286	0.126632	0.000307581	0.00030893	0.000201896	0.000199025	0.344138	0.0001	0.000176902	0.0001	0.0001	0.000101365	0.00419943	0.000100657	0.5783	0.000198999	0.000148947	0.000301389	0.2178	0.0001	0.00010295	0.0001	0.0001	0.184435	0.000471857	0.00019851	0.983335	0.000190412	0.000199758	0.0010631	0.120327	0.000192647	0.000417359	0.0182347
74	A	T	ORF	S	NULL	0	0	0	0	0.0001	0.0001	0.724197	0.0001	0.0001	0.0001	0.0001	0.0001	0.563181	0.000100068	0.000164493	0.0001	0.000130259	0.000189093	0.000140061	0.000162732	0.00010548	0.246395	0.0001	0.0110808	0.000103072	0.630185	0.000213546	0.0001	0.0001	0.0001	0.0001	0.0001	0.000105196	0.0001	0.000100981	0.000100672	0.0001	0.0001	0.000160067	0.0001	0.0393408	0.0001	0.0001	0.105248	0.0001	0.699194	0.000100694	0.000100708	0.0491062	0.0546423	0.0001	0.235123	0.0952347	0.0001
75	A	T	ORF	S	NULL	0	0	0	0	0	0	0	0	0	0	0	0	0	0	0	0	0	0	0	0	0	0	0	0	0	0	0	0	0	0	0	0	0	0	0	0	0	0	0	0	0	0	0	0	0	0	0	0	0	0	0	0	0	0
76	A	T	ORF	S	NULL	0	0	0	0	0	0	0	0	0	0	0	0	0	0	0	0	0	0	0	0	0	0	0	0	0	0	0	0	0	0	0	0	0	0	0	0	0	0	0	0	0	0	0	0	0	0	0	0	0	0	0	0	0	0
77	A	T	ORF	S	NULL	0	0	0	0	0	0	0	0	0	0	0	0	0	0	0	0	0	0	0	0	0	0	0	0	0	0	0	0	0	0	0	0	0	0	0	0	0	0	0	0	0	0	0	0	0	0	0	0	0	0	0	0	0	0
78	A	T	ORF	S	NULL	0	0	0	0	0	0	0	0	0	0	0	0	0	0	0	0	0	0	0	0	0	0	0	0	0	0	0	0	0	0	0	0	0	0	0	0	0	0	0	0	0	0	0	0	0	0	0	0	0	0	0	0	0	0
79	A	T	ORF	S	NULL	0	0	0	0	0.0002	0.0002	0.275161	0.0002	0.0002	1.00009	0.0002	0.173261	0.158143	0.992268	0.0002	0.0002	0.608143	0.916542	0.26772	0.0002	0.0002	0.263309	0.0002	0.0002	0.0002	0.369147	0.0002	0.0002	0.0002	0.0002	0.0002	0.198245	0.653188	0.307261	0.162122	0.97823	0.0932348	0.132108	0.188186	0.0002	0.0002	0.0002	0.0002	0.0002	0.112193	0.30006	0.0161213	0.0002	0.68519	0.167306	0.0002	0.459155	0.0002	0.0002
80	A	T	ORF	S	NULL	0	0	0	0	0.0001	0.0001	0.0001	0.0001	0.0001	0.0001	0.0001	0.459035	0.0001	0.00688484	0.0001	0.0001	0.0001	0.081874	0.0001	0.0001	0.0001	0.0001	0.0001	0.0001	0.0001	0.0001	0.0001	0.0001	0.00206163	0.0001	0.0001	0.0001	0.0001	0.0001	0.0001	0.0001	0.0001	0.0001	0.0001	0.0001	0.0001	0.0001	0.520929	0.0001	0.0800165	0.0001	0.0001	0.629919	0.0001	0.342826	0.0001	0.0638825	0.133863	0.144048
81	A	T	ORF	S	NULL	0	0	0	0	0	0	0	0	0	0	0	0	0	0	0	0	0	0	0	0	0	0	0	0	0	0	0	0	0	0	0	0	0	0	0	0	0	0	0	0	0	0	0	0	0	0	0	0	0	0	0	0	0	0
82	A	T	ORF	S	NULL	0	0	0	0	0	0	0	0	0	0	0	0	0	0	0	0	0	0	0	0	0	0	0	0	0	0	0	0	0	0	0	0	0	0	0	0	0	0	0	0	0	0	0	0	0	0	0	0	0	0	0	0	0	0
83	A	T	ORF	S	NULL	0	0	0	0	0	0	0	0	0	0	0	0	0	0	0	0	0	0	0	0	0	0	0	0	0	0	0	0	0	0	0	0	0	0	0	0	0	0	0	0	0	0	0	0	0	0	0	0	0	0	0	0	0	0
84	A	T	ORF	S	NULL	0	0	0	0	0	0	0	0	0	0	0	0	0	0	0	0	0	0	0	0	0	0	0	0	0	0	0	0	0	0	0	0	0	0	0	0	0	0	0	0	0	0	0	0	0	0	0	0	0	0	0	0	0	0
85	A	T	ORF	S	NULL	0	0	0	0	0	0	0	0	0	0	0	0	0	0	0	0	0	0	0	0	0	0	0	0	0	0	0	0	0	0	0	0	0	0	0	0	0	0	0	0	0	0	0	0	0	0	0	0	0	0	0	0	0	0
86	A	T	ORF	S	NULL	0	0	0	0	0	0	0	0	0	0	0	0	0	0	0	0	0	0	0	0	0	0	0	0	0	0	0	0	0	0	0	0	0	0	0	0	0	0	0	0	0	0	0	0	0	0	0	0	0	0	0	0	0	0
87	A	T	ORF	S	NULL	0	0	0	0	0	0	0	0	0	0	0	0	0	0	0	0	0	0	0	0	0	0	0	0	0	0	0	0	0	0	0	0	0	0	0	0	0	0	0	0	0	0	0	0	0	0	0	0	0	0	0	0	0	0
88	A	T	ORF	S	NULL	0	0	0	0	0	0	0	0	0	0	0	0	0	0	0	0	0	0	0	0	0	0	0	0	0	0	0	0	0	0	0	0	0	0	0	0	0	0	0	0	0	0	0	0	0	0	0	0	0	0	0	0	0	0
89	A	T	ORF	S	NULL	0	0	0	0	0	0	0	0	0	0	0	0	0	0	0	0	0	0	0	0	0	0	0	0	0	0	0	0	0	0	0	0	0	0	0	0	0	0	0	0	0	0	0	0	0	0	0	0	0	0	0	0	0	0
90	A	T	ORF	S	NULL	0	0	0	0	0.0001	0.0001	0.275061	0.0001	0.0001	0.0001	0.0001	0.0001	0.158043	0.992168	0.0001	0.0001	0.0001	0.315288	0.147238	0.0001	0.0001	0.263206	0.0001	0.0001	0.0001	0.0001	0.0001	0.0001	0.0001	0.0001	0.0001	0.0001	0.0001	0.0001	0.0001	0.0001	0.0001	0.0001	0.188086	0.0001	0.0001	0.0001	0.0001	0.0001	0.0001	0.155044	0.0160213	0.0001	0.0001	0.167206	0.0001	0.0001	0.0001	0.0001
91	A	T	ORF	S	NULL	0	0	0	0	0	0	0	0	0	0	0	0	0	0	0	0	0	0	0	0	0	0	0	0	0	0	0	0	0	0	0	0	0	0	0	0	0	0	0	0	0	0	0	0	0	0	0	0	0	0	0	0	0	0
92	A	T	ORF	S	NULL	0	0	0	0	0	0	0	0	0	0	0	0	0	0	0	0	0	0	0	0	0	0	0	0	0	0	0	0	0	0	0	0	0	0	0	0	0	0	0	0	0	0	0	0	0	0	0	0	0	0	0	0	0	0
93	A	T	ORF	S	NULL	0	0	0	0	0	0	0	0	0	0	0	0	0	0	0	0	0	0	0	0	0	0	0	0	0	0	0	0	0	0	0	0	0	0	0	0	0	0	0	0	0	0	0	0	0	0	0	0	0	0	0	0	0	0
94	A	T	ORF	S	NULL	0	0	0	0	0.0001	0.0001	0.275061	0.0001	0.0001	0.0001	0.0001	0.0001	0.158043	0.992168	0.0001	0.0001	0.0001	0.315288	0.147238	0.0001	0.0001	0.263206	0.0001	0.0001	0.0001	0.0001	0.0001	0.0001	0.0001	0.0001	0.0001	0.0001	0.0001	0.0001	0.0001	0.0001	0.0001	0.0001	0.188086	0.0001	0.0001	0.0001	0.0001	0.0001	0.0001	0.155044	0.0160213	0.0001	0.0001	0.167206	0.0001	0.0001	0.0001	0.0001
95	A	T	ORF	S	NULL	0	0	0	0	0	0	0	0	0	0	0	0	0	0	0	0	0	0	0	0	0	0	0	0	0	0	0	0	0	0	0	0	0	0	0	0	0	0	0	0	0	0	0	0	0	0	0	0	0	0	0	0	0	0
96	A	T	ORF	S	NULL	0	0	0	0	0	0	0	0	0	0	0	0	0	0	0	0	0	0	0	0	0	0	0	0	0	0	0	0	0	0	0	0	0	0	0	0	0	0	0	0	0	0	0	0	0	0	0	0	0	0	0	0	0	0
97	A	T	ORF	S	NULL	0	0	0	0	0	0	0	0	0	0	0	0	0	0	0	0	0	0	0	0	0	0	0	0	0	0	0	0	0	0	0	0	0	0	0	0	0	0	0	0	0	0	0	0	0	0	0	0	0	0	0	0	0	0
98	A	T	ORF	S	NULL	0	0	0	0	0.0002	0.0002	0.0002	0.0002	0.0002	1.00009	0.0002	0.467638	0.278129	0.0002	0.0002	0.0002	0.608143	0.601354	0.265829	0.471179	0.0170886	0.000203153	0.0002	0.0002	0.0002	0.369147	0.228119	0.0002	0.791408	0.0002	0.0002	0.198245	0.995126	0.307261	0.162122	0.97823	0.999438	0.132108	0.0002	0.0002	0.960353	0.0002	0.0002	0.0002	0.112193	0.145116	0.0002	0.369155	0.68519	0.23438	0.0002	0.459155	0.0002	0.0002
99	A	T	ORF	S	NULL	0	0	0	0	0.0002	0.0002	0.0002	0.0002	0.0002	0.0002	0.0002	0.459135	0.0002	0.00698484	0.0002	0.0002	0.0173562	0.082024	0.0654174	0.0002	0.0002	0.119361	0.0002	0.0002	0.0002	0.0002	0.369435	0.0002	0.00216163	0.0002	0.0002	0.0002	0.0002	0.0002	0.0002	0.0211517	0.0002	0.0002	0.0002	0.0002	0.0002	1.00004	0.521029	0.000250494	0.323467	0.0002	0.0002	0.630019	0.182172	0.343045	0.019139	0.304987	0.134048	0.720372
100	A	T	ORF	S	NULL	0	0	0	0	0.0001	0.0001	0.0001	0.0001	0.0001	0.999989	0.0001	0.173161	0.0001	0.0001	0.0001	0.0001	0.608043	0.601254	0.120482	0.0001	0.0001	0.000103153	0.0001	0.0001	0.0001	0.369047	0.0001	0.0001	0.0001	0.0001	0.0001	0.198145	0.653088	0.307161	0.162022	0.97813	0.0931348	0.132008	0.0001	0.0001	0.0001	0.0001	0.0001	0.0001	0.112093	0.145016	0.0001	0.0001	0.68509	0.0001	0.0001	0.459055	0.0001	0.0001
