pos	ref	alt	gene	N/S	AA	nSRAsubclonal	nSRAclonal	nSRA	nConsensus	sample0|Earth	sample1|Earth	sample2|Earth	sample3|Earth	sample4|Earth	sample5|Earth	sample6|Earth	sample7|Earth	sample8|Earth	sample9|Earth	sample10|Earth	sample11|Earth	sample12|Earth	sample13|Earth	sample14|Earth	sample15|Earth	sample16|Earth	sample17|Earth	sample18|Earth	sample19|Earth	sample20|Earth	sample21|Earth	sample22|Earth	sample23|Earth	sample24|Earth	sample25|Earth	sample26|Earth	sample27|Earth	sample28|Earth	sample29|Earth	sample30|Earth	sample31|Earth	sample32|Earth	sample33|Earth	sample34|Earth	sample35|Earth	sample36|Earth	sample37|Earth	sample38|Earth	sample39|Earth	sample40|Earth	sample41|Earth	sample42|Earth	sample43|Earth	sample44|Earth	sample45|Earth	sample46|Earth	sample47|Earth	sample48|Earth	sample49|Earth
1	A	T	ORF	S	NULL	0	0	0	0	0	0	0	0	0	0	0	0	0	0	0	0	0	0	0	0	0	0	0	0	0	0	0	0	0	0	0	0	0	0	0	0	0	0	0	0	0	0	0	0	0	0	0	0	0	0	0	0	0	0
2	A	T	ORF	S	NULL	0	0	0	0	0.999951	0.0001	0.0001	0.999951	0.999951	0.0001	0.903002	0.000100001	0.0001	0.0001	0.0163932	0.020182	0.0001	0.0001	0.0001	0.33715	0.0001	0.00619259	0.374345	0.959597	0.0201618	0.0001	0.0542677	0.020182	0.00354192	0.020182	0.999951	0.0001	0.0001	0.0001	0.0001	0.0001	0.0001	0.0635395	0.478499	0.0001	0.0001	0.0001	0.000100004	0.0189888	0.162777	0.0001	0.0001	0.000100001	0.0015461	0.000100018	0.766002	0.0001	0.00010001	0.240078
3	A	T	ORF	S	NULL	0	0	0	0	0	0	0	0	0	0	0	0	0	0	0	0	0	0	0	0	0	0	0	0	0	0	0	0	0	0	0	0	0	0	0	0	0	0	0	0	0	0	0	0	0	0	0	0	0	0	0	0	0	0
4	A	T	ORF	S	NULL	0	0	0	0	0.000200002	0.000200001	0.0002	0.000200002	0.000200002	1.00003	0.000200002	0.129874	0.0002	0.0002	0.291387	0.0002	0.817166	0.595068	0.640417	0.0401134	0.528058	0.000331178	0.347771	0.000200002	0.0002	0.369027	0.0034076	0.0002	0.000527903	0.0002	0.000200002	0.999219	0.653064	0.999218	0.420878	0.978073	0.0931644	0.13201	0.000200001	1.00003	0.0002	0.000200022	0.0002	0.0002	0.487373	0.145024	0.000200001	0.0002	0.685051	0.165824	0.094046	0.45365	0.149216	0.000200008
5	A	T	ORF	S	NULL	0	0	0	0	0	0	0	0	0	0	0	0	0	0	0	0	0	0	0	0	0	0	0	0	0	0	0	0	0	0	0	0	0	0	0	0	0	0	0	0	0	0	0	0	0	0	0	0	0	0	0	0	0	0
6	A	T	ORF	S	NULL	0	0	0	0	0.0002	0.0002	0.724026	0.0002	0.0002	0.0002	0.0002	0.334527	0.840899	0.000635602	0.0002	0.0002	0.0002	0.00760663	0.145325	0.471052	0.0170018	0.246009	0.0002	0.0110004	0.0002	0.630022	0.228007	0.0002	0.788909	0.0002	0.0002	0.0002	0.34206	0.0002	0.0002	0.0002	0.90629	0.0002	0.0002	0.0002	0.999393	0.0002	0.0279078	0.105004	0.00679597	0.699025	0.0002	0.406162	0.0490017	0.277238	0.0002	0.232995	0.0916625	0.0104535
7	A	T	ORF	S	NULL	0	0	0	0	0	0	0	0	0	0	0	0	0	0	0	0	0	0	0	0	0	0	0	0	0	0	0	0	0	0	0	0	0	0	0	0	0	0	0	0	0	0	0	0	0	0	0	0	0	0	0	0	0	0
8	A	T	ORF	S	NULL	0	0	0	0	0	0	0	0	0	0	0	0	0	0	0	0	0	0	0	0	0	0	0	0	0	0	0	0	0	0	0	0	0	0	0	0	0	0	0	0	0	0	0	0	0	0	0	0	0	0	0	0	0	0
9	A	T	ORF	S	NULL	0	0	0	0	1.00015	1.00014	0.0003	1.00015	1.00015	0.0003	0.99905	0.000300001	0.0003	0.0003	0.427704	0.020382	0.373612	0.0003	0.520249	0.527509	0.982026	0.129121	0.722085	0.959797	0.0203618	0.0003	0.401215	0.020382	0.00374192	0.020382	1.00015	0.801352	0.00410024	0.692343	0.837026	0.0003	0.0003	0.0637395	0.694287	1.00013	0.0003	0.000300022	0.000300004	0.193508	0.544394	0.0003	0.98317	0.000300001	0.00174611	0.165924	0.979921	0.000300002	0.149316	0.240278
10	A	T	ORF	S	NULL	0	0	0	0	0	0	0	0	0	0	0	0	0	0	0	0	0	0	0	0	0	0	0	0	0	0	0	0	0	0	0	0	0	0	0	0	0	0	0	0	0	0	0	0	0	0	0	0	0	0	0	0	0	0
11	A	T	ORF	S	NULL	0	0	0	0	0.000100001	0.000100001	0.0001	0.000100001	0.000100001	0.0001	0.000100001	0.0001	0.0001	0.0001	0.29118	0.0001	0.209261	0.0001	0.520049	0.0400134	0.527958	0.000231178	0.347639	0.000100001	0.0001	0.0001	0.0033076	0.0001	0.0001	0.0001	0.000100001	0.801152	0.0001	0.692143	0.258955	0.0001	0.0001	0.0001	0.000100001	0.999934	0.0001	0.000100022	0.0001	0.0001	0.381517	0.0001	0.000100001	0.0001	0.000100005	0.165724	0.093946	0.000100002	0.149116	0.000100008
12	A	T	ORF	S	NULL	0	0	0	0	0	0	0	0	0	0	0	0	0	0	0	0	0	0	0	0	0	0	0	0	0	0	0	0	0	0	0	0	0	0	0	0	0	0	0	0	0	0	0	0	0	0	0	0	0	0	0	0	0	0
13	A	T	ORF	S	NULL	0	0	0	0	0	0	0	0	0	0	0	0	0	0	0	0	0	0	0	0	0	0	0	0	0	0	0	0	0	0	0	0	0	0	0	0	0	0	0	0	0	0	0	0	0	0	0	0	0	0	0	0	0	0
14	A	T	ORF	S	NULL	0	0	0	0	0	0	0	0	0	0	0	0	0	0	0	0	0	0	0	0	0	0	0	0	0	0	0	0	0	0	0	0	0	0	0	0	0	0	0	0	0	0	0	0	0	0	0	0	0	0	0	0	0	0
15	A	T	ORF	S	NULL	0	0	0	0	0	0	0	0	0	0	0	0	0	0	0	0	0	0	0	0	0	0	0	0	0	0	0	0	0	0	0	0	0	0	0	0	0	0	0	0	0	0	0	0	0	0	0	0	0	0	0	0	0	0
16	A	T	ORF	S	NULL	0	0	0	0	0.0001	0.0001	0.274915	0.0001	0.0001	0.0001	0.0001	0.0001	0.157909	0.991466	0.0001	0.0001	0.0001	0.309322	0.147036	0.0001	0.0001	0.262914	0.0001	0.0001	0.0001	0.0001	0.0001	0.0001	0.0001	0.0001	0.0001	0.0001	0.0001	0.0001	0.0001	0.0001	0.0001	0.0001	0.18791	0.0001	0.0001	0.0001	0.0001	0.0001	0.0001	0.154925	0.0159009	0.0001	0.0001	0.144158	0.0001	0.0001	0.0001	0.0001
17	A	T	ORF	S	NULL	0	0	0	0	0	0	0	0	0	0	0	0	0	0	0	0	0	0	0	0	0	0	0	0	0	0	0	0	0	0	0	0	0	0	0	0	0	0	0	0	0	0	0	0	0	0	0	0	0	0	0	0	0	0
18	A	T	ORF	S	NULL	0	0	0	0	0	0	0	0	0	0	0	0	0	0	0	0	0	0	0	0	0	0	0	0	0	0	0	0	0	0	0	0	0	0	0	0	0	0	0	0	0	0	0	0	0	0	0	0	0	0	0	0	0	0
19	A	T	ORF	S	NULL	0	0	0	0	0	0	0	0	0	0	0	0	0	0	0	0	0	0	0	0	0	0	0	0	0	0	0	0	0	0	0	0	0	0	0	0	0	0	0	0	0	0	0	0	0	0	0	0	0	0	0	0	0	0
20	A	T	ORF	S	NULL	0	0	0	0	0.0001	0.0001	0.274915	0.0001	0.0001	0.0001	0.0001	0.0001	0.157909	0.991466	0.0001	0.0001	0.0001	0.309322	0.147036	0.0001	0.0001	0.262914	0.0001	0.0001	0.0001	0.0001	0.0001	0.0001	0.0001	0.0001	0.0001	0.0001	0.0001	0.0001	0.0001	0.0001	0.0001	0.0001	0.18791	0.0001	0.0001	0.0001	0.0001	0.0001	0.0001	0.154925	0.0159009	0.0001	0.0001	0.144158	0.0001	0.0001	0.0001	0.0001
21	A	T	ORF	S	NULL	0	0	0	0	0	0	0	0	0	0	0	0	0	0	0	0	0	0	0	0	0	0	0	0	0	0	0	0	0	0	0	0	0	0	0	0	0	0	0	0	0	0	0	0	0	0	0	0	0	0	0	0	0	0
22	A	T	ORF	S	NULL	0	0	0	0	0	0	0	0	0	0	0	0	0	0	0	0	0	0	0	0	0	0	0	0	0	0	0	0	0	0	0	0	0	0	0	0	0	0	0	0	0	0	0	0	0	0	0	0	0	0	0	0	0	0
23	A	T	ORF	S	NULL	0	0	0	0	0.0001	0.0001	0.000100002	0.0001	0.0001	0.0001	0.0001	0.334427	0.277947	0.000535602	0.0001	0.0001	0.0001	0.00750663	0.145225	0.470952	0.0169018	0.000100001	0.0001	0.0001	0.0001	0.000100002	0.227907	0.0001	0.78795	0.0001	0.0001	0.0001	0.34196	0.0001	0.0001	0.0001	0.90619	0.0001	0.0001	0.0001	0.96016	0.0001	0.0278078	0.0001	0.00669597	0.000100002	0.0001	0.406062	0.0001	0.274358	0.0001	0.0088545	0.00854875	0.0103535
24	A	T	ORF	S	NULL	0	0	0	0	0	0	0	0	0	0	0	0	0	0	0	0	0	0	0	0	0	0	0	0	0	0	0	0	0	0	0	0	0	0	0	0	0	0	0	0	0	0	0	0	0	0	0	0	0	0	0	0	0	0
25	A	T	ORF	S	NULL	0	0	0	0	0	0	0	0	0	0	0	0	0	0	0	0	0	0	0	0	0	0	0	0	0	0	0	0	0	0	0	0	0	0	0	0	0	0	0	0	0	0	0	0	0	0	0	0	0	0	0	0	0	0
26	A	T	ORF	S	NULL	0	0	0	0	0	0	0	0	0	0	0	0	0	0	0	0	0	0	0	0	0	0	0	0	0	0	0	0	0	0	0	0	0	0	0	0	0	0	0	0	0	0	0	0	0	0	0	0	0	0	0	0	0	0
27	A	T	ORF	S	NULL	0	0	0	0	0.000100001	0.000100001	0.0001	0.000100001	0.000100001	0.0001	0.000100001	0.0001	0.0001	0.0001	0.29118	0.0001	0.209261	0.0001	0.520049	0.0400134	0.527958	0.000231178	0.347639	0.000100001	0.0001	0.0001	0.0033076	0.0001	0.0001	0.0001	0.000100001	0.801152	0.0001	0.692143	0.258955	0.0001	0.0001	0.0001	0.000100001	0.999934	0.0001	0.000100022	0.0001	0.0001	0.381517	0.0001	0.000100001	0.0001	0.000100005	0.165724	0.093946	0.000100002	0.149116	0.000100008
28	A	T	ORF	S	NULL	0	0	0	0	0	0	0	0	0	0	0	0	0	0	0	0	0	0	0	0	0	0	0	0	0	0	0	0	0	0	0	0	0	0	0	0	0	0	0	0	0	0	0	0	0	0	0	0	0	0	0	0	0	0
29	A	T	ORF	S	NULL	0	0	0	0	0	0	0	0	0	0	0	0	0	0	0	0	0	0	0	0	0	0	0	0	0	0	0	0	0	0	0	0	0	0	0	0	0	0	0	0	0	0	0	0	0	0	0	0	0	0	0	0	0	0
30	A	T	ORF	S	NULL	0	0	0	0	0.0001	0.0001	0.723926	0.0001	0.0001	0.0001	0.0001	0.0001	0.562952	0.0001	0.0001	0.0001	0.0001	0.0001	0.000100001	0.0001	0.0001	0.245909	0.0001	0.0109004	0.0001	0.629922	0.000100006	0.0001	0.00095887	0.0001	0.0001	0.0001	0.0001	0.0001	0.0001	0.0001	0.0001	0.0001	0.0001	0.0001	0.0392325	0.0001	0.0001	0.104904	0.0001	0.698925	0.0001	0.0001	0.0489017	0.00288024	0.0001	0.224141	0.0831138	0.0001
31	A	T	ORF	S	NULL	0	0	0	0	0	0	0	0	0	0	0	0	0	0	0	0	0	0	0	0	0	0	0	0	0	0	0	0	0	0	0	0	0	0	0	0	0	0	0	0	0	0	0	0	0	0	0	0	0	0	0	0	0	0
32	A	T	ORF	S	NULL	0	0	0	0	0	0	0	0	0	0	0	0	0	0	0	0	0	0	0	0	0	0	0	0	0	0	0	0	0	0	0	0	0	0	0	0	0	0	0	0	0	0	0	0	0	0	0	0	0	0	0	0	0	0
33	A	T	ORF	S	NULL	0	0	0	0	0	0	0	0	0	0	0	0	0	0	0	0	0	0	0	0	0	0	0	0	0	0	0	0	0	0	0	0	0	0	0	0	0	0	0	0	0	0	0	0	0	0	0	0	0	0	0	0	0	0
34	A	T	ORF	S	NULL	0	0	0	0	0	0	0	0	0	0	0	0	0	0	0	0	0	0	0	0	0	0	0	0	0	0	0	0	0	0	0	0	0	0	0	0	0	0	0	0	0	0	0	0	0	0	0	0	0	0	0	0	0	0
35	A	T	ORF	S	NULL	0	0	0	0	0	0	0	0	0	0	0	0	0	0	0	0	0	0	0	0	0	0	0	0	0	0	0	0	0	0	0	0	0	0	0	0	0	0	0	0	0	0	0	0	0	0	0	0	0	0	0	0	0	0
36	A	T	ORF	S	NULL	0	0	0	0	0	0	0	0	0	0	0	0	0	0	0	0	0	0	0	0	0	0	0	0	0	0	0	0	0	0	0	0	0	0	0	0	0	0	0	0	0	0	0	0	0	0	0	0	0	0	0	0	0	0
37	A	T	ORF	S	NULL	0	0	0	0	0	0	0	0	0	0	0	0	0	0	0	0	0	0	0	0	0	0	0	0	0	0	0	0	0	0	0	0	0	0	0	0	0	0	0	0	0	0	0	0	0	0	0	0	0	0	0	0	0	0
38	A	T	ORF	S	NULL	0	0	0	0	0.000200001	0.000200001	0.0002	0.000200001	0.000200001	0.0002	0.000200001	0.0402704	0.0002	0.000867259	0.29128	0.000200001	0.226355	0.00832779	0.585159	0.0401134	0.528058	0.114714	0.347739	0.000200001	0.000200001	0.0002	0.372454	0.000200001	0.000200001	0.000200001	0.000200001	0.801252	0.0002	0.692243	0.259055	0.0210024	0.0002	0.000200001	0.000200001	1.00003	0.0002	1.00003	0.039772	0.000200001	0.633878	0.0002	0.000200001	0.0509805	0.180519	0.213926	0.112865	0.247687	0.161277	0.590767
39	A	T	ORF	S	NULL	0	0	0	0	0	0	0	0	0	0	0	0	0	0	0	0	0	0	0	0	0	0	0	0	0	0	0	0	0	0	0	0	0	0	0	0	0	0	0	0	0	0	0	0	0	0	0	0	0	0	0	0	0	0
40	A	T	ORF	S	NULL	0	0	0	0	0	0	0	0	0	0	0	0	0	0	0	0	0	0	0	0	0	0	0	0	0	0	0	0	0	0	0	0	0	0	0	0	0	0	0	0	0	0	0	0	0	0	0	0	0	0	0	0	0	0
41	A	T	ORF	S	NULL	0	0	0	0	0	0	0	0	0	0	0	0	0	0	0	0	0	0	0	0	0	0	0	0	0	0	0	0	0	0	0	0	0	0	0	0	0	0	0	0	0	0	0	0	0	0	0	0	0	0	0	0	0	0
42	A	T	ORF	S	NULL	0	0	0	0	0.000100001	0.0001	0.0001	0.000100001	0.000100001	0.999931	0.000100001	0.129774	0.0001	0.0001	0.000207177	0.0001	0.607904	0.594968	0.120368	0.0001	0.0001	0.0001	0.000131277	0.000100001	0.0001	0.368927	0.000100002	0.0001	0.000427903	0.0001	0.000100001	0.198066	0.652964	0.307075	0.161923	0.977973	0.0930644	0.13191	0.0001	0.0001	0.0001	0.0001	0.0001	0.0001	0.105856	0.144924	0.0001	0.0001	0.684951	0.0001	0.000100001	0.45355	0.0001	0.0001
43	A	T	ORF	S	NULL	0	0	0	0	0	0	0	0	0	0	0	0	0	0	0	0	0	0	0	0	0	0	0	0	0	0	0	0	0	0	0	0	0	0	0	0	0	0	0	0	0	0	0	0	0	0	0	0	0	0	0	0	0	0
44	A	T	ORF	S	NULL	0	0	0	0	0	0	0	0	0	0	0	0	0	0	0	0	0	0	0	0	0	0	0	0	0	0	0	0	0	0	0	0	0	0	0	0	0	0	0	0	0	0	0	0	0	0	0	0	0	0	0	0	0	0
45	A	T	ORF	S	NULL	0	0	0	0	1.00005	0.0002	0.0002	1.00005	1.00005	0.0002	0.903102	0.495729	0.0002	0.00733118	0.554649	0.959364	0.0002	0.080075	0.0002	0.33725	0.0002	0.233406	0.638498	0.986767	0.958405	0.0002	0.0543677	0.959364	0.200622	0.959364	1.00005	0.0002	0.0002	0.0002	0.0002	0.0002	0.0002	0.833657	0.588168	0.0002	0.0002	0.0002	0.93262	0.680342	0.253569	0.0002	0.0002	0.543158	0.0796101	0.364778	0.766102	0.0659678	0.74716	0.398979
46	A	T	ORF	S	NULL	0	0	0	0	0	0	0	0	0	0	0	0	0	0	0	0	0	0	0	0	0	0	0	0	0	0	0	0	0	0	0	0	0	0	0	0	0	0	0	0	0	0	0	0	0	0	0	0	0	0	0	0	0	0
47	A	T	ORF	S	NULL	0	0	0	0	0	0	0	0	0	0	0	0	0	0	0	0	0	0	0	0	0	0	0	0	0	0	0	0	0	0	0	0	0	0	0	0	0	0	0	0	0	0	0	0	0	0	0	0	0	0	0	0	0	0
48	A	T	ORF	S	NULL	0	0	0	0	0	0	0	0	0	0	0	0	0	0	0	0	0	0	0	0	0	0	0	0	0	0	0	0	0	0	0	0	0	0	0	0	0	0	0	0	0	0	0	0	0	0	0	0	0	0	0	0	0	0
49	A	T	ORF	S	NULL	0	0	0	0	0	0	0	0	0	0	0	0	0	0	0	0	0	0	0	0	0	0	0	0	0	0	0	0	0	0	0	0	0	0	0	0	0	0	0	0	0	0	0	0	0	0	0	0	0	0	0	0	0	0
50	A	T	ORF	S	NULL	0	0	0	0	0	0	0	0	0	0	0	0	0	0	0	0	0	0	0	0	0	0	0	0	0	0	0	0	0	0	0	0	0	0	0	0	0	0	0	0	0	0	0	0	0	0	0	0	0	0	0	0	0	0
51	A	T	ORF	S	NULL	0	0	0	0	0	0	0	0	0	0	0	0	0	0	0	0	0	0	0	0	0	0	0	0	0	0	0	0	0	0	0	0	0	0	0	0	0	0	0	0	0	0	0	0	0	0	0	0	0	0	0	0	0	0
52	A	T	ORF	S	NULL	0	0	0	0	0	0	0	0	0	0	0	0	0	0	0	0	0	0	0	0	0	0	0	0	0	0	0	0	0	0	0	0	0	0	0	0	0	0	0	0	0	0	0	0	0	0	0	0	0	0	0	0	0	0
53	A	T	ORF	S	NULL	0	0	0	0	0	0	0	0	0	0	0	0	0	0	0	0	0	0	0	0	0	0	0	0	0	0	0	0	0	0	0	0	0	0	0	0	0	0	0	0	0	0	0	0	0	0	0	0	0	0	0	0	0	0
54	A	T	ORF	S	NULL	0	0	0	0	0	0	0	0	0	0	0	0	0	0	0	0	0	0	0	0	0	0	0	0	0	0	0	0	0	0	0	0	0	0	0	0	0	0	0	0	0	0	0	0	0	0	0	0	0	0	0	0	0	0
55	A	T	ORF	S	NULL	0	0	0	0	0	0	0	0	0	0	0	0	0	0	0	0	0	0	0	0	0	0	0	0	0	0	0	0	0	0	0	0	0	0	0	0	0	0	0	0	0	0	0	0	0	0	0	0	0	0	0	0	0	0
56	A	T	ORF	S	NULL	0	0	0	0	0.0002	0.0002	0.000200002	0.0002	0.0002	0.0002	0.0002	0.374598	0.278047	0.00130286	0.000200001	0.000200001	0.0171934	0.0157344	0.210336	0.471052	0.0170018	0.114583	0.0002	0.0002	0.000200001	0.000200002	0.597054	0.000200001	0.78805	0.000200001	0.0002	0.0002	0.34206	0.0002	0.0002	0.0210024	0.90629	0.000200001	0.0002	0.0002	0.96026	1.00003	0.0674799	0.000200001	0.259057	0.000200002	0.0002	0.456942	0.180519	0.322559	0.0190187	0.256441	0.0207105	0.601021
57	A	T	ORF	S	NULL	0	0	0	0	0	0	0	0	0	0	0	0	0	0	0	0	0	0	0	0	0	0	0	0	0	0	0	0	0	0	0	0	0	0	0	0	0	0	0	0	0	0	0	0	0	0	0	0	0	0	0	0	0	0
58	A	T	ORF	S	NULL	0	0	0	0	0.0001	0.0001	0.000100002	0.0001	0.0001	0.0001	0.0001	0.334427	0.277947	0.000535602	0.0001	0.0001	0.0001	0.00750663	0.145225	0.470952	0.0169018	0.000100001	0.0001	0.0001	0.0001	0.000100002	0.227907	0.0001	0.78795	0.0001	0.0001	0.0001	0.34196	0.0001	0.0001	0.0001	0.90619	0.0001	0.0001	0.0001	0.96016	0.0001	0.0278078	0.0001	0.00669597	0.000100002	0.0001	0.406062	0.0001	0.274358	0.0001	0.0088545	0.00854875	0.0103535
59	A	T	ORF	S	NULL	0	0	0	0	0	0	0	0	0	0	0	0	0	0	0	0	0	0	0	0	0	0	0	0	0	0	0	0	0	0	0	0	0	0	0	0	0	0	0	0	0	0	0	0	0	0	0	0	0	0	0	0	0	0
60	A	T	ORF	S	NULL	0	0	0	0	0	0	0	0	0	0	0	0	0	0	0	0	0	0	0	0	0	0	0	0	0	0	0	0	0	0	0	0	0	0	0	0	0	0	0	0	0	0	0	0	0	0	0	0	0	0	0	0	0	0
61	A	T	ORF	S	NULL	0	0	0	0	0	0	0	0	0	0	0	0	0	0	0	0	0	0	0	0	0	0	0	0	0	0	0	0	0	0	0	0	0	0	0	0	0	0	0	0	0	0	0	0	0	0	0	0	0	0	0	0	0	0
62	A	T	ORF	S	NULL	0	0	0	0	0.000100001	0.0001	0.0001	0.000100001	0.000100001	0.999931	0.000100001	0.129774	0.0001	0.0001	0.000207177	0.0001	0.607904	0.594968	0.120368	0.0001	0.0001	0.0001	0.000131277	0.000100001	0.0001	0.368927	0.000100002	0.0001	0.000427903	0.0001	0.000100001	0.198066	0.652964	0.307075	0.161923	0.977973	0.0930644	0.13191	0.0001	0.0001	0.0001	0.0001	0.0001	0.0001	0.105856	0.144924	0.0001	0.0001	0.684951	0.0001	0.000100001	0.45355	0.0001	0.0001
63	A	T	ORF	S	NULL	0	0	0	0	0	0	0	0	0	0	0	0	0	0	0	0	0	0	0	0	0	0	0	0	0	0	0	0	0	0	0	0	0	0	0	0	0	0	0	0	0	0	0	0	0	0	0	0	0	0	0	0	0	0
64	A	T	ORF	S	NULL	0	0	0	0	0	0	0	0	0	0	0	0	0	0	0	0	0	0	0	0	0	0	0	0	0	0	0	0	0	0	0	0	0	0	0	0	0	0	0	0	0	0	0	0	0	0	0	0	0	0	0	0	0	0
65	A	T	ORF	S	NULL	0	0	0	0	0	0	0	0	0	0	0	0	0	0	0	0	0	0	0	0	0	0	0	0	0	0	0	0	0	0	0	0	0	0	0	0	0	0	0	0	0	0	0	0	0	0	0	0	0	0	0	0	0	0
66	A	T	ORF	S	NULL	0	0	0	0	0	0	0	0	0	0	0	0	0	0	0	0	0	0	0	0	0	0	0	0	0	0	0	0	0	0	0	0	0	0	0	0	0	0	0	0	0	0	0	0	0	0	0	0	0	0	0	0	0	0
67	A	T	ORF	S	NULL	0	0	0	0	0	0	0	0	0	0	0	0	0	0	0	0	0	0	0	0	0	0	0	0	0	0	0	0	0	0	0	0	0	0	0	0	0	0	0	0	0	0	0	0	0	0	0	0	0	0	0	0	0	0
68	A	T	ORF	S	NULL	0	0	0	0	0	0	0	0	0	0	0	0	0	0	0	0	0	0	0	0	0	0	0	0	0	0	0	0	0	0	0	0	0	0	0	0	0	0	0	0	0	0	0	0	0	0	0	0	0	0	0	0	0	0
69	A	T	ORF	S	NULL	0	0	0	0	0	0	0	0	0	0	0	0	0	0	0	0	0	0	0	0	0	0	0	0	0	0	0	0	0	0	0	0	0	0	0	0	0	0	0	0	0	0	0	0	0	0	0	0	0	0	0	0	0	0
70	A	T	ORF	S	NULL	0	0	0	0	0	0	0	0	0	0	0	0	0	0	0	0	0	0	0	0	0	0	0	0	0	0	0	0	0	0	0	0	0	0	0	0	0	0	0	0	0	0	0	0	0	0	0	0	0	0	0	0	0	0
71	A	T	ORF	S	NULL	0	0	0	0	0.0001	0.0001	0.0001	0.0001	0.0001	0.0001	0.0001	0.0401704	0.0001	0.000767259	0.000100001	0.000100001	0.0170934	0.00822779	0.0651109	0.0001	0.0001	0.114483	0.0001	0.0001	0.000100001	0.0001	0.369147	0.000100001	0.000100001	0.000100001	0.0001	0.0001	0.0001	0.0001	0.0001	0.0209024	0.0001	0.000100001	0.0001	0.0001	0.0001	0.999926	0.039672	0.000100001	0.252361	0.0001	0.0001	0.0508805	0.180419	0.0482016	0.0189187	0.247587	0.0121617	0.590667
72	A	T	ORF	S	NULL	0	0	0	0	0	0	0	0	0	0	0	0	0	0	0	0	0	0	0	0	0	0	0	0	0	0	0	0	0	0	0	0	0	0	0	0	0	0	0	0	0	0	0	0	0	0	0	0	0	0	0	0	0	0
73	A	T	ORF	S	NULL	0	0	0	0	0.000100003	0.999937	0.0001	0.000100003	0.000100003	0.0001	0.0959479	0.0001	0.0001	0.0001	0.120132	0.0001	0.164251	0.0001	0.0001	0.150346	0.453969	0.122697	0.0001	0.000100002	0.0001	0.0001	0.343639	0.0001	0.0001	0.0001	0.000100003	0.0001	0.00390024	0.0001	0.577971	0.0001	0.0001	0.0001	0.215688	0.0001	0.0001	0.0001	0.0001	0.174419	0.000100001	0.0001	0.98297	0.0001	0.0001	0.0001	0.119973	0.0001	0.0001	0.000100014
74	A	T	ORF	S	NULL	0	0	0	0	0.0001	0.0001	0.723926	0.0001	0.0001	0.0001	0.0001	0.0001	0.562952	0.0001	0.0001	0.0001	0.0001	0.0001	0.000100001	0.0001	0.0001	0.245909	0.0001	0.0109004	0.0001	0.629922	0.000100006	0.0001	0.00095887	0.0001	0.0001	0.0001	0.0001	0.0001	0.0001	0.0001	0.0001	0.0001	0.0001	0.0001	0.0392325	0.0001	0.0001	0.104904	0.0001	0.698925	0.0001	0.0001	0.0489017	0.00288024	0.0001	0.224141	0.0831138	0.0001
75	A	T	ORF	S	NULL	0	0	0	0	0	0	0	0	0	0	0	0	0	0	0	0	0	0	0	0	0	0	0	0	0	0	0	0	0	0	0	0	0	0	0	0	0	0	0	0	0	0	0	0	0	0	0	0	0	0	0	0	0	0
76	A	T	ORF	S	NULL	0	0	0	0	0	0	0	0	0	0	0	0	0	0	0	0	0	0	0	0	0	0	0	0	0	0	0	0	0	0	0	0	0	0	0	0	0	0	0	0	0	0	0	0	0	0	0	0	0	0	0	0	0	0
77	A	T	ORF	S	NULL	0	0	0	0	0	0	0	0	0	0	0	0	0	0	0	0	0	0	0	0	0	0	0	0	0	0	0	0	0	0	0	0	0	0	0	0	0	0	0	0	0	0	0	0	0	0	0	0	0	0	0	0	0	0
78	A	T	ORF	S	NULL	0	0	0	0	0	0	0	0	0	0	0	0	0	0	0	0	0	0	0	0	0	0	0	0	0	0	0	0	0	0	0	0	0	0	0	0	0	0	0	0	0	0	0	0	0	0	0	0	0	0	0	0	0	0
79	A	T	ORF	S	NULL	0	0	0	0	0.000200001	0.0002	0.275015	0.000200001	0.000200001	1.00003	0.000200001	0.129874	0.158009	0.991566	0.000307177	0.0002	0.608004	0.904291	0.267404	0.0002	0.0002	0.263014	0.000231277	0.000200001	0.0002	0.369027	0.000200002	0.0002	0.000527903	0.0002	0.000200001	0.198166	0.653064	0.307175	0.162023	0.978073	0.0931644	0.13201	0.18801	0.0002	0.0002	0.0002	0.0002	0.0002	0.105956	0.299849	0.0160009	0.0002	0.685051	0.144258	0.000200001	0.45365	0.0002	0.0002
80	A	T	ORF	S	NULL	0	0	0	0	0	0	0	0	0	0	0	0	0	0	0	0	0	0	0	0	0	0	0	0	0	0	0	0	0	0	0	0	0	0	0	0	0	0	0	0	0	0	0	0	0	0	0	0	0	0	0	0	0	0
81	A	T	ORF	S	NULL	0	0	0	0	0	0	0	0	0	0	0	0	0	0	0	0	0	0	0	0	0	0	0	0	0	0	0	0	0	0	0	0	0	0	0	0	0	0	0	0	0	0	0	0	0	0	0	0	0	0	0	0	0	0
82	A	T	ORF	S	NULL	0	0	0	0	0	0	0	0	0	0	0	0	0	0	0	0	0	0	0	0	0	0	0	0	0	0	0	0	0	0	0	0	0	0	0	0	0	0	0	0	0	0	0	0	0	0	0	0	0	0	0	0	0	0
83	A	T	ORF	S	NULL	0	0	0	0	0	0	0	0	0	0	0	0	0	0	0	0	0	0	0	0	0	0	0	0	0	0	0	0	0	0	0	0	0	0	0	0	0	0	0	0	0	0	0	0	0	0	0	0	0	0	0	0	0	0
84	A	T	ORF	S	NULL	0	0	0	0	0	0	0	0	0	0	0	0	0	0	0	0	0	0	0	0	0	0	0	0	0	0	0	0	0	0	0	0	0	0	0	0	0	0	0	0	0	0	0	0	0	0	0	0	0	0	0	0	0	0
85	A	T	ORF	S	NULL	0	0	0	0	0	0	0	0	0	0	0	0	0	0	0	0	0	0	0	0	0	0	0	0	0	0	0	0	0	0	0	0	0	0	0	0	0	0	0	0	0	0	0	0	0	0	0	0	0	0	0	0	0	0
86	A	T	ORF	S	NULL	0	0	0	0	0	0	0	0	0	0	0	0	0	0	0	0	0	0	0	0	0	0	0	0	0	0	0	0	0	0	0	0	0	0	0	0	0	0	0	0	0	0	0	0	0	0	0	0	0	0	0	0	0	0
87	A	T	ORF	S	NULL	0	0	0	0	0	0	0	0	0	0	0	0	0	0	0	0	0	0	0	0	0	0	0	0	0	0	0	0	0	0	0	0	0	0	0	0	0	0	0	0	0	0	0	0	0	0	0	0	0	0	0	0	0	0
88	A	T	ORF	S	NULL	0	0	0	0	0	0	0	0	0	0	0	0	0	0	0	0	0	0	0	0	0	0	0	0	0	0	0	0	0	0	0	0	0	0	0	0	0	0	0	0	0	0	0	0	0	0	0	0	0	0	0	0	0	0
89	A	T	ORF	S	NULL	0	0	0	0	0	0	0	0	0	0	0	0	0	0	0	0	0	0	0	0	0	0	0	0	0	0	0	0	0	0	0	0	0	0	0	0	0	0	0	0	0	0	0	0	0	0	0	0	0	0	0	0	0	0
90	A	T	ORF	S	NULL	0	0	0	0	0.0001	0.0001	0.274915	0.0001	0.0001	0.0001	0.0001	0.0001	0.157909	0.991466	0.0001	0.0001	0.0001	0.309322	0.147036	0.0001	0.0001	0.262914	0.0001	0.0001	0.0001	0.0001	0.0001	0.0001	0.0001	0.0001	0.0001	0.0001	0.0001	0.0001	0.0001	0.0001	0.0001	0.0001	0.18791	0.0001	0.0001	0.0001	0.0001	0.0001	0.0001	0.154925	0.0159009	0.0001	0.0001	0.144158	0.0001	0.0001	0.0001	0.0001
91	A	T	ORF	S	NULL	0	0	0	0	0	0	0	0	0	0	0	0	0	0	0	0	0	0	0	0	0	0	0	0	0	0	0	0	0	0	0	0	0	0	0	0	0	0	0	0	0	0	0	0	0	0	0	0	0	0	0	0	0	0
92	A	T	ORF	S	NULL	0	0	0	0	0	0	0	0	0	0	0	0	0	0	0	0	0	0	0	0	0	0	0	0	0	0	0	0	0	0	0	0	0	0	0	0	0	0	0	0	0	0	0	0	0	0	0	0	0	0	0	0	0	0
93	A	T	ORF	S	NULL	0	0	0	0	0	0	0	0	0	0	0	0	0	0	0	0	0	0	0	0	0	0	0	0	0	0	0	0	0	0	0	0	0	0	0	0	0	0	0	0	0	0	0	0	0	0	0	0	0	0	0	0	0	0
94	A	T	ORF	S	NULL	0	0	0	0	0.0001	0.0001	0.274915	0.0001	0.0001	0.0001	0.0001	0.0001	0.157909	0.991466	0.0001	0.0001	0.0001	0.309322	0.147036	0.0001	0.0001	0.262914	0.0001	0.0001	0.0001	0.0001	0.0001	0.0001	0.0001	0.0001	0.0001	0.0001	0.0001	0.0001	0.0001	0.0001	0.0001	0.0001	0.18791	0.0001	0.0001	0.0001	0.0001	0.0001	0.0001	0.154925	0.0159009	0.0001	0.0001	0.144158	0.0001	0.0001	0.0001	0.0001
95	A	T	ORF	S	NULL	0	0	0	0	0	0	0	0	0	0	0	0	0	0	0	0	0	0	0	0	0	0	0	0	0	0	0	0	0	0	0	0	0	0	0	0	0	0	0	0	0	0	0	0	0	0	0	0	0	0	0	0	0	0
96	A	T	ORF	S	NULL	0	0	0	0	0	0	0	0	0	0	0	0	0	0	0	0	0	0	0	0	0	0	0	0	0	0	0	0	0	0	0	0	0	0	0	0	0	0	0	0	0	0	0	0	0	0	0	0	0	0	0	0	0	0
97	A	T	ORF	S	NULL	0	0	0	0	0	0	0	0	0	0	0	0	0	0	0	0	0	0	0	0	0	0	0	0	0	0	0	0	0	0	0	0	0	0	0	0	0	0	0	0	0	0	0	0	0	0	0	0	0	0	0	0	0	0
98	A	T	ORF	S	NULL	0	0	0	0	0.000200001	0.0002	0.000200002	0.000200001	0.000200001	1.00003	0.000200001	0.464201	0.278047	0.000635602	0.000307177	0.0002	0.608004	0.602475	0.265593	0.471052	0.0170018	0.000200001	0.000231277	0.000200001	0.0002	0.369027	0.228007	0.0002	0.788378	0.0002	0.000200001	0.198166	0.994924	0.307175	0.162023	0.978073	0.999254	0.13201	0.0002	0.0002	0.96026	0.0002	0.0279078	0.0002	0.112552	0.145024	0.0002	0.406162	0.685051	0.274458	0.000200001	0.462405	0.00864875	0.0104535
99	A	T	ORF	S	NULL	0	0	0	0	0.0001	0.0001	0.0001	0.0001	0.0001	0.0001	0.0001	0.0401704	0.0001	0.000767259	0.000100001	0.000100001	0.0170934	0.00822779	0.0651109	0.0001	0.0001	0.114483	0.0001	0.0001	0.000100001	0.0001	0.369147	0.000100001	0.000100001	0.000100001	0.0001	0.0001	0.0001	0.0001	0.0001	0.0209024	0.0001	0.000100001	0.0001	0.0001	0.0001	0.999926	0.039672	0.000100001	0.252361	0.0001	0.0001	0.0508805	0.180419	0.0482016	0.0189187	0.247587	0.0121617	0.590667
100	A	T	ORF	S	NULL	0	0	0	0	0.000100001	0.0001	0.0001	0.000100001	0.000100001	0.999931	0.000100001	0.129774	0.0001	0.0001	0.000207177	0.0001	0.607904	0.594968	0.120368	0.0001	0.0001	0.0001	0.000131277	0.000100001	0.0001	0.368927	0.000100002	0.0001	0.000427903	0.0001	0.000100001	0.198066	0.652964	0.307075	0.161923	0.977973	0.0930644	0.13191	0.0001	0.0001	0.0001	0.0001	0.0001	0.0001	0.105856	0.144924	0.0001	0.0001	0.684951	0.0001	0.000100001	0.45355	0.0001	0.0001
