pos	ref	alt	gene	N/S	AA	nSRAsubclonal	nSRAclonal	nSRA	nConsensus	sample0|Earth	sample1|Earth	sample2|Earth	sample3|Earth	sample4|Earth	sample5|Earth	sample6|Earth	sample7|Earth	sample8|Earth	sample9|Earth	sample10|Earth	sample11|Earth	sample12|Earth	sample13|Earth	sample14|Earth	sample15|Earth	sample16|Earth	sample17|Earth	sample18|Earth	sample19|Earth	sample20|Earth	sample21|Earth	sample22|Earth	sample23|Earth	sample24|Earth	sample25|Earth	sample26|Earth	sample27|Earth	sample28|Earth	sample29|Earth	sample30|Earth	sample31|Earth	sample32|Earth	sample33|Earth	sample34|Earth	sample35|Earth	sample36|Earth	sample37|Earth	sample38|Earth	sample39|Earth	sample40|Earth	sample41|Earth	sample42|Earth	sample43|Earth	sample44|Earth	sample45|Earth	sample46|Earth	sample47|Earth	sample48|Earth	sample49|Earth
1	A	T	ORF	S	NULL	0	0	0	0	0	0	0	0	0	0	0	0	0	0	0	0	0	0	0	0	0	0	0	0	0	0	0	0	0	0	0	0	0	0	0	0	0	0	0	0	0	0	0	0	0	0	0	0	0	0	0	0	0	0
2	A	T	ORF	S	NULL	0	0	0	0	0.999959	0.0002	0.0002	1.00007	1.00007	0.0002	0.903049	0.0002	0.0002	0.0002	0.0002	0.0002	0.0002	0.0002	0.0002	0.336953	0.0002	0.0002	0.367961	0.959058	0.0002	0.000355919	0.0540019	0.530184	0.0002	0.0002	1.00007	0.0002	0.0002	0.000309709	0.0002	0.0002	0.0002	0.0469078	0.475157	0.000200025	0.0002	0.0002	0.0002	0.0002	0.175912	0.0002	0.0002	0.0002	0.0002	0.0002	0.766024	0.0002	0.0002	0.253016
3	A	T	ORF	S	NULL	0	0	0	0	0	0	0	0	0	0	0	0	0	0	0	0	0	0	0	0	0	0	0	0	0	0	0	0	0	0	0	0	0	0	0	0	0	0	0	0	0	0	0	0	0	0	0	0	0	0	0	0	0	0
4	A	T	ORF	S	NULL	0	0	0	0	0.0002	0.0002	0.0002	0.0002	0.0002	1.00001	0.0002	0.173443	0.0002	0.0002	0.293241	0.0002	0.821581	0.601329	0.646317	0.0402016	0.528159	0.0312835	0.349162	0.0002	0.0002	0.36913	0.0955302	0.0002	0.000200001	0.0002	0.0002	0.999438	0.653154	0.999413	0.421034	0.980859	0.093278	0.132116	0.000201519	0.999981	0.0002	0.261396	0.0002	0.0002	0.558762	0.145104	0.0002	0.0002	0.722129	0.198306	0.0960188	0.547854	0.15702	0.206047
5	A	T	ORF	S	NULL	0	0	0	0	0	0	0	0	0	0	0	0	0	0	0	0	0	0	0	0	0	0	0	0	0	0	0	0	0	0	0	0	0	0	0	0	0	0	0	0	0	0	0	0	0	0	0	0	0	0	0	0	0	0
6	A	T	ORF	S	NULL	0	0	0	0	0.0002	0.0002	0.724269	0.0002	0.0002	0.0002	0.0002	0.294669	0.841241	0.0002	0.000368448	0.000200002	0.00745747	0.000298253	0.164032	0.471277	0.0171735	0.278879	0.0002	0.0111598	0.000270895	0.630299	0.330737	0.0002	0.7914	0.0002	0.0002	0.000230189	0.342162	0.0002	0.000205657	0.00490385	0.906382	0.000218432	0.000354366	0.0002	0.999682	0.27157	0.0002	0.105353	0.0671401	0.699298	0.0002011	0.3692	0.128552	0.288952	0.00472452	0.297033	0.0950145	0.140282
7	A	T	ORF	S	NULL	0	0	0	0	0	0	0	0	0	0	0	0	0	0	0	0	0	0	0	0	0	0	0	0	0	0	0	0	0	0	0	0	0	0	0	0	0	0	0	0	0	0	0	0	0	0	0	0	0	0	0	0	0	0
8	A	T	ORF	S	NULL	0	0	0	0	0	0	0	0	0	0	0	0	0	0	0	0	0	0	0	0	0	0	0	0	0	0	0	0	0	0	0	0	0	0	0	0	0	0	0	0	0	0	0	0	0	0	0	0	0	0	0	0	0	0
9	A	T	ORF	S	NULL	0	0	0	0	0.299304	1.00019	0.000580963	1.00017	1.00017	0.0003	0.99907	0.00048138	0.000399819	0.000376251	0.42098	0.0003	0.378572	0.000568909	0.535653	0.424085	0.982424	0.163296	0.716989	0.959061	0.000370984	0.000403722	0.496992	0.0003	0.000376612	0.0003	1.00017	0.801451	0.00440785	0.692455	0.837422	0.00464938	0.000336516	0.0469927	0.692893	1.00009	0.0003	0.306556	0.0003	0.18465	0.562988	0.000399629	0.983536	0.000392603	0.0493956	0.199339	0.715675	0.112288	0.15712	0.348912
10	A	T	ORF	S	NULL	0	0	0	0	0	0	0	0	0	0	0	0	0	0	0	0	0	0	0	0	0	0	0	0	0	0	0	0	0	0	0	0	0	0	0	0	0	0	0	0	0	0	0	0	0	0	0	0	0	0	0	0	0	0
11	A	T	ORF	S	NULL	0	0	0	0	0.0001	0.0001	0.0001	0.0001	0.0001	0.0001	0.0001	0.0001	0.0001	0.0001	0.293141	0.0001	0.213692	0.0001	0.525213	0.0401016	0.528059	0.0311835	0.349062	0.0001	0.0001	0.0001	0.0954302	0.0001	0.0001	0.0001	0.0001	0.801251	0.0001	0.692254	0.259016	0.00444938	0.0001	0.0001	0.000101519	0.999881	0.0001	0.261296	0.0001	0.0001	0.464628	0.0001	0.0001	0.0001	0.0485073	0.198206	0.0959188	0.112088	0.15692	0.191957
12	A	T	ORF	S	NULL	0	0	0	0	0	0	0	0	0	0	0	0	0	0	0	0	0	0	0	0	0	0	0	0	0	0	0	0	0	0	0	0	0	0	0	0	0	0	0	0	0	0	0	0	0	0	0	0	0	0	0	0	0	0
13	A	T	ORF	S	NULL	0	0	0	0	0	0	0	0	0	0	0	0	0	0	0	0	0	0	0	0	0	0	0	0	0	0	0	0	0	0	0	0	0	0	0	0	0	0	0	0	0	0	0	0	0	0	0	0	0	0	0	0	0	0
14	A	T	ORF	S	NULL	0	0	0	0	0	0	0	0	0	0	0	0	0	0	0	0	0	0	0	0	0	0	0	0	0	0	0	0	0	0	0	0	0	0	0	0	0	0	0	0	0	0	0	0	0	0	0	0	0	0	0	0	0	0
15	A	T	ORF	S	NULL	0	0	0	0	0	0	0	0	0	0	0	0	0	0	0	0	0	0	0	0	0	0	0	0	0	0	0	0	0	0	0	0	0	0	0	0	0	0	0	0	0	0	0	0	0	0	0	0	0	0	0	0	0	0
16	A	T	ORF	S	NULL	0	0	0	0	0.0001	0.0001	0.275041	0.0001	0.0001	0.0001	0.0001	0.0001	0.158042	0.992179	0.0001	0.0001	0.00101099	0.315307	0.153404	0.0001	0.0001	0.271617	0.0001	0.0001	0.0001	0.0001	0.0236329	0.0001	0.0001	0.0001	0.0001	0.0001	0.0001	0.0001	0.0001	0.000241553	0.0001	0.0001	0.188173	0.0001	0.0001	0.0702635	0.0001	0.000103907	0.0138291	0.155049	0.0160528	0.0001	0.015336	0.167406	0.00140185	0.0189988	0.0001	0.0140938
17	A	T	ORF	S	NULL	0	0	0	0	0	0	0	0	0	0	0	0	0	0	0	0	0	0	0	0	0	0	0	0	0	0	0	0	0	0	0	0	0	0	0	0	0	0	0	0	0	0	0	0	0	0	0	0	0	0	0	0	0	0
18	A	T	ORF	S	NULL	0	0	0	0	0	0	0	0	0	0	0	0	0	0	0	0	0	0	0	0	0	0	0	0	0	0	0	0	0	0	0	0	0	0	0	0	0	0	0	0	0	0	0	0	0	0	0	0	0	0	0	0	0	0
19	A	T	ORF	S	NULL	0	0	0	0	0	0	0	0	0	0	0	0	0	0	0	0	0	0	0	0	0	0	0	0	0	0	0	0	0	0	0	0	0	0	0	0	0	0	0	0	0	0	0	0	0	0	0	0	0	0	0	0	0	0
20	A	T	ORF	S	NULL	0	0	0	0	0.0001	0.0001	0.275041	0.0001	0.0001	0.0001	0.0001	0.0001	0.158042	0.992179	0.0001	0.0001	0.00101099	0.315307	0.153404	0.0001	0.0001	0.271617	0.0001	0.0001	0.0001	0.0001	0.0236329	0.0001	0.0001	0.0001	0.0001	0.0001	0.0001	0.0001	0.0001	0.000241553	0.0001	0.0001	0.188173	0.0001	0.0001	0.0702635	0.0001	0.000103907	0.0138291	0.155049	0.0160528	0.0001	0.015336	0.167406	0.00140185	0.0189988	0.0001	0.0140938
21	A	T	ORF	S	NULL	0	0	0	0	0	0	0	0	0	0	0	0	0	0	0	0	0	0	0	0	0	0	0	0	0	0	0	0	0	0	0	0	0	0	0	0	0	0	0	0	0	0	0	0	0	0	0	0	0	0	0	0	0	0
22	A	T	ORF	S	NULL	0	0	0	0	0	0	0	0	0	0	0	0	0	0	0	0	0	0	0	0	0	0	0	0	0	0	0	0	0	0	0	0	0	0	0	0	0	0	0	0	0	0	0	0	0	0	0	0	0	0	0	0	0	0
23	A	T	ORF	S	NULL	0	0	0	0	0.0001	0.0001	0.000100023	0.0001	0.0001	0.0001	0.0001	0.294569	0.278061	0.0001	0.0001	0.0001	0.00735747	0.0001	0.160684	0.471123	0.0169718	0.0277259	0.0001	0.0001	0.0001	0.000100018	0.330637	0.0001	0.7913	0.0001	0.0001	0.0001	0.342059	0.0001	0.0001	0.00480385	0.906282	0.0001	0.0001	0.0001	0.960417	0.231599	0.0001	0.000100003	0.0670401	0.000100025	0.0001	0.3691	0.0545033	0.234328	0.0042331	0.057045	0.000100003	0.140182
24	A	T	ORF	S	NULL	0	0	0	0	0	0	0	0	0	0	0	0	0	0	0	0	0	0	0	0	0	0	0	0	0	0	0	0	0	0	0	0	0	0	0	0	0	0	0	0	0	0	0	0	0	0	0	0	0	0	0	0	0	0
25	A	T	ORF	S	NULL	0	0	0	0	0	0	0	0	0	0	0	0	0	0	0	0	0	0	0	0	0	0	0	0	0	0	0	0	0	0	0	0	0	0	0	0	0	0	0	0	0	0	0	0	0	0	0	0	0	0	0	0	0	0
26	A	T	ORF	S	NULL	0	0	0	0	0	0	0	0	0	0	0	0	0	0	0	0	0	0	0	0	0	0	0	0	0	0	0	0	0	0	0	0	0	0	0	0	0	0	0	0	0	0	0	0	0	0	0	0	0	0	0	0	0	0
27	A	T	ORF	S	NULL	0	0	0	0	0.0001	0.0001	0.0001	0.0001	0.0001	0.0001	0.0001	0.0001	0.0001	0.0001	0.293141	0.0001	0.213692	0.0001	0.525213	0.0401016	0.528059	0.0311835	0.349062	0.0001	0.0001	0.0001	0.0954302	0.0001	0.0001	0.0001	0.0001	0.801251	0.0001	0.692254	0.259016	0.00444938	0.0001	0.0001	0.000101519	0.999881	0.0001	0.261296	0.0001	0.0001	0.464628	0.0001	0.0001	0.0001	0.0485073	0.198206	0.0959188	0.112088	0.15692	0.191957
28	A	T	ORF	S	NULL	0	0	0	0	0	0	0	0	0	0	0	0	0	0	0	0	0	0	0	0	0	0	0	0	0	0	0	0	0	0	0	0	0	0	0	0	0	0	0	0	0	0	0	0	0	0	0	0	0	0	0	0	0	0
29	A	T	ORF	S	NULL	0	0	0	0	0	0	0	0	0	0	0	0	0	0	0	0	0	0	0	0	0	0	0	0	0	0	0	0	0	0	0	0	0	0	0	0	0	0	0	0	0	0	0	0	0	0	0	0	0	0	0	0	0	0
30	A	T	ORF	S	NULL	0	0	0	0	0.0001	0.0001	0.724169	0.0001	0.0001	0.0001	0.0001	0.0001	0.56318	0.0001	0.000268448	0.000100002	0.000100001	0.000198253	0.00334848	0.000153698	0.000201699	0.251153	0.0001	0.0110598	0.000170895	0.630199	0.00010001	0.0001	0.0001	0.0001	0.0001	0.000130189	0.000103273	0.0001	0.000105657	0.0001	0.0001	0.000118432	0.000254366	0.0001	0.0392644	0.0399705	0.0001	0.105253	0.000100004	0.699198	0.0001011	0.0001	0.0740488	0.0546244	0.000491427	0.239988	0.0949145	0.000100007
31	A	T	ORF	S	NULL	0	0	0	0	0	0	0	0	0	0	0	0	0	0	0	0	0	0	0	0	0	0	0	0	0	0	0	0	0	0	0	0	0	0	0	0	0	0	0	0	0	0	0	0	0	0	0	0	0	0	0	0	0	0
32	A	T	ORF	S	NULL	0	0	0	0	0	0	0	0	0	0	0	0	0	0	0	0	0	0	0	0	0	0	0	0	0	0	0	0	0	0	0	0	0	0	0	0	0	0	0	0	0	0	0	0	0	0	0	0	0	0	0	0	0	0
33	A	T	ORF	S	NULL	0	0	0	0	0	0	0	0	0	0	0	0	0	0	0	0	0	0	0	0	0	0	0	0	0	0	0	0	0	0	0	0	0	0	0	0	0	0	0	0	0	0	0	0	0	0	0	0	0	0	0	0	0	0
34	A	T	ORF	S	NULL	0	0	0	0	0.0001	0.0001	0.0001	0.0001	0.0001	0.0001	0.0001	0.459045	0.0001	0.00690074	0.0001	0.0001	0.0001	0.0819002	0.00976809	0.000100001	0.000100006	0.0181601	0.0001	0.0001	0.0001	0.0001	0.0531958	0.0001	0.00206329	0.0001	0.0001	0.0001	0.0001	0.0001	0.0001	0.00314011	0.0001	0.0001	0.0001	0.0001	0.000100001	0.153625	0.520956	0.0001	0.124158	0.0001	0.0001	0.62996	0.0254075	0.342878	0.00285354	0.109907	0.133912	0.229906
35	A	T	ORF	S	NULL	0	0	0	0	0	0	0	0	0	0	0	0	0	0	0	0	0	0	0	0	0	0	0	0	0	0	0	0	0	0	0	0	0	0	0	0	0	0	0	0	0	0	0	0	0	0	0	0	0	0	0	0	0	0
36	A	T	ORF	S	NULL	0	0	0	0	0	0	0	0	0	0	0	0	0	0	0	0	0	0	0	0	0	0	0	0	0	0	0	0	0	0	0	0	0	0	0	0	0	0	0	0	0	0	0	0	0	0	0	0	0	0	0	0	0	0
37	A	T	ORF	S	NULL	0	0	0	0	0	0	0	0	0	0	0	0	0	0	0	0	0	0	0	0	0	0	0	0	0	0	0	0	0	0	0	0	0	0	0	0	0	0	0	0	0	0	0	0	0	0	0	0	0	0	0	0	0	0
38	A	T	ORF	S	NULL	0	0	0	0	0.0001	0.0001	0.0001	0.0001	0.0001	0.0001	0.0001	0.0001	0.0001	0.0001	0.293141	0.0001	0.213692	0.0001	0.525213	0.0401016	0.528059	0.0311835	0.349062	0.0001	0.0001	0.0001	0.0954302	0.0001	0.0001	0.0001	0.0001	0.801251	0.0001	0.692254	0.259016	0.00444938	0.0001	0.0001	0.000101519	0.999881	0.0001	0.261296	0.0001	0.0001	0.464628	0.0001	0.0001	0.0001	0.0485073	0.198206	0.0959188	0.112088	0.15692	0.191957
39	A	T	ORF	S	NULL	0	0	0	0	0	0	0	0	0	0	0	0	0	0	0	0	0	0	0	0	0	0	0	0	0	0	0	0	0	0	0	0	0	0	0	0	0	0	0	0	0	0	0	0	0	0	0	0	0	0	0	0	0	0
40	A	T	ORF	S	NULL	0	0	0	0	0	0	0	0	0	0	0	0	0	0	0	0	0	0	0	0	0	0	0	0	0	0	0	0	0	0	0	0	0	0	0	0	0	0	0	0	0	0	0	0	0	0	0	0	0	0	0	0	0	0
41	A	T	ORF	S	NULL	0	0	0	0	0	0	0	0	0	0	0	0	0	0	0	0	0	0	0	0	0	0	0	0	0	0	0	0	0	0	0	0	0	0	0	0	0	0	0	0	0	0	0	0	0	0	0	0	0	0	0	0	0	0
42	A	T	ORF	S	NULL	0	0	0	0	0.0001	0.0001	0.0001	0.0001	0.0001	0.999911	0.0001	0.173343	0.0001	0.0001	0.0001	0.0001	0.607889	0.601229	0.121104	0.0001	0.000100021	0.0001	0.0001	0.0001	0.0001	0.36903	0.0001	0.0001	0.000100001	0.0001	0.0001	0.198187	0.653054	0.307158	0.162018	0.976409	0.093178	0.132016	0.0001	0.000100008	0.0001	0.0001	0.0001	0.0001	0.0941345	0.145004	0.0001	0.0001	0.673622	0.000100002	0.0001	0.435766	0.0001	0.0140902
43	A	T	ORF	S	NULL	0	0	0	0	0	0	0	0	0	0	0	0	0	0	0	0	0	0	0	0	0	0	0	0	0	0	0	0	0	0	0	0	0	0	0	0	0	0	0	0	0	0	0	0	0	0	0	0	0	0	0	0	0	0
44	A	T	ORF	S	NULL	0	0	0	0	0	0	0	0	0	0	0	0	0	0	0	0	0	0	0	0	0	0	0	0	0	0	0	0	0	0	0	0	0	0	0	0	0	0	0	0	0	0	0	0	0	0	0	0	0	0	0	0	0	0
45	A	T	ORF	S	NULL	0	0	0	0	1.00016	0.0004	0.000680613	1.00027	1.00027	0.000403104	0.903614	0.531978	0.000799456	0.00769161	0.579017	1.0003	0.00557054	0.0830521	0.0261069	0.33788	0.000772291	0.286507	0.650576	0.988627	0.999886	0.000718697	0.148938	1.0002	0.208684	1.0003	1.00027	0.000659937	0.000815208	0.000621761	0.000822612	0.0142955	0.000672717	0.867562	0.593917	0.000400025	0.000545067	0.35191	1.0002	0.710369	0.308704	0.000806866	0.000801142	0.630795	0.133394	0.344599	0.772065	0.136314	0.748365	0.483022
46	A	T	ORF	S	NULL	0	0	0	0	0	0	0	0	0	0	0	0	0	0	0	0	0	0	0	0	0	0	0	0	0	0	0	0	0	0	0	0	0	0	0	0	0	0	0	0	0	0	0	0	0	0	0	0	0	0	0	0	0	0
47	A	T	ORF	S	NULL	0	0	0	0	0	0	0	0	0	0	0	0	0	0	0	0	0	0	0	0	0	0	0	0	0	0	0	0	0	0	0	0	0	0	0	0	0	0	0	0	0	0	0	0	0	0	0	0	0	0	0	0	0	0
48	A	T	ORF	S	NULL	0	0	0	0	0	0	0	0	0	0	0	0	0	0	0	0	0	0	0	0	0	0	0	0	0	0	0	0	0	0	0	0	0	0	0	0	0	0	0	0	0	0	0	0	0	0	0	0	0	0	0	0	0	0
49	A	T	ORF	S	NULL	0	0	0	0	0	0	0	0	0	0	0	0	0	0	0	0	0	0	0	0	0	0	0	0	0	0	0	0	0	0	0	0	0	0	0	0	0	0	0	0	0	0	0	0	0	0	0	0	0	0	0	0	0	0
50	A	T	ORF	S	NULL	0	0	0	0	0	0	0	0	0	0	0	0	0	0	0	0	0	0	0	0	0	0	0	0	0	0	0	0	0	0	0	0	0	0	0	0	0	0	0	0	0	0	0	0	0	0	0	0	0	0	0	0	0	0
51	A	T	ORF	S	NULL	0	0	0	0	0	0	0	0	0	0	0	0	0	0	0	0	0	0	0	0	0	0	0	0	0	0	0	0	0	0	0	0	0	0	0	0	0	0	0	0	0	0	0	0	0	0	0	0	0	0	0	0	0	0
52	A	T	ORF	S	NULL	0	0	0	0	0	0	0	0	0	0	0	0	0	0	0	0	0	0	0	0	0	0	0	0	0	0	0	0	0	0	0	0	0	0	0	0	0	0	0	0	0	0	0	0	0	0	0	0	0	0	0	0	0	0
53	A	T	ORF	S	NULL	0	0	0	0	0	0	0	0	0	0	0	0	0	0	0	0	0	0	0	0	0	0	0	0	0	0	0	0	0	0	0	0	0	0	0	0	0	0	0	0	0	0	0	0	0	0	0	0	0	0	0	0	0	0
54	A	T	ORF	S	NULL	0	0	0	0	0.0001	0.0001	0.0001	0.0001	0.0001	0.0001	0.0001	0.459045	0.0001	0.00690074	0.0001	0.0001	0.0001	0.0819002	0.00976809	0.000100001	0.000100006	0.0181601	0.0001	0.0001	0.0001	0.0001	0.0531958	0.0001	0.00206329	0.0001	0.0001	0.0001	0.0001	0.0001	0.0001	0.00314011	0.0001	0.0001	0.0001	0.0001	0.000100001	0.153625	0.520956	0.0001	0.124158	0.0001	0.0001	0.62996	0.0254075	0.342878	0.00285354	0.109907	0.133912	0.229906
55	A	T	ORF	S	NULL	0	0	0	0	0	0	0	0	0	0	0	0	0	0	0	0	0	0	0	0	0	0	0	0	0	0	0	0	0	0	0	0	0	0	0	0	0	0	0	0	0	0	0	0	0	0	0	0	0	0	0	0	0	0
56	A	T	ORF	S	NULL	0	0	0	0	0.0001	0.0001	0.000100023	0.0001	0.0001	0.0001	0.0001	0.294569	0.278061	0.0001	0.0001	0.0001	0.00735747	0.0001	0.160684	0.471123	0.0169718	0.0277259	0.0001	0.0001	0.0001	0.000100018	0.330637	0.0001	0.7913	0.0001	0.0001	0.0001	0.342059	0.0001	0.0001	0.00480385	0.906282	0.0001	0.0001	0.0001	0.960417	0.231599	0.0001	0.000100003	0.0670401	0.000100025	0.0001	0.3691	0.0545033	0.234328	0.0042331	0.057045	0.000100003	0.140182
57	A	T	ORF	S	NULL	0	0	0	0	0	0	0	0	0	0	0	0	0	0	0	0	0	0	0	0	0	0	0	0	0	0	0	0	0	0	0	0	0	0	0	0	0	0	0	0	0	0	0	0	0	0	0	0	0	0	0	0	0	0
58	A	T	ORF	S	NULL	0	0	0	0	0.0002	0.0002	0.000200023	0.0002	0.0002	0.0002	0.0002	0.753614	0.278161	0.00700074	0.0002	0.0002	0.00745747	0.0820002	0.170452	0.471223	0.0170718	0.045886	0.0002	0.0002	0.0002	0.000200018	0.383833	0.0002	0.793363	0.0002	0.0002	0.0002	0.342159	0.0002	0.0002	0.00794396	0.906382	0.0002	0.0002	0.0002	0.960517	0.385224	0.521056	0.000200003	0.191198	0.000200025	0.0002	0.99906	0.0799108	0.577206	0.00708664	0.166952	0.134012	0.370088
59	A	T	ORF	S	NULL	0	0	0	0	0	0	0	0	0	0	0	0	0	0	0	0	0	0	0	0	0	0	0	0	0	0	0	0	0	0	0	0	0	0	0	0	0	0	0	0	0	0	0	0	0	0	0	0	0	0	0	0	0	0
60	A	T	ORF	S	NULL	0	0	0	0	0	0	0	0	0	0	0	0	0	0	0	0	0	0	0	0	0	0	0	0	0	0	0	0	0	0	0	0	0	0	0	0	0	0	0	0	0	0	0	0	0	0	0	0	0	0	0	0	0	0
61	A	T	ORF	S	NULL	0	0	0	0	0	0	0	0	0	0	0	0	0	0	0	0	0	0	0	0	0	0	0	0	0	0	0	0	0	0	0	0	0	0	0	0	0	0	0	0	0	0	0	0	0	0	0	0	0	0	0	0	0	0
62	A	T	ORF	S	NULL	0	0	0	0	0.0001	0.0001	0.0001	0.0001	0.0001	0.999911	0.0001	0.173343	0.0001	0.0001	0.0001	0.0001	0.607889	0.601229	0.121104	0.0001	0.000100021	0.0001	0.0001	0.0001	0.0001	0.36903	0.0001	0.0001	0.000100001	0.0001	0.0001	0.198187	0.653054	0.307158	0.162018	0.976409	0.093178	0.132016	0.0001	0.000100008	0.0001	0.0001	0.0001	0.0001	0.0941345	0.145004	0.0001	0.0001	0.673622	0.000100002	0.0001	0.435766	0.0001	0.0140902
63	A	T	ORF	S	NULL	0	0	0	0	0	0	0	0	0	0	0	0	0	0	0	0	0	0	0	0	0	0	0	0	0	0	0	0	0	0	0	0	0	0	0	0	0	0	0	0	0	0	0	0	0	0	0	0	0	0	0	0	0	0
64	A	T	ORF	S	NULL	0	0	0	0	0	0	0	0	0	0	0	0	0	0	0	0	0	0	0	0	0	0	0	0	0	0	0	0	0	0	0	0	0	0	0	0	0	0	0	0	0	0	0	0	0	0	0	0	0	0	0	0	0	0
65	A	T	ORF	S	NULL	0	0	0	0	0	0	0	0	0	0	0	0	0	0	0	0	0	0	0	0	0	0	0	0	0	0	0	0	0	0	0	0	0	0	0	0	0	0	0	0	0	0	0	0	0	0	0	0	0	0	0	0	0	0
66	A	T	ORF	S	NULL	0	0	0	0	0	0	0	0	0	0	0	0	0	0	0	0	0	0	0	0	0	0	0	0	0	0	0	0	0	0	0	0	0	0	0	0	0	0	0	0	0	0	0	0	0	0	0	0	0	0	0	0	0	0
67	A	T	ORF	S	NULL	0	0	0	0	0	0	0	0	0	0	0	0	0	0	0	0	0	0	0	0	0	0	0	0	0	0	0	0	0	0	0	0	0	0	0	0	0	0	0	0	0	0	0	0	0	0	0	0	0	0	0	0	0	0
68	A	T	ORF	S	NULL	0	0	0	0	0	0	0	0	0	0	0	0	0	0	0	0	0	0	0	0	0	0	0	0	0	0	0	0	0	0	0	0	0	0	0	0	0	0	0	0	0	0	0	0	0	0	0	0	0	0	0	0	0	0
69	A	T	ORF	S	NULL	0	0	0	0	0	0	0	0	0	0	0	0	0	0	0	0	0	0	0	0	0	0	0	0	0	0	0	0	0	0	0	0	0	0	0	0	0	0	0	0	0	0	0	0	0	0	0	0	0	0	0	0	0	0
70	A	T	ORF	S	NULL	0	0	0	0	0	0	0	0	0	0	0	0	0	0	0	0	0	0	0	0	0	0	0	0	0	0	0	0	0	0	0	0	0	0	0	0	0	0	0	0	0	0	0	0	0	0	0	0	0	0	0	0	0	0
71	A	T	ORF	S	NULL	0	0	0	0	0	0	0	0	0	0	0	0	0	0	0	0	0	0	0	0	0	0	0	0	0	0	0	0	0	0	0	0	0	0	0	0	0	0	0	0	0	0	0	0	0	0	0	0	0	0	0	0	0	0
72	A	T	ORF	S	NULL	0	0	0	0	0	0	0	0	0	0	0	0	0	0	0	0	0	0	0	0	0	0	0	0	0	0	0	0	0	0	0	0	0	0	0	0	0	0	0	0	0	0	0	0	0	0	0	0	0	0	0	0	0	0
73	A	T	ORF	S	NULL	0	0	0	0	0.0001	0.999989	0.000380963	0.0001	0.0001	0.0001	0.0963882	0.00028138	0.000199819	0.000176251	0.127739	0.0001	0.16478	0.000368909	0.01034	0.150732	0.454264	0.132013	0.000378163	0.000374831	0.000170984	0.000203721	0.401462	0.0001	0.000176612	0.0001	0.0001	0.00010002	0.00420785	0.000100807	0.578307	0.0001	0.000136516	0.000336696	0.217735	0.000113912	0.0001	0.0451602	0.0001	0.18445	0.0516644	0.000199629	0.983336	0.000192603	0.000788277	0.00103347	0.125923	0.0001	0.0001	0.156855
74	A	T	ORF	S	NULL	0	0	0	0	0.0001	0.0001	0.724169	0.0001	0.0001	0.0001	0.0001	0.0001	0.56318	0.0001	0.000268448	0.000100002	0.000100001	0.000198253	0.00334848	0.000153698	0.000201699	0.251153	0.0001	0.0110598	0.000170895	0.630199	0.00010001	0.0001	0.0001	0.0001	0.0001	0.000130189	0.000103273	0.0001	0.000105657	0.0001	0.0001	0.000118432	0.000254366	0.0001	0.0392644	0.0399705	0.0001	0.105253	0.000100004	0.699198	0.0001011	0.0001	0.0740488	0.0546244	0.000491427	0.239988	0.0949145	0.000100007
75	A	T	ORF	S	NULL	0	0	0	0	0	0	0	0	0	0	0	0	0	0	0	0	0	0	0	0	0	0	0	0	0	0	0	0	0	0	0	0	0	0	0	0	0	0	0	0	0	0	0	0	0	0	0	0	0	0	0	0	0	0
76	A	T	ORF	S	NULL	0	0	0	0	0	0	0	0	0	0	0	0	0	0	0	0	0	0	0	0	0	0	0	0	0	0	0	0	0	0	0	0	0	0	0	0	0	0	0	0	0	0	0	0	0	0	0	0	0	0	0	0	0	0
77	A	T	ORF	S	NULL	0	0	0	0	0	0	0	0	0	0	0	0	0	0	0	0	0	0	0	0	0	0	0	0	0	0	0	0	0	0	0	0	0	0	0	0	0	0	0	0	0	0	0	0	0	0	0	0	0	0	0	0	0	0
78	A	T	ORF	S	NULL	0	0	0	0	0	0	0	0	0	0	0	0	0	0	0	0	0	0	0	0	0	0	0	0	0	0	0	0	0	0	0	0	0	0	0	0	0	0	0	0	0	0	0	0	0	0	0	0	0	0	0	0	0	0
79	A	T	ORF	S	NULL	0	0	0	0	0.0002	0.0002	0.275141	0.0002	0.0002	1.00001	0.0002	0.173443	0.158142	0.992279	0.0002	0.0002	0.6089	0.916537	0.274507	0.0002	0.000200021	0.271717	0.0002	0.0002	0.0002	0.36913	0.0237329	0.0002	0.000200001	0.0002	0.0002	0.198287	0.653154	0.307258	0.162118	0.976651	0.093278	0.132116	0.188273	0.000200008	0.0002	0.0703635	0.0002	0.000203907	0.107964	0.300053	0.0161528	0.0002	0.688958	0.167506	0.00150185	0.454764	0.0002	0.028184
80	A	T	ORF	S	NULL	0	0	0	0	0.0001	0.0001	0.0001	0.0001	0.0001	0.0001	0.0001	0.459045	0.0001	0.00690074	0.0001	0.0001	0.0001	0.0819002	0.00976809	0.000100001	0.000100006	0.0181601	0.0001	0.0001	0.0001	0.0001	0.0531958	0.0001	0.00206329	0.0001	0.0001	0.0001	0.0001	0.0001	0.0001	0.00314011	0.0001	0.0001	0.0001	0.0001	0.000100001	0.153625	0.520956	0.0001	0.124158	0.0001	0.0001	0.62996	0.0254075	0.342878	0.00285354	0.109907	0.133912	0.229906
81	A	T	ORF	S	NULL	0	0	0	0	0	0	0	0	0	0	0	0	0	0	0	0	0	0	0	0	0	0	0	0	0	0	0	0	0	0	0	0	0	0	0	0	0	0	0	0	0	0	0	0	0	0	0	0	0	0	0	0	0	0
82	A	T	ORF	S	NULL	0	0	0	0	0	0	0	0	0	0	0	0	0	0	0	0	0	0	0	0	0	0	0	0	0	0	0	0	0	0	0	0	0	0	0	0	0	0	0	0	0	0	0	0	0	0	0	0	0	0	0	0	0	0
83	A	T	ORF	S	NULL	0	0	0	0	0	0	0	0	0	0	0	0	0	0	0	0	0	0	0	0	0	0	0	0	0	0	0	0	0	0	0	0	0	0	0	0	0	0	0	0	0	0	0	0	0	0	0	0	0	0	0	0	0	0
84	A	T	ORF	S	NULL	0	0	0	0	0	0	0	0	0	0	0	0	0	0	0	0	0	0	0	0	0	0	0	0	0	0	0	0	0	0	0	0	0	0	0	0	0	0	0	0	0	0	0	0	0	0	0	0	0	0	0	0	0	0
85	A	T	ORF	S	NULL	0	0	0	0	0	0	0	0	0	0	0	0	0	0	0	0	0	0	0	0	0	0	0	0	0	0	0	0	0	0	0	0	0	0	0	0	0	0	0	0	0	0	0	0	0	0	0	0	0	0	0	0	0	0
86	A	T	ORF	S	NULL	0	0	0	0	0	0	0	0	0	0	0	0	0	0	0	0	0	0	0	0	0	0	0	0	0	0	0	0	0	0	0	0	0	0	0	0	0	0	0	0	0	0	0	0	0	0	0	0	0	0	0	0	0	0
87	A	T	ORF	S	NULL	0	0	0	0	0	0	0	0	0	0	0	0	0	0	0	0	0	0	0	0	0	0	0	0	0	0	0	0	0	0	0	0	0	0	0	0	0	0	0	0	0	0	0	0	0	0	0	0	0	0	0	0	0	0
88	A	T	ORF	S	NULL	0	0	0	0	0	0	0	0	0	0	0	0	0	0	0	0	0	0	0	0	0	0	0	0	0	0	0	0	0	0	0	0	0	0	0	0	0	0	0	0	0	0	0	0	0	0	0	0	0	0	0	0	0	0
89	A	T	ORF	S	NULL	0	0	0	0	0	0	0	0	0	0	0	0	0	0	0	0	0	0	0	0	0	0	0	0	0	0	0	0	0	0	0	0	0	0	0	0	0	0	0	0	0	0	0	0	0	0	0	0	0	0	0	0	0	0
90	A	T	ORF	S	NULL	0	0	0	0	0.0001	0.0001	0.275041	0.0001	0.0001	0.0001	0.0001	0.0001	0.158042	0.992179	0.0001	0.0001	0.00101099	0.315307	0.153404	0.0001	0.0001	0.271617	0.0001	0.0001	0.0001	0.0001	0.0236329	0.0001	0.0001	0.0001	0.0001	0.0001	0.0001	0.0001	0.0001	0.000241553	0.0001	0.0001	0.188173	0.0001	0.0001	0.0702635	0.0001	0.000103907	0.0138291	0.155049	0.0160528	0.0001	0.015336	0.167406	0.00140185	0.0189988	0.0001	0.0140938
91	A	T	ORF	S	NULL	0	0	0	0	0	0	0	0	0	0	0	0	0	0	0	0	0	0	0	0	0	0	0	0	0	0	0	0	0	0	0	0	0	0	0	0	0	0	0	0	0	0	0	0	0	0	0	0	0	0	0	0	0	0
92	A	T	ORF	S	NULL	0	0	0	0	0	0	0	0	0	0	0	0	0	0	0	0	0	0	0	0	0	0	0	0	0	0	0	0	0	0	0	0	0	0	0	0	0	0	0	0	0	0	0	0	0	0	0	0	0	0	0	0	0	0
93	A	T	ORF	S	NULL	0	0	0	0	0	0	0	0	0	0	0	0	0	0	0	0	0	0	0	0	0	0	0	0	0	0	0	0	0	0	0	0	0	0	0	0	0	0	0	0	0	0	0	0	0	0	0	0	0	0	0	0	0	0
94	A	T	ORF	S	NULL	0	0	0	0	0.0001	0.0001	0.275041	0.0001	0.0001	0.0001	0.0001	0.0001	0.158042	0.992179	0.0001	0.0001	0.00101099	0.315307	0.153404	0.0001	0.0001	0.271617	0.0001	0.0001	0.0001	0.0001	0.0236329	0.0001	0.0001	0.0001	0.0001	0.0001	0.0001	0.0001	0.0001	0.000241553	0.0001	0.0001	0.188173	0.0001	0.0001	0.0702635	0.0001	0.000103907	0.0138291	0.155049	0.0160528	0.0001	0.015336	0.167406	0.00140185	0.0189988	0.0001	0.0140938
95	A	T	ORF	S	NULL	0	0	0	0	0	0	0	0	0	0	0	0	0	0	0	0	0	0	0	0	0	0	0	0	0	0	0	0	0	0	0	0	0	0	0	0	0	0	0	0	0	0	0	0	0	0	0	0	0	0	0	0	0	0
96	A	T	ORF	S	NULL	0	0	0	0	0	0	0	0	0	0	0	0	0	0	0	0	0	0	0	0	0	0	0	0	0	0	0	0	0	0	0	0	0	0	0	0	0	0	0	0	0	0	0	0	0	0	0	0	0	0	0	0	0	0
97	A	T	ORF	S	NULL	0	0	0	0	0	0	0	0	0	0	0	0	0	0	0	0	0	0	0	0	0	0	0	0	0	0	0	0	0	0	0	0	0	0	0	0	0	0	0	0	0	0	0	0	0	0	0	0	0	0	0	0	0	0
98	A	T	ORF	S	NULL	0	0	0	0	0.0002	0.0002	0.000200023	0.0002	0.0002	1.00001	0.0002	0.467912	0.278161	0.000200001	0.0002	0.0002	0.615246	0.601329	0.281787	0.471223	0.0170719	0.0278259	0.0002	0.0002	0.0002	0.36913	0.330737	0.0002	0.7914	0.0002	0.0002	0.198287	0.995113	0.307258	0.162118	0.981213	0.99946	0.132116	0.0002	0.000200008	0.960517	0.231699	0.0002	0.000200003	0.161175	0.145104	0.0002	0.3692	0.728125	0.234428	0.0043331	0.492811	0.000200003	0.154273
99	A	T	ORF	S	NULL	0	0	0	0	0.0001	0.0001	0.0001	0.0001	0.0001	0.0001	0.0001	0.459045	0.0001	0.00690074	0.0001	0.0001	0.0001	0.0819002	0.00976809	0.000100001	0.000100006	0.0181601	0.0001	0.0001	0.0001	0.0001	0.0531958	0.0001	0.00206329	0.0001	0.0001	0.0001	0.0001	0.0001	0.0001	0.00314011	0.0001	0.0001	0.0001	0.0001	0.000100001	0.153625	0.520956	0.0001	0.124158	0.0001	0.0001	0.62996	0.0254075	0.342878	0.00285354	0.109907	0.133912	0.229906
100	A	T	ORF	S	NULL	0	0	0	0	0.0001	0.0001	0.0001	0.0001	0.0001	0.999911	0.0001	0.173343	0.0001	0.0001	0.0001	0.0001	0.607889	0.601229	0.121104	0.0001	0.000100021	0.0001	0.0001	0.0001	0.0001	0.36903	0.0001	0.0001	0.000100001	0.0001	0.0001	0.198187	0.653054	0.307158	0.162018	0.976409	0.093178	0.132016	0.0001	0.000100008	0.0001	0.0001	0.0001	0.0001	0.0941345	0.145004	0.0001	0.0001	0.673622	0.000100002	0.0001	0.435766	0.0001	0.0140902
