pos	ref	alt	gene	N/S	AA	nSRAsubclonal	nSRAclonal	nSRA	nConsensus	sample0|Earth	sample1|Earth	sample2|Earth	sample3|Earth	sample4|Earth	sample5|Earth	sample6|Earth	sample7|Earth	sample8|Earth	sample9|Earth	sample10|Earth	sample11|Earth	sample12|Earth	sample13|Earth	sample14|Earth	sample15|Earth	sample16|Earth	sample17|Earth	sample18|Earth	sample19|Earth	sample20|Earth	sample21|Earth	sample22|Earth	sample23|Earth	sample24|Earth	sample25|Earth	sample26|Earth	sample27|Earth	sample28|Earth	sample29|Earth	sample30|Earth	sample31|Earth	sample32|Earth	sample33|Earth	sample34|Earth	sample35|Earth	sample36|Earth	sample37|Earth	sample38|Earth	sample39|Earth	sample40|Earth	sample41|Earth	sample42|Earth	sample43|Earth	sample44|Earth	sample45|Earth	sample46|Earth	sample47|Earth	sample48|Earth	sample49|Earth
1	A	T	ORF	S	NULL	0	0	0	0	0	0	0	0	0	0	0	0	0	0	0	0	0	0	0	0	0	0	0	0	0	0	0	0	0	0	0	0	0	0	0	0	0	0	0	0	0	0	0	0	0	0	0	0	0	0	0	0	0	0
2	A	T	ORF	S	NULL	0	0	0	0	0.999975	0.000100002	0.0001	0.999975	0.999975	0.0001	0.903018	0.0001	0.0001	0.0001	0.0129082	0.0157736	0.0001	0.000100002	0.0001	0.337154	0.000100001	0.00476354	0.372978	0.9595	0.0157578	0.0001	0.0542635	0.0157736	0.00274027	0.0157736	0.999975	0.0001	0.0001	0.0001	0.000100001	0.0001	0.0001	0.0599258	0.477824	0.0001	0.0001	0.0001	0.000100022	0.0148662	0.164589	0.0001	0.000100002	0.0001	0.00118395	0.000100053	0.766015	0.000100001	0.000100082	0.243293
3	A	T	ORF	S	NULL	0	0	0	0	0	0	0	0	0	0	0	0	0	0	0	0	0	0	0	0	0	0	0	0	0	0	0	0	0	0	0	0	0	0	0	0	0	0	0	0	0	0	0	0	0	0	0	0	0	0	0	0	0	0
4	A	T	ORF	S	NULL	0	0	0	0	0.0002	0.000200001	0.0002	0.0002	0.0002	1.00002	0.0002	0.131313	0.000200048	0.000200001	0.291717	0.0002	0.817162	0.59524	0.64041	0.0401126	0.528048	0.000438241	0.348022	0.0002	0.0002	0.369025	0.00340583	0.0002	0.000378112	0.0002	0.0002	0.999208	0.653058	0.999208	0.42087	0.978067	0.0931625	0.132009	0.0002	1.00002	0.000200126	0.0002	0.0002	0.0002	0.487518	0.145024	0.000200001	0.000200004	0.685047	0.166927	0.0940456	0.453825	0.148961	0.0002
5	A	T	ORF	S	NULL	0	0	0	0	0	0	0	0	0	0	0	0	0	0	0	0	0	0	0	0	0	0	0	0	0	0	0	0	0	0	0	0	0	0	0	0	0	0	0	0	0	0	0	0	0	0	0	0	0	0	0	0	0	0
6	A	T	ORF	S	NULL	0	0	0	0	0.0002	0.0002	0.724071	0.0002	0.0002	0.0002	0.0002	0.338348	0.840934	0.00069606	0.000200104	0.000200195	0.0002	0.0082531	0.145327	0.471056	0.017002	0.246024	0.000200054	0.0109985	0.000200195	0.630062	0.228009	0.000200195	0.789506	0.000200195	0.0002	0.0002	0.34207	0.0002	0.0002	0.0002	0.9063	0.000200156	0.000200021	0.0002	0.999398	0.0002	0.0337158	0.10501	0.00748107	0.699069	0.0002	0.411716	0.0490048	0.281219	0.0002	0.233778	0.0934035	0.0118121
7	A	T	ORF	S	NULL	0	0	0	0	0	0	0	0	0	0	0	0	0	0	0	0	0	0	0	0	0	0	0	0	0	0	0	0	0	0	0	0	0	0	0	0	0	0	0	0	0	0	0	0	0	0	0	0	0	0	0	0	0	0
8	A	T	ORF	S	NULL	0	0	0	0	0	0	0	0	0	0	0	0	0	0	0	0	0	0	0	0	0	0	0	0	0	0	0	0	0	0	0	0	0	0	0	0	0	0	0	0	0	0	0	0	0	0	0	0	0	0	0	0	0	0
9	A	T	ORF	S	NULL	0	0	0	0	1.00017	1.00017	0.0003	1.00017	1.00017	0.000300002	0.999077	0.0003	0.0003	0.0003	0.426164	0.0159736	0.373618	0.000300003	0.520244	0.52752	0.982033	0.128463	0.721	0.9597	0.0159578	0.000300001	0.401221	0.0159736	0.00294027	0.0159736	1.00017	0.801346	0.00410026	0.692339	0.837037	0.000300003	0.0003	0.0601258	0.693964	1.00012	0.0003	0.0003	0.000300022	0.191451	0.546099	0.0003	0.983193	0.0003	0.00138395	0.167027	0.979944	0.000300002	0.149061	0.243493
10	A	T	ORF	S	NULL	0	0	0	0	0	0	0	0	0	0	0	0	0	0	0	0	0	0	0	0	0	0	0	0	0	0	0	0	0	0	0	0	0	0	0	0	0	0	0	0	0	0	0	0	0	0	0	0	0	0	0	0	0	0
11	A	T	ORF	S	NULL	0	0	0	0	0.0001	0.000100001	0.0001	0.0001	0.0001	0.000100002	0.0001	0.0001	0.0001	0.0001	0.291578	0.0001	0.209262	0.000100001	0.520044	0.0400125	0.527948	0.00033824	0.347922	0.0001	0.0001	0.000100001	0.0033058	0.0001	0.0001	0.0001	0.0001	0.801146	0.0001	0.692139	0.258948	0.000100003	0.0001	0.0001	0.0001	0.999923	0.0001	0.0001	0.0001	0.0001	0.38141	0.0001	0.000100001	0.0001	0.000100002	0.166827	0.0939456	0.000100001	0.148861	0.0001
12	A	T	ORF	S	NULL	0	0	0	0	0	0	0	0	0	0	0	0	0	0	0	0	0	0	0	0	0	0	0	0	0	0	0	0	0	0	0	0	0	0	0	0	0	0	0	0	0	0	0	0	0	0	0	0	0	0	0	0	0	0
13	A	T	ORF	S	NULL	0	0	0	0	0	0	0	0	0	0	0	0	0	0	0	0	0	0	0	0	0	0	0	0	0	0	0	0	0	0	0	0	0	0	0	0	0	0	0	0	0	0	0	0	0	0	0	0	0	0	0	0	0	0
14	A	T	ORF	S	NULL	0	0	0	0	0	0	0	0	0	0	0	0	0	0	0	0	0	0	0	0	0	0	0	0	0	0	0	0	0	0	0	0	0	0	0	0	0	0	0	0	0	0	0	0	0	0	0	0	0	0	0	0	0	0
15	A	T	ORF	S	NULL	0	0	0	0	0	0	0	0	0	0	0	0	0	0	0	0	0	0	0	0	0	0	0	0	0	0	0	0	0	0	0	0	0	0	0	0	0	0	0	0	0	0	0	0	0	0	0	0	0	0	0	0	0	0
16	A	T	ORF	S	NULL	0	0	0	0	0.0001	0.0001	0.274912	0.0001	0.0001	0.000100001	0.0001	0.000100002	0.157907	0.991493	0.0001	0.0001	0.000100001	0.309696	0.147034	0.0001	0.0001	0.262912	0.0001	0.0001	0.0001	0.0001	0.0001	0.0001	0.0001	0.0001	0.0001	0.0001	0.0001	0.0001	0.0001	0.000100001	0.0001	0.000100001	0.187908	0.0001	0.0001	0.0001	0.0001	0.0001	0.0001	0.154923	0.0159007	0.0001	0.000100001	0.145566	0.0001	0.000100001	0.0001	0.0001
17	A	T	ORF	S	NULL	0	0	0	0	0	0	0	0	0	0	0	0	0	0	0	0	0	0	0	0	0	0	0	0	0	0	0	0	0	0	0	0	0	0	0	0	0	0	0	0	0	0	0	0	0	0	0	0	0	0	0	0	0	0
18	A	T	ORF	S	NULL	0	0	0	0	0	0	0	0	0	0	0	0	0	0	0	0	0	0	0	0	0	0	0	0	0	0	0	0	0	0	0	0	0	0	0	0	0	0	0	0	0	0	0	0	0	0	0	0	0	0	0	0	0	0
19	A	T	ORF	S	NULL	0	0	0	0	0	0	0	0	0	0	0	0	0	0	0	0	0	0	0	0	0	0	0	0	0	0	0	0	0	0	0	0	0	0	0	0	0	0	0	0	0	0	0	0	0	0	0	0	0	0	0	0	0	0
20	A	T	ORF	S	NULL	0	0	0	0	0.0001	0.0001	0.274912	0.0001	0.0001	0.000100001	0.0001	0.000100002	0.157907	0.991493	0.0001	0.0001	0.000100001	0.309696	0.147034	0.0001	0.0001	0.262912	0.0001	0.0001	0.0001	0.0001	0.0001	0.0001	0.0001	0.0001	0.0001	0.0001	0.0001	0.0001	0.0001	0.000100001	0.0001	0.000100001	0.187908	0.0001	0.0001	0.0001	0.0001	0.0001	0.0001	0.154923	0.0159007	0.0001	0.000100001	0.145566	0.0001	0.000100001	0.0001	0.0001
21	A	T	ORF	S	NULL	0	0	0	0	0	0	0	0	0	0	0	0	0	0	0	0	0	0	0	0	0	0	0	0	0	0	0	0	0	0	0	0	0	0	0	0	0	0	0	0	0	0	0	0	0	0	0	0	0	0	0	0	0	0
22	A	T	ORF	S	NULL	0	0	0	0	0	0	0	0	0	0	0	0	0	0	0	0	0	0	0	0	0	0	0	0	0	0	0	0	0	0	0	0	0	0	0	0	0	0	0	0	0	0	0	0	0	0	0	0	0	0	0	0	0	0
23	A	T	ORF	S	NULL	0	0	0	0	0.0001	0.0001	0.0001	0.0001	0.0001	0.0001	0.0001	0.338248	0.277948	0.00059606	0.000100104	0.000100195	0.0001	0.0081531	0.145227	0.470956	0.016902	0.000100045	0.000100054	0.000100005	0.000100195	0.0001	0.227909	0.000100195	0.788851	0.000100195	0.0001	0.0001	0.34197	0.0001	0.0001	0.0001	0.906199	0.000100156	0.000100021	0.0001	0.960171	0.0001	0.0336158	0.00010013	0.00738107	0.0001	0.0001	0.411616	0.000100003	0.276812	0.0001	0.00926898	0.0117759	0.0117121
24	A	T	ORF	S	NULL	0	0	0	0	0	0	0	0	0	0	0	0	0	0	0	0	0	0	0	0	0	0	0	0	0	0	0	0	0	0	0	0	0	0	0	0	0	0	0	0	0	0	0	0	0	0	0	0	0	0	0	0	0	0
25	A	T	ORF	S	NULL	0	0	0	0	0	0	0	0	0	0	0	0	0	0	0	0	0	0	0	0	0	0	0	0	0	0	0	0	0	0	0	0	0	0	0	0	0	0	0	0	0	0	0	0	0	0	0	0	0	0	0	0	0	0
26	A	T	ORF	S	NULL	0	0	0	0	0	0	0	0	0	0	0	0	0	0	0	0	0	0	0	0	0	0	0	0	0	0	0	0	0	0	0	0	0	0	0	0	0	0	0	0	0	0	0	0	0	0	0	0	0	0	0	0	0	0
27	A	T	ORF	S	NULL	0	0	0	0	0.0001	0.000100001	0.0001	0.0001	0.0001	0.000100002	0.0001	0.0001	0.0001	0.0001	0.291578	0.0001	0.209262	0.000100001	0.520044	0.0400125	0.527948	0.00033824	0.347922	0.0001	0.0001	0.000100001	0.0033058	0.0001	0.0001	0.0001	0.0001	0.801146	0.0001	0.692139	0.258948	0.000100003	0.0001	0.0001	0.0001	0.999923	0.0001	0.0001	0.0001	0.0001	0.38141	0.0001	0.000100001	0.0001	0.000100002	0.166827	0.0939456	0.000100001	0.148861	0.0001
28	A	T	ORF	S	NULL	0	0	0	0	0	0	0	0	0	0	0	0	0	0	0	0	0	0	0	0	0	0	0	0	0	0	0	0	0	0	0	0	0	0	0	0	0	0	0	0	0	0	0	0	0	0	0	0	0	0	0	0	0	0
29	A	T	ORF	S	NULL	0	0	0	0	0	0	0	0	0	0	0	0	0	0	0	0	0	0	0	0	0	0	0	0	0	0	0	0	0	0	0	0	0	0	0	0	0	0	0	0	0	0	0	0	0	0	0	0	0	0	0	0	0	0
30	A	T	ORF	S	NULL	0	0	0	0	0.0001	0.0001	0.723971	0.0001	0.0001	0.0001	0.0001	0.0001	0.562986	0.0001	0.0001	0.0001	0.0001	0.0001	0.000100042	0.000100178	0.000100005	0.245924	0.0001	0.0108985	0.0001	0.629962	0.000100077	0.0001	0.000655313	0.0001	0.0001	0.0001	0.000100087	0.0001	0.0001	0.0001	0.000100214	0.0001	0.0001	0.0001	0.0392271	0.0001	0.0001	0.10491	0.0001	0.698969	0.0001	0.0001	0.0489048	0.00440718	0.0001	0.224509	0.0816276	0.0001
31	A	T	ORF	S	NULL	0	0	0	0	0	0	0	0	0	0	0	0	0	0	0	0	0	0	0	0	0	0	0	0	0	0	0	0	0	0	0	0	0	0	0	0	0	0	0	0	0	0	0	0	0	0	0	0	0	0	0	0	0	0
32	A	T	ORF	S	NULL	0	0	0	0	0	0	0	0	0	0	0	0	0	0	0	0	0	0	0	0	0	0	0	0	0	0	0	0	0	0	0	0	0	0	0	0	0	0	0	0	0	0	0	0	0	0	0	0	0	0	0	0	0	0
33	A	T	ORF	S	NULL	0	0	0	0	0	0	0	0	0	0	0	0	0	0	0	0	0	0	0	0	0	0	0	0	0	0	0	0	0	0	0	0	0	0	0	0	0	0	0	0	0	0	0	0	0	0	0	0	0	0	0	0	0	0
34	A	T	ORF	S	NULL	0	0	0	0	0	0	0	0	0	0	0	0	0	0	0	0	0	0	0	0	0	0	0	0	0	0	0	0	0	0	0	0	0	0	0	0	0	0	0	0	0	0	0	0	0	0	0	0	0	0	0	0	0	0
35	A	T	ORF	S	NULL	0	0	0	0	0	0	0	0	0	0	0	0	0	0	0	0	0	0	0	0	0	0	0	0	0	0	0	0	0	0	0	0	0	0	0	0	0	0	0	0	0	0	0	0	0	0	0	0	0	0	0	0	0	0
36	A	T	ORF	S	NULL	0	0	0	0	0	0	0	0	0	0	0	0	0	0	0	0	0	0	0	0	0	0	0	0	0	0	0	0	0	0	0	0	0	0	0	0	0	0	0	0	0	0	0	0	0	0	0	0	0	0	0	0	0	0
37	A	T	ORF	S	NULL	0	0	0	0	0	0	0	0	0	0	0	0	0	0	0	0	0	0	0	0	0	0	0	0	0	0	0	0	0	0	0	0	0	0	0	0	0	0	0	0	0	0	0	0	0	0	0	0	0	0	0	0	0	0
38	A	T	ORF	S	NULL	0	0	0	0	0.0002	0.000200001	0.0002	0.0002	0.0002	0.000200002	0.0002	0.0432698	0.000200019	0.000910421	0.291678	0.0002	0.226356	0.00882411	0.585158	0.0401126	0.528048	0.115051	0.348022	0.0002	0.0002	0.000200001	0.372455	0.0002	0.000200068	0.0002	0.0002	0.801246	0.000200017	0.692239	0.259048	0.0210025	0.000200047	0.0002	0.0002	1.00002	0.00020005	1.00004	0.0426838	0.0002	0.63434	0.0002	0.000200001	0.0555642	0.180609	0.216554	0.112865	0.24807	0.161043	0.591766
39	A	T	ORF	S	NULL	0	0	0	0	0	0	0	0	0	0	0	0	0	0	0	0	0	0	0	0	0	0	0	0	0	0	0	0	0	0	0	0	0	0	0	0	0	0	0	0	0	0	0	0	0	0	0	0	0	0	0	0	0	0
40	A	T	ORF	S	NULL	0	0	0	0	0	0	0	0	0	0	0	0	0	0	0	0	0	0	0	0	0	0	0	0	0	0	0	0	0	0	0	0	0	0	0	0	0	0	0	0	0	0	0	0	0	0	0	0	0	0	0	0	0	0
41	A	T	ORF	S	NULL	0	0	0	0	0	0	0	0	0	0	0	0	0	0	0	0	0	0	0	0	0	0	0	0	0	0	0	0	0	0	0	0	0	0	0	0	0	0	0	0	0	0	0	0	0	0	0	0	0	0	0	0	0	0
42	A	T	ORF	S	NULL	0	0	0	0	0.0001	0.0001	0.0001	0.0001	0.0001	0.99992	0.0001	0.131213	0.000100048	0.000100001	0.000139224	0.0001	0.607899	0.59514	0.120366	0.000100089	0.000100002	0.000100001	0.0001	0.0001	0.0001	0.368925	0.000100035	0.0001	0.000278112	0.0001	0.0001	0.198062	0.652958	0.30707	0.161922	0.977967	0.0930625	0.131909	0.0001	0.0001	0.000100126	0.0001	0.0001	0.0001	0.106108	0.144924	0.0001	0.000100004	0.684947	0.000100011	0.0001	0.453725	0.0001	0.0001
43	A	T	ORF	S	NULL	0	0	0	0	0	0	0	0	0	0	0	0	0	0	0	0	0	0	0	0	0	0	0	0	0	0	0	0	0	0	0	0	0	0	0	0	0	0	0	0	0	0	0	0	0	0	0	0	0	0	0	0	0	0
44	A	T	ORF	S	NULL	0	0	0	0	0	0	0	0	0	0	0	0	0	0	0	0	0	0	0	0	0	0	0	0	0	0	0	0	0	0	0	0	0	0	0	0	0	0	0	0	0	0	0	0	0	0	0	0	0	0	0	0	0	0
45	A	T	ORF	S	NULL	0	0	0	0	1.00007	0.000200002	0.0002	1.00007	1.00007	0.000200001	0.903118	0.48747	0.0002	0.00720033	0.559684	0.968199	0.000200001	0.0783869	0.0002	0.337254	0.000200001	0.235496	0.640981	0.987024	0.967231	0.000200001	0.0543635	0.968199	0.202228	0.968199	1.00007	0.0002	0.000200001	0.0002	0.000200001	0.000200001	0.0002	0.840902	0.589197	0.0002	0.0002	0.0002	0.9239	0.686532	0.252171	0.000200001	0.000200002	0.53302	0.0803353	0.35676	0.766115	0.0646261	0.745654	0.396622
46	A	T	ORF	S	NULL	0	0	0	0	0	0	0	0	0	0	0	0	0	0	0	0	0	0	0	0	0	0	0	0	0	0	0	0	0	0	0	0	0	0	0	0	0	0	0	0	0	0	0	0	0	0	0	0	0	0	0	0	0	0
47	A	T	ORF	S	NULL	0	0	0	0	0	0	0	0	0	0	0	0	0	0	0	0	0	0	0	0	0	0	0	0	0	0	0	0	0	0	0	0	0	0	0	0	0	0	0	0	0	0	0	0	0	0	0	0	0	0	0	0	0	0
48	A	T	ORF	S	NULL	0	0	0	0	0	0	0	0	0	0	0	0	0	0	0	0	0	0	0	0	0	0	0	0	0	0	0	0	0	0	0	0	0	0	0	0	0	0	0	0	0	0	0	0	0	0	0	0	0	0	0	0	0	0
49	A	T	ORF	S	NULL	0	0	0	0	0	0	0	0	0	0	0	0	0	0	0	0	0	0	0	0	0	0	0	0	0	0	0	0	0	0	0	0	0	0	0	0	0	0	0	0	0	0	0	0	0	0	0	0	0	0	0	0	0	0
50	A	T	ORF	S	NULL	0	0	0	0	0	0	0	0	0	0	0	0	0	0	0	0	0	0	0	0	0	0	0	0	0	0	0	0	0	0	0	0	0	0	0	0	0	0	0	0	0	0	0	0	0	0	0	0	0	0	0	0	0	0
51	A	T	ORF	S	NULL	0	0	0	0	0	0	0	0	0	0	0	0	0	0	0	0	0	0	0	0	0	0	0	0	0	0	0	0	0	0	0	0	0	0	0	0	0	0	0	0	0	0	0	0	0	0	0	0	0	0	0	0	0	0
52	A	T	ORF	S	NULL	0	0	0	0	0	0	0	0	0	0	0	0	0	0	0	0	0	0	0	0	0	0	0	0	0	0	0	0	0	0	0	0	0	0	0	0	0	0	0	0	0	0	0	0	0	0	0	0	0	0	0	0	0	0
53	A	T	ORF	S	NULL	0	0	0	0	0	0	0	0	0	0	0	0	0	0	0	0	0	0	0	0	0	0	0	0	0	0	0	0	0	0	0	0	0	0	0	0	0	0	0	0	0	0	0	0	0	0	0	0	0	0	0	0	0	0
54	A	T	ORF	S	NULL	0	0	0	0	0	0	0	0	0	0	0	0	0	0	0	0	0	0	0	0	0	0	0	0	0	0	0	0	0	0	0	0	0	0	0	0	0	0	0	0	0	0	0	0	0	0	0	0	0	0	0	0	0	0
55	A	T	ORF	S	NULL	0	0	0	0	0	0	0	0	0	0	0	0	0	0	0	0	0	0	0	0	0	0	0	0	0	0	0	0	0	0	0	0	0	0	0	0	0	0	0	0	0	0	0	0	0	0	0	0	0	0	0	0	0	0
56	A	T	ORF	S	NULL	0	0	0	0	0.0002	0.0002	0.0002	0.0002	0.0002	0.0002	0.0002	0.381417	0.278048	0.00140648	0.000200104	0.000200195	0.017194	0.0168772	0.210341	0.471056	0.017002	0.114813	0.000200054	0.000200005	0.000200195	0.0002	0.597058	0.000200195	0.788951	0.000200195	0.0002	0.0002	0.34207	0.0002	0.0002	0.0210025	0.906299	0.000200156	0.000200021	0.0002	0.960271	1.00004	0.0761996	0.00020013	0.260311	0.0002	0.0002	0.46708	0.180609	0.326539	0.0190192	0.257239	0.0239571	0.603378
57	A	T	ORF	S	NULL	0	0	0	0	0	0	0	0	0	0	0	0	0	0	0	0	0	0	0	0	0	0	0	0	0	0	0	0	0	0	0	0	0	0	0	0	0	0	0	0	0	0	0	0	0	0	0	0	0	0	0	0	0	0
58	A	T	ORF	S	NULL	0	0	0	0	0.0001	0.0001	0.0001	0.0001	0.0001	0.0001	0.0001	0.338248	0.277948	0.00059606	0.000100104	0.000100195	0.0001	0.0081531	0.145227	0.470956	0.016902	0.000100045	0.000100054	0.000100005	0.000100195	0.0001	0.227909	0.000100195	0.788851	0.000100195	0.0001	0.0001	0.34197	0.0001	0.0001	0.0001	0.906199	0.000100156	0.000100021	0.0001	0.960171	0.0001	0.0336158	0.00010013	0.00738107	0.0001	0.0001	0.411616	0.000100003	0.276812	0.0001	0.00926898	0.0117759	0.0117121
59	A	T	ORF	S	NULL	0	0	0	0	0	0	0	0	0	0	0	0	0	0	0	0	0	0	0	0	0	0	0	0	0	0	0	0	0	0	0	0	0	0	0	0	0	0	0	0	0	0	0	0	0	0	0	0	0	0	0	0	0	0
60	A	T	ORF	S	NULL	0	0	0	0	0	0	0	0	0	0	0	0	0	0	0	0	0	0	0	0	0	0	0	0	0	0	0	0	0	0	0	0	0	0	0	0	0	0	0	0	0	0	0	0	0	0	0	0	0	0	0	0	0	0
61	A	T	ORF	S	NULL	0	0	0	0	0	0	0	0	0	0	0	0	0	0	0	0	0	0	0	0	0	0	0	0	0	0	0	0	0	0	0	0	0	0	0	0	0	0	0	0	0	0	0	0	0	0	0	0	0	0	0	0	0	0
62	A	T	ORF	S	NULL	0	0	0	0	0.0001	0.0001	0.0001	0.0001	0.0001	0.99992	0.0001	0.131213	0.000100048	0.000100001	0.000139224	0.0001	0.607899	0.59514	0.120366	0.000100089	0.000100002	0.000100001	0.0001	0.0001	0.0001	0.368925	0.000100035	0.0001	0.000278112	0.0001	0.0001	0.198062	0.652958	0.30707	0.161922	0.977967	0.0930625	0.131909	0.0001	0.0001	0.000100126	0.0001	0.0001	0.0001	0.106108	0.144924	0.0001	0.000100004	0.684947	0.000100011	0.0001	0.453725	0.0001	0.0001
63	A	T	ORF	S	NULL	0	0	0	0	0	0	0	0	0	0	0	0	0	0	0	0	0	0	0	0	0	0	0	0	0	0	0	0	0	0	0	0	0	0	0	0	0	0	0	0	0	0	0	0	0	0	0	0	0	0	0	0	0	0
64	A	T	ORF	S	NULL	0	0	0	0	0	0	0	0	0	0	0	0	0	0	0	0	0	0	0	0	0	0	0	0	0	0	0	0	0	0	0	0	0	0	0	0	0	0	0	0	0	0	0	0	0	0	0	0	0	0	0	0	0	0
65	A	T	ORF	S	NULL	0	0	0	0	0	0	0	0	0	0	0	0	0	0	0	0	0	0	0	0	0	0	0	0	0	0	0	0	0	0	0	0	0	0	0	0	0	0	0	0	0	0	0	0	0	0	0	0	0	0	0	0	0	0
66	A	T	ORF	S	NULL	0	0	0	0	0	0	0	0	0	0	0	0	0	0	0	0	0	0	0	0	0	0	0	0	0	0	0	0	0	0	0	0	0	0	0	0	0	0	0	0	0	0	0	0	0	0	0	0	0	0	0	0	0	0
67	A	T	ORF	S	NULL	0	0	0	0	0	0	0	0	0	0	0	0	0	0	0	0	0	0	0	0	0	0	0	0	0	0	0	0	0	0	0	0	0	0	0	0	0	0	0	0	0	0	0	0	0	0	0	0	0	0	0	0	0	0
68	A	T	ORF	S	NULL	0	0	0	0	0	0	0	0	0	0	0	0	0	0	0	0	0	0	0	0	0	0	0	0	0	0	0	0	0	0	0	0	0	0	0	0	0	0	0	0	0	0	0	0	0	0	0	0	0	0	0	0	0	0
69	A	T	ORF	S	NULL	0	0	0	0	0	0	0	0	0	0	0	0	0	0	0	0	0	0	0	0	0	0	0	0	0	0	0	0	0	0	0	0	0	0	0	0	0	0	0	0	0	0	0	0	0	0	0	0	0	0	0	0	0	0
70	A	T	ORF	S	NULL	0	0	0	0	0	0	0	0	0	0	0	0	0	0	0	0	0	0	0	0	0	0	0	0	0	0	0	0	0	0	0	0	0	0	0	0	0	0	0	0	0	0	0	0	0	0	0	0	0	0	0	0	0	0
71	A	T	ORF	S	NULL	0	0	0	0	0.0001	0.0001	0.0001	0.0001	0.0001	0.0001	0.0001	0.0431698	0.000100019	0.000810421	0.0001	0.0001	0.017094	0.00872411	0.0651135	0.000100036	0.000100002	0.114713	0.0001	0.0001	0.0001	0.0001	0.369149	0.0001	0.000100068	0.0001	0.0001	0.0001	0.000100017	0.0001	0.0001	0.0209025	0.000100047	0.0001	0.0001	0.0001	0.00010005	0.999937	0.0425838	0.0001	0.25293	0.0001	0.0001	0.0554642	0.180509	0.0497272	0.0189192	0.24797	0.0121812	0.591666
72	A	T	ORF	S	NULL	0	0	0	0	0	0	0	0	0	0	0	0	0	0	0	0	0	0	0	0	0	0	0	0	0	0	0	0	0	0	0	0	0	0	0	0	0	0	0	0	0	0	0	0	0	0	0	0	0	0	0	0	0	0
73	A	T	ORF	S	NULL	0	0	0	0	0.0001	0.999972	0.0001	0.0001	0.0001	0.0001	0.095959	0.0001	0.0001	0.0001	0.121678	0.0001	0.164256	0.0001	0.000100001	0.150354	0.453985	0.123361	0.0001	0.0001	0.0001	0.0001	0.343651	0.0001	0.0001	0.0001	0.0001	0.0001	0.00390026	0.0001	0.577988	0.0001	0.0001	0.0001	0.216039	0.0001	0.0001	0.0001	0.0001	0.176484	0.0001	0.0001	0.982993	0.0001	0.0001	0.000100003	0.119984	0.0001	0.0001	0.000100004
74	A	T	ORF	S	NULL	0	0	0	0	0.0001	0.0001	0.723971	0.0001	0.0001	0.0001	0.0001	0.0001	0.562986	0.0001	0.0001	0.0001	0.0001	0.0001	0.000100042	0.000100178	0.000100005	0.245924	0.0001	0.0108985	0.0001	0.629962	0.000100077	0.0001	0.000655313	0.0001	0.0001	0.0001	0.000100087	0.0001	0.0001	0.0001	0.000100214	0.0001	0.0001	0.0001	0.0392271	0.0001	0.0001	0.10491	0.0001	0.698969	0.0001	0.0001	0.0489048	0.00440718	0.0001	0.224509	0.0816276	0.0001
75	A	T	ORF	S	NULL	0	0	0	0	0	0	0	0	0	0	0	0	0	0	0	0	0	0	0	0	0	0	0	0	0	0	0	0	0	0	0	0	0	0	0	0	0	0	0	0	0	0	0	0	0	0	0	0	0	0	0	0	0	0
76	A	T	ORF	S	NULL	0	0	0	0	0	0	0	0	0	0	0	0	0	0	0	0	0	0	0	0	0	0	0	0	0	0	0	0	0	0	0	0	0	0	0	0	0	0	0	0	0	0	0	0	0	0	0	0	0	0	0	0	0	0
77	A	T	ORF	S	NULL	0	0	0	0	0	0	0	0	0	0	0	0	0	0	0	0	0	0	0	0	0	0	0	0	0	0	0	0	0	0	0	0	0	0	0	0	0	0	0	0	0	0	0	0	0	0	0	0	0	0	0	0	0	0
78	A	T	ORF	S	NULL	0	0	0	0	0	0	0	0	0	0	0	0	0	0	0	0	0	0	0	0	0	0	0	0	0	0	0	0	0	0	0	0	0	0	0	0	0	0	0	0	0	0	0	0	0	0	0	0	0	0	0	0	0	0
79	A	T	ORF	S	NULL	0	0	0	0	0.0002	0.0002	0.275012	0.0002	0.0002	1.00002	0.0002	0.131313	0.158007	0.991593	0.000239224	0.0002	0.607999	0.904836	0.2674	0.000200089	0.000200002	0.263012	0.0002	0.0002	0.0002	0.369025	0.000200035	0.0002	0.000378112	0.0002	0.0002	0.198162	0.653058	0.30717	0.162022	0.978067	0.0931625	0.132009	0.188008	0.0002	0.000200126	0.0002	0.0002	0.0002	0.106208	0.299847	0.0160007	0.000200004	0.685047	0.145666	0.0002	0.453825	0.0002	0.0002
80	A	T	ORF	S	NULL	0	0	0	0	0	0	0	0	0	0	0	0	0	0	0	0	0	0	0	0	0	0	0	0	0	0	0	0	0	0	0	0	0	0	0	0	0	0	0	0	0	0	0	0	0	0	0	0	0	0	0	0	0	0
81	A	T	ORF	S	NULL	0	0	0	0	0	0	0	0	0	0	0	0	0	0	0	0	0	0	0	0	0	0	0	0	0	0	0	0	0	0	0	0	0	0	0	0	0	0	0	0	0	0	0	0	0	0	0	0	0	0	0	0	0	0
82	A	T	ORF	S	NULL	0	0	0	0	0	0	0	0	0	0	0	0	0	0	0	0	0	0	0	0	0	0	0	0	0	0	0	0	0	0	0	0	0	0	0	0	0	0	0	0	0	0	0	0	0	0	0	0	0	0	0	0	0	0
83	A	T	ORF	S	NULL	0	0	0	0	0	0	0	0	0	0	0	0	0	0	0	0	0	0	0	0	0	0	0	0	0	0	0	0	0	0	0	0	0	0	0	0	0	0	0	0	0	0	0	0	0	0	0	0	0	0	0	0	0	0
84	A	T	ORF	S	NULL	0	0	0	0	0	0	0	0	0	0	0	0	0	0	0	0	0	0	0	0	0	0	0	0	0	0	0	0	0	0	0	0	0	0	0	0	0	0	0	0	0	0	0	0	0	0	0	0	0	0	0	0	0	0
85	A	T	ORF	S	NULL	0	0	0	0	0	0	0	0	0	0	0	0	0	0	0	0	0	0	0	0	0	0	0	0	0	0	0	0	0	0	0	0	0	0	0	0	0	0	0	0	0	0	0	0	0	0	0	0	0	0	0	0	0	0
86	A	T	ORF	S	NULL	0	0	0	0	0	0	0	0	0	0	0	0	0	0	0	0	0	0	0	0	0	0	0	0	0	0	0	0	0	0	0	0	0	0	0	0	0	0	0	0	0	0	0	0	0	0	0	0	0	0	0	0	0	0
87	A	T	ORF	S	NULL	0	0	0	0	0	0	0	0	0	0	0	0	0	0	0	0	0	0	0	0	0	0	0	0	0	0	0	0	0	0	0	0	0	0	0	0	0	0	0	0	0	0	0	0	0	0	0	0	0	0	0	0	0	0
88	A	T	ORF	S	NULL	0	0	0	0	0	0	0	0	0	0	0	0	0	0	0	0	0	0	0	0	0	0	0	0	0	0	0	0	0	0	0	0	0	0	0	0	0	0	0	0	0	0	0	0	0	0	0	0	0	0	0	0	0	0
89	A	T	ORF	S	NULL	0	0	0	0	0	0	0	0	0	0	0	0	0	0	0	0	0	0	0	0	0	0	0	0	0	0	0	0	0	0	0	0	0	0	0	0	0	0	0	0	0	0	0	0	0	0	0	0	0	0	0	0	0	0
90	A	T	ORF	S	NULL	0	0	0	0	0.0001	0.0001	0.274912	0.0001	0.0001	0.000100001	0.0001	0.000100002	0.157907	0.991493	0.0001	0.0001	0.000100001	0.309696	0.147034	0.0001	0.0001	0.262912	0.0001	0.0001	0.0001	0.0001	0.0001	0.0001	0.0001	0.0001	0.0001	0.0001	0.0001	0.0001	0.0001	0.000100001	0.0001	0.000100001	0.187908	0.0001	0.0001	0.0001	0.0001	0.0001	0.0001	0.154923	0.0159007	0.0001	0.000100001	0.145566	0.0001	0.000100001	0.0001	0.0001
91	A	T	ORF	S	NULL	0	0	0	0	0	0	0	0	0	0	0	0	0	0	0	0	0	0	0	0	0	0	0	0	0	0	0	0	0	0	0	0	0	0	0	0	0	0	0	0	0	0	0	0	0	0	0	0	0	0	0	0	0	0
92	A	T	ORF	S	NULL	0	0	0	0	0	0	0	0	0	0	0	0	0	0	0	0	0	0	0	0	0	0	0	0	0	0	0	0	0	0	0	0	0	0	0	0	0	0	0	0	0	0	0	0	0	0	0	0	0	0	0	0	0	0
93	A	T	ORF	S	NULL	0	0	0	0	0	0	0	0	0	0	0	0	0	0	0	0	0	0	0	0	0	0	0	0	0	0	0	0	0	0	0	0	0	0	0	0	0	0	0	0	0	0	0	0	0	0	0	0	0	0	0	0	0	0
94	A	T	ORF	S	NULL	0	0	0	0	0.0001	0.0001	0.274912	0.0001	0.0001	0.000100001	0.0001	0.000100002	0.157907	0.991493	0.0001	0.0001	0.000100001	0.309696	0.147034	0.0001	0.0001	0.262912	0.0001	0.0001	0.0001	0.0001	0.0001	0.0001	0.0001	0.0001	0.0001	0.0001	0.0001	0.0001	0.0001	0.000100001	0.0001	0.000100001	0.187908	0.0001	0.0001	0.0001	0.0001	0.0001	0.0001	0.154923	0.0159007	0.0001	0.000100001	0.145566	0.0001	0.000100001	0.0001	0.0001
95	A	T	ORF	S	NULL	0	0	0	0	0	0	0	0	0	0	0	0	0	0	0	0	0	0	0	0	0	0	0	0	0	0	0	0	0	0	0	0	0	0	0	0	0	0	0	0	0	0	0	0	0	0	0	0	0	0	0	0	0	0
96	A	T	ORF	S	NULL	0	0	0	0	0	0	0	0	0	0	0	0	0	0	0	0	0	0	0	0	0	0	0	0	0	0	0	0	0	0	0	0	0	0	0	0	0	0	0	0	0	0	0	0	0	0	0	0	0	0	0	0	0	0
97	A	T	ORF	S	NULL	0	0	0	0	0	0	0	0	0	0	0	0	0	0	0	0	0	0	0	0	0	0	0	0	0	0	0	0	0	0	0	0	0	0	0	0	0	0	0	0	0	0	0	0	0	0	0	0	0	0	0	0	0	0
98	A	T	ORF	S	NULL	0	0	0	0	0.0002	0.0002	0.0002	0.0002	0.0002	1.00002	0.0002	0.46946	0.278048	0.000696061	0.000239328	0.000200195	0.607999	0.603293	0.265593	0.471056	0.017002	0.000200045	0.000200054	0.000200005	0.000200195	0.369025	0.228009	0.000200195	0.789129	0.000200195	0.0002	0.198162	0.994928	0.30717	0.162022	0.978067	0.999262	0.132009	0.000200021	0.0002	0.960271	0.0002	0.0337158	0.00020013	0.113489	0.145024	0.0002	0.411716	0.685047	0.276912	0.0002	0.462994	0.0118759	0.0118121
99	A	T	ORF	S	NULL	0	0	0	0	0.0001	0.0001	0.0001	0.0001	0.0001	0.0001	0.0001	0.0431698	0.000100019	0.000810421	0.0001	0.0001	0.017094	0.00872411	0.0651135	0.000100036	0.000100002	0.114713	0.0001	0.0001	0.0001	0.0001	0.369149	0.0001	0.000100068	0.0001	0.0001	0.0001	0.000100017	0.0001	0.0001	0.0209025	0.000100047	0.0001	0.0001	0.0001	0.00010005	0.999937	0.0425838	0.0001	0.25293	0.0001	0.0001	0.0554642	0.180509	0.0497272	0.0189192	0.24797	0.0121812	0.591666
100	A	T	ORF	S	NULL	0	0	0	0	0.0001	0.0001	0.0001	0.0001	0.0001	0.99992	0.0001	0.131213	0.000100048	0.000100001	0.000139224	0.0001	0.607899	0.59514	0.120366	0.000100089	0.000100002	0.000100001	0.0001	0.0001	0.0001	0.368925	0.000100035	0.0001	0.000278112	0.0001	0.0001	0.198062	0.652958	0.30707	0.161922	0.977967	0.0930625	0.131909	0.0001	0.0001	0.000100126	0.0001	0.0001	0.0001	0.106108	0.144924	0.0001	0.000100004	0.684947	0.000100011	0.0001	0.453725	0.0001	0.0001
