pos	ref	alt	gene	N/S	AA	nSRAsubclonal	nSRAclonal	nSRA	nConsensus	sample0|Earth	sample1|Earth	sample2|Earth	sample3|Earth	sample4|Earth	sample5|Earth	sample6|Earth	sample7|Earth	sample8|Earth	sample9|Earth	sample10|Earth	sample11|Earth	sample12|Earth	sample13|Earth	sample14|Earth	sample15|Earth	sample16|Earth	sample17|Earth	sample18|Earth	sample19|Earth	sample20|Earth	sample21|Earth	sample22|Earth	sample23|Earth	sample24|Earth	sample25|Earth	sample26|Earth	sample27|Earth	sample28|Earth	sample29|Earth	sample30|Earth	sample31|Earth	sample32|Earth	sample33|Earth	sample34|Earth	sample35|Earth	sample36|Earth	sample37|Earth	sample38|Earth	sample39|Earth	sample40|Earth	sample41|Earth	sample42|Earth	sample43|Earth	sample44|Earth	sample45|Earth	sample46|Earth	sample47|Earth	sample48|Earth	sample49|Earth
1	A	T	ORF	S	NULL	0	0	0	0	0.0001	0.800628	0.0206371	0.477942	0.205917	0.00679566	0.756966	0.0001	0.0670426	0.0285861	0.000100055	0.0751671	0.467453	0.0123203	0.0421015	0.0439888	0.401034	0.999907	0.0001	0.0001	0.0001	0.0001	0.0001	0.0001	0.000100001	0.0001	0.0001	0.0001	0.510945	0.0001	0.258151	0.0520479	0.348699	0.447344	0.0638061	0.0001	0.0001	0.0001	0.0001	0.0179018	0.0001	0.0202436	0.120091	0.0001	0.0001	0.000100367	0.0001	0.0001	0.0001	0.0001
2	A	T	ORF	S	NULL	0	0	0	0	0	0	0	0	0	0	0	0	0	0	0	0	0	0	0	0	0	0	0	0	0	0	0	0	0	0	0	0	0	0	0	0	0	0	0	0	0	0	0	0	0	0	0	0	0	0	0	0	0	0
3	A	T	ORF	S	NULL	0	0	0	0	0	0	0	0	0	0	0	0	0	0	0	0	0	0	0	0	0	0	0	0	0	0	0	0	0	0	0	0	0	0	0	0	0	0	0	0	0	0	0	0	0	0	0	0	0	0	0	0	0	0
4	A	T	ORF	S	NULL	0	0	0	0	0	0	0	0	0	0	0	0	0	0	0	0	0	0	0	0	0	0	0	0	0	0	0	0	0	0	0	0	0	0	0	0	0	0	0	0	0	0	0	0	0	0	0	0	0	0	0	0	0	0
5	A	T	ORF	S	NULL	0	0	0	0	0	0	0	0	0	0	0	0	0	0	0	0	0	0	0	0	0	0	0	0	0	0	0	0	0	0	0	0	0	0	0	0	0	0	0	0	0	0	0	0	0	0	0	0	0	0	0	0	0	0
6	A	T	ORF	S	NULL	0	0	0	0	0	0	0	0	0	0	0	0	0	0	0	0	0	0	0	0	0	0	0	0	0	0	0	0	0	0	0	0	0	0	0	0	0	0	0	0	0	0	0	0	0	0	0	0	0	0	0	0	0	0
7	A	T	ORF	S	NULL	0	0	0	0	0	0	0	0	0	0	0	0	0	0	0	0	0	0	0	0	0	0	0	0	0	0	0	0	0	0	0	0	0	0	0	0	0	0	0	0	0	0	0	0	0	0	0	0	0	0	0	0	0	0
8	A	T	ORF	S	NULL	0	0	0	0	0.053904	0.0001	0.0001	0.0001	0.0001	0.390979	0.0001	0.0001	0.0001	0.0001	0.0001	0.0001	0.197928	0.242314	0.0001	0.0001	0.0001	0.0001	0.0001	0.0001	0.0001	0.00590088	0.0001	0.0001	0.0001	0.0001	0.0001	0.0001	0.428953	0.929033	0.0669082	0.346137	0.174497	0.218426	0.0001	0.0001	0.0001	0.0001	0.0419289	0.0001	0.409951	0.0001	0.0001	0.0001	0.172945	0.0001	0.0001	0.0001	0.0001	0.0001
9	A	T	ORF	S	NULL	0	0	0	0	0	0	0	0	0	0	0	0	0	0	0	0	0	0	0	0	0	0	0	0	0	0	0	0	0	0	0	0	0	0	0	0	0	0	0	0	0	0	0	0	0	0	0	0	0	0	0	0	0	0
10	A	T	ORF	S	NULL	0	0	0	0	0	0	0	0	0	0	0	0	0	0	0	0	0	0	0	0	0	0	0	0	0	0	0	0	0	0	0	0	0	0	0	0	0	0	0	0	0	0	0	0	0	0	0	0	0	0	0	0	0	0
11	A	T	ORF	S	NULL	0	0	0	0	0	0	0	0	0	0	0	0	0	0	0	0	0	0	0	0	0	0	0	0	0	0	0	0	0	0	0	0	0	0	0	0	0	0	0	0	0	0	0	0	0	0	0	0	0	0	0	0	0	0
12	A	T	ORF	S	NULL	0	0	0	0	0.390758	0.0001	0.0001	0.0199172	0.453321	0.0001	0.0660991	0.470116	0.0001	0.0001	0.00602129	0.0001	0.0001	0.0001	0.0001	0.445638	0.0001	0.0001	0.125687	0.0001	0.114777	0.0335758	0.442665	0.158443	0.306326	0.0001	0.049799	0.0001	0.0452023	0.0001	0.0001	0.254535	0.159305	0.00257914	0.0263994	0.0001	0.395611	0.0283366	0.0001	0.0001	0.0001	0.0001	0.0001	0.154708	0.0001	0.0724309	0.0001	0.0001	0.0001	0.0001
13	A	T	ORF	S	NULL	0	0	0	0	0.00010002	0.0041378	0.0047473	0.0001	0.0001	0.580969	0.0001	0.0001	0.3345	0.00798279	0.409934	0.000100075	0.0001	0.00453776	0.0262323	0.0001	0.0001	0.0001	0.43548	0.513943	0.287922	0.0001	0.0001	0.139909	0.279947	0.196915	0.0001	0.0001	0.000100109	0.0001	0.0001	0.0220268	0.0197054	0.000100036	0.64751	0.0001	0.0001	0.0001	0.663975	0.708959	0.000100113	0.0001	0.0386667	0.0001	0.430945	0.0001	0.0001	0.0001	0.0796181	0.0001
14	A	T	ORF	S	NULL	0	0	0	0	0	0	0	0	0	0	0	0	0	0	0	0	0	0	0	0	0	0	0	0	0	0	0	0	0	0	0	0	0	0	0	0	0	0	0	0	0	0	0	0	0	0	0	0	0	0	0	0	0	0
15	A	T	ORF	S	NULL	0	0	0	0	0.0001	0.800628	0.0206371	0.477942	0.205917	0.00679566	0.756966	0.0001	0.0670426	0.0285861	0.000100055	0.0751671	0.467453	0.0123203	0.0421015	0.0439888	0.401034	0.999907	0.0001	0.0001	0.0001	0.0001	0.0001	0.0001	0.000100001	0.0001	0.0001	0.0001	0.510945	0.0001	0.258151	0.0520479	0.348699	0.447344	0.0638061	0.0001	0.0001	0.0001	0.0001	0.0179018	0.0001	0.0202436	0.120091	0.0001	0.0001	0.000100367	0.0001	0.0001	0.0001	0.0001
16	A	T	ORF	S	NULL	0	0	0	0	0	0	0	0	0	0	0	0	0	0	0	0	0	0	0	0	0	0	0	0	0	0	0	0	0	0	0	0	0	0	0	0	0	0	0	0	0	0	0	0	0	0	0	0	0	0	0	0	0	0
17	A	T	ORF	S	NULL	0	0	0	0	0.00010002	0.0041378	0.0047473	0.0001	0.0001	0.580969	0.0001	0.0001	0.3345	0.00798279	0.409934	0.000100075	0.0001	0.00453776	0.0262323	0.0001	0.0001	0.0001	0.43548	0.513943	0.287922	0.0001	0.0001	0.139909	0.279947	0.196915	0.0001	0.0001	0.000100109	0.0001	0.0001	0.0220268	0.0197054	0.000100036	0.64751	0.0001	0.0001	0.0001	0.663975	0.708959	0.000100113	0.0001	0.0386667	0.0001	0.430945	0.0001	0.0001	0.0001	0.0796181	0.0001
18	A	T	ORF	S	NULL	0	0	0	0	0	0	0	0	0	0	0	0	0	0	0	0	0	0	0	0	0	0	0	0	0	0	0	0	0	0	0	0	0	0	0	0	0	0	0	0	0	0	0	0	0	0	0	0	0	0	0	0	0	0
19	A	T	ORF	S	NULL	0	0	0	0	0	0	0	0	0	0	0	0	0	0	0	0	0	0	0	0	0	0	0	0	0	0	0	0	0	0	0	0	0	0	0	0	0	0	0	0	0	0	0	0	0	0	0	0	0	0	0	0	0	0
20	A	T	ORF	S	NULL	0	0	0	0	0	0	0	0	0	0	0	0	0	0	0	0	0	0	0	0	0	0	0	0	0	0	0	0	0	0	0	0	0	0	0	0	0	0	0	0	0	0	0	0	0	0	0	0	0	0	0	0	0	0
21	A	T	ORF	S	NULL	0	0	0	0	0	0	0	0	0	0	0	0	0	0	0	0	0	0	0	0	0	0	0	0	0	0	0	0	0	0	0	0	0	0	0	0	0	0	0	0	0	0	0	0	0	0	0	0	0	0	0	0	0	0
22	A	T	ORF	S	NULL	0	0	0	0	0.0001	0.0001	0.0001	0.00010003	0.000100015	0.0001	0.00010009	0.0001	0.126612	0.645719	0.00350019	0.0001	0.00461402	0.0001	0.252499	0.000901813	0.0110974	0.000100043	0.0001	0.0001	0.0001	0.0001	0.091906	0.0001	0.0001	0.0001	0.0001	0.0001	0.00010002	0.0001	0.00107241	0.0681423	0.000963974	0.00383565	0.0001	0.0001	0.0001	0.94597	0.0001	0.0001	0.577943	0.0001	0.0001	0.0001	0.201912	0.00465053	0.999919	0.581943	0.0001	0.894973
23	A	T	ORF	S	NULL	0	0	0	0	0.00010002	0.0041378	0.0047473	0.0001	0.0001	0.580969	0.0001	0.0001	0.3345	0.00798279	0.409934	0.000100075	0.0001	0.00453776	0.0262323	0.0001	0.0001	0.0001	0.43548	0.513943	0.287922	0.0001	0.0001	0.139909	0.279947	0.196915	0.0001	0.0001	0.000100109	0.0001	0.0001	0.0220268	0.0197054	0.000100036	0.64751	0.0001	0.0001	0.0001	0.663975	0.708959	0.000100113	0.0001	0.0386667	0.0001	0.430945	0.0001	0.0001	0.0001	0.0796181	0.0001
24	A	T	ORF	S	NULL	0	0	0	0	0.0001	0.0001	0.0001	0.470974	0.0001	0.0001	0.0986912	0.105906	0.0001	0.212791	0.00214533	0.0001	0.0001	0.484977	0.0001	0.0001	0.0001	0.0001	0.0001	0.0001	0.464807	0.00971036	0.0001	0.511344	0.20085	0.802001	0.450996	0.0001	0.00246035	0.0001	0.0001	0.0001	0.0543329	0.00225544	0.0001	0.0001	0.131778	0.00483407	0.292935	0.0001	0.0001	0.0001	0.0001	0.618994	0.182923	0.413468	0.0001	0.0001	0.0001	0.103913
25	A	T	ORF	S	NULL	0	0	0	0	0	0	0	0	0	0	0	0	0	0	0	0	0	0	0	0	0	0	0	0	0	0	0	0	0	0	0	0	0	0	0	0	0	0	0	0	0	0	0	0	0	0	0	0	0	0	0	0	0	0
26	A	T	ORF	S	NULL	0	0	0	0	0	0	0	0	0	0	0	0	0	0	0	0	0	0	0	0	0	0	0	0	0	0	0	0	0	0	0	0	0	0	0	0	0	0	0	0	0	0	0	0	0	0	0	0	0	0	0	0	0	0
27	A	T	ORF	S	NULL	0	0	0	0	0	0	0	0	0	0	0	0	0	0	0	0	0	0	0	0	0	0	0	0	0	0	0	0	0	0	0	0	0	0	0	0	0	0	0	0	0	0	0	0	0	0	0	0	0	0	0	0	0	0
28	A	T	ORF	S	NULL	0	0	0	0	0.163673	0.155622	0.902874	0.0001	0.0001	0.0001	0.0001	0.132415	0.227445	0.0001	0.0001	0.0001	0.0001	0.216306	0.0001	0.0001	0.0001	0.0001	0.0001	0.484937	0.0001	0.936596	0.0001	0.0001	0.069365	0.0001	0.42204	0.0001	0.00310174	0.0001	0.0001	0.0001	0.0196577	0.0001	0.181115	0.0001	0.340175	0.00812446	0.0001	0.271921	0.0001	0.908589	0.0001	0.0562392	0.00890049	0.0262995	0.0001	0.416908	0.294926	0.0001
29	A	T	ORF	S	NULL	0	0	0	0	0	0	0	0	0	0	0	0	0	0	0	0	0	0	0	0	0	0	0	0	0	0	0	0	0	0	0	0	0	0	0	0	0	0	0	0	0	0	0	0	0	0	0	0	0	0	0	0	0	0
30	A	T	ORF	S	NULL	0	0	0	0	0.0001	0.0001	0.0001	0.00010003	0.000100015	0.0001	0.00010009	0.0001	0.126612	0.645719	0.00350019	0.0001	0.00461402	0.0001	0.252499	0.000901813	0.0110974	0.000100043	0.0001	0.0001	0.0001	0.0001	0.091906	0.0001	0.0001	0.0001	0.0001	0.0001	0.00010002	0.0001	0.00107241	0.0681423	0.000963974	0.00383565	0.0001	0.0001	0.0001	0.94597	0.0001	0.0001	0.577943	0.0001	0.0001	0.0001	0.201912	0.00465053	0.999919	0.581943	0.0001	0.894973
31	A	T	ORF	S	NULL	0	0	0	0	0.0001	0.0001	0.0001	0.00010003	0.000100015	0.0001	0.00010009	0.0001	0.126612	0.645719	0.00350019	0.0001	0.00461402	0.0001	0.252499	0.000901813	0.0110974	0.000100043	0.0001	0.0001	0.0001	0.0001	0.091906	0.0001	0.0001	0.0001	0.0001	0.0001	0.00010002	0.0001	0.00107241	0.0681423	0.000963974	0.00383565	0.0001	0.0001	0.0001	0.94597	0.0001	0.0001	0.577943	0.0001	0.0001	0.0001	0.201912	0.00465053	0.999919	0.581943	0.0001	0.894973
32	A	T	ORF	S	NULL	0	0	0	0	0.0001	0.0396127	0.0717419	0.0001	0.0001	0.0212567	0.0001	0.0001	0.2444	0.10492	0.492631	0.924833	0.248073	0.0395454	0.653744	0.0520433	0.467265	0.0001	0.275422	0.0001	0.0001	0.0001	0.0590769	0.0001	0.00139871	0.0001	0.0001	0.890903	0.0001	0.0551223	0.594273	0.0001	0.0669135	0.250126	0.0340856	0.790184	0.0001	0.0001	0.0001	0.0001	0.00854786	0.0711677	0.841242	0.0001	0.0001	0.362889	0.0001	0.0001	0.502191	0.0001
33	A	T	ORF	S	NULL	0	0	0	0	0	0	0	0	0	0	0	0	0	0	0	0	0	0	0	0	0	0	0	0	0	0	0	0	0	0	0	0	0	0	0	0	0	0	0	0	0	0	0	0	0	0	0	0	0	0	0	0	0	0
34	A	T	ORF	S	NULL	0	0	0	0	0	0	0	0	0	0	0	0	0	0	0	0	0	0	0	0	0	0	0	0	0	0	0	0	0	0	0	0	0	0	0	0	0	0	0	0	0	0	0	0	0	0	0	0	0	0	0	0	0	0
35	A	T	ORF	S	NULL	0	0	0	0	0	0	0	0	0	0	0	0	0	0	0	0	0	0	0	0	0	0	0	0	0	0	0	0	0	0	0	0	0	0	0	0	0	0	0	0	0	0	0	0	0	0	0	0	0	0	0	0	0	0
36	A	T	ORF	S	NULL	0	0	0	0	0.390758	0.0001	0.0001	0.0199172	0.453321	0.0001	0.0660991	0.470116	0.0001	0.0001	0.00602129	0.0001	0.0001	0.0001	0.0001	0.445638	0.0001	0.0001	0.125687	0.0001	0.114777	0.0335758	0.442665	0.158443	0.306326	0.0001	0.049799	0.0001	0.0452023	0.0001	0.0001	0.254535	0.159305	0.00257914	0.0263994	0.0001	0.395611	0.0283366	0.0001	0.0001	0.0001	0.0001	0.0001	0.154708	0.0001	0.0724309	0.0001	0.0001	0.0001	0.0001
37	A	T	ORF	S	NULL	0	0	0	0	0	0	0	0	0	0	0	0	0	0	0	0	0	0	0	0	0	0	0	0	0	0	0	0	0	0	0	0	0	0	0	0	0	0	0	0	0	0	0	0	0	0	0	0	0	0	0	0	0	0
38	A	T	ORF	S	NULL	0	0	0	0	0	0	0	0	0	0	0	0	0	0	0	0	0	0	0	0	0	0	0	0	0	0	0	0	0	0	0	0	0	0	0	0	0	0	0	0	0	0	0	0	0	0	0	0	0	0	0	0	0	0
39	A	T	ORF	S	NULL	0	0	0	0	0.0001	0.0396127	0.0717419	0.0001	0.0001	0.0212567	0.0001	0.0001	0.2444	0.10492	0.492631	0.924833	0.248073	0.0395454	0.653744	0.0520433	0.467265	0.0001	0.275422	0.0001	0.0001	0.0001	0.0590769	0.0001	0.00139871	0.0001	0.0001	0.890903	0.0001	0.0551223	0.594273	0.0001	0.0669135	0.250126	0.0340856	0.790184	0.0001	0.0001	0.0001	0.0001	0.00854786	0.0711677	0.841242	0.0001	0.0001	0.362889	0.0001	0.0001	0.502191	0.0001
40	A	T	ORF	S	NULL	0	0	0	0	0	0	0	0	0	0	0	0	0	0	0	0	0	0	0	0	0	0	0	0	0	0	0	0	0	0	0	0	0	0	0	0	0	0	0	0	0	0	0	0	0	0	0	0	0	0	0	0	0	0
41	A	T	ORF	S	NULL	0	0	0	0	0.390758	0.0001	0.0001	0.0199172	0.453321	0.0001	0.0660991	0.470116	0.0001	0.0001	0.00602129	0.0001	0.0001	0.0001	0.0001	0.445638	0.0001	0.0001	0.125687	0.0001	0.114777	0.0335758	0.442665	0.158443	0.306326	0.0001	0.049799	0.0001	0.0452023	0.0001	0.0001	0.254535	0.159305	0.00257914	0.0263994	0.0001	0.395611	0.0283366	0.0001	0.0001	0.0001	0.0001	0.0001	0.154708	0.0001	0.0724309	0.0001	0.0001	0.0001	0.0001
42	A	T	ORF	S	NULL	0	0	0	0	0	0	0	0	0	0	0	0	0	0	0	0	0	0	0	0	0	0	0	0	0	0	0	0	0	0	0	0	0	0	0	0	0	0	0	0	0	0	0	0	0	0	0	0	0	0	0	0	0	0
43	A	T	ORF	S	NULL	0	0	0	0	0	0	0	0	0	0	0	0	0	0	0	0	0	0	0	0	0	0	0	0	0	0	0	0	0	0	0	0	0	0	0	0	0	0	0	0	0	0	0	0	0	0	0	0	0	0	0	0	0	0
44	A	T	ORF	S	NULL	0	0	0	0	0.0001	0.800628	0.0206371	0.477942	0.205917	0.00679566	0.756966	0.0001	0.0670426	0.0285861	0.000100055	0.0751671	0.467453	0.0123203	0.0421015	0.0439888	0.401034	0.999907	0.0001	0.0001	0.0001	0.0001	0.0001	0.0001	0.000100001	0.0001	0.0001	0.0001	0.510945	0.0001	0.258151	0.0520479	0.348699	0.447344	0.0638061	0.0001	0.0001	0.0001	0.0001	0.0179018	0.0001	0.0202436	0.120091	0.0001	0.0001	0.000100367	0.0001	0.0001	0.0001	0.0001
45	A	T	ORF	S	NULL	0	0	0	0	0.0001	0.0001	0.0001	0.470974	0.0001	0.0001	0.0986912	0.105906	0.0001	0.212791	0.00214533	0.0001	0.0001	0.484977	0.0001	0.0001	0.0001	0.0001	0.0001	0.0001	0.464807	0.00971036	0.0001	0.511344	0.20085	0.802001	0.450996	0.0001	0.00246035	0.0001	0.0001	0.0001	0.0543329	0.00225544	0.0001	0.0001	0.131778	0.00483407	0.292935	0.0001	0.0001	0.0001	0.0001	0.618994	0.182923	0.413468	0.0001	0.0001	0.0001	0.103913
46	A	T	ORF	S	NULL	0	0	0	0	0.0001	0.0001	0.0001	0.00010003	0.000100015	0.0001	0.00010009	0.0001	0.126612	0.645719	0.00350019	0.0001	0.00461402	0.0001	0.252499	0.000901813	0.0110974	0.000100043	0.0001	0.0001	0.0001	0.0001	0.091906	0.0001	0.0001	0.0001	0.0001	0.0001	0.00010002	0.0001	0.00107241	0.0681423	0.000963974	0.00383565	0.0001	0.0001	0.0001	0.94597	0.0001	0.0001	0.577943	0.0001	0.0001	0.0001	0.201912	0.00465053	0.999919	0.581943	0.0001	0.894973
47	A	T	ORF	S	NULL	0	0	0	0	0	0	0	0	0	0	0	0	0	0	0	0	0	0	0	0	0	0	0	0	0	0	0	0	0	0	0	0	0	0	0	0	0	0	0	0	0	0	0	0	0	0	0	0	0	0	0	0	0	0
48	A	T	ORF	S	NULL	0	0	0	0	0	0	0	0	0	0	0	0	0	0	0	0	0	0	0	0	0	0	0	0	0	0	0	0	0	0	0	0	0	0	0	0	0	0	0	0	0	0	0	0	0	0	0	0	0	0	0	0	0	0
49	A	T	ORF	S	NULL	0	0	0	0	0	0	0	0	0	0	0	0	0	0	0	0	0	0	0	0	0	0	0	0	0	0	0	0	0	0	0	0	0	0	0	0	0	0	0	0	0	0	0	0	0	0	0	0	0	0	0	0	0	0
50	A	T	ORF	S	NULL	0	0	0	0	0	0	0	0	0	0	0	0	0	0	0	0	0	0	0	0	0	0	0	0	0	0	0	0	0	0	0	0	0	0	0	0	0	0	0	0	0	0	0	0	0	0	0	0	0	0	0	0	0	0
51	A	T	ORF	S	NULL	0	0	0	0	0	0	0	0	0	0	0	0	0	0	0	0	0	0	0	0	0	0	0	0	0	0	0	0	0	0	0	0	0	0	0	0	0	0	0	0	0	0	0	0	0	0	0	0	0	0	0	0	0	0
52	A	T	ORF	S	NULL	0	0	0	0	0	0	0	0	0	0	0	0	0	0	0	0	0	0	0	0	0	0	0	0	0	0	0	0	0	0	0	0	0	0	0	0	0	0	0	0	0	0	0	0	0	0	0	0	0	0	0	0	0	0
53	A	T	ORF	S	NULL	0	0	0	0	0	0	0	0	0	0	0	0	0	0	0	0	0	0	0	0	0	0	0	0	0	0	0	0	0	0	0	0	0	0	0	0	0	0	0	0	0	0	0	0	0	0	0	0	0	0	0	0	0	0
54	A	T	ORF	S	NULL	0	0	0	0	0	0	0	0	0	0	0	0	0	0	0	0	0	0	0	0	0	0	0	0	0	0	0	0	0	0	0	0	0	0	0	0	0	0	0	0	0	0	0	0	0	0	0	0	0	0	0	0	0	0
55	A	T	ORF	S	NULL	0	0	0	0	0	0	0	0	0	0	0	0	0	0	0	0	0	0	0	0	0	0	0	0	0	0	0	0	0	0	0	0	0	0	0	0	0	0	0	0	0	0	0	0	0	0	0	0	0	0	0	0	0	0
56	A	T	ORF	S	NULL	0	0	0	0	0	0	0	0	0	0	0	0	0	0	0	0	0	0	0	0	0	0	0	0	0	0	0	0	0	0	0	0	0	0	0	0	0	0	0	0	0	0	0	0	0	0	0	0	0	0	0	0	0	0
57	A	T	ORF	S	NULL	0	0	0	0	0	0	0	0	0	0	0	0	0	0	0	0	0	0	0	0	0	0	0	0	0	0	0	0	0	0	0	0	0	0	0	0	0	0	0	0	0	0	0	0	0	0	0	0	0	0	0	0	0	0
58	A	T	ORF	S	NULL	0	0	0	0	0	0	0	0	0	0	0	0	0	0	0	0	0	0	0	0	0	0	0	0	0	0	0	0	0	0	0	0	0	0	0	0	0	0	0	0	0	0	0	0	0	0	0	0	0	0	0	0	0	0
59	A	T	ORF	S	NULL	0	0	0	0	0	0	0	0	0	0	0	0	0	0	0	0	0	0	0	0	0	0	0	0	0	0	0	0	0	0	0	0	0	0	0	0	0	0	0	0	0	0	0	0	0	0	0	0	0	0	0	0	0	0
60	A	T	ORF	S	NULL	0	0	0	0	0.0001	0.0396127	0.0717419	0.0001	0.0001	0.0212567	0.0001	0.0001	0.2444	0.10492	0.492631	0.924833	0.248073	0.0395454	0.653744	0.0520433	0.467265	0.0001	0.275422	0.0001	0.0001	0.0001	0.0590769	0.0001	0.00139871	0.0001	0.0001	0.890903	0.0001	0.0551223	0.594273	0.0001	0.0669135	0.250126	0.0340856	0.790184	0.0001	0.0001	0.0001	0.0001	0.00854786	0.0711677	0.841242	0.0001	0.0001	0.362889	0.0001	0.0001	0.502191	0.0001
61	A	T	ORF	S	NULL	0	0	0	0	0	0	0	0	0	0	0	0	0	0	0	0	0	0	0	0	0	0	0	0	0	0	0	0	0	0	0	0	0	0	0	0	0	0	0	0	0	0	0	0	0	0	0	0	0	0	0	0	0	0
62	A	T	ORF	S	NULL	0	0	0	0	0	0	0	0	0	0	0	0	0	0	0	0	0	0	0	0	0	0	0	0	0	0	0	0	0	0	0	0	0	0	0	0	0	0	0	0	0	0	0	0	0	0	0	0	0	0	0	0	0	0
63	A	T	ORF	S	NULL	0	0	0	0	0	0	0	0	0	0	0	0	0	0	0	0	0	0	0	0	0	0	0	0	0	0	0	0	0	0	0	0	0	0	0	0	0	0	0	0	0	0	0	0	0	0	0	0	0	0	0	0	0	0
64	A	T	ORF	S	NULL	0	0	0	0	0.053904	0.0001	0.0001	0.0001	0.0001	0.390979	0.0001	0.0001	0.0001	0.0001	0.0001	0.0001	0.197928	0.242314	0.0001	0.0001	0.0001	0.0001	0.0001	0.0001	0.0001	0.00590088	0.0001	0.0001	0.0001	0.0001	0.0001	0.0001	0.428953	0.929033	0.0669082	0.346137	0.174497	0.218426	0.0001	0.0001	0.0001	0.0001	0.0419289	0.0001	0.409951	0.0001	0.0001	0.0001	0.172945	0.0001	0.0001	0.0001	0.0001	0.0001
65	A	T	ORF	S	NULL	0	0	0	0	0.0001	0.800628	0.0206371	0.477942	0.205917	0.00679566	0.756966	0.0001	0.0670426	0.0285861	0.000100055	0.0751671	0.467453	0.0123203	0.0421015	0.0439888	0.401034	0.999907	0.0001	0.0001	0.0001	0.0001	0.0001	0.0001	0.000100001	0.0001	0.0001	0.0001	0.510945	0.0001	0.258151	0.0520479	0.348699	0.447344	0.0638061	0.0001	0.0001	0.0001	0.0001	0.0179018	0.0001	0.0202436	0.120091	0.0001	0.0001	0.000100367	0.0001	0.0001	0.0001	0.0001
66	A	T	ORF	S	NULL	0	0	0	0	0.0002	0.800728	0.0207371	0.478042	0.206017	0.00689566	0.757066	0.0002	0.193655	0.674305	0.00360025	0.0752671	0.472067	0.0124203	0.294601	0.0448907	0.412131	1.00001	0.0002	0.0002	0.0002	0.0002	0.092006	0.0002	0.000200001	0.0002	0.0002	0.0002	0.511045	0.0002	0.259223	0.12019	0.349663	0.45118	0.0639061	0.0002	0.0002	0.94607	0.0002	0.0180018	0.578043	0.0203436	0.120191	0.0002	0.202012	0.0047509	1.00002	0.582043	0.0002	0.895073
67	A	T	ORF	S	NULL	0	0	0	0	0	0	0	0	0	0	0	0	0	0	0	0	0	0	0	0	0	0	0	0	0	0	0	0	0	0	0	0	0	0	0	0	0	0	0	0	0	0	0	0	0	0	0	0	0	0	0	0	0	0
68	A	T	ORF	S	NULL	0	0	0	0	0.163673	0.155622	0.902874	0.0001	0.0001	0.0001	0.0001	0.132415	0.227445	0.0001	0.0001	0.0001	0.0001	0.216306	0.0001	0.0001	0.0001	0.0001	0.0001	0.484937	0.0001	0.936596	0.0001	0.0001	0.069365	0.0001	0.42204	0.0001	0.00310174	0.0001	0.0001	0.0001	0.0196577	0.0001	0.181115	0.0001	0.340175	0.00812446	0.0001	0.271921	0.0001	0.908589	0.0001	0.0562392	0.00890049	0.0262995	0.0001	0.416908	0.294926	0.0001
69	A	T	ORF	S	NULL	0	0	0	0	0	0	0	0	0	0	0	0	0	0	0	0	0	0	0	0	0	0	0	0	0	0	0	0	0	0	0	0	0	0	0	0	0	0	0	0	0	0	0	0	0	0	0	0	0	0	0	0	0	0
70	A	T	ORF	S	NULL	0	0	0	0	0	0	0	0	0	0	0	0	0	0	0	0	0	0	0	0	0	0	0	0	0	0	0	0	0	0	0	0	0	0	0	0	0	0	0	0	0	0	0	0	0	0	0	0	0	0	0	0	0	0
71	A	T	ORF	S	NULL	0	0	0	0	0.390758	0.0001	0.0001	0.0199172	0.453321	0.0001	0.0660991	0.470116	0.0001	0.0001	0.00602129	0.0001	0.0001	0.0001	0.0001	0.445638	0.0001	0.0001	0.125687	0.0001	0.114777	0.0335758	0.442665	0.158443	0.306326	0.0001	0.049799	0.0001	0.0452023	0.0001	0.0001	0.254535	0.159305	0.00257914	0.0263994	0.0001	0.395611	0.0283366	0.0001	0.0001	0.0001	0.0001	0.0001	0.154708	0.0001	0.0724309	0.0001	0.0001	0.0001	0.0001
72	A	T	ORF	S	NULL	0	0	0	0	0	0	0	0	0	0	0	0	0	0	0	0	0	0	0	0	0	0	0	0	0	0	0	0	0	0	0	0	0	0	0	0	0	0	0	0	0	0	0	0	0	0	0	0	0	0	0	0	0	0
73	A	T	ORF	S	NULL	0	0	0	0	0	0	0	0	0	0	0	0	0	0	0	0	0	0	0	0	0	0	0	0	0	0	0	0	0	0	0	0	0	0	0	0	0	0	0	0	0	0	0	0	0	0	0	0	0	0	0	0	0	0
74	A	T	ORF	S	NULL	0	0	0	0	0	0	0	0	0	0	0	0	0	0	0	0	0	0	0	0	0	0	0	0	0	0	0	0	0	0	0	0	0	0	0	0	0	0	0	0	0	0	0	0	0	0	0	0	0	0	0	0	0	0
75	A	T	ORF	S	NULL	0	0	0	0	0	0	0	0	0	0	0	0	0	0	0	0	0	0	0	0	0	0	0	0	0	0	0	0	0	0	0	0	0	0	0	0	0	0	0	0	0	0	0	0	0	0	0	0	0	0	0	0	0	0
76	A	T	ORF	S	NULL	0	0	0	0	0.294024	0.15986	0.907721	0.0003	0.0003	0.581169	0.0003	0.132615	0.562045	0.00818279	0.410134	0.000300075	0.0003	0.220944	0.0264323	0.0003	0.0003	0.0003	0.456056	0.999997	0.288122	0.936796	0.0003	0.140109	0.349412	0.197115	0.447062	0.0003	0.00330185	0.0003	0.0003	0.0222268	0.0394631	0.00610044	0.833011	0.0003	0.454246	0.00832446	0.664175	0.981483	0.000300113	0.908789	0.0388667	0.0564392	0.439962	0.0264995	0.0003	0.417589	0.411956	0.0003
77	A	T	ORF	S	NULL	0	0	0	0	0.0001	0.800628	0.0206371	0.477942	0.205917	0.00679566	0.756966	0.0001	0.0670426	0.0285861	0.000100055	0.0751671	0.467453	0.0123203	0.0421015	0.0439888	0.401034	0.999907	0.0001	0.0001	0.0001	0.0001	0.0001	0.0001	0.000100001	0.0001	0.0001	0.0001	0.510945	0.0001	0.258151	0.0520479	0.348699	0.447344	0.0638061	0.0001	0.0001	0.0001	0.0001	0.0179018	0.0001	0.0202436	0.120091	0.0001	0.0001	0.000100367	0.0001	0.0001	0.0001	0.0001
78	A	T	ORF	S	NULL	0	0	0	0	0.390858	0.0002	0.0002	0.490891	0.453421	0.0002	0.16479	0.576022	0.0002	0.212891	0.00816662	0.0002	0.0002	0.485077	0.0002	0.445738	0.0002	0.0002	0.125787	0.0002	0.579584	0.0432862	0.442765	0.669787	0.507177	0.802101	0.500795	0.0002	0.0476627	0.0002	0.0002	0.254635	0.213638	0.00483458	0.0264994	0.0002	0.527389	0.0331707	0.293035	0.0002	0.0002	0.0002	0.0002	0.773703	0.183023	0.485899	0.0002	0.0002	0.0002	0.104013
79	A	T	ORF	S	NULL	0	0	0	0	0.053904	0.0001	0.0001	0.0001	0.0001	0.390979	0.0001	0.0001	0.0001	0.0001	0.0001	0.0001	0.197928	0.242314	0.0001	0.0001	0.0001	0.0001	0.0001	0.0001	0.0001	0.00590088	0.0001	0.0001	0.0001	0.0001	0.0001	0.0001	0.428953	0.929033	0.0669082	0.346137	0.174497	0.218426	0.0001	0.0001	0.0001	0.0001	0.0419289	0.0001	0.409951	0.0001	0.0001	0.0001	0.172945	0.0001	0.0001	0.0001	0.0001	0.0001
80	A	T	ORF	S	NULL	0	0	0	0	0	0	0	0	0	0	0	0	0	0	0	0	0	0	0	0	0	0	0	0	0	0	0	0	0	0	0	0	0	0	0	0	0	0	0	0	0	0	0	0	0	0	0	0	0	0	0	0	0	0
81	A	T	ORF	S	NULL	0	0	0	0	0	0	0	0	0	0	0	0	0	0	0	0	0	0	0	0	0	0	0	0	0	0	0	0	0	0	0	0	0	0	0	0	0	0	0	0	0	0	0	0	0	0	0	0	0	0	0	0	0	0
82	A	T	ORF	S	NULL	0	0	0	0	0	0	0	0	0	0	0	0	0	0	0	0	0	0	0	0	0	0	0	0	0	0	0	0	0	0	0	0	0	0	0	0	0	0	0	0	0	0	0	0	0	0	0	0	0	0	0	0	0	0
83	A	T	ORF	S	NULL	0	0	0	0	0	0	0	0	0	0	0	0	0	0	0	0	0	0	0	0	0	0	0	0	0	0	0	0	0	0	0	0	0	0	0	0	0	0	0	0	0	0	0	0	0	0	0	0	0	0	0	0	0	0
84	A	T	ORF	S	NULL	0	0	0	0	0.00010002	0.0041378	0.0047473	0.0001	0.0001	0.580969	0.0001	0.0001	0.3345	0.00798279	0.409934	0.000100075	0.0001	0.00453776	0.0262323	0.0001	0.0001	0.0001	0.43548	0.513943	0.287922	0.0001	0.0001	0.139909	0.279947	0.196915	0.0001	0.0001	0.000100109	0.0001	0.0001	0.0220268	0.0197054	0.000100036	0.64751	0.0001	0.0001	0.0001	0.663975	0.708959	0.000100113	0.0001	0.0386667	0.0001	0.430945	0.0001	0.0001	0.0001	0.0796181	0.0001
85	A	T	ORF	S	NULL	0	0	0	0	0	0	0	0	0	0	0	0	0	0	0	0	0	0	0	0	0	0	0	0	0	0	0	0	0	0	0	0	0	0	0	0	0	0	0	0	0	0	0	0	0	0	0	0	0	0	0	0	0	0
86	A	T	ORF	S	NULL	0	0	0	0	0	0	0	0	0	0	0	0	0	0	0	0	0	0	0	0	0	0	0	0	0	0	0	0	0	0	0	0	0	0	0	0	0	0	0	0	0	0	0	0	0	0	0	0	0	0	0	0	0	0
87	A	T	ORF	S	NULL	0	0	0	0	0.053904	0.0001	0.0001	0.0001	0.0001	0.390979	0.0001	0.0001	0.0001	0.0001	0.0001	0.0001	0.197928	0.242314	0.0001	0.0001	0.0001	0.0001	0.0001	0.0001	0.0001	0.00590088	0.0001	0.0001	0.0001	0.0001	0.0001	0.0001	0.428953	0.929033	0.0669082	0.346137	0.174497	0.218426	0.0001	0.0001	0.0001	0.0001	0.0419289	0.0001	0.409951	0.0001	0.0001	0.0001	0.172945	0.0001	0.0001	0.0001	0.0001	0.0001
88	A	T	ORF	S	NULL	0	0	0	0	0	0	0	0	0	0	0	0	0	0	0	0	0	0	0	0	0	0	0	0	0	0	0	0	0	0	0	0	0	0	0	0	0	0	0	0	0	0	0	0	0	0	0	0	0	0	0	0	0	0
89	A	T	ORF	S	NULL	0	0	0	0	0.554431	0.155722	0.902974	0.0200172	0.453421	0.0002	0.0661991	0.602531	0.227545	0.0002	0.00612129	0.0002	0.0002	0.216406	0.0002	0.445738	0.0002	0.0002	0.125787	0.485037	0.114877	0.970172	0.442765	0.158543	0.375691	0.0002	0.471839	0.0002	0.0483041	0.0002	0.0002	0.254635	0.178963	0.00267914	0.207514	0.0002	0.735786	0.036461	0.0002	0.272021	0.0002	0.908689	0.0002	0.210948	0.00900049	0.0987304	0.0002	0.417008	0.295026	0.0002
90	A	T	ORF	S	NULL	0	0	0	0	0.0540041	0.0042378	0.0048473	0.0002	0.0002	0.971948	0.0002	0.0002	0.3346	0.00808279	0.410034	0.000200075	0.198028	0.246852	0.0263323	0.0002	0.0002	0.0002	0.43558	0.514043	0.288022	0.00600088	0.0002	0.140009	0.280047	0.197015	0.0002	0.0002	0.429054	0.929133	0.0670082	0.368164	0.194202	0.218526	0.64761	0.0002	0.0002	0.0002	0.705904	0.709059	0.410051	0.0002	0.0387667	0.0002	0.60389	0.0002	0.0002	0.0002	0.0797181	0.0002
91	A	T	ORF	S	NULL	0	0	0	0	0.00010002	0.0041378	0.0047473	0.0001	0.0001	0.580969	0.0001	0.0001	0.3345	0.00798279	0.409934	0.000100075	0.0001	0.00453776	0.0262323	0.0001	0.0001	0.0001	0.43548	0.513943	0.287922	0.0001	0.0001	0.139909	0.279947	0.196915	0.0001	0.0001	0.000100109	0.0001	0.0001	0.0220268	0.0197054	0.000100036	0.64751	0.0001	0.0001	0.0001	0.663975	0.708959	0.000100113	0.0001	0.0386667	0.0001	0.430945	0.0001	0.0001	0.0001	0.0796181	0.0001
92	A	T	ORF	S	NULL	0	0	0	0	0.390758	0.0001	0.0001	0.0199172	0.453321	0.0001	0.0660991	0.470116	0.0001	0.0001	0.00602129	0.0001	0.0001	0.0001	0.0001	0.445638	0.0001	0.0001	0.125687	0.0001	0.114777	0.0335758	0.442665	0.158443	0.306326	0.0001	0.049799	0.0001	0.0452023	0.0001	0.0001	0.254535	0.159305	0.00257914	0.0263994	0.0001	0.395611	0.0283366	0.0001	0.0001	0.0001	0.0001	0.0001	0.154708	0.0001	0.0724309	0.0001	0.0001	0.0001	0.0001
93	A	T	ORF	S	NULL	0	0	0	0	0	0	0	0	0	0	0	0	0	0	0	0	0	0	0	0	0	0	0	0	0	0	0	0	0	0	0	0	0	0	0	0	0	0	0	0	0	0	0	0	0	0	0	0	0	0	0	0	0	0
94	A	T	ORF	S	NULL	0	0	0	0	0	0	0	0	0	0	0	0	0	0	0	0	0	0	0	0	0	0	0	0	0	0	0	0	0	0	0	0	0	0	0	0	0	0	0	0	0	0	0	0	0	0	0	0	0	0	0	0	0	0
95	A	T	ORF	S	NULL	0	0	0	0	0.0001	0.0001	0.0001	0.470974	0.0001	0.0001	0.0986912	0.105906	0.0001	0.212791	0.00214533	0.0001	0.0001	0.484977	0.0001	0.0001	0.0001	0.0001	0.0001	0.0001	0.464807	0.00971036	0.0001	0.511344	0.20085	0.802001	0.450996	0.0001	0.00246035	0.0001	0.0001	0.0001	0.0543329	0.00225544	0.0001	0.0001	0.131778	0.00483407	0.292935	0.0001	0.0001	0.0001	0.0001	0.618994	0.182923	0.413468	0.0001	0.0001	0.0001	0.103913
96	A	T	ORF	S	NULL	0	0	0	0	0.390758	0.0001	0.0001	0.0199172	0.453321	0.0001	0.0660991	0.470116	0.0001	0.0001	0.00602129	0.0001	0.0001	0.0001	0.0001	0.445638	0.0001	0.0001	0.125687	0.0001	0.114777	0.0335758	0.442665	0.158443	0.306326	0.0001	0.049799	0.0001	0.0452023	0.0001	0.0001	0.254535	0.159305	0.00257914	0.0263994	0.0001	0.395611	0.0283366	0.0001	0.0001	0.0001	0.0001	0.0001	0.154708	0.0001	0.0724309	0.0001	0.0001	0.0001	0.0001
97	A	T	ORF	S	NULL	0	0	0	0	0	0	0	0	0	0	0	0	0	0	0	0	0	0	0	0	0	0	0	0	0	0	0	0	0	0	0	0	0	0	0	0	0	0	0	0	0	0	0	0	0	0	0	0	0	0	0	0	0	0
98	A	T	ORF	S	NULL	0	0	0	0	0.0001	0.0001	0.0001	0.470974	0.0001	0.0001	0.0986912	0.105906	0.0001	0.212791	0.00214533	0.0001	0.0001	0.484977	0.0001	0.0001	0.0001	0.0001	0.0001	0.0001	0.464807	0.00971036	0.0001	0.511344	0.20085	0.802001	0.450996	0.0001	0.00246035	0.0001	0.0001	0.0001	0.0543329	0.00225544	0.0001	0.0001	0.131778	0.00483407	0.292935	0.0001	0.0001	0.0001	0.0001	0.618994	0.182923	0.413468	0.0001	0.0001	0.0001	0.103913
99	A	T	ORF	S	NULL	0	0	0	0	0	0	0	0	0	0	0	0	0	0	0	0	0	0	0	0	0	0	0	0	0	0	0	0	0	0	0	0	0	0	0	0	0	0	0	0	0	0	0	0	0	0	0	0	0	0	0	0	0	0
100	A	T	ORF	S	NULL	0	0	0	0	0	0	0	0	0	0	0	0	0	0	0	0	0	0	0	0	0	0	0	0	0	0	0	0	0	0	0	0	0	0	0	0	0	0	0	0	0	0	0	0	0	0	0	0	0	0	0	0	0	0
