pos	ref	alt	gene	N/S	AA	nSRAsubclonal	nSRAclonal	nSRA	nConsensus	sample0|Earth	sample1|Earth	sample2|Earth	sample3|Earth	sample4|Earth	sample5|Earth	sample6|Earth	sample7|Earth	sample8|Earth	sample9|Earth	sample10|Earth	sample11|Earth	sample12|Earth	sample13|Earth	sample14|Earth	sample15|Earth	sample16|Earth	sample17|Earth	sample18|Earth	sample19|Earth	sample20|Earth	sample21|Earth	sample22|Earth	sample23|Earth	sample24|Earth	sample25|Earth	sample26|Earth	sample27|Earth	sample28|Earth	sample29|Earth	sample30|Earth	sample31|Earth	sample32|Earth	sample33|Earth	sample34|Earth	sample35|Earth	sample36|Earth	sample37|Earth	sample38|Earth	sample39|Earth	sample40|Earth	sample41|Earth	sample42|Earth	sample43|Earth	sample44|Earth	sample45|Earth	sample46|Earth	sample47|Earth	sample48|Earth	sample49|Earth
1	A	T	ORF	S	NULL	0	0	0	0	0.0001	0.00010164	0.0001	0.0702407	0.000230787	0.139106	0.462275	0.146245	0.0001	0.0001	0.690157	0.000229794	0.000233193	0.0001	0.244115	0.000230091	0.273257	0.187113	0.000100001	0.00010129	0.141243	0.000100013	0.000231917	0.605151	0.026095	0.379267	0.000230722	0.291118	0.000100001	0.000100742	0.000101622	0.000100001	0.000100001	0.273259	0.0001	0.30926	0.000100001	0.000101993	0.100379	0.000100008	0.488138	0.000100001	0.0001	0.0640964	0.491279	0.50628	0.000100475	0.273256	0.000100686	0.0001
2	A	T	ORF	S	NULL	0	0	0	0	0	0	0	0	0	0	0	0	0	0	0	0	0	0	0	0	0	0	0	0	0	0	0	0	0	0	0	0	0	0	0	0	0	0	0	0	0	0	0	0	0	0	0	0	0	0	0	0	0	0
3	A	T	ORF	S	NULL	0	0	0	0	0	0	0	0	0	0	0	0	0	0	0	0	0	0	0	0	0	0	0	0	0	0	0	0	0	0	0	0	0	0	0	0	0	0	0	0	0	0	0	0	0	0	0	0	0	0	0	0	0	0
4	A	T	ORF	S	NULL	0	0	0	0	0	0	0	0	0	0	0	0	0	0	0	0	0	0	0	0	0	0	0	0	0	0	0	0	0	0	0	0	0	0	0	0	0	0	0	0	0	0	0	0	0	0	0	0	0	0	0	0	0	0
5	A	T	ORF	S	NULL	0	0	0	0	0	0	0	0	0	0	0	0	0	0	0	0	0	0	0	0	0	0	0	0	0	0	0	0	0	0	0	0	0	0	0	0	0	0	0	0	0	0	0	0	0	0	0	0	0	0	0	0	0	0
6	A	T	ORF	S	NULL	0	0	0	0	0	0	0	0	0	0	0	0	0	0	0	0	0	0	0	0	0	0	0	0	0	0	0	0	0	0	0	0	0	0	0	0	0	0	0	0	0	0	0	0	0	0	0	0	0	0	0	0	0	0
7	A	T	ORF	S	NULL	0	0	0	0	0	0	0	0	0	0	0	0	0	0	0	0	0	0	0	0	0	0	0	0	0	0	0	0	0	0	0	0	0	0	0	0	0	0	0	0	0	0	0	0	0	0	0	0	0	0	0	0	0	0
8	A	T	ORF	S	NULL	0	0	0	0	0.0001	0.000131733	0.0001	0.0303051	0.406349	0.0631399	0.000299314	0.123314	0.999993	0.999993	0.000133139	0.0713045	0.191324	0.999993	0.00013223	0.850406	0.030302	0.000135427	0.000100002	0.000131068	0.000296448	0.728223	0.0733073	0.000135542	0.0111326	0.311339	0.00029658	0.708222	0.410181	0.000132225	0.000132353	0.000100002	0.000128995	0.000301333	0.0001	0.000298727	0.000100002	0.0691424	0.0614713	0.0641366	0.511198	0.000100002	0.999993	0.93525	0.0643091	0.000301078	0.45219	0.515364	0.0571369	0.0001
9	A	T	ORF	S	NULL	0	0	0	0	0	0	0	0	0	0	0	0	0	0	0	0	0	0	0	0	0	0	0	0	0	0	0	0	0	0	0	0	0	0	0	0	0	0	0	0	0	0	0	0	0	0	0	0	0	0	0	0	0	0
10	A	T	ORF	S	NULL	0	0	0	0	0	0	0	0	0	0	0	0	0	0	0	0	0	0	0	0	0	0	0	0	0	0	0	0	0	0	0	0	0	0	0	0	0	0	0	0	0	0	0	0	0	0	0	0	0	0	0	0	0	0
11	A	T	ORF	S	NULL	0	0	0	0	0	0	0	0	0	0	0	0	0	0	0	0	0	0	0	0	0	0	0	0	0	0	0	0	0	0	0	0	0	0	0	0	0	0	0	0	0	0	0	0	0	0	0	0	0	0	0	0	0	0
12	A	T	ORF	S	NULL	0	0	0	0	0.999966	0.0491931	0.999966	0.898484	0.114406	0.184206	0.0984079	0.349429	0.0001	0.0001	0.000190455	0.000394137	0.643458	0.0001	0.000189237	0.0614001	0.0824051	0.812268	0.000100002	0.000187916	0.0213972	0.000186092	0.147411	0.376228	0.000189279	0.161413	0.0594009	0.000187882	0.000184327	0.618246	0.22321	0.000100002	0.000185322	0.660462	0.0001	0.000398218	0.000100002	0.870272	0.121615	0.171201	0.000189455	0.000100002	0.0001	0.000186067	0.393437	0.354434	0.45023	0.000396745	0.000187086	0.999966
13	A	T	ORF	S	NULL	0	0	0	0	0	0	0	0	0	0	0	0	0	0	0	0	0	0	0	0	0	0	0	0	0	0	0	0	0	0	0	0	0	0	0	0	0	0	0	0	0	0	0	0	0	0	0	0	0	0	0	0	0	0
14	A	T	ORF	S	NULL	0	0	0	0	0	0	0	0	0	0	0	0	0	0	0	0	0	0	0	0	0	0	0	0	0	0	0	0	0	0	0	0	0	0	0	0	0	0	0	0	0	0	0	0	0	0	0	0	0	0	0	0	0	0
15	A	T	ORF	S	NULL	0	0	0	0	0.0001	0.00010164	0.0001	0.0702407	0.000230787	0.139106	0.462275	0.146245	0.0001	0.0001	0.690157	0.000229794	0.000233193	0.0001	0.244115	0.000230091	0.273257	0.187113	0.000100001	0.00010129	0.141243	0.000100013	0.000231917	0.605151	0.026095	0.379267	0.000230722	0.291118	0.000100001	0.000100742	0.000101622	0.000100001	0.000100001	0.273259	0.0001	0.30926	0.000100001	0.000101993	0.100379	0.000100008	0.488138	0.000100001	0.0001	0.0640964	0.491279	0.50628	0.000100475	0.273256	0.000100686	0.0001
16	A	T	ORF	S	NULL	0	0	0	0	0	0	0	0	0	0	0	0	0	0	0	0	0	0	0	0	0	0	0	0	0	0	0	0	0	0	0	0	0	0	0	0	0	0	0	0	0	0	0	0	0	0	0	0	0	0	0	0	0	0
17	A	T	ORF	S	NULL	0	0	0	0	0	0	0	0	0	0	0	0	0	0	0	0	0	0	0	0	0	0	0	0	0	0	0	0	0	0	0	0	0	0	0	0	0	0	0	0	0	0	0	0	0	0	0	0	0	0	0	0	0	0
18	A	T	ORF	S	NULL	0	0	0	0	0	0	0	0	0	0	0	0	0	0	0	0	0	0	0	0	0	0	0	0	0	0	0	0	0	0	0	0	0	0	0	0	0	0	0	0	0	0	0	0	0	0	0	0	0	0	0	0	0	0
19	A	T	ORF	S	NULL	0	0	0	0	0	0	0	0	0	0	0	0	0	0	0	0	0	0	0	0	0	0	0	0	0	0	0	0	0	0	0	0	0	0	0	0	0	0	0	0	0	0	0	0	0	0	0	0	0	0	0	0	0	0
20	A	T	ORF	S	NULL	0	0	0	0	0	0	0	0	0	0	0	0	0	0	0	0	0	0	0	0	0	0	0	0	0	0	0	0	0	0	0	0	0	0	0	0	0	0	0	0	0	0	0	0	0	0	0	0	0	0	0	0	0	0
21	A	T	ORF	S	NULL	0	0	0	0	0	0	0	0	0	0	0	0	0	0	0	0	0	0	0	0	0	0	0	0	0	0	0	0	0	0	0	0	0	0	0	0	0	0	0	0	0	0	0	0	0	0	0	0	0	0	0	0	0	0
22	A	T	ORF	S	NULL	0	0	0	0	0	0	0	0	0	0	0	0	0	0	0	0	0	0	0	0	0	0	0	0	0	0	0	0	0	0	0	0	0	0	0	0	0	0	0	0	0	0	0	0	0	0	0	0	0	0	0	0	0	0
23	A	T	ORF	S	NULL	0	0	0	0	0	0	0	0	0	0	0	0	0	0	0	0	0	0	0	0	0	0	0	0	0	0	0	0	0	0	0	0	0	0	0	0	0	0	0	0	0	0	0	0	0	0	0	0	0	0	0	0	0	0
24	A	T	ORF	S	NULL	0	0	0	0	0	0	0	0	0	0	0	0	0	0	0	0	0	0	0	0	0	0	0	0	0	0	0	0	0	0	0	0	0	0	0	0	0	0	0	0	0	0	0	0	0	0	0	0	0	0	0	0	0	0
25	A	T	ORF	S	NULL	0	0	0	0	0	0	0	0	0	0	0	0	0	0	0	0	0	0	0	0	0	0	0	0	0	0	0	0	0	0	0	0	0	0	0	0	0	0	0	0	0	0	0	0	0	0	0	0	0	0	0	0	0	0
26	A	T	ORF	S	NULL	0	0	0	0	0	0	0	0	0	0	0	0	0	0	0	0	0	0	0	0	0	0	0	0	0	0	0	0	0	0	0	0	0	0	0	0	0	0	0	0	0	0	0	0	0	0	0	0	0	0	0	0	0	0
27	A	T	ORF	S	NULL	0	0	0	0	0	0	0	0	0	0	0	0	0	0	0	0	0	0	0	0	0	0	0	0	0	0	0	0	0	0	0	0	0	0	0	0	0	0	0	0	0	0	0	0	0	0	0	0	0	0	0	0	0	0
28	A	T	ORF	S	NULL	0	0	0	0	0	0	0	0	0	0	0	0	0	0	0	0	0	0	0	0	0	0	0	0	0	0	0	0	0	0	0	0	0	0	0	0	0	0	0	0	0	0	0	0	0	0	0	0	0	0	0	0	0	0
29	A	T	ORF	S	NULL	0	0	0	0	0	0	0	0	0	0	0	0	0	0	0	0	0	0	0	0	0	0	0	0	0	0	0	0	0	0	0	0	0	0	0	0	0	0	0	0	0	0	0	0	0	0	0	0	0	0	0	0	0	0
30	A	T	ORF	S	NULL	0	0	0	0	0	0	0	0	0	0	0	0	0	0	0	0	0	0	0	0	0	0	0	0	0	0	0	0	0	0	0	0	0	0	0	0	0	0	0	0	0	0	0	0	0	0	0	0	0	0	0	0	0	0
31	A	T	ORF	S	NULL	0	0	0	0	0	0	0	0	0	0	0	0	0	0	0	0	0	0	0	0	0	0	0	0	0	0	0	0	0	0	0	0	0	0	0	0	0	0	0	0	0	0	0	0	0	0	0	0	0	0	0	0	0	0
32	A	T	ORF	S	NULL	0	0	0	0	0.0001	0.000284874	0.0001	0.000568726	0.158582	0.118302	0.18559	0.380615	0.0001	0.0001	0.309329	0.59364	0.0545729	0.0001	0.166308	0.000559372	0.244597	0.000290971	0.999996	0.1163	0.557636	0.000281289	0.0835743	0.000290891	0.000285366	0.147584	0.401615	0.000283606	0.589359	0.381338	0.000285905	0.999996	0.652369	0.000568637	0.0001	0.0985776	0.999996	0.0602973	0.464902	0.764385	0.000285717	0.999996	0.0001	0.000281177	0.0135698	0.000568216	0.0972978	0.00056233	0.297323	0.0001
33	A	T	ORF	S	NULL	0	0	0	0	0	0	0	0	0	0	0	0	0	0	0	0	0	0	0	0	0	0	0	0	0	0	0	0	0	0	0	0	0	0	0	0	0	0	0	0	0	0	0	0	0	0	0	0	0	0	0	0	0	0
34	A	T	ORF	S	NULL	0	0	0	0	0	0	0	0	0	0	0	0	0	0	0	0	0	0	0	0	0	0	0	0	0	0	0	0	0	0	0	0	0	0	0	0	0	0	0	0	0	0	0	0	0	0	0	0	0	0	0	0	0	0
35	A	T	ORF	S	NULL	0	0	0	0	0	0	0	0	0	0	0	0	0	0	0	0	0	0	0	0	0	0	0	0	0	0	0	0	0	0	0	0	0	0	0	0	0	0	0	0	0	0	0	0	0	0	0	0	0	0	0	0	0	0
36	A	T	ORF	S	NULL	0	0	0	0	0.0001	0.950296	0.0001	0.00040156	0.320432	0.495246	0.253427	0.000397303	0.0001	0.0001	0.000190465	0.334432	0.110412	0.0001	0.589256	0.0874043	0.369439	0.000193365	0.000100002	0.883288	0.279427	0.271217	0.695476	0.0181952	0.962298	0.000397975	0.538456	0.000187892	0.000184337	0.000189407	0.776277	0.000100002	0.347224	0.0654088	0.999982	0.591465	0.000100002	0.000192059	0.251633	0.000185572	0.000189465	0.000100002	0.0001	0.000186077	0.0374052	0.138417	0.00018865	0.21042	0.64526	0.0001
37	A	T	ORF	S	NULL	0	0	0	0	0	0	0	0	0	0	0	0	0	0	0	0	0	0	0	0	0	0	0	0	0	0	0	0	0	0	0	0	0	0	0	0	0	0	0	0	0	0	0	0	0	0	0	0	0	0	0	0	0	0
38	A	T	ORF	S	NULL	0	0	0	0	0	0	0	0	0	0	0	0	0	0	0	0	0	0	0	0	0	0	0	0	0	0	0	0	0	0	0	0	0	0	0	0	0	0	0	0	0	0	0	0	0	0	0	0	0	0	0	0	0	0
39	A	T	ORF	S	NULL	0	0	0	0	0.0001	0.000284874	0.0001	0.000568726	0.158582	0.118302	0.18559	0.380615	0.0001	0.0001	0.309329	0.59364	0.0545729	0.0001	0.166308	0.000559372	0.244597	0.000290971	0.999996	0.1163	0.557636	0.000281289	0.0835743	0.000290891	0.000285366	0.147584	0.401615	0.000283606	0.589359	0.381338	0.000285905	0.999996	0.652369	0.000568637	0.0001	0.0985776	0.999996	0.0602973	0.464902	0.764385	0.000285717	0.999996	0.0001	0.000281177	0.0135698	0.000568216	0.0972978	0.00056233	0.297323	0.0001
40	A	T	ORF	S	NULL	0	0	0	0	0	0	0	0	0	0	0	0	0	0	0	0	0	0	0	0	0	0	0	0	0	0	0	0	0	0	0	0	0	0	0	0	0	0	0	0	0	0	0	0	0	0	0	0	0	0	0	0	0	0
41	A	T	ORF	S	NULL	0	0	0	0	0.999966	0.0491931	0.999966	0.898484	0.114406	0.184206	0.0984079	0.349429	0.0001	0.0001	0.000190455	0.000394137	0.643458	0.0001	0.000189237	0.0614001	0.0824051	0.812268	0.000100002	0.000187916	0.0213972	0.000186092	0.147411	0.376228	0.000189279	0.161413	0.0594009	0.000187882	0.000184327	0.618246	0.22321	0.000100002	0.000185322	0.660462	0.0001	0.000398218	0.000100002	0.870272	0.121615	0.171201	0.000189455	0.000100002	0.0001	0.000186067	0.393437	0.354434	0.45023	0.000396745	0.000187086	0.999966
42	A	T	ORF	S	NULL	0	0	0	0	0	0	0	0	0	0	0	0	0	0	0	0	0	0	0	0	0	0	0	0	0	0	0	0	0	0	0	0	0	0	0	0	0	0	0	0	0	0	0	0	0	0	0	0	0	0	0	0	0	0
43	A	T	ORF	S	NULL	0	0	0	0	0	0	0	0	0	0	0	0	0	0	0	0	0	0	0	0	0	0	0	0	0	0	0	0	0	0	0	0	0	0	0	0	0	0	0	0	0	0	0	0	0	0	0	0	0	0	0	0	0	0
44	A	T	ORF	S	NULL	0	0	0	0	0.0001	0.00010164	0.0001	0.0702407	0.000230787	0.139106	0.462275	0.146245	0.0001	0.0001	0.690157	0.000229794	0.000233193	0.0001	0.244115	0.000230091	0.273257	0.187113	0.000100001	0.00010129	0.141243	0.000100013	0.000231917	0.605151	0.026095	0.379267	0.000230722	0.291118	0.000100001	0.000100742	0.000101622	0.000100001	0.000100001	0.273259	0.0001	0.30926	0.000100001	0.000101993	0.100379	0.000100008	0.488138	0.000100001	0.0001	0.0640964	0.491279	0.50628	0.000100475	0.273256	0.000100686	0.0001
45	A	T	ORF	S	NULL	0	0	0	0	0	0	0	0	0	0	0	0	0	0	0	0	0	0	0	0	0	0	0	0	0	0	0	0	0	0	0	0	0	0	0	0	0	0	0	0	0	0	0	0	0	0	0	0	0	0	0	0	0	0
46	A	T	ORF	S	NULL	0	0	0	0	0	0	0	0	0	0	0	0	0	0	0	0	0	0	0	0	0	0	0	0	0	0	0	0	0	0	0	0	0	0	0	0	0	0	0	0	0	0	0	0	0	0	0	0	0	0	0	0	0	0
47	A	T	ORF	S	NULL	0	0	0	0	0	0	0	0	0	0	0	0	0	0	0	0	0	0	0	0	0	0	0	0	0	0	0	0	0	0	0	0	0	0	0	0	0	0	0	0	0	0	0	0	0	0	0	0	0	0	0	0	0	0
48	A	T	ORF	S	NULL	0	0	0	0	0	0	0	0	0	0	0	0	0	0	0	0	0	0	0	0	0	0	0	0	0	0	0	0	0	0	0	0	0	0	0	0	0	0	0	0	0	0	0	0	0	0	0	0	0	0	0	0	0	0
49	A	T	ORF	S	NULL	0	0	0	0	0	0	0	0	0	0	0	0	0	0	0	0	0	0	0	0	0	0	0	0	0	0	0	0	0	0	0	0	0	0	0	0	0	0	0	0	0	0	0	0	0	0	0	0	0	0	0	0	0	0
50	A	T	ORF	S	NULL	0	0	0	0	0	0	0	0	0	0	0	0	0	0	0	0	0	0	0	0	0	0	0	0	0	0	0	0	0	0	0	0	0	0	0	0	0	0	0	0	0	0	0	0	0	0	0	0	0	0	0	0	0	0
51	A	T	ORF	S	NULL	0	0	0	0	0	0	0	0	0	0	0	0	0	0	0	0	0	0	0	0	0	0	0	0	0	0	0	0	0	0	0	0	0	0	0	0	0	0	0	0	0	0	0	0	0	0	0	0	0	0	0	0	0	0
52	A	T	ORF	S	NULL	0	0	0	0	0	0	0	0	0	0	0	0	0	0	0	0	0	0	0	0	0	0	0	0	0	0	0	0	0	0	0	0	0	0	0	0	0	0	0	0	0	0	0	0	0	0	0	0	0	0	0	0	0	0
53	A	T	ORF	S	NULL	0	0	0	0	0	0	0	0	0	0	0	0	0	0	0	0	0	0	0	0	0	0	0	0	0	0	0	0	0	0	0	0	0	0	0	0	0	0	0	0	0	0	0	0	0	0	0	0	0	0	0	0	0	0
54	A	T	ORF	S	NULL	0	0	0	0	0	0	0	0	0	0	0	0	0	0	0	0	0	0	0	0	0	0	0	0	0	0	0	0	0	0	0	0	0	0	0	0	0	0	0	0	0	0	0	0	0	0	0	0	0	0	0	0	0	0
55	A	T	ORF	S	NULL	0	0	0	0	0	0	0	0	0	0	0	0	0	0	0	0	0	0	0	0	0	0	0	0	0	0	0	0	0	0	0	0	0	0	0	0	0	0	0	0	0	0	0	0	0	0	0	0	0	0	0	0	0	0
56	A	T	ORF	S	NULL	0	0	0	0	0	0	0	0	0	0	0	0	0	0	0	0	0	0	0	0	0	0	0	0	0	0	0	0	0	0	0	0	0	0	0	0	0	0	0	0	0	0	0	0	0	0	0	0	0	0	0	0	0	0
57	A	T	ORF	S	NULL	0	0	0	0	0	0	0	0	0	0	0	0	0	0	0	0	0	0	0	0	0	0	0	0	0	0	0	0	0	0	0	0	0	0	0	0	0	0	0	0	0	0	0	0	0	0	0	0	0	0	0	0	0	0
58	A	T	ORF	S	NULL	0	0	0	0	0	0	0	0	0	0	0	0	0	0	0	0	0	0	0	0	0	0	0	0	0	0	0	0	0	0	0	0	0	0	0	0	0	0	0	0	0	0	0	0	0	0	0	0	0	0	0	0	0	0
59	A	T	ORF	S	NULL	0	0	0	0	0	0	0	0	0	0	0	0	0	0	0	0	0	0	0	0	0	0	0	0	0	0	0	0	0	0	0	0	0	0	0	0	0	0	0	0	0	0	0	0	0	0	0	0	0	0	0	0	0	0
60	A	T	ORF	S	NULL	0	0	0	0	0.0001	0.000284874	0.0001	0.000568726	0.158582	0.118302	0.18559	0.380615	0.0001	0.0001	0.309329	0.59364	0.0545729	0.0001	0.166308	0.000559372	0.244597	0.000290971	0.999996	0.1163	0.557636	0.000281289	0.0835743	0.000290891	0.000285366	0.147584	0.401615	0.000283606	0.589359	0.381338	0.000285905	0.999996	0.652369	0.000568637	0.0001	0.0985776	0.999996	0.0602973	0.464902	0.764385	0.000285717	0.999996	0.0001	0.000281177	0.0135698	0.000568216	0.0972978	0.00056233	0.297323	0.0001
61	A	T	ORF	S	NULL	0	0	0	0	0	0	0	0	0	0	0	0	0	0	0	0	0	0	0	0	0	0	0	0	0	0	0	0	0	0	0	0	0	0	0	0	0	0	0	0	0	0	0	0	0	0	0	0	0	0	0	0	0	0
62	A	T	ORF	S	NULL	0	0	0	0	0	0	0	0	0	0	0	0	0	0	0	0	0	0	0	0	0	0	0	0	0	0	0	0	0	0	0	0	0	0	0	0	0	0	0	0	0	0	0	0	0	0	0	0	0	0	0	0	0	0
63	A	T	ORF	S	NULL	0	0	0	0	0	0	0	0	0	0	0	0	0	0	0	0	0	0	0	0	0	0	0	0	0	0	0	0	0	0	0	0	0	0	0	0	0	0	0	0	0	0	0	0	0	0	0	0	0	0	0	0	0	0
64	A	T	ORF	S	NULL	0	0	0	0	0.0001	0.000131733	0.0001	0.0303051	0.406349	0.0631399	0.000299314	0.123314	0.999993	0.999993	0.000133139	0.0713045	0.191324	0.999993	0.00013223	0.850406	0.030302	0.000135427	0.000100002	0.000131068	0.000296448	0.728223	0.0733073	0.000135542	0.0111326	0.311339	0.00029658	0.708222	0.410181	0.000132225	0.000132353	0.000100002	0.000128995	0.000301333	0.0001	0.000298727	0.000100002	0.0691424	0.0614713	0.0641366	0.511198	0.000100002	0.999993	0.93525	0.0643091	0.000301078	0.45219	0.515364	0.0571369	0.0001
65	A	T	ORF	S	NULL	0	0	0	0	0.0001	0.00010164	0.0001	0.0702407	0.000230787	0.139106	0.462275	0.146245	0.0001	0.0001	0.690157	0.000229794	0.000233193	0.0001	0.244115	0.000230091	0.273257	0.187113	0.000100001	0.00010129	0.141243	0.000100013	0.000231917	0.605151	0.026095	0.379267	0.000230722	0.291118	0.000100001	0.000100742	0.000101622	0.000100001	0.000100001	0.273259	0.0001	0.30926	0.000100001	0.000101993	0.100379	0.000100008	0.488138	0.000100001	0.0001	0.0640964	0.491279	0.50628	0.000100475	0.273256	0.000100686	0.0001
66	A	T	ORF	S	NULL	0	0	0	0	0.0001	0.00010164	0.0001	0.0702407	0.000230787	0.139106	0.462275	0.146245	0.0001	0.0001	0.690157	0.000229794	0.000233193	0.0001	0.244115	0.000230091	0.273257	0.187113	0.000100001	0.00010129	0.141243	0.000100013	0.000231917	0.605151	0.026095	0.379267	0.000230722	0.291118	0.000100001	0.000100742	0.000101622	0.000100001	0.000100001	0.273259	0.0001	0.30926	0.000100001	0.000101993	0.100379	0.000100008	0.488138	0.000100001	0.0001	0.0640964	0.491279	0.50628	0.000100475	0.273256	0.000100686	0.0001
67	A	T	ORF	S	NULL	0	0	0	0	0	0	0	0	0	0	0	0	0	0	0	0	0	0	0	0	0	0	0	0	0	0	0	0	0	0	0	0	0	0	0	0	0	0	0	0	0	0	0	0	0	0	0	0	0	0	0	0	0	0
68	A	T	ORF	S	NULL	0	0	0	0	0	0	0	0	0	0	0	0	0	0	0	0	0	0	0	0	0	0	0	0	0	0	0	0	0	0	0	0	0	0	0	0	0	0	0	0	0	0	0	0	0	0	0	0	0	0	0	0	0	0
69	A	T	ORF	S	NULL	0	0	0	0	0	0	0	0	0	0	0	0	0	0	0	0	0	0	0	0	0	0	0	0	0	0	0	0	0	0	0	0	0	0	0	0	0	0	0	0	0	0	0	0	0	0	0	0	0	0	0	0	0	0
70	A	T	ORF	S	NULL	0	0	0	0	0	0	0	0	0	0	0	0	0	0	0	0	0	0	0	0	0	0	0	0	0	0	0	0	0	0	0	0	0	0	0	0	0	0	0	0	0	0	0	0	0	0	0	0	0	0	0	0	0	0
71	A	T	ORF	S	NULL	0	0	0	0	0.999966	0.0491931	0.999966	0.898484	0.114406	0.184206	0.0984079	0.349429	0.0001	0.0001	0.000190455	0.000394137	0.643458	0.0001	0.000189237	0.0614001	0.0824051	0.812268	0.000100002	0.000187916	0.0213972	0.000186092	0.147411	0.376228	0.000189279	0.161413	0.0594009	0.000187882	0.000184327	0.618246	0.22321	0.000100002	0.000185322	0.660462	0.0001	0.000398218	0.000100002	0.870272	0.121615	0.171201	0.000189455	0.000100002	0.0001	0.000186067	0.393437	0.354434	0.45023	0.000396745	0.000187086	0.999966
72	A	T	ORF	S	NULL	0	0	0	0	0	0	0	0	0	0	0	0	0	0	0	0	0	0	0	0	0	0	0	0	0	0	0	0	0	0	0	0	0	0	0	0	0	0	0	0	0	0	0	0	0	0	0	0	0	0	0	0	0	0
73	A	T	ORF	S	NULL	0	0	0	0	0	0	0	0	0	0	0	0	0	0	0	0	0	0	0	0	0	0	0	0	0	0	0	0	0	0	0	0	0	0	0	0	0	0	0	0	0	0	0	0	0	0	0	0	0	0	0	0	0	0
74	A	T	ORF	S	NULL	0	0	0	0	0	0	0	0	0	0	0	0	0	0	0	0	0	0	0	0	0	0	0	0	0	0	0	0	0	0	0	0	0	0	0	0	0	0	0	0	0	0	0	0	0	0	0	0	0	0	0	0	0	0
75	A	T	ORF	S	NULL	0	0	0	0	0	0	0	0	0	0	0	0	0	0	0	0	0	0	0	0	0	0	0	0	0	0	0	0	0	0	0	0	0	0	0	0	0	0	0	0	0	0	0	0	0	0	0	0	0	0	0	0	0	0
76	A	T	ORF	S	NULL	0	0	0	0	0	0	0	0	0	0	0	0	0	0	0	0	0	0	0	0	0	0	0	0	0	0	0	0	0	0	0	0	0	0	0	0	0	0	0	0	0	0	0	0	0	0	0	0	0	0	0	0	0	0
77	A	T	ORF	S	NULL	0	0	0	0	0.0001	0.00010164	0.0001	0.0702407	0.000230787	0.139106	0.462275	0.146245	0.0001	0.0001	0.690157	0.000229794	0.000233193	0.0001	0.244115	0.000230091	0.273257	0.187113	0.000100001	0.00010129	0.141243	0.000100013	0.000231917	0.605151	0.026095	0.379267	0.000230722	0.291118	0.000100001	0.000100742	0.000101622	0.000100001	0.000100001	0.273259	0.0001	0.30926	0.000100001	0.000101993	0.100379	0.000100008	0.488138	0.000100001	0.0001	0.0640964	0.491279	0.50628	0.000100475	0.273256	0.000100686	0.0001
78	A	T	ORF	S	NULL	0	0	0	0	0.0001	0.950296	0.0001	0.00040156	0.320432	0.495246	0.253427	0.000397303	0.0001	0.0001	0.000190465	0.334432	0.110412	0.0001	0.589256	0.0874043	0.369439	0.000193365	0.000100002	0.883288	0.279427	0.271217	0.695476	0.0181952	0.962298	0.000397975	0.538456	0.000187892	0.000184337	0.000189407	0.776277	0.000100002	0.347224	0.0654088	0.999982	0.591465	0.000100002	0.000192059	0.251633	0.000185572	0.000189465	0.000100002	0.0001	0.000186077	0.0374052	0.138417	0.00018865	0.21042	0.64526	0.0001
79	A	T	ORF	S	NULL	0	0	0	0	0.0001	0.000131733	0.0001	0.0303051	0.406349	0.0631399	0.000299314	0.123314	0.999993	0.999993	0.000133139	0.0713045	0.191324	0.999993	0.00013223	0.850406	0.030302	0.000135427	0.000100002	0.000131068	0.000296448	0.728223	0.0733073	0.000135542	0.0111326	0.311339	0.00029658	0.708222	0.410181	0.000132225	0.000132353	0.000100002	0.000128995	0.000301333	0.0001	0.000298727	0.000100002	0.0691424	0.0614713	0.0641366	0.511198	0.000100002	0.999993	0.93525	0.0643091	0.000301078	0.45219	0.515364	0.0571369	0.0001
80	A	T	ORF	S	NULL	0	0	0	0	0	0	0	0	0	0	0	0	0	0	0	0	0	0	0	0	0	0	0	0	0	0	0	0	0	0	0	0	0	0	0	0	0	0	0	0	0	0	0	0	0	0	0	0	0	0	0	0	0	0
81	A	T	ORF	S	NULL	0	0	0	0	0	0	0	0	0	0	0	0	0	0	0	0	0	0	0	0	0	0	0	0	0	0	0	0	0	0	0	0	0	0	0	0	0	0	0	0	0	0	0	0	0	0	0	0	0	0	0	0	0	0
82	A	T	ORF	S	NULL	0	0	0	0	0	0	0	0	0	0	0	0	0	0	0	0	0	0	0	0	0	0	0	0	0	0	0	0	0	0	0	0	0	0	0	0	0	0	0	0	0	0	0	0	0	0	0	0	0	0	0	0	0	0
83	A	T	ORF	S	NULL	0	0	0	0	0	0	0	0	0	0	0	0	0	0	0	0	0	0	0	0	0	0	0	0	0	0	0	0	0	0	0	0	0	0	0	0	0	0	0	0	0	0	0	0	0	0	0	0	0	0	0	0	0	0
84	A	T	ORF	S	NULL	0	0	0	0	0	0	0	0	0	0	0	0	0	0	0	0	0	0	0	0	0	0	0	0	0	0	0	0	0	0	0	0	0	0	0	0	0	0	0	0	0	0	0	0	0	0	0	0	0	0	0	0	0	0
85	A	T	ORF	S	NULL	0	0	0	0	0	0	0	0	0	0	0	0	0	0	0	0	0	0	0	0	0	0	0	0	0	0	0	0	0	0	0	0	0	0	0	0	0	0	0	0	0	0	0	0	0	0	0	0	0	0	0	0	0	0
86	A	T	ORF	S	NULL	0	0	0	0	0	0	0	0	0	0	0	0	0	0	0	0	0	0	0	0	0	0	0	0	0	0	0	0	0	0	0	0	0	0	0	0	0	0	0	0	0	0	0	0	0	0	0	0	0	0	0	0	0	0
87	A	T	ORF	S	NULL	0	0	0	0	0.0001	0.000131733	0.0001	0.0303051	0.406349	0.0631399	0.000299314	0.123314	0.999993	0.999993	0.000133139	0.0713045	0.191324	0.999993	0.00013223	0.850406	0.030302	0.000135427	0.000100002	0.000131068	0.000296448	0.728223	0.0733073	0.000135542	0.0111326	0.311339	0.00029658	0.708222	0.410181	0.000132225	0.000132353	0.000100002	0.000128995	0.000301333	0.0001	0.000298727	0.000100002	0.0691424	0.0614713	0.0641366	0.511198	0.000100002	0.999993	0.93525	0.0643091	0.000301078	0.45219	0.515364	0.0571369	0.0001
88	A	T	ORF	S	NULL	0	0	0	0	0	0	0	0	0	0	0	0	0	0	0	0	0	0	0	0	0	0	0	0	0	0	0	0	0	0	0	0	0	0	0	0	0	0	0	0	0	0	0	0	0	0	0	0	0	0	0	0	0	0
89	A	T	ORF	S	NULL	0	0	0	0	0.0001	0.950296	0.0001	0.00040156	0.320432	0.495246	0.253427	0.000397303	0.0001	0.0001	0.000190465	0.334432	0.110412	0.0001	0.589256	0.0874043	0.369439	0.000193365	0.000100002	0.883288	0.279427	0.271217	0.695476	0.0181952	0.962298	0.000397975	0.538456	0.000187892	0.000184337	0.000189407	0.776277	0.000100002	0.347224	0.0654088	0.999982	0.591465	0.000100002	0.000192059	0.251633	0.000185572	0.000189465	0.000100002	0.0001	0.000186077	0.0374052	0.138417	0.00018865	0.21042	0.64526	0.0001
90	A	T	ORF	S	NULL	0	0	0	0	0.0001	0.000131733	0.0001	0.0303051	0.406349	0.0631399	0.000299314	0.123314	0.999993	0.999993	0.000133139	0.0713045	0.191324	0.999993	0.00013223	0.850406	0.030302	0.000135427	0.000100002	0.000131068	0.000296448	0.728223	0.0733073	0.000135542	0.0111326	0.311339	0.00029658	0.708222	0.410181	0.000132225	0.000132353	0.000100002	0.000128995	0.000301333	0.0001	0.000298727	0.000100002	0.0691424	0.0614713	0.0641366	0.511198	0.000100002	0.999993	0.93525	0.0643091	0.000301078	0.45219	0.515364	0.0571369	0.0001
91	A	T	ORF	S	NULL	0	0	0	0	0	0	0	0	0	0	0	0	0	0	0	0	0	0	0	0	0	0	0	0	0	0	0	0	0	0	0	0	0	0	0	0	0	0	0	0	0	0	0	0	0	0	0	0	0	0	0	0	0	0
92	A	T	ORF	S	NULL	0	0	0	0	0.999966	0.0491931	0.999966	0.898484	0.114406	0.184206	0.0984079	0.349429	0.0001	0.0001	0.000190455	0.000394137	0.643458	0.0001	0.000189237	0.0614001	0.0824051	0.812268	0.000100002	0.000187916	0.0213972	0.000186092	0.147411	0.376228	0.000189279	0.161413	0.0594009	0.000187882	0.000184327	0.618246	0.22321	0.000100002	0.000185322	0.660462	0.0001	0.000398218	0.000100002	0.870272	0.121615	0.171201	0.000189455	0.000100002	0.0001	0.000186067	0.393437	0.354434	0.45023	0.000396745	0.000187086	0.999966
93	A	T	ORF	S	NULL	0	0	0	0	0	0	0	0	0	0	0	0	0	0	0	0	0	0	0	0	0	0	0	0	0	0	0	0	0	0	0	0	0	0	0	0	0	0	0	0	0	0	0	0	0	0	0	0	0	0	0	0	0	0
94	A	T	ORF	S	NULL	0	0	0	0	0	0	0	0	0	0	0	0	0	0	0	0	0	0	0	0	0	0	0	0	0	0	0	0	0	0	0	0	0	0	0	0	0	0	0	0	0	0	0	0	0	0	0	0	0	0	0	0	0	0
95	A	T	ORF	S	NULL	0	0	0	0	0	0	0	0	0	0	0	0	0	0	0	0	0	0	0	0	0	0	0	0	0	0	0	0	0	0	0	0	0	0	0	0	0	0	0	0	0	0	0	0	0	0	0	0	0	0	0	0	0	0
96	A	T	ORF	S	NULL	0	0	0	0	0.0001	0.950296	0.0001	0.00040156	0.320432	0.495246	0.253427	0.000397303	0.0001	0.0001	0.000190465	0.334432	0.110412	0.0001	0.589256	0.0874043	0.369439	0.000193365	0.000100002	0.883288	0.279427	0.271217	0.695476	0.0181952	0.962298	0.000397975	0.538456	0.000187892	0.000184337	0.000189407	0.776277	0.000100002	0.347224	0.0654088	0.999982	0.591465	0.000100002	0.000192059	0.251633	0.000185572	0.000189465	0.000100002	0.0001	0.000186077	0.0374052	0.138417	0.00018865	0.21042	0.64526	0.0001
97	A	T	ORF	S	NULL	0	0	0	0	0	0	0	0	0	0	0	0	0	0	0	0	0	0	0	0	0	0	0	0	0	0	0	0	0	0	0	0	0	0	0	0	0	0	0	0	0	0	0	0	0	0	0	0	0	0	0	0	0	0
98	A	T	ORF	S	NULL	0	0	0	0	0	0	0	0	0	0	0	0	0	0	0	0	0	0	0	0	0	0	0	0	0	0	0	0	0	0	0	0	0	0	0	0	0	0	0	0	0	0	0	0	0	0	0	0	0	0	0	0	0	0
99	A	T	ORF	S	NULL	0	0	0	0	0	0	0	0	0	0	0	0	0	0	0	0	0	0	0	0	0	0	0	0	0	0	0	0	0	0	0	0	0	0	0	0	0	0	0	0	0	0	0	0	0	0	0	0	0	0	0	0	0	0
100	A	T	ORF	S	NULL	0	0	0	0	0	0	0	0	0	0	0	0	0	0	0	0	0	0	0	0	0	0	0	0	0	0	0	0	0	0	0	0	0	0	0	0	0	0	0	0	0	0	0	0	0	0	0	0	0	0	0	0	0	0
