pos	ref	alt	gene	N/S	AA	nSRAsubclonal	nSRAclonal	nSRA	nConsensus	sample0|Earth	sample1|Earth	sample2|Earth	sample3|Earth	sample4|Earth	sample5|Earth	sample6|Earth	sample7|Earth	sample8|Earth	sample9|Earth	sample10|Earth	sample11|Earth	sample12|Earth	sample13|Earth	sample14|Earth	sample15|Earth	sample16|Earth	sample17|Earth	sample18|Earth	sample19|Earth	sample20|Earth	sample21|Earth	sample22|Earth	sample23|Earth	sample24|Earth	sample25|Earth	sample26|Earth	sample27|Earth	sample28|Earth	sample29|Earth	sample30|Earth	sample31|Earth	sample32|Earth	sample33|Earth	sample34|Earth	sample35|Earth	sample36|Earth	sample37|Earth	sample38|Earth	sample39|Earth	sample40|Earth	sample41|Earth	sample42|Earth	sample43|Earth	sample44|Earth	sample45|Earth	sample46|Earth	sample47|Earth	sample48|Earth	sample49|Earth
1	A	T	ORF	S	NULL	0	0	0	0	0.0001	0.0001	0.0001	0.0702206	0.000165411	0.139088	0.46227	0.146234	0.0001	0.0001	0.690163	0.000262458	0.000220592	0.0001	0.24415	0.000221088	0.273249	0.187177	0.0001	0.000125493	0.14116	0.000152623	0.000336807	0.605127	0.0260571	0.379249	0.000231958	0.291121	0.0001	0.0001	0.0001	0.0001	0.000100601	0.273249	0.0001	0.309223	0.0001	0.0001	0.100463	0.0001	0.488134	0.0001	0.0001	0.0640242	0.491315	0.506251	0.000104219	0.273218	0.0001	0.0001
2	A	T	ORF	S	NULL	0	0	0	0	0	0	0	0	0	0	0	0	0	0	0	0	0	0	0	0	0	0	0	0	0	0	0	0	0	0	0	0	0	0	0	0	0	0	0	0	0	0	0	0	0	0	0	0	0	0	0	0	0	0
3	A	T	ORF	S	NULL	0	0	0	0	0	0	0	0	0	0	0	0	0	0	0	0	0	0	0	0	0	0	0	0	0	0	0	0	0	0	0	0	0	0	0	0	0	0	0	0	0	0	0	0	0	0	0	0	0	0	0	0	0	0
4	A	T	ORF	S	NULL	0	0	0	0	0	0	0	0	0	0	0	0	0	0	0	0	0	0	0	0	0	0	0	0	0	0	0	0	0	0	0	0	0	0	0	0	0	0	0	0	0	0	0	0	0	0	0	0	0	0	0	0	0	0
5	A	T	ORF	S	NULL	0	0	0	0	0	0	0	0	0	0	0	0	0	0	0	0	0	0	0	0	0	0	0	0	0	0	0	0	0	0	0	0	0	0	0	0	0	0	0	0	0	0	0	0	0	0	0	0	0	0	0	0	0	0
6	A	T	ORF	S	NULL	0	0	0	0	0	0	0	0	0	0	0	0	0	0	0	0	0	0	0	0	0	0	0	0	0	0	0	0	0	0	0	0	0	0	0	0	0	0	0	0	0	0	0	0	0	0	0	0	0	0	0	0	0	0
7	A	T	ORF	S	NULL	0	0	0	0	0	0	0	0	0	0	0	0	0	0	0	0	0	0	0	0	0	0	0	0	0	0	0	0	0	0	0	0	0	0	0	0	0	0	0	0	0	0	0	0	0	0	0	0	0	0	0	0	0	0
8	A	T	ORF	S	NULL	0	0	0	0	0.0001	0.00010271	0.0001	0.0302799	0.40635	0.0631694	0.000222318	0.123395	0.999966	0.999966	0.000132535	0.0712711	0.191405	0.999966	0.000125868	0.850326	0.0302256	0.000106993	0.0001	0.000125506	0.000194876	0.728192	0.0732584	0.000175842	0.0111331	0.311311	0.000298328	0.708228	0.410181	0.0001	0.000192159	0.0001	0.000100607	0.000382103	0.0001	0.000250198	0.0001	0.0691314	0.0613496	0.0641128	0.511241	0.0001	0.999966	0.935157	0.0642731	0.000501135	0.452212	0.515312	0.0570984	0.0001
9	A	T	ORF	S	NULL	0	0	0	0	0	0	0	0	0	0	0	0	0	0	0	0	0	0	0	0	0	0	0	0	0	0	0	0	0	0	0	0	0	0	0	0	0	0	0	0	0	0	0	0	0	0	0	0	0	0	0	0	0	0
10	A	T	ORF	S	NULL	0	0	0	0	0	0	0	0	0	0	0	0	0	0	0	0	0	0	0	0	0	0	0	0	0	0	0	0	0	0	0	0	0	0	0	0	0	0	0	0	0	0	0	0	0	0	0	0	0	0	0	0	0	0
11	A	T	ORF	S	NULL	0	0	0	0	0	0	0	0	0	0	0	0	0	0	0	0	0	0	0	0	0	0	0	0	0	0	0	0	0	0	0	0	0	0	0	0	0	0	0	0	0	0	0	0	0	0	0	0	0	0	0	0	0	0
12	A	T	ORF	S	NULL	0	0	0	0	0.999949	0.0492408	0.999949	0.898445	0.114307	0.184264	0.0983109	0.349408	0.0001	0.0001	0.000190563	0.000503974	0.643434	0.0001	0.00018221	0.0614398	0.0823092	0.812226	0.0001	0.00018177	0.0216384	0.000236727	0.147349	0.376206	0.000209149	0.161536	0.0594027	0.000137949	0.000187693	0.618194	0.223138	0.0001	0.000149347	0.660437	0.0001	0.000337672	0.0001	0.870268	0.121646	0.17117	0.000177584	0.0001	0.0001	0.000135642	0.393389	0.35438	0.450277	0.000481551	0.000378384	0.999949
13	A	T	ORF	S	NULL	0	0	0	0	0	0	0	0	0	0	0	0	0	0	0	0	0	0	0	0	0	0	0	0	0	0	0	0	0	0	0	0	0	0	0	0	0	0	0	0	0	0	0	0	0	0	0	0	0	0	0	0	0	0
14	A	T	ORF	S	NULL	0	0	0	0	0	0	0	0	0	0	0	0	0	0	0	0	0	0	0	0	0	0	0	0	0	0	0	0	0	0	0	0	0	0	0	0	0	0	0	0	0	0	0	0	0	0	0	0	0	0	0	0	0	0
15	A	T	ORF	S	NULL	0	0	0	0	0.0001	0.0001	0.0001	0.0702206	0.000165411	0.139088	0.46227	0.146234	0.0001	0.0001	0.690163	0.000262458	0.000220592	0.0001	0.24415	0.000221088	0.273249	0.187177	0.0001	0.000125493	0.14116	0.000152623	0.000336807	0.605127	0.0260571	0.379249	0.000231958	0.291121	0.0001	0.0001	0.0001	0.0001	0.000100601	0.273249	0.0001	0.309223	0.0001	0.0001	0.100463	0.0001	0.488134	0.0001	0.0001	0.0640242	0.491315	0.506251	0.000104219	0.273218	0.0001	0.0001
16	A	T	ORF	S	NULL	0	0	0	0	0	0	0	0	0	0	0	0	0	0	0	0	0	0	0	0	0	0	0	0	0	0	0	0	0	0	0	0	0	0	0	0	0	0	0	0	0	0	0	0	0	0	0	0	0	0	0	0	0	0
17	A	T	ORF	S	NULL	0	0	0	0	0	0	0	0	0	0	0	0	0	0	0	0	0	0	0	0	0	0	0	0	0	0	0	0	0	0	0	0	0	0	0	0	0	0	0	0	0	0	0	0	0	0	0	0	0	0	0	0	0	0
18	A	T	ORF	S	NULL	0	0	0	0	0	0	0	0	0	0	0	0	0	0	0	0	0	0	0	0	0	0	0	0	0	0	0	0	0	0	0	0	0	0	0	0	0	0	0	0	0	0	0	0	0	0	0	0	0	0	0	0	0	0
19	A	T	ORF	S	NULL	0	0	0	0	0	0	0	0	0	0	0	0	0	0	0	0	0	0	0	0	0	0	0	0	0	0	0	0	0	0	0	0	0	0	0	0	0	0	0	0	0	0	0	0	0	0	0	0	0	0	0	0	0	0
20	A	T	ORF	S	NULL	0	0	0	0	0	0	0	0	0	0	0	0	0	0	0	0	0	0	0	0	0	0	0	0	0	0	0	0	0	0	0	0	0	0	0	0	0	0	0	0	0	0	0	0	0	0	0	0	0	0	0	0	0	0
21	A	T	ORF	S	NULL	0	0	0	0	0	0	0	0	0	0	0	0	0	0	0	0	0	0	0	0	0	0	0	0	0	0	0	0	0	0	0	0	0	0	0	0	0	0	0	0	0	0	0	0	0	0	0	0	0	0	0	0	0	0
22	A	T	ORF	S	NULL	0	0	0	0	0	0	0	0	0	0	0	0	0	0	0	0	0	0	0	0	0	0	0	0	0	0	0	0	0	0	0	0	0	0	0	0	0	0	0	0	0	0	0	0	0	0	0	0	0	0	0	0	0	0
23	A	T	ORF	S	NULL	0	0	0	0	0	0	0	0	0	0	0	0	0	0	0	0	0	0	0	0	0	0	0	0	0	0	0	0	0	0	0	0	0	0	0	0	0	0	0	0	0	0	0	0	0	0	0	0	0	0	0	0	0	0
24	A	T	ORF	S	NULL	0	0	0	0	0	0	0	0	0	0	0	0	0	0	0	0	0	0	0	0	0	0	0	0	0	0	0	0	0	0	0	0	0	0	0	0	0	0	0	0	0	0	0	0	0	0	0	0	0	0	0	0	0	0
25	A	T	ORF	S	NULL	0	0	0	0	0	0	0	0	0	0	0	0	0	0	0	0	0	0	0	0	0	0	0	0	0	0	0	0	0	0	0	0	0	0	0	0	0	0	0	0	0	0	0	0	0	0	0	0	0	0	0	0	0	0
26	A	T	ORF	S	NULL	0	0	0	0	0	0	0	0	0	0	0	0	0	0	0	0	0	0	0	0	0	0	0	0	0	0	0	0	0	0	0	0	0	0	0	0	0	0	0	0	0	0	0	0	0	0	0	0	0	0	0	0	0	0
27	A	T	ORF	S	NULL	0	0	0	0	0	0	0	0	0	0	0	0	0	0	0	0	0	0	0	0	0	0	0	0	0	0	0	0	0	0	0	0	0	0	0	0	0	0	0	0	0	0	0	0	0	0	0	0	0	0	0	0	0	0
28	A	T	ORF	S	NULL	0	0	0	0	0	0	0	0	0	0	0	0	0	0	0	0	0	0	0	0	0	0	0	0	0	0	0	0	0	0	0	0	0	0	0	0	0	0	0	0	0	0	0	0	0	0	0	0	0	0	0	0	0	0
29	A	T	ORF	S	NULL	0	0	0	0	0	0	0	0	0	0	0	0	0	0	0	0	0	0	0	0	0	0	0	0	0	0	0	0	0	0	0	0	0	0	0	0	0	0	0	0	0	0	0	0	0	0	0	0	0	0	0	0	0	0
30	A	T	ORF	S	NULL	0	0	0	0	0	0	0	0	0	0	0	0	0	0	0	0	0	0	0	0	0	0	0	0	0	0	0	0	0	0	0	0	0	0	0	0	0	0	0	0	0	0	0	0	0	0	0	0	0	0	0	0	0	0
31	A	T	ORF	S	NULL	0	0	0	0	0	0	0	0	0	0	0	0	0	0	0	0	0	0	0	0	0	0	0	0	0	0	0	0	0	0	0	0	0	0	0	0	0	0	0	0	0	0	0	0	0	0	0	0	0	0	0	0	0	0
32	A	T	ORF	S	NULL	0	0	0	0	0.0001	0.000237073	0.0001	0.000527104	0.158715	0.118263	0.185729	0.380583	0.0001	0.0001	0.309323	0.593573	0.0545473	0.0001	0.166295	0.000702525	0.244736	0.000244671	0.999988	0.116289	0.557708	0.000236749	0.083492	0.000313637	0.000363629	0.147538	0.40161	0.00037563	0.589352	0.381267	0.000338142	0.999988	0.652464	0.000542763	0.0001	0.098787	0.999988	0.0602044	0.465061	0.764489	0.000270048	0.999988	0.0001	0.000606455	0.0135101	0.000501133	0.0972512	0.000481591	0.297253	0.0001
33	A	T	ORF	S	NULL	0	0	0	0	0	0	0	0	0	0	0	0	0	0	0	0	0	0	0	0	0	0	0	0	0	0	0	0	0	0	0	0	0	0	0	0	0	0	0	0	0	0	0	0	0	0	0	0	0	0	0	0	0	0
34	A	T	ORF	S	NULL	0	0	0	0	0	0	0	0	0	0	0	0	0	0	0	0	0	0	0	0	0	0	0	0	0	0	0	0	0	0	0	0	0	0	0	0	0	0	0	0	0	0	0	0	0	0	0	0	0	0	0	0	0	0
35	A	T	ORF	S	NULL	0	0	0	0	0	0	0	0	0	0	0	0	0	0	0	0	0	0	0	0	0	0	0	0	0	0	0	0	0	0	0	0	0	0	0	0	0	0	0	0	0	0	0	0	0	0	0	0	0	0	0	0	0	0
36	A	T	ORF	S	NULL	0	0	0	0	0.0001	0.950351	0.0001	0.000527083	0.320463	0.495216	0.253467	0.000379309	0.0001	0.0001	0.000190576	0.334389	0.110393	0.0001	0.589246	0.0873107	0.369481	0.000244671	0.0001	0.883278	0.279299	0.271182	0.695564	0.0181778	0.962237	0.000366005	0.538457	0.000137959	0.000187705	0.000383901	0.776285	0.0001	0.347187	0.0653891	0.99996	0.591402	0.0001	0.000346163	0.25148	0.000156249	0.000177596	0.0001	0.0001	0.0001	0.0375123	0.138366	0.000155109	0.210506	0.64521	0.0001
37	A	T	ORF	S	NULL	0	0	0	0	0	0	0	0	0	0	0	0	0	0	0	0	0	0	0	0	0	0	0	0	0	0	0	0	0	0	0	0	0	0	0	0	0	0	0	0	0	0	0	0	0	0	0	0	0	0	0	0	0	0
38	A	T	ORF	S	NULL	0	0	0	0	0	0	0	0	0	0	0	0	0	0	0	0	0	0	0	0	0	0	0	0	0	0	0	0	0	0	0	0	0	0	0	0	0	0	0	0	0	0	0	0	0	0	0	0	0	0	0	0	0	0
39	A	T	ORF	S	NULL	0	0	0	0	0.0001	0.000237073	0.0001	0.000527104	0.158715	0.118263	0.185729	0.380583	0.0001	0.0001	0.309323	0.593573	0.0545473	0.0001	0.166295	0.000702525	0.244736	0.000244671	0.999988	0.116289	0.557708	0.000236749	0.083492	0.000313637	0.000363629	0.147538	0.40161	0.00037563	0.589352	0.381267	0.000338142	0.999988	0.652464	0.000542763	0.0001	0.098787	0.999988	0.0602044	0.465061	0.764489	0.000270048	0.999988	0.0001	0.000606455	0.0135101	0.000501133	0.0972512	0.000481591	0.297253	0.0001
40	A	T	ORF	S	NULL	0	0	0	0	0	0	0	0	0	0	0	0	0	0	0	0	0	0	0	0	0	0	0	0	0	0	0	0	0	0	0	0	0	0	0	0	0	0	0	0	0	0	0	0	0	0	0	0	0	0	0	0	0	0
41	A	T	ORF	S	NULL	0	0	0	0	0.999949	0.0492408	0.999949	0.898445	0.114307	0.184264	0.0983109	0.349408	0.0001	0.0001	0.000190563	0.000503974	0.643434	0.0001	0.00018221	0.0614398	0.0823092	0.812226	0.0001	0.00018177	0.0216384	0.000236727	0.147349	0.376206	0.000209149	0.161536	0.0594027	0.000137949	0.000187693	0.618194	0.223138	0.0001	0.000149347	0.660437	0.0001	0.000337672	0.0001	0.870268	0.121646	0.17117	0.000177584	0.0001	0.0001	0.000135642	0.393389	0.35438	0.450277	0.000481551	0.000378384	0.999949
42	A	T	ORF	S	NULL	0	0	0	0	0	0	0	0	0	0	0	0	0	0	0	0	0	0	0	0	0	0	0	0	0	0	0	0	0	0	0	0	0	0	0	0	0	0	0	0	0	0	0	0	0	0	0	0	0	0	0	0	0	0
43	A	T	ORF	S	NULL	0	0	0	0	0	0	0	0	0	0	0	0	0	0	0	0	0	0	0	0	0	0	0	0	0	0	0	0	0	0	0	0	0	0	0	0	0	0	0	0	0	0	0	0	0	0	0	0	0	0	0	0	0	0
44	A	T	ORF	S	NULL	0	0	0	0	0.0001	0.0001	0.0001	0.0702206	0.000165411	0.139088	0.46227	0.146234	0.0001	0.0001	0.690163	0.000262458	0.000220592	0.0001	0.24415	0.000221088	0.273249	0.187177	0.0001	0.000125493	0.14116	0.000152623	0.000336807	0.605127	0.0260571	0.379249	0.000231958	0.291121	0.0001	0.0001	0.0001	0.0001	0.000100601	0.273249	0.0001	0.309223	0.0001	0.0001	0.100463	0.0001	0.488134	0.0001	0.0001	0.0640242	0.491315	0.506251	0.000104219	0.273218	0.0001	0.0001
45	A	T	ORF	S	NULL	0	0	0	0	0	0	0	0	0	0	0	0	0	0	0	0	0	0	0	0	0	0	0	0	0	0	0	0	0	0	0	0	0	0	0	0	0	0	0	0	0	0	0	0	0	0	0	0	0	0	0	0	0	0
46	A	T	ORF	S	NULL	0	0	0	0	0	0	0	0	0	0	0	0	0	0	0	0	0	0	0	0	0	0	0	0	0	0	0	0	0	0	0	0	0	0	0	0	0	0	0	0	0	0	0	0	0	0	0	0	0	0	0	0	0	0
47	A	T	ORF	S	NULL	0	0	0	0	0	0	0	0	0	0	0	0	0	0	0	0	0	0	0	0	0	0	0	0	0	0	0	0	0	0	0	0	0	0	0	0	0	0	0	0	0	0	0	0	0	0	0	0	0	0	0	0	0	0
48	A	T	ORF	S	NULL	0	0	0	0	0	0	0	0	0	0	0	0	0	0	0	0	0	0	0	0	0	0	0	0	0	0	0	0	0	0	0	0	0	0	0	0	0	0	0	0	0	0	0	0	0	0	0	0	0	0	0	0	0	0
49	A	T	ORF	S	NULL	0	0	0	0	0	0	0	0	0	0	0	0	0	0	0	0	0	0	0	0	0	0	0	0	0	0	0	0	0	0	0	0	0	0	0	0	0	0	0	0	0	0	0	0	0	0	0	0	0	0	0	0	0	0
50	A	T	ORF	S	NULL	0	0	0	0	0	0	0	0	0	0	0	0	0	0	0	0	0	0	0	0	0	0	0	0	0	0	0	0	0	0	0	0	0	0	0	0	0	0	0	0	0	0	0	0	0	0	0	0	0	0	0	0	0	0
51	A	T	ORF	S	NULL	0	0	0	0	0	0	0	0	0	0	0	0	0	0	0	0	0	0	0	0	0	0	0	0	0	0	0	0	0	0	0	0	0	0	0	0	0	0	0	0	0	0	0	0	0	0	0	0	0	0	0	0	0	0
52	A	T	ORF	S	NULL	0	0	0	0	0	0	0	0	0	0	0	0	0	0	0	0	0	0	0	0	0	0	0	0	0	0	0	0	0	0	0	0	0	0	0	0	0	0	0	0	0	0	0	0	0	0	0	0	0	0	0	0	0	0
53	A	T	ORF	S	NULL	0	0	0	0	0	0	0	0	0	0	0	0	0	0	0	0	0	0	0	0	0	0	0	0	0	0	0	0	0	0	0	0	0	0	0	0	0	0	0	0	0	0	0	0	0	0	0	0	0	0	0	0	0	0
54	A	T	ORF	S	NULL	0	0	0	0	0	0	0	0	0	0	0	0	0	0	0	0	0	0	0	0	0	0	0	0	0	0	0	0	0	0	0	0	0	0	0	0	0	0	0	0	0	0	0	0	0	0	0	0	0	0	0	0	0	0
55	A	T	ORF	S	NULL	0	0	0	0	0	0	0	0	0	0	0	0	0	0	0	0	0	0	0	0	0	0	0	0	0	0	0	0	0	0	0	0	0	0	0	0	0	0	0	0	0	0	0	0	0	0	0	0	0	0	0	0	0	0
56	A	T	ORF	S	NULL	0	0	0	0	0	0	0	0	0	0	0	0	0	0	0	0	0	0	0	0	0	0	0	0	0	0	0	0	0	0	0	0	0	0	0	0	0	0	0	0	0	0	0	0	0	0	0	0	0	0	0	0	0	0
57	A	T	ORF	S	NULL	0	0	0	0	0	0	0	0	0	0	0	0	0	0	0	0	0	0	0	0	0	0	0	0	0	0	0	0	0	0	0	0	0	0	0	0	0	0	0	0	0	0	0	0	0	0	0	0	0	0	0	0	0	0
58	A	T	ORF	S	NULL	0	0	0	0	0	0	0	0	0	0	0	0	0	0	0	0	0	0	0	0	0	0	0	0	0	0	0	0	0	0	0	0	0	0	0	0	0	0	0	0	0	0	0	0	0	0	0	0	0	0	0	0	0	0
59	A	T	ORF	S	NULL	0	0	0	0	0	0	0	0	0	0	0	0	0	0	0	0	0	0	0	0	0	0	0	0	0	0	0	0	0	0	0	0	0	0	0	0	0	0	0	0	0	0	0	0	0	0	0	0	0	0	0	0	0	0
60	A	T	ORF	S	NULL	0	0	0	0	0.0001	0.000237073	0.0001	0.000527104	0.158715	0.118263	0.185729	0.380583	0.0001	0.0001	0.309323	0.593573	0.0545473	0.0001	0.166295	0.000702525	0.244736	0.000244671	0.999988	0.116289	0.557708	0.000236749	0.083492	0.000313637	0.000363629	0.147538	0.40161	0.00037563	0.589352	0.381267	0.000338142	0.999988	0.652464	0.000542763	0.0001	0.098787	0.999988	0.0602044	0.465061	0.764489	0.000270048	0.999988	0.0001	0.000606455	0.0135101	0.000501133	0.0972512	0.000481591	0.297253	0.0001
61	A	T	ORF	S	NULL	0	0	0	0	0	0	0	0	0	0	0	0	0	0	0	0	0	0	0	0	0	0	0	0	0	0	0	0	0	0	0	0	0	0	0	0	0	0	0	0	0	0	0	0	0	0	0	0	0	0	0	0	0	0
62	A	T	ORF	S	NULL	0	0	0	0	0	0	0	0	0	0	0	0	0	0	0	0	0	0	0	0	0	0	0	0	0	0	0	0	0	0	0	0	0	0	0	0	0	0	0	0	0	0	0	0	0	0	0	0	0	0	0	0	0	0
63	A	T	ORF	S	NULL	0	0	0	0	0	0	0	0	0	0	0	0	0	0	0	0	0	0	0	0	0	0	0	0	0	0	0	0	0	0	0	0	0	0	0	0	0	0	0	0	0	0	0	0	0	0	0	0	0	0	0	0	0	0
64	A	T	ORF	S	NULL	0	0	0	0	0.0001	0.00010271	0.0001	0.0302799	0.40635	0.0631694	0.000222318	0.123395	0.999966	0.999966	0.000132535	0.0712711	0.191405	0.999966	0.000125868	0.850326	0.0302256	0.000106993	0.0001	0.000125506	0.000194876	0.728192	0.0732584	0.000175842	0.0111331	0.311311	0.000298328	0.708228	0.410181	0.0001	0.000192159	0.0001	0.000100607	0.000382103	0.0001	0.000250198	0.0001	0.0691314	0.0613496	0.0641128	0.511241	0.0001	0.999966	0.935157	0.0642731	0.000501135	0.452212	0.515312	0.0570984	0.0001
65	A	T	ORF	S	NULL	0	0	0	0	0.0001	0.0001	0.0001	0.0702206	0.000165411	0.139088	0.46227	0.146234	0.0001	0.0001	0.690163	0.000262458	0.000220592	0.0001	0.24415	0.000221088	0.273249	0.187177	0.0001	0.000125493	0.14116	0.000152623	0.000336807	0.605127	0.0260571	0.379249	0.000231958	0.291121	0.0001	0.0001	0.0001	0.0001	0.000100601	0.273249	0.0001	0.309223	0.0001	0.0001	0.100463	0.0001	0.488134	0.0001	0.0001	0.0640242	0.491315	0.506251	0.000104219	0.273218	0.0001	0.0001
66	A	T	ORF	S	NULL	0	0	0	0	0.0001	0.0001	0.0001	0.0702206	0.000165411	0.139088	0.46227	0.146234	0.0001	0.0001	0.690163	0.000262458	0.000220592	0.0001	0.24415	0.000221088	0.273249	0.187177	0.0001	0.000125493	0.14116	0.000152623	0.000336807	0.605127	0.0260571	0.379249	0.000231958	0.291121	0.0001	0.0001	0.0001	0.0001	0.000100601	0.273249	0.0001	0.309223	0.0001	0.0001	0.100463	0.0001	0.488134	0.0001	0.0001	0.0640242	0.491315	0.506251	0.000104219	0.273218	0.0001	0.0001
67	A	T	ORF	S	NULL	0	0	0	0	0	0	0	0	0	0	0	0	0	0	0	0	0	0	0	0	0	0	0	0	0	0	0	0	0	0	0	0	0	0	0	0	0	0	0	0	0	0	0	0	0	0	0	0	0	0	0	0	0	0
68	A	T	ORF	S	NULL	0	0	0	0	0	0	0	0	0	0	0	0	0	0	0	0	0	0	0	0	0	0	0	0	0	0	0	0	0	0	0	0	0	0	0	0	0	0	0	0	0	0	0	0	0	0	0	0	0	0	0	0	0	0
69	A	T	ORF	S	NULL	0	0	0	0	0	0	0	0	0	0	0	0	0	0	0	0	0	0	0	0	0	0	0	0	0	0	0	0	0	0	0	0	0	0	0	0	0	0	0	0	0	0	0	0	0	0	0	0	0	0	0	0	0	0
70	A	T	ORF	S	NULL	0	0	0	0	0	0	0	0	0	0	0	0	0	0	0	0	0	0	0	0	0	0	0	0	0	0	0	0	0	0	0	0	0	0	0	0	0	0	0	0	0	0	0	0	0	0	0	0	0	0	0	0	0	0
71	A	T	ORF	S	NULL	0	0	0	0	0.999949	0.0492408	0.999949	0.898445	0.114307	0.184264	0.0983109	0.349408	0.0001	0.0001	0.000190563	0.000503974	0.643434	0.0001	0.00018221	0.0614398	0.0823092	0.812226	0.0001	0.00018177	0.0216384	0.000236727	0.147349	0.376206	0.000209149	0.161536	0.0594027	0.000137949	0.000187693	0.618194	0.223138	0.0001	0.000149347	0.660437	0.0001	0.000337672	0.0001	0.870268	0.121646	0.17117	0.000177584	0.0001	0.0001	0.000135642	0.393389	0.35438	0.450277	0.000481551	0.000378384	0.999949
72	A	T	ORF	S	NULL	0	0	0	0	0	0	0	0	0	0	0	0	0	0	0	0	0	0	0	0	0	0	0	0	0	0	0	0	0	0	0	0	0	0	0	0	0	0	0	0	0	0	0	0	0	0	0	0	0	0	0	0	0	0
73	A	T	ORF	S	NULL	0	0	0	0	0	0	0	0	0	0	0	0	0	0	0	0	0	0	0	0	0	0	0	0	0	0	0	0	0	0	0	0	0	0	0	0	0	0	0	0	0	0	0	0	0	0	0	0	0	0	0	0	0	0
74	A	T	ORF	S	NULL	0	0	0	0	0	0	0	0	0	0	0	0	0	0	0	0	0	0	0	0	0	0	0	0	0	0	0	0	0	0	0	0	0	0	0	0	0	0	0	0	0	0	0	0	0	0	0	0	0	0	0	0	0	0
75	A	T	ORF	S	NULL	0	0	0	0	0	0	0	0	0	0	0	0	0	0	0	0	0	0	0	0	0	0	0	0	0	0	0	0	0	0	0	0	0	0	0	0	0	0	0	0	0	0	0	0	0	0	0	0	0	0	0	0	0	0
76	A	T	ORF	S	NULL	0	0	0	0	0	0	0	0	0	0	0	0	0	0	0	0	0	0	0	0	0	0	0	0	0	0	0	0	0	0	0	0	0	0	0	0	0	0	0	0	0	0	0	0	0	0	0	0	0	0	0	0	0	0
77	A	T	ORF	S	NULL	0	0	0	0	0.0001	0.0001	0.0001	0.0702206	0.000165411	0.139088	0.46227	0.146234	0.0001	0.0001	0.690163	0.000262458	0.000220592	0.0001	0.24415	0.000221088	0.273249	0.187177	0.0001	0.000125493	0.14116	0.000152623	0.000336807	0.605127	0.0260571	0.379249	0.000231958	0.291121	0.0001	0.0001	0.0001	0.0001	0.000100601	0.273249	0.0001	0.309223	0.0001	0.0001	0.100463	0.0001	0.488134	0.0001	0.0001	0.0640242	0.491315	0.506251	0.000104219	0.273218	0.0001	0.0001
78	A	T	ORF	S	NULL	0	0	0	0	0.0001	0.950351	0.0001	0.000527083	0.320463	0.495216	0.253467	0.000379309	0.0001	0.0001	0.000190576	0.334389	0.110393	0.0001	0.589246	0.0873107	0.369481	0.000244671	0.0001	0.883278	0.279299	0.271182	0.695564	0.0181778	0.962237	0.000366005	0.538457	0.000137959	0.000187705	0.000383901	0.776285	0.0001	0.347187	0.0653891	0.99996	0.591402	0.0001	0.000346163	0.25148	0.000156249	0.000177596	0.0001	0.0001	0.0001	0.0375123	0.138366	0.000155109	0.210506	0.64521	0.0001
79	A	T	ORF	S	NULL	0	0	0	0	0.0001	0.00010271	0.0001	0.0302799	0.40635	0.0631694	0.000222318	0.123395	0.999966	0.999966	0.000132535	0.0712711	0.191405	0.999966	0.000125868	0.850326	0.0302256	0.000106993	0.0001	0.000125506	0.000194876	0.728192	0.0732584	0.000175842	0.0111331	0.311311	0.000298328	0.708228	0.410181	0.0001	0.000192159	0.0001	0.000100607	0.000382103	0.0001	0.000250198	0.0001	0.0691314	0.0613496	0.0641128	0.511241	0.0001	0.999966	0.935157	0.0642731	0.000501135	0.452212	0.515312	0.0570984	0.0001
80	A	T	ORF	S	NULL	0	0	0	0	0	0	0	0	0	0	0	0	0	0	0	0	0	0	0	0	0	0	0	0	0	0	0	0	0	0	0	0	0	0	0	0	0	0	0	0	0	0	0	0	0	0	0	0	0	0	0	0	0	0
81	A	T	ORF	S	NULL	0	0	0	0	0	0	0	0	0	0	0	0	0	0	0	0	0	0	0	0	0	0	0	0	0	0	0	0	0	0	0	0	0	0	0	0	0	0	0	0	0	0	0	0	0	0	0	0	0	0	0	0	0	0
82	A	T	ORF	S	NULL	0	0	0	0	0	0	0	0	0	0	0	0	0	0	0	0	0	0	0	0	0	0	0	0	0	0	0	0	0	0	0	0	0	0	0	0	0	0	0	0	0	0	0	0	0	0	0	0	0	0	0	0	0	0
83	A	T	ORF	S	NULL	0	0	0	0	0	0	0	0	0	0	0	0	0	0	0	0	0	0	0	0	0	0	0	0	0	0	0	0	0	0	0	0	0	0	0	0	0	0	0	0	0	0	0	0	0	0	0	0	0	0	0	0	0	0
84	A	T	ORF	S	NULL	0	0	0	0	0	0	0	0	0	0	0	0	0	0	0	0	0	0	0	0	0	0	0	0	0	0	0	0	0	0	0	0	0	0	0	0	0	0	0	0	0	0	0	0	0	0	0	0	0	0	0	0	0	0
85	A	T	ORF	S	NULL	0	0	0	0	0	0	0	0	0	0	0	0	0	0	0	0	0	0	0	0	0	0	0	0	0	0	0	0	0	0	0	0	0	0	0	0	0	0	0	0	0	0	0	0	0	0	0	0	0	0	0	0	0	0
86	A	T	ORF	S	NULL	0	0	0	0	0	0	0	0	0	0	0	0	0	0	0	0	0	0	0	0	0	0	0	0	0	0	0	0	0	0	0	0	0	0	0	0	0	0	0	0	0	0	0	0	0	0	0	0	0	0	0	0	0	0
87	A	T	ORF	S	NULL	0	0	0	0	0.0001	0.00010271	0.0001	0.0302799	0.40635	0.0631694	0.000222318	0.123395	0.999966	0.999966	0.000132535	0.0712711	0.191405	0.999966	0.000125868	0.850326	0.0302256	0.000106993	0.0001	0.000125506	0.000194876	0.728192	0.0732584	0.000175842	0.0111331	0.311311	0.000298328	0.708228	0.410181	0.0001	0.000192159	0.0001	0.000100607	0.000382103	0.0001	0.000250198	0.0001	0.0691314	0.0613496	0.0641128	0.511241	0.0001	0.999966	0.935157	0.0642731	0.000501135	0.452212	0.515312	0.0570984	0.0001
88	A	T	ORF	S	NULL	0	0	0	0	0	0	0	0	0	0	0	0	0	0	0	0	0	0	0	0	0	0	0	0	0	0	0	0	0	0	0	0	0	0	0	0	0	0	0	0	0	0	0	0	0	0	0	0	0	0	0	0	0	0
89	A	T	ORF	S	NULL	0	0	0	0	0.0001	0.950351	0.0001	0.000527083	0.320463	0.495216	0.253467	0.000379309	0.0001	0.0001	0.000190576	0.334389	0.110393	0.0001	0.589246	0.0873107	0.369481	0.000244671	0.0001	0.883278	0.279299	0.271182	0.695564	0.0181778	0.962237	0.000366005	0.538457	0.000137959	0.000187705	0.000383901	0.776285	0.0001	0.347187	0.0653891	0.99996	0.591402	0.0001	0.000346163	0.25148	0.000156249	0.000177596	0.0001	0.0001	0.0001	0.0375123	0.138366	0.000155109	0.210506	0.64521	0.0001
90	A	T	ORF	S	NULL	0	0	0	0	0.0001	0.00010271	0.0001	0.0302799	0.40635	0.0631694	0.000222318	0.123395	0.999966	0.999966	0.000132535	0.0712711	0.191405	0.999966	0.000125868	0.850326	0.0302256	0.000106993	0.0001	0.000125506	0.000194876	0.728192	0.0732584	0.000175842	0.0111331	0.311311	0.000298328	0.708228	0.410181	0.0001	0.000192159	0.0001	0.000100607	0.000382103	0.0001	0.000250198	0.0001	0.0691314	0.0613496	0.0641128	0.511241	0.0001	0.999966	0.935157	0.0642731	0.000501135	0.452212	0.515312	0.0570984	0.0001
91	A	T	ORF	S	NULL	0	0	0	0	0	0	0	0	0	0	0	0	0	0	0	0	0	0	0	0	0	0	0	0	0	0	0	0	0	0	0	0	0	0	0	0	0	0	0	0	0	0	0	0	0	0	0	0	0	0	0	0	0	0
92	A	T	ORF	S	NULL	0	0	0	0	0.999949	0.0492408	0.999949	0.898445	0.114307	0.184264	0.0983109	0.349408	0.0001	0.0001	0.000190563	0.000503974	0.643434	0.0001	0.00018221	0.0614398	0.0823092	0.812226	0.0001	0.00018177	0.0216384	0.000236727	0.147349	0.376206	0.000209149	0.161536	0.0594027	0.000137949	0.000187693	0.618194	0.223138	0.0001	0.000149347	0.660437	0.0001	0.000337672	0.0001	0.870268	0.121646	0.17117	0.000177584	0.0001	0.0001	0.000135642	0.393389	0.35438	0.450277	0.000481551	0.000378384	0.999949
93	A	T	ORF	S	NULL	0	0	0	0	0	0	0	0	0	0	0	0	0	0	0	0	0	0	0	0	0	0	0	0	0	0	0	0	0	0	0	0	0	0	0	0	0	0	0	0	0	0	0	0	0	0	0	0	0	0	0	0	0	0
94	A	T	ORF	S	NULL	0	0	0	0	0	0	0	0	0	0	0	0	0	0	0	0	0	0	0	0	0	0	0	0	0	0	0	0	0	0	0	0	0	0	0	0	0	0	0	0	0	0	0	0	0	0	0	0	0	0	0	0	0	0
95	A	T	ORF	S	NULL	0	0	0	0	0	0	0	0	0	0	0	0	0	0	0	0	0	0	0	0	0	0	0	0	0	0	0	0	0	0	0	0	0	0	0	0	0	0	0	0	0	0	0	0	0	0	0	0	0	0	0	0	0	0
96	A	T	ORF	S	NULL	0	0	0	0	0.0001	0.950351	0.0001	0.000527083	0.320463	0.495216	0.253467	0.000379309	0.0001	0.0001	0.000190576	0.334389	0.110393	0.0001	0.589246	0.0873107	0.369481	0.000244671	0.0001	0.883278	0.279299	0.271182	0.695564	0.0181778	0.962237	0.000366005	0.538457	0.000137959	0.000187705	0.000383901	0.776285	0.0001	0.347187	0.0653891	0.99996	0.591402	0.0001	0.000346163	0.25148	0.000156249	0.000177596	0.0001	0.0001	0.0001	0.0375123	0.138366	0.000155109	0.210506	0.64521	0.0001
97	A	T	ORF	S	NULL	0	0	0	0	0	0	0	0	0	0	0	0	0	0	0	0	0	0	0	0	0	0	0	0	0	0	0	0	0	0	0	0	0	0	0	0	0	0	0	0	0	0	0	0	0	0	0	0	0	0	0	0	0	0
98	A	T	ORF	S	NULL	0	0	0	0	0	0	0	0	0	0	0	0	0	0	0	0	0	0	0	0	0	0	0	0	0	0	0	0	0	0	0	0	0	0	0	0	0	0	0	0	0	0	0	0	0	0	0	0	0	0	0	0	0	0
99	A	T	ORF	S	NULL	0	0	0	0	0	0	0	0	0	0	0	0	0	0	0	0	0	0	0	0	0	0	0	0	0	0	0	0	0	0	0	0	0	0	0	0	0	0	0	0	0	0	0	0	0	0	0	0	0	0	0	0	0	0
100	A	T	ORF	S	NULL	0	0	0	0	0	0	0	0	0	0	0	0	0	0	0	0	0	0	0	0	0	0	0	0	0	0	0	0	0	0	0	0	0	0	0	0	0	0	0	0	0	0	0	0	0	0	0	0	0	0	0	0	0	0
