pos	ref	alt	gene	N/S	AA	nSRAsubclonal	nSRAclonal	nSRA	nConsensus	sample0|Earth	sample1|Earth	sample2|Earth	sample3|Earth	sample4|Earth	sample5|Earth	sample6|Earth	sample7|Earth	sample8|Earth	sample9|Earth	sample10|Earth	sample11|Earth	sample12|Earth	sample13|Earth	sample14|Earth	sample15|Earth	sample16|Earth	sample17|Earth	sample18|Earth	sample19|Earth	sample20|Earth	sample21|Earth	sample22|Earth	sample23|Earth	sample24|Earth	sample25|Earth	sample26|Earth	sample27|Earth	sample28|Earth	sample29|Earth	sample30|Earth	sample31|Earth	sample32|Earth	sample33|Earth	sample34|Earth	sample35|Earth	sample36|Earth	sample37|Earth	sample38|Earth	sample39|Earth	sample40|Earth	sample41|Earth	sample42|Earth	sample43|Earth	sample44|Earth	sample45|Earth	sample46|Earth	sample47|Earth	sample48|Earth	sample49|Earth
1	A	T	ORF	S	NULL	0	0	0	0	0.0001	0.000100484	0.0001	0.0702356	0.000230975	0.139105	0.462276	0.146243	0.0001	0.0001	0.690159	0.000230038	0.000229706	0.0001	0.244116	0.000231438	0.273257	0.187108	0.000100039	0.000100477	0.141243	0.00010057	0.0002313	0.60515	0.0260953	0.379267	0.000230489	0.291121	0.000100021	0.000100041	0.000100047	0.000100039	0.00010005	0.273256	0.0001	0.309261	0.000100039	0.000100093	0.100378	0.000100058	0.48814	0.000100039	0.0001	0.0640985	0.491278	0.50628	0.000100104	0.273258	0.000100122	0.0001
2	A	T	ORF	S	NULL	0	0	0	0	0	0	0	0	0	0	0	0	0	0	0	0	0	0	0	0	0	0	0	0	0	0	0	0	0	0	0	0	0	0	0	0	0	0	0	0	0	0	0	0	0	0	0	0	0	0	0	0	0	0
3	A	T	ORF	S	NULL	0	0	0	0	0	0	0	0	0	0	0	0	0	0	0	0	0	0	0	0	0	0	0	0	0	0	0	0	0	0	0	0	0	0	0	0	0	0	0	0	0	0	0	0	0	0	0	0	0	0	0	0	0	0
4	A	T	ORF	S	NULL	0	0	0	0	0	0	0	0	0	0	0	0	0	0	0	0	0	0	0	0	0	0	0	0	0	0	0	0	0	0	0	0	0	0	0	0	0	0	0	0	0	0	0	0	0	0	0	0	0	0	0	0	0	0
5	A	T	ORF	S	NULL	0	0	0	0	0	0	0	0	0	0	0	0	0	0	0	0	0	0	0	0	0	0	0	0	0	0	0	0	0	0	0	0	0	0	0	0	0	0	0	0	0	0	0	0	0	0	0	0	0	0	0	0	0	0
6	A	T	ORF	S	NULL	0	0	0	0	0	0	0	0	0	0	0	0	0	0	0	0	0	0	0	0	0	0	0	0	0	0	0	0	0	0	0	0	0	0	0	0	0	0	0	0	0	0	0	0	0	0	0	0	0	0	0	0	0	0
7	A	T	ORF	S	NULL	0	0	0	0	0	0	0	0	0	0	0	0	0	0	0	0	0	0	0	0	0	0	0	0	0	0	0	0	0	0	0	0	0	0	0	0	0	0	0	0	0	0	0	0	0	0	0	0	0	0	0	0	0	0
8	A	T	ORF	S	NULL	0	0	0	0	0.0001	0.000131601	0.0001	0.0302982	0.406343	0.0631378	0.00029844	0.12331	0.999985	0.999985	0.000132757	0.0713038	0.191317	0.999985	0.0001322	0.850395	0.030301	0.000129434	0.000100047	0.000131285	0.000296354	0.728214	0.0733055	0.000132457	0.0111327	0.311334	0.000296335	0.708213	0.410176	0.0001278	0.000130924	0.000100047	0.000129142	0.00029642	0.0001	0.000298719	0.000100047	0.0691353	0.0614697	0.0641347	0.511191	0.000100047	0.999985	0.935239	0.0643052	0.000298279	0.452181	0.515358	0.0571364	0.0001
9	A	T	ORF	S	NULL	0	0	0	0	0	0	0	0	0	0	0	0	0	0	0	0	0	0	0	0	0	0	0	0	0	0	0	0	0	0	0	0	0	0	0	0	0	0	0	0	0	0	0	0	0	0	0	0	0	0	0	0	0	0
10	A	T	ORF	S	NULL	0	0	0	0	0	0	0	0	0	0	0	0	0	0	0	0	0	0	0	0	0	0	0	0	0	0	0	0	0	0	0	0	0	0	0	0	0	0	0	0	0	0	0	0	0	0	0	0	0	0	0	0	0	0
11	A	T	ORF	S	NULL	0	0	0	0	0	0	0	0	0	0	0	0	0	0	0	0	0	0	0	0	0	0	0	0	0	0	0	0	0	0	0	0	0	0	0	0	0	0	0	0	0	0	0	0	0	0	0	0	0	0	0	0	0	0
12	A	T	ORF	S	NULL	0	0	0	0	0.999994	0.0491951	0.999994	0.898515	0.114411	0.184213	0.0984111	0.349442	0.0001	0.0001	0.000190121	0.000394621	0.643481	0.0001	0.000189336	0.0614049	0.0824081	0.812295	0.000100059	0.000188304	0.0213981	0.000188508	0.147416	0.37624	0.000189615	0.161419	0.0594033	0.000189902	0.000185779	0.618267	0.223218	0.000100059	0.000185637	0.660485	0.0001	0.000398273	0.000100059	0.870302	0.12162	0.171207	0.000190744	0.000100059	0.0001	0.000188929	0.39345	0.354446	0.450247	0.000398274	0.000187581	0.999994
13	A	T	ORF	S	NULL	0	0	0	0	0	0	0	0	0	0	0	0	0	0	0	0	0	0	0	0	0	0	0	0	0	0	0	0	0	0	0	0	0	0	0	0	0	0	0	0	0	0	0	0	0	0	0	0	0	0	0	0	0	0
14	A	T	ORF	S	NULL	0	0	0	0	0	0	0	0	0	0	0	0	0	0	0	0	0	0	0	0	0	0	0	0	0	0	0	0	0	0	0	0	0	0	0	0	0	0	0	0	0	0	0	0	0	0	0	0	0	0	0	0	0	0
15	A	T	ORF	S	NULL	0	0	0	0	0.0001	0.000100484	0.0001	0.0702356	0.000230975	0.139105	0.462276	0.146243	0.0001	0.0001	0.690159	0.000230038	0.000229706	0.0001	0.244116	0.000231438	0.273257	0.187108	0.000100039	0.000100477	0.141243	0.00010057	0.0002313	0.60515	0.0260953	0.379267	0.000230489	0.291121	0.000100021	0.000100041	0.000100047	0.000100039	0.00010005	0.273256	0.0001	0.309261	0.000100039	0.000100093	0.100378	0.000100058	0.48814	0.000100039	0.0001	0.0640985	0.491278	0.50628	0.000100104	0.273258	0.000100122	0.0001
16	A	T	ORF	S	NULL	0	0	0	0	0	0	0	0	0	0	0	0	0	0	0	0	0	0	0	0	0	0	0	0	0	0	0	0	0	0	0	0	0	0	0	0	0	0	0	0	0	0	0	0	0	0	0	0	0	0	0	0	0	0
17	A	T	ORF	S	NULL	0	0	0	0	0	0	0	0	0	0	0	0	0	0	0	0	0	0	0	0	0	0	0	0	0	0	0	0	0	0	0	0	0	0	0	0	0	0	0	0	0	0	0	0	0	0	0	0	0	0	0	0	0	0
18	A	T	ORF	S	NULL	0	0	0	0	0	0	0	0	0	0	0	0	0	0	0	0	0	0	0	0	0	0	0	0	0	0	0	0	0	0	0	0	0	0	0	0	0	0	0	0	0	0	0	0	0	0	0	0	0	0	0	0	0	0
19	A	T	ORF	S	NULL	0	0	0	0	0	0	0	0	0	0	0	0	0	0	0	0	0	0	0	0	0	0	0	0	0	0	0	0	0	0	0	0	0	0	0	0	0	0	0	0	0	0	0	0	0	0	0	0	0	0	0	0	0	0
20	A	T	ORF	S	NULL	0	0	0	0	0	0	0	0	0	0	0	0	0	0	0	0	0	0	0	0	0	0	0	0	0	0	0	0	0	0	0	0	0	0	0	0	0	0	0	0	0	0	0	0	0	0	0	0	0	0	0	0	0	0
21	A	T	ORF	S	NULL	0	0	0	0	0	0	0	0	0	0	0	0	0	0	0	0	0	0	0	0	0	0	0	0	0	0	0	0	0	0	0	0	0	0	0	0	0	0	0	0	0	0	0	0	0	0	0	0	0	0	0	0	0	0
22	A	T	ORF	S	NULL	0	0	0	0	0	0	0	0	0	0	0	0	0	0	0	0	0	0	0	0	0	0	0	0	0	0	0	0	0	0	0	0	0	0	0	0	0	0	0	0	0	0	0	0	0	0	0	0	0	0	0	0	0	0
23	A	T	ORF	S	NULL	0	0	0	0	0	0	0	0	0	0	0	0	0	0	0	0	0	0	0	0	0	0	0	0	0	0	0	0	0	0	0	0	0	0	0	0	0	0	0	0	0	0	0	0	0	0	0	0	0	0	0	0	0	0
24	A	T	ORF	S	NULL	0	0	0	0	0	0	0	0	0	0	0	0	0	0	0	0	0	0	0	0	0	0	0	0	0	0	0	0	0	0	0	0	0	0	0	0	0	0	0	0	0	0	0	0	0	0	0	0	0	0	0	0	0	0
25	A	T	ORF	S	NULL	0	0	0	0	0	0	0	0	0	0	0	0	0	0	0	0	0	0	0	0	0	0	0	0	0	0	0	0	0	0	0	0	0	0	0	0	0	0	0	0	0	0	0	0	0	0	0	0	0	0	0	0	0	0
26	A	T	ORF	S	NULL	0	0	0	0	0	0	0	0	0	0	0	0	0	0	0	0	0	0	0	0	0	0	0	0	0	0	0	0	0	0	0	0	0	0	0	0	0	0	0	0	0	0	0	0	0	0	0	0	0	0	0	0	0	0
27	A	T	ORF	S	NULL	0	0	0	0	0	0	0	0	0	0	0	0	0	0	0	0	0	0	0	0	0	0	0	0	0	0	0	0	0	0	0	0	0	0	0	0	0	0	0	0	0	0	0	0	0	0	0	0	0	0	0	0	0	0
28	A	T	ORF	S	NULL	0	0	0	0	0	0	0	0	0	0	0	0	0	0	0	0	0	0	0	0	0	0	0	0	0	0	0	0	0	0	0	0	0	0	0	0	0	0	0	0	0	0	0	0	0	0	0	0	0	0	0	0	0	0
29	A	T	ORF	S	NULL	0	0	0	0	0	0	0	0	0	0	0	0	0	0	0	0	0	0	0	0	0	0	0	0	0	0	0	0	0	0	0	0	0	0	0	0	0	0	0	0	0	0	0	0	0	0	0	0	0	0	0	0	0	0
30	A	T	ORF	S	NULL	0	0	0	0	0	0	0	0	0	0	0	0	0	0	0	0	0	0	0	0	0	0	0	0	0	0	0	0	0	0	0	0	0	0	0	0	0	0	0	0	0	0	0	0	0	0	0	0	0	0	0	0	0	0
31	A	T	ORF	S	NULL	0	0	0	0	0	0	0	0	0	0	0	0	0	0	0	0	0	0	0	0	0	0	0	0	0	0	0	0	0	0	0	0	0	0	0	0	0	0	0	0	0	0	0	0	0	0	0	0	0	0	0	0	0	0
32	A	T	ORF	S	NULL	0	0	0	0	0.000100001	0.000284766	0.000100001	0.000557963	0.158583	0.1183	0.185589	0.380611	0.0001	0.0001	0.309328	0.59364	0.054566	0.0001	0.166308	0.000562207	0.244596	0.000281032	0.999995	0.1163	0.557636	0.000284506	0.0835731	0.000285888	0.000285817	0.147583	0.401615	0.00028631	0.589361	0.38133	0.000283612	0.999995	0.652369	0.000560481	0.0001	0.0985775	0.999995	0.0602871	0.464901	0.764382	0.00028744	0.999995	0.0001	0.00028501	0.0135649	0.000563588	0.0972942	0.000564324	0.297323	0.000100001
33	A	T	ORF	S	NULL	0	0	0	0	0	0	0	0	0	0	0	0	0	0	0	0	0	0	0	0	0	0	0	0	0	0	0	0	0	0	0	0	0	0	0	0	0	0	0	0	0	0	0	0	0	0	0	0	0	0	0	0	0	0
34	A	T	ORF	S	NULL	0	0	0	0	0	0	0	0	0	0	0	0	0	0	0	0	0	0	0	0	0	0	0	0	0	0	0	0	0	0	0	0	0	0	0	0	0	0	0	0	0	0	0	0	0	0	0	0	0	0	0	0	0	0
35	A	T	ORF	S	NULL	0	0	0	0	0	0	0	0	0	0	0	0	0	0	0	0	0	0	0	0	0	0	0	0	0	0	0	0	0	0	0	0	0	0	0	0	0	0	0	0	0	0	0	0	0	0	0	0	0	0	0	0	0	0
36	A	T	ORF	S	NULL	0	0	0	0	0.0001	0.950294	0.0001	0.000393485	0.320432	0.495243	0.253426	0.000394519	0.0001	0.0001	0.000190127	0.334432	0.110406	0.0001	0.589255	0.0874063	0.369438	0.000185921	0.000100098	0.883287	0.279426	0.271219	0.695474	0.0181914	0.962297	0.000397278	0.538455	0.000189894	0.000185789	0.000183942	0.776274	0.000100098	0.347224	0.0654026	0.999985	0.591464	0.000100098	0.000184452	0.251631	0.000184429	0.000190738	0.000100098	0.0001	0.000188919	0.0374015	0.138413	0.000186043	0.210422	0.645259	0.0001
37	A	T	ORF	S	NULL	0	0	0	0	0	0	0	0	0	0	0	0	0	0	0	0	0	0	0	0	0	0	0	0	0	0	0	0	0	0	0	0	0	0	0	0	0	0	0	0	0	0	0	0	0	0	0	0	0	0	0	0	0	0
38	A	T	ORF	S	NULL	0	0	0	0	0	0	0	0	0	0	0	0	0	0	0	0	0	0	0	0	0	0	0	0	0	0	0	0	0	0	0	0	0	0	0	0	0	0	0	0	0	0	0	0	0	0	0	0	0	0	0	0	0	0
39	A	T	ORF	S	NULL	0	0	0	0	0.000100001	0.000284766	0.000100001	0.000557963	0.158583	0.1183	0.185589	0.380611	0.0001	0.0001	0.309328	0.59364	0.054566	0.0001	0.166308	0.000562207	0.244596	0.000281032	0.999995	0.1163	0.557636	0.000284506	0.0835731	0.000285888	0.000285817	0.147583	0.401615	0.00028631	0.589361	0.38133	0.000283612	0.999995	0.652369	0.000560481	0.0001	0.0985775	0.999995	0.0602871	0.464901	0.764382	0.00028744	0.999995	0.0001	0.00028501	0.0135649	0.000563588	0.0972942	0.000564324	0.297323	0.000100001
40	A	T	ORF	S	NULL	0	0	0	0	0	0	0	0	0	0	0	0	0	0	0	0	0	0	0	0	0	0	0	0	0	0	0	0	0	0	0	0	0	0	0	0	0	0	0	0	0	0	0	0	0	0	0	0	0	0	0	0	0	0
41	A	T	ORF	S	NULL	0	0	0	0	0.999994	0.0491951	0.999994	0.898515	0.114411	0.184213	0.0984111	0.349442	0.0001	0.0001	0.000190121	0.000394621	0.643481	0.0001	0.000189336	0.0614049	0.0824081	0.812295	0.000100059	0.000188304	0.0213981	0.000188508	0.147416	0.37624	0.000189615	0.161419	0.0594033	0.000189902	0.000185779	0.618267	0.223218	0.000100059	0.000185637	0.660485	0.0001	0.000398273	0.000100059	0.870302	0.12162	0.171207	0.000190744	0.000100059	0.0001	0.000188929	0.39345	0.354446	0.450247	0.000398274	0.000187581	0.999994
42	A	T	ORF	S	NULL	0	0	0	0	0	0	0	0	0	0	0	0	0	0	0	0	0	0	0	0	0	0	0	0	0	0	0	0	0	0	0	0	0	0	0	0	0	0	0	0	0	0	0	0	0	0	0	0	0	0	0	0	0	0
43	A	T	ORF	S	NULL	0	0	0	0	0	0	0	0	0	0	0	0	0	0	0	0	0	0	0	0	0	0	0	0	0	0	0	0	0	0	0	0	0	0	0	0	0	0	0	0	0	0	0	0	0	0	0	0	0	0	0	0	0	0
44	A	T	ORF	S	NULL	0	0	0	0	0.0001	0.000100484	0.0001	0.0702356	0.000230975	0.139105	0.462276	0.146243	0.0001	0.0001	0.690159	0.000230038	0.000229706	0.0001	0.244116	0.000231438	0.273257	0.187108	0.000100039	0.000100477	0.141243	0.00010057	0.0002313	0.60515	0.0260953	0.379267	0.000230489	0.291121	0.000100021	0.000100041	0.000100047	0.000100039	0.00010005	0.273256	0.0001	0.309261	0.000100039	0.000100093	0.100378	0.000100058	0.48814	0.000100039	0.0001	0.0640985	0.491278	0.50628	0.000100104	0.273258	0.000100122	0.0001
45	A	T	ORF	S	NULL	0	0	0	0	0	0	0	0	0	0	0	0	0	0	0	0	0	0	0	0	0	0	0	0	0	0	0	0	0	0	0	0	0	0	0	0	0	0	0	0	0	0	0	0	0	0	0	0	0	0	0	0	0	0
46	A	T	ORF	S	NULL	0	0	0	0	0	0	0	0	0	0	0	0	0	0	0	0	0	0	0	0	0	0	0	0	0	0	0	0	0	0	0	0	0	0	0	0	0	0	0	0	0	0	0	0	0	0	0	0	0	0	0	0	0	0
47	A	T	ORF	S	NULL	0	0	0	0	0	0	0	0	0	0	0	0	0	0	0	0	0	0	0	0	0	0	0	0	0	0	0	0	0	0	0	0	0	0	0	0	0	0	0	0	0	0	0	0	0	0	0	0	0	0	0	0	0	0
48	A	T	ORF	S	NULL	0	0	0	0	0	0	0	0	0	0	0	0	0	0	0	0	0	0	0	0	0	0	0	0	0	0	0	0	0	0	0	0	0	0	0	0	0	0	0	0	0	0	0	0	0	0	0	0	0	0	0	0	0	0
49	A	T	ORF	S	NULL	0	0	0	0	0	0	0	0	0	0	0	0	0	0	0	0	0	0	0	0	0	0	0	0	0	0	0	0	0	0	0	0	0	0	0	0	0	0	0	0	0	0	0	0	0	0	0	0	0	0	0	0	0	0
50	A	T	ORF	S	NULL	0	0	0	0	0	0	0	0	0	0	0	0	0	0	0	0	0	0	0	0	0	0	0	0	0	0	0	0	0	0	0	0	0	0	0	0	0	0	0	0	0	0	0	0	0	0	0	0	0	0	0	0	0	0
51	A	T	ORF	S	NULL	0	0	0	0	0	0	0	0	0	0	0	0	0	0	0	0	0	0	0	0	0	0	0	0	0	0	0	0	0	0	0	0	0	0	0	0	0	0	0	0	0	0	0	0	0	0	0	0	0	0	0	0	0	0
52	A	T	ORF	S	NULL	0	0	0	0	0	0	0	0	0	0	0	0	0	0	0	0	0	0	0	0	0	0	0	0	0	0	0	0	0	0	0	0	0	0	0	0	0	0	0	0	0	0	0	0	0	0	0	0	0	0	0	0	0	0
53	A	T	ORF	S	NULL	0	0	0	0	0	0	0	0	0	0	0	0	0	0	0	0	0	0	0	0	0	0	0	0	0	0	0	0	0	0	0	0	0	0	0	0	0	0	0	0	0	0	0	0	0	0	0	0	0	0	0	0	0	0
54	A	T	ORF	S	NULL	0	0	0	0	0	0	0	0	0	0	0	0	0	0	0	0	0	0	0	0	0	0	0	0	0	0	0	0	0	0	0	0	0	0	0	0	0	0	0	0	0	0	0	0	0	0	0	0	0	0	0	0	0	0
55	A	T	ORF	S	NULL	0	0	0	0	0	0	0	0	0	0	0	0	0	0	0	0	0	0	0	0	0	0	0	0	0	0	0	0	0	0	0	0	0	0	0	0	0	0	0	0	0	0	0	0	0	0	0	0	0	0	0	0	0	0
56	A	T	ORF	S	NULL	0	0	0	0	0	0	0	0	0	0	0	0	0	0	0	0	0	0	0	0	0	0	0	0	0	0	0	0	0	0	0	0	0	0	0	0	0	0	0	0	0	0	0	0	0	0	0	0	0	0	0	0	0	0
57	A	T	ORF	S	NULL	0	0	0	0	0	0	0	0	0	0	0	0	0	0	0	0	0	0	0	0	0	0	0	0	0	0	0	0	0	0	0	0	0	0	0	0	0	0	0	0	0	0	0	0	0	0	0	0	0	0	0	0	0	0
58	A	T	ORF	S	NULL	0	0	0	0	0	0	0	0	0	0	0	0	0	0	0	0	0	0	0	0	0	0	0	0	0	0	0	0	0	0	0	0	0	0	0	0	0	0	0	0	0	0	0	0	0	0	0	0	0	0	0	0	0	0
59	A	T	ORF	S	NULL	0	0	0	0	0	0	0	0	0	0	0	0	0	0	0	0	0	0	0	0	0	0	0	0	0	0	0	0	0	0	0	0	0	0	0	0	0	0	0	0	0	0	0	0	0	0	0	0	0	0	0	0	0	0
60	A	T	ORF	S	NULL	0	0	0	0	0.000100001	0.000284766	0.000100001	0.000557963	0.158583	0.1183	0.185589	0.380611	0.0001	0.0001	0.309328	0.59364	0.054566	0.0001	0.166308	0.000562207	0.244596	0.000281032	0.999995	0.1163	0.557636	0.000284506	0.0835731	0.000285888	0.000285817	0.147583	0.401615	0.00028631	0.589361	0.38133	0.000283612	0.999995	0.652369	0.000560481	0.0001	0.0985775	0.999995	0.0602871	0.464901	0.764382	0.00028744	0.999995	0.0001	0.00028501	0.0135649	0.000563588	0.0972942	0.000564324	0.297323	0.000100001
61	A	T	ORF	S	NULL	0	0	0	0	0	0	0	0	0	0	0	0	0	0	0	0	0	0	0	0	0	0	0	0	0	0	0	0	0	0	0	0	0	0	0	0	0	0	0	0	0	0	0	0	0	0	0	0	0	0	0	0	0	0
62	A	T	ORF	S	NULL	0	0	0	0	0	0	0	0	0	0	0	0	0	0	0	0	0	0	0	0	0	0	0	0	0	0	0	0	0	0	0	0	0	0	0	0	0	0	0	0	0	0	0	0	0	0	0	0	0	0	0	0	0	0
63	A	T	ORF	S	NULL	0	0	0	0	0	0	0	0	0	0	0	0	0	0	0	0	0	0	0	0	0	0	0	0	0	0	0	0	0	0	0	0	0	0	0	0	0	0	0	0	0	0	0	0	0	0	0	0	0	0	0	0	0	0
64	A	T	ORF	S	NULL	0	0	0	0	0.0001	0.000131601	0.0001	0.0302982	0.406343	0.0631378	0.00029844	0.12331	0.999985	0.999985	0.000132757	0.0713038	0.191317	0.999985	0.0001322	0.850395	0.030301	0.000129434	0.000100047	0.000131285	0.000296354	0.728214	0.0733055	0.000132457	0.0111327	0.311334	0.000296335	0.708213	0.410176	0.0001278	0.000130924	0.000100047	0.000129142	0.00029642	0.0001	0.000298719	0.000100047	0.0691353	0.0614697	0.0641347	0.511191	0.000100047	0.999985	0.935239	0.0643052	0.000298279	0.452181	0.515358	0.0571364	0.0001
65	A	T	ORF	S	NULL	0	0	0	0	0.0001	0.000100484	0.0001	0.0702356	0.000230975	0.139105	0.462276	0.146243	0.0001	0.0001	0.690159	0.000230038	0.000229706	0.0001	0.244116	0.000231438	0.273257	0.187108	0.000100039	0.000100477	0.141243	0.00010057	0.0002313	0.60515	0.0260953	0.379267	0.000230489	0.291121	0.000100021	0.000100041	0.000100047	0.000100039	0.00010005	0.273256	0.0001	0.309261	0.000100039	0.000100093	0.100378	0.000100058	0.48814	0.000100039	0.0001	0.0640985	0.491278	0.50628	0.000100104	0.273258	0.000100122	0.0001
66	A	T	ORF	S	NULL	0	0	0	0	0.0001	0.000100484	0.0001	0.0702356	0.000230975	0.139105	0.462276	0.146243	0.0001	0.0001	0.690159	0.000230038	0.000229706	0.0001	0.244116	0.000231438	0.273257	0.187108	0.000100039	0.000100477	0.141243	0.00010057	0.0002313	0.60515	0.0260953	0.379267	0.000230489	0.291121	0.000100021	0.000100041	0.000100047	0.000100039	0.00010005	0.273256	0.0001	0.309261	0.000100039	0.000100093	0.100378	0.000100058	0.48814	0.000100039	0.0001	0.0640985	0.491278	0.50628	0.000100104	0.273258	0.000100122	0.0001
67	A	T	ORF	S	NULL	0	0	0	0	0	0	0	0	0	0	0	0	0	0	0	0	0	0	0	0	0	0	0	0	0	0	0	0	0	0	0	0	0	0	0	0	0	0	0	0	0	0	0	0	0	0	0	0	0	0	0	0	0	0
68	A	T	ORF	S	NULL	0	0	0	0	0	0	0	0	0	0	0	0	0	0	0	0	0	0	0	0	0	0	0	0	0	0	0	0	0	0	0	0	0	0	0	0	0	0	0	0	0	0	0	0	0	0	0	0	0	0	0	0	0	0
69	A	T	ORF	S	NULL	0	0	0	0	0	0	0	0	0	0	0	0	0	0	0	0	0	0	0	0	0	0	0	0	0	0	0	0	0	0	0	0	0	0	0	0	0	0	0	0	0	0	0	0	0	0	0	0	0	0	0	0	0	0
70	A	T	ORF	S	NULL	0	0	0	0	0	0	0	0	0	0	0	0	0	0	0	0	0	0	0	0	0	0	0	0	0	0	0	0	0	0	0	0	0	0	0	0	0	0	0	0	0	0	0	0	0	0	0	0	0	0	0	0	0	0
71	A	T	ORF	S	NULL	0	0	0	0	0.999994	0.0491951	0.999994	0.898515	0.114411	0.184213	0.0984111	0.349442	0.0001	0.0001	0.000190121	0.000394621	0.643481	0.0001	0.000189336	0.0614049	0.0824081	0.812295	0.000100059	0.000188304	0.0213981	0.000188508	0.147416	0.37624	0.000189615	0.161419	0.0594033	0.000189902	0.000185779	0.618267	0.223218	0.000100059	0.000185637	0.660485	0.0001	0.000398273	0.000100059	0.870302	0.12162	0.171207	0.000190744	0.000100059	0.0001	0.000188929	0.39345	0.354446	0.450247	0.000398274	0.000187581	0.999994
72	A	T	ORF	S	NULL	0	0	0	0	0	0	0	0	0	0	0	0	0	0	0	0	0	0	0	0	0	0	0	0	0	0	0	0	0	0	0	0	0	0	0	0	0	0	0	0	0	0	0	0	0	0	0	0	0	0	0	0	0	0
73	A	T	ORF	S	NULL	0	0	0	0	0	0	0	0	0	0	0	0	0	0	0	0	0	0	0	0	0	0	0	0	0	0	0	0	0	0	0	0	0	0	0	0	0	0	0	0	0	0	0	0	0	0	0	0	0	0	0	0	0	0
74	A	T	ORF	S	NULL	0	0	0	0	0	0	0	0	0	0	0	0	0	0	0	0	0	0	0	0	0	0	0	0	0	0	0	0	0	0	0	0	0	0	0	0	0	0	0	0	0	0	0	0	0	0	0	0	0	0	0	0	0	0
75	A	T	ORF	S	NULL	0	0	0	0	0	0	0	0	0	0	0	0	0	0	0	0	0	0	0	0	0	0	0	0	0	0	0	0	0	0	0	0	0	0	0	0	0	0	0	0	0	0	0	0	0	0	0	0	0	0	0	0	0	0
76	A	T	ORF	S	NULL	0	0	0	0	0	0	0	0	0	0	0	0	0	0	0	0	0	0	0	0	0	0	0	0	0	0	0	0	0	0	0	0	0	0	0	0	0	0	0	0	0	0	0	0	0	0	0	0	0	0	0	0	0	0
77	A	T	ORF	S	NULL	0	0	0	0	0.0001	0.000100484	0.0001	0.0702356	0.000230975	0.139105	0.462276	0.146243	0.0001	0.0001	0.690159	0.000230038	0.000229706	0.0001	0.244116	0.000231438	0.273257	0.187108	0.000100039	0.000100477	0.141243	0.00010057	0.0002313	0.60515	0.0260953	0.379267	0.000230489	0.291121	0.000100021	0.000100041	0.000100047	0.000100039	0.00010005	0.273256	0.0001	0.309261	0.000100039	0.000100093	0.100378	0.000100058	0.48814	0.000100039	0.0001	0.0640985	0.491278	0.50628	0.000100104	0.273258	0.000100122	0.0001
78	A	T	ORF	S	NULL	0	0	0	0	0.0001	0.950294	0.0001	0.000393485	0.320432	0.495243	0.253426	0.000394519	0.0001	0.0001	0.000190127	0.334432	0.110406	0.0001	0.589255	0.0874063	0.369438	0.000185921	0.000100098	0.883287	0.279426	0.271219	0.695474	0.0181914	0.962297	0.000397278	0.538455	0.000189894	0.000185789	0.000183942	0.776274	0.000100098	0.347224	0.0654026	0.999985	0.591464	0.000100098	0.000184452	0.251631	0.000184429	0.000190738	0.000100098	0.0001	0.000188919	0.0374015	0.138413	0.000186043	0.210422	0.645259	0.0001
79	A	T	ORF	S	NULL	0	0	0	0	0.0001	0.000131601	0.0001	0.0302982	0.406343	0.0631378	0.00029844	0.12331	0.999985	0.999985	0.000132757	0.0713038	0.191317	0.999985	0.0001322	0.850395	0.030301	0.000129434	0.000100047	0.000131285	0.000296354	0.728214	0.0733055	0.000132457	0.0111327	0.311334	0.000296335	0.708213	0.410176	0.0001278	0.000130924	0.000100047	0.000129142	0.00029642	0.0001	0.000298719	0.000100047	0.0691353	0.0614697	0.0641347	0.511191	0.000100047	0.999985	0.935239	0.0643052	0.000298279	0.452181	0.515358	0.0571364	0.0001
80	A	T	ORF	S	NULL	0	0	0	0	0	0	0	0	0	0	0	0	0	0	0	0	0	0	0	0	0	0	0	0	0	0	0	0	0	0	0	0	0	0	0	0	0	0	0	0	0	0	0	0	0	0	0	0	0	0	0	0	0	0
81	A	T	ORF	S	NULL	0	0	0	0	0	0	0	0	0	0	0	0	0	0	0	0	0	0	0	0	0	0	0	0	0	0	0	0	0	0	0	0	0	0	0	0	0	0	0	0	0	0	0	0	0	0	0	0	0	0	0	0	0	0
82	A	T	ORF	S	NULL	0	0	0	0	0	0	0	0	0	0	0	0	0	0	0	0	0	0	0	0	0	0	0	0	0	0	0	0	0	0	0	0	0	0	0	0	0	0	0	0	0	0	0	0	0	0	0	0	0	0	0	0	0	0
83	A	T	ORF	S	NULL	0	0	0	0	0	0	0	0	0	0	0	0	0	0	0	0	0	0	0	0	0	0	0	0	0	0	0	0	0	0	0	0	0	0	0	0	0	0	0	0	0	0	0	0	0	0	0	0	0	0	0	0	0	0
84	A	T	ORF	S	NULL	0	0	0	0	0	0	0	0	0	0	0	0	0	0	0	0	0	0	0	0	0	0	0	0	0	0	0	0	0	0	0	0	0	0	0	0	0	0	0	0	0	0	0	0	0	0	0	0	0	0	0	0	0	0
85	A	T	ORF	S	NULL	0	0	0	0	0	0	0	0	0	0	0	0	0	0	0	0	0	0	0	0	0	0	0	0	0	0	0	0	0	0	0	0	0	0	0	0	0	0	0	0	0	0	0	0	0	0	0	0	0	0	0	0	0	0
86	A	T	ORF	S	NULL	0	0	0	0	0	0	0	0	0	0	0	0	0	0	0	0	0	0	0	0	0	0	0	0	0	0	0	0	0	0	0	0	0	0	0	0	0	0	0	0	0	0	0	0	0	0	0	0	0	0	0	0	0	0
87	A	T	ORF	S	NULL	0	0	0	0	0.0001	0.000131601	0.0001	0.0302982	0.406343	0.0631378	0.00029844	0.12331	0.999985	0.999985	0.000132757	0.0713038	0.191317	0.999985	0.0001322	0.850395	0.030301	0.000129434	0.000100047	0.000131285	0.000296354	0.728214	0.0733055	0.000132457	0.0111327	0.311334	0.000296335	0.708213	0.410176	0.0001278	0.000130924	0.000100047	0.000129142	0.00029642	0.0001	0.000298719	0.000100047	0.0691353	0.0614697	0.0641347	0.511191	0.000100047	0.999985	0.935239	0.0643052	0.000298279	0.452181	0.515358	0.0571364	0.0001
88	A	T	ORF	S	NULL	0	0	0	0	0	0	0	0	0	0	0	0	0	0	0	0	0	0	0	0	0	0	0	0	0	0	0	0	0	0	0	0	0	0	0	0	0	0	0	0	0	0	0	0	0	0	0	0	0	0	0	0	0	0
89	A	T	ORF	S	NULL	0	0	0	0	0.0001	0.950294	0.0001	0.000393485	0.320432	0.495243	0.253426	0.000394519	0.0001	0.0001	0.000190127	0.334432	0.110406	0.0001	0.589255	0.0874063	0.369438	0.000185921	0.000100098	0.883287	0.279426	0.271219	0.695474	0.0181914	0.962297	0.000397278	0.538455	0.000189894	0.000185789	0.000183942	0.776274	0.000100098	0.347224	0.0654026	0.999985	0.591464	0.000100098	0.000184452	0.251631	0.000184429	0.000190738	0.000100098	0.0001	0.000188919	0.0374015	0.138413	0.000186043	0.210422	0.645259	0.0001
90	A	T	ORF	S	NULL	0	0	0	0	0.0001	0.000131601	0.0001	0.0302982	0.406343	0.0631378	0.00029844	0.12331	0.999985	0.999985	0.000132757	0.0713038	0.191317	0.999985	0.0001322	0.850395	0.030301	0.000129434	0.000100047	0.000131285	0.000296354	0.728214	0.0733055	0.000132457	0.0111327	0.311334	0.000296335	0.708213	0.410176	0.0001278	0.000130924	0.000100047	0.000129142	0.00029642	0.0001	0.000298719	0.000100047	0.0691353	0.0614697	0.0641347	0.511191	0.000100047	0.999985	0.935239	0.0643052	0.000298279	0.452181	0.515358	0.0571364	0.0001
91	A	T	ORF	S	NULL	0	0	0	0	0	0	0	0	0	0	0	0	0	0	0	0	0	0	0	0	0	0	0	0	0	0	0	0	0	0	0	0	0	0	0	0	0	0	0	0	0	0	0	0	0	0	0	0	0	0	0	0	0	0
92	A	T	ORF	S	NULL	0	0	0	0	0.999994	0.0491951	0.999994	0.898515	0.114411	0.184213	0.0984111	0.349442	0.0001	0.0001	0.000190121	0.000394621	0.643481	0.0001	0.000189336	0.0614049	0.0824081	0.812295	0.000100059	0.000188304	0.0213981	0.000188508	0.147416	0.37624	0.000189615	0.161419	0.0594033	0.000189902	0.000185779	0.618267	0.223218	0.000100059	0.000185637	0.660485	0.0001	0.000398273	0.000100059	0.870302	0.12162	0.171207	0.000190744	0.000100059	0.0001	0.000188929	0.39345	0.354446	0.450247	0.000398274	0.000187581	0.999994
93	A	T	ORF	S	NULL	0	0	0	0	0	0	0	0	0	0	0	0	0	0	0	0	0	0	0	0	0	0	0	0	0	0	0	0	0	0	0	0	0	0	0	0	0	0	0	0	0	0	0	0	0	0	0	0	0	0	0	0	0	0
94	A	T	ORF	S	NULL	0	0	0	0	0	0	0	0	0	0	0	0	0	0	0	0	0	0	0	0	0	0	0	0	0	0	0	0	0	0	0	0	0	0	0	0	0	0	0	0	0	0	0	0	0	0	0	0	0	0	0	0	0	0
95	A	T	ORF	S	NULL	0	0	0	0	0	0	0	0	0	0	0	0	0	0	0	0	0	0	0	0	0	0	0	0	0	0	0	0	0	0	0	0	0	0	0	0	0	0	0	0	0	0	0	0	0	0	0	0	0	0	0	0	0	0
96	A	T	ORF	S	NULL	0	0	0	0	0.0001	0.950294	0.0001	0.000393485	0.320432	0.495243	0.253426	0.000394519	0.0001	0.0001	0.000190127	0.334432	0.110406	0.0001	0.589255	0.0874063	0.369438	0.000185921	0.000100098	0.883287	0.279426	0.271219	0.695474	0.0181914	0.962297	0.000397278	0.538455	0.000189894	0.000185789	0.000183942	0.776274	0.000100098	0.347224	0.0654026	0.999985	0.591464	0.000100098	0.000184452	0.251631	0.000184429	0.000190738	0.000100098	0.0001	0.000188919	0.0374015	0.138413	0.000186043	0.210422	0.645259	0.0001
97	A	T	ORF	S	NULL	0	0	0	0	0	0	0	0	0	0	0	0	0	0	0	0	0	0	0	0	0	0	0	0	0	0	0	0	0	0	0	0	0	0	0	0	0	0	0	0	0	0	0	0	0	0	0	0	0	0	0	0	0	0
98	A	T	ORF	S	NULL	0	0	0	0	0	0	0	0	0	0	0	0	0	0	0	0	0	0	0	0	0	0	0	0	0	0	0	0	0	0	0	0	0	0	0	0	0	0	0	0	0	0	0	0	0	0	0	0	0	0	0	0	0	0
99	A	T	ORF	S	NULL	0	0	0	0	0	0	0	0	0	0	0	0	0	0	0	0	0	0	0	0	0	0	0	0	0	0	0	0	0	0	0	0	0	0	0	0	0	0	0	0	0	0	0	0	0	0	0	0	0	0	0	0	0	0
100	A	T	ORF	S	NULL	0	0	0	0	0	0	0	0	0	0	0	0	0	0	0	0	0	0	0	0	0	0	0	0	0	0	0	0	0	0	0	0	0	0	0	0	0	0	0	0	0	0	0	0	0	0	0	0	0	0	0	0	0	0
