pos	ref	alt	gene	N/S	AA	nSRAsubclonal	nSRAclonal	nSRA	nConsensus	sample0|Earth	sample1|Earth	sample2|Earth	sample3|Earth	sample4|Earth	sample5|Earth	sample6|Earth	sample7|Earth	sample8|Earth	sample9|Earth	sample10|Earth	sample11|Earth	sample12|Earth	sample13|Earth	sample14|Earth	sample15|Earth	sample16|Earth	sample17|Earth	sample18|Earth	sample19|Earth	sample20|Earth	sample21|Earth	sample22|Earth	sample23|Earth	sample24|Earth	sample25|Earth	sample26|Earth	sample27|Earth	sample28|Earth	sample29|Earth	sample30|Earth	sample31|Earth	sample32|Earth	sample33|Earth	sample34|Earth	sample35|Earth	sample36|Earth	sample37|Earth	sample38|Earth	sample39|Earth	sample40|Earth	sample41|Earth	sample42|Earth	sample43|Earth	sample44|Earth	sample45|Earth	sample46|Earth	sample47|Earth	sample48|Earth	sample49|Earth
1	A	T	ORF	S	NULL	0	0	0	0	0.05019	0.00257134	0.05019	0.114869	0.0001	0.147305	0.46724	0.16173	0.0001	0.0001	0.690195	0.000100001	0.0293326	0.0001	0.244138	0.0001	0.276906	0.22792	0.000100003	0.000106727	0.142331	0.0001	0.00641108	0.624072	0.0259203	0.382141	0.00322237	0.266059	0.0001	0.0311508	0.0113114	0.000100003	0.00010636	0.306447	0.0001	0.309297	0.000100003	0.0426449	0.105469	0.00761537	0.47011	0.000100003	0.0001	0.0309337	0.509981	0.524105	0.0150796	0.260981	0.000100001	0.05019
2	A	T	ORF	S	NULL	0	0	0	0	0	0	0	0	0	0	0	0	0	0	0	0	0	0	0	0	0	0	0	0	0	0	0	0	0	0	0	0	0	0	0	0	0	0	0	0	0	0	0	0	0	0	0	0	0	0	0	0	0	0
3	A	T	ORF	S	NULL	0	0	0	0	0	0	0	0	0	0	0	0	0	0	0	0	0	0	0	0	0	0	0	0	0	0	0	0	0	0	0	0	0	0	0	0	0	0	0	0	0	0	0	0	0	0	0	0	0	0	0	0	0	0
4	A	T	ORF	S	NULL	0	0	0	0	0	0	0	0	0	0	0	0	0	0	0	0	0	0	0	0	0	0	0	0	0	0	0	0	0	0	0	0	0	0	0	0	0	0	0	0	0	0	0	0	0	0	0	0	0	0	0	0	0	0
5	A	T	ORF	S	NULL	0	0	0	0	0	0	0	0	0	0	0	0	0	0	0	0	0	0	0	0	0	0	0	0	0	0	0	0	0	0	0	0	0	0	0	0	0	0	0	0	0	0	0	0	0	0	0	0	0	0	0	0	0	0
6	A	T	ORF	S	NULL	0	0	0	0	0	0	0	0	0	0	0	0	0	0	0	0	0	0	0	0	0	0	0	0	0	0	0	0	0	0	0	0	0	0	0	0	0	0	0	0	0	0	0	0	0	0	0	0	0	0	0	0	0	0
7	A	T	ORF	S	NULL	0	0	0	0	0	0	0	0	0	0	0	0	0	0	0	0	0	0	0	0	0	0	0	0	0	0	0	0	0	0	0	0	0	0	0	0	0	0	0	0	0	0	0	0	0	0	0	0	0	0	0	0	0	0
8	A	T	ORF	S	NULL	0	0	0	0	0.773913	0.0381337	0.773913	0.727897	0.5254	0.210436	0.076405	0.403051	1	1	0.000237523	0.0766149	0.703788	1	0.000234318	0.943058	0.0963005	0.628726	0.000100004	0.000233315	0.0167982	0.762198	0.192877	0.291265	0.012095	0.459865	0.0462035	0.733941	0.43265	0.478563	0.172815	0.000100004	0.000225692	0.5114	0.0001	0.000558655	0.000100004	0.747872	0.16017	0.201454	0.52989	0.000100004	1	0.969066	0.37362	0.274556	0.834968	0.547027	0.061277	0.773913
9	A	T	ORF	S	NULL	0	0	0	0	0	0	0	0	0	0	0	0	0	0	0	0	0	0	0	0	0	0	0	0	0	0	0	0	0	0	0	0	0	0	0	0	0	0	0	0	0	0	0	0	0	0	0	0	0	0	0	0	0	0
10	A	T	ORF	S	NULL	0	0	0	0	0	0	0	0	0	0	0	0	0	0	0	0	0	0	0	0	0	0	0	0	0	0	0	0	0	0	0	0	0	0	0	0	0	0	0	0	0	0	0	0	0	0	0	0	0	0	0	0	0	0
11	A	T	ORF	S	NULL	0	0	0	0	0	0	0	0	0	0	0	0	0	0	0	0	0	0	0	0	0	0	0	0	0	0	0	0	0	0	0	0	0	0	0	0	0	0	0	0	0	0	0	0	0	0	0	0	0	0	0	0	0	0
12	A	T	ORF	S	NULL	0	0	0	0	0	0	0	0	0	0	0	0	0	0	0	0	0	0	0	0	0	0	0	0	0	0	0	0	0	0	0	0	0	0	0	0	0	0	0	0	0	0	0	0	0	0	0	0	0	0	0	0	0	0
13	A	T	ORF	S	NULL	0	0	0	0	0	0	0	0	0	0	0	0	0	0	0	0	0	0	0	0	0	0	0	0	0	0	0	0	0	0	0	0	0	0	0	0	0	0	0	0	0	0	0	0	0	0	0	0	0	0	0	0	0	0
14	A	T	ORF	S	NULL	0	0	0	0	0	0	0	0	0	0	0	0	0	0	0	0	0	0	0	0	0	0	0	0	0	0	0	0	0	0	0	0	0	0	0	0	0	0	0	0	0	0	0	0	0	0	0	0	0	0	0	0	0	0
15	A	T	ORF	S	NULL	0	0	0	0	0.05019	0.00257134	0.05019	0.114869	0.0001	0.147305	0.46724	0.16173	0.0001	0.0001	0.690195	0.000100001	0.0293326	0.0001	0.244138	0.0001	0.276906	0.22792	0.000100003	0.000106727	0.142331	0.0001	0.00641108	0.624072	0.0259203	0.382141	0.00322237	0.266059	0.0001	0.0311508	0.0113114	0.000100003	0.00010636	0.306447	0.0001	0.309297	0.000100003	0.0426449	0.105469	0.00761537	0.47011	0.000100003	0.0001	0.0309337	0.509981	0.524105	0.0150796	0.260981	0.000100001	0.05019
16	A	T	ORF	S	NULL	0	0	0	0	0	0	0	0	0	0	0	0	0	0	0	0	0	0	0	0	0	0	0	0	0	0	0	0	0	0	0	0	0	0	0	0	0	0	0	0	0	0	0	0	0	0	0	0	0	0	0	0	0	0
17	A	T	ORF	S	NULL	0	0	0	0	0	0	0	0	0	0	0	0	0	0	0	0	0	0	0	0	0	0	0	0	0	0	0	0	0	0	0	0	0	0	0	0	0	0	0	0	0	0	0	0	0	0	0	0	0	0	0	0	0	0
18	A	T	ORF	S	NULL	0	0	0	0	0	0	0	0	0	0	0	0	0	0	0	0	0	0	0	0	0	0	0	0	0	0	0	0	0	0	0	0	0	0	0	0	0	0	0	0	0	0	0	0	0	0	0	0	0	0	0	0	0	0
19	A	T	ORF	S	NULL	0	0	0	0	0	0	0	0	0	0	0	0	0	0	0	0	0	0	0	0	0	0	0	0	0	0	0	0	0	0	0	0	0	0	0	0	0	0	0	0	0	0	0	0	0	0	0	0	0	0	0	0	0	0
20	A	T	ORF	S	NULL	0	0	0	0	0	0	0	0	0	0	0	0	0	0	0	0	0	0	0	0	0	0	0	0	0	0	0	0	0	0	0	0	0	0	0	0	0	0	0	0	0	0	0	0	0	0	0	0	0	0	0	0	0	0
21	A	T	ORF	S	NULL	0	0	0	0	0	0	0	0	0	0	0	0	0	0	0	0	0	0	0	0	0	0	0	0	0	0	0	0	0	0	0	0	0	0	0	0	0	0	0	0	0	0	0	0	0	0	0	0	0	0	0	0	0	0
22	A	T	ORF	S	NULL	0	0	0	0	0	0	0	0	0	0	0	0	0	0	0	0	0	0	0	0	0	0	0	0	0	0	0	0	0	0	0	0	0	0	0	0	0	0	0	0	0	0	0	0	0	0	0	0	0	0	0	0	0	0
23	A	T	ORF	S	NULL	0	0	0	0	0	0	0	0	0	0	0	0	0	0	0	0	0	0	0	0	0	0	0	0	0	0	0	0	0	0	0	0	0	0	0	0	0	0	0	0	0	0	0	0	0	0	0	0	0	0	0	0	0	0
24	A	T	ORF	S	NULL	0	0	0	0	0	0	0	0	0	0	0	0	0	0	0	0	0	0	0	0	0	0	0	0	0	0	0	0	0	0	0	0	0	0	0	0	0	0	0	0	0	0	0	0	0	0	0	0	0	0	0	0	0	0
25	A	T	ORF	S	NULL	0	0	0	0	0	0	0	0	0	0	0	0	0	0	0	0	0	0	0	0	0	0	0	0	0	0	0	0	0	0	0	0	0	0	0	0	0	0	0	0	0	0	0	0	0	0	0	0	0	0	0	0	0	0
26	A	T	ORF	S	NULL	0	0	0	0	0	0	0	0	0	0	0	0	0	0	0	0	0	0	0	0	0	0	0	0	0	0	0	0	0	0	0	0	0	0	0	0	0	0	0	0	0	0	0	0	0	0	0	0	0	0	0	0	0	0
27	A	T	ORF	S	NULL	0	0	0	0	0	0	0	0	0	0	0	0	0	0	0	0	0	0	0	0	0	0	0	0	0	0	0	0	0	0	0	0	0	0	0	0	0	0	0	0	0	0	0	0	0	0	0	0	0	0	0	0	0	0
28	A	T	ORF	S	NULL	0	0	0	0	0	0	0	0	0	0	0	0	0	0	0	0	0	0	0	0	0	0	0	0	0	0	0	0	0	0	0	0	0	0	0	0	0	0	0	0	0	0	0	0	0	0	0	0	0	0	0	0	0	0
29	A	T	ORF	S	NULL	0	0	0	0	0	0	0	0	0	0	0	0	0	0	0	0	0	0	0	0	0	0	0	0	0	0	0	0	0	0	0	0	0	0	0	0	0	0	0	0	0	0	0	0	0	0	0	0	0	0	0	0	0	0
30	A	T	ORF	S	NULL	0	0	0	0	0	0	0	0	0	0	0	0	0	0	0	0	0	0	0	0	0	0	0	0	0	0	0	0	0	0	0	0	0	0	0	0	0	0	0	0	0	0	0	0	0	0	0	0	0	0	0	0	0	0
31	A	T	ORF	S	NULL	0	0	0	0	0	0	0	0	0	0	0	0	0	0	0	0	0	0	0	0	0	0	0	0	0	0	0	0	0	0	0	0	0	0	0	0	0	0	0	0	0	0	0	0	0	0	0	0	0	0	0	0	0	0
32	A	T	ORF	S	NULL	0	0	0	0	0.100514	0.00524435	0.100514	0.0898505	0.156066	0.134697	0.195492	0.411589	0.0001	0.0001	0.309359	0.590974	0.112791	0.0001	0.166338	0.0001	0.25188	0.0819202	0.999998	0.116331	0.55981	0.0001	0.095938	0.0381012	0.0001	0.153305	0.407608	0.0001	0.56735	0.443481	0.0227304	0.999998	0.652411	0.0669451	0.0001	0.0986284	0.999998	0.145427	0.475086	0.779451	0.0001	0.999998	0.0001	0.0001	0.0509499	0.0361919	0.127278	0.0001	0.295137	0.100514
33	A	T	ORF	S	NULL	0	0	0	0	0	0	0	0	0	0	0	0	0	0	0	0	0	0	0	0	0	0	0	0	0	0	0	0	0	0	0	0	0	0	0	0	0	0	0	0	0	0	0	0	0	0	0	0	0	0	0	0	0	0
34	A	T	ORF	S	NULL	0	0	0	0	0	0	0	0	0	0	0	0	0	0	0	0	0	0	0	0	0	0	0	0	0	0	0	0	0	0	0	0	0	0	0	0	0	0	0	0	0	0	0	0	0	0	0	0	0	0	0	0	0	0
35	A	T	ORF	S	NULL	0	0	0	0	0	0	0	0	0	0	0	0	0	0	0	0	0	0	0	0	0	0	0	0	0	0	0	0	0	0	0	0	0	0	0	0	0	0	0	0	0	0	0	0	0	0	0	0	0	0	0	0	0	0
36	A	T	ORF	S	NULL	0	0	0	0	0.0754831	0.95415	0.0754831	0.0674826	0.318634	0.507661	0.260962	0.0237292	0.0002	0.0002	0.000211201	0.33251	0.154189	0.0002	0.589303	0.0570421	0.375013	0.0615335	0.000200002	0.883341	0.281159	0.237902	0.704874	0.046662	0.962079	0.00478859	0.543066	0.0002	0.0002	0.0469059	0.793243	0.000200002	0.347272	0.115308	0.999976	0.591546	0.000200002	0.0641566	0.259375	0.0115786	0.0002	0.000200002	0.0002	0.0002	0.065549	0.165247	0.0227742	0.192092	0.643685	0.0754831
37	A	T	ORF	S	NULL	0	0	0	0	0	0	0	0	0	0	0	0	0	0	0	0	0	0	0	0	0	0	0	0	0	0	0	0	0	0	0	0	0	0	0	0	0	0	0	0	0	0	0	0	0	0	0	0	0	0	0	0	0	0
38	A	T	ORF	S	NULL	0	0	0	0	0	0	0	0	0	0	0	0	0	0	0	0	0	0	0	0	0	0	0	0	0	0	0	0	0	0	0	0	0	0	0	0	0	0	0	0	0	0	0	0	0	0	0	0	0	0	0	0	0	0
39	A	T	ORF	S	NULL	0	0	0	0	0.100514	0.00524435	0.100514	0.0898505	0.156066	0.134697	0.195492	0.411589	0.0001	0.0001	0.309359	0.590974	0.112791	0.0001	0.166338	0.0001	0.25188	0.0819202	0.999998	0.116331	0.55981	0.0001	0.095938	0.0381012	0.0001	0.153305	0.407608	0.0001	0.56735	0.443481	0.0227304	0.999998	0.652411	0.0669451	0.0001	0.0986284	0.999998	0.145427	0.475086	0.779451	0.0001	0.999998	0.0001	0.0001	0.0509499	0.0361919	0.127278	0.0001	0.295137	0.100514
40	A	T	ORF	S	NULL	0	0	0	0	0	0	0	0	0	0	0	0	0	0	0	0	0	0	0	0	0	0	0	0	0	0	0	0	0	0	0	0	0	0	0	0	0	0	0	0	0	0	0	0	0	0	0	0	0	0	0	0	0	0
41	A	T	ORF	S	NULL	0	0	0	0	0	0	0	0	0	0	0	0	0	0	0	0	0	0	0	0	0	0	0	0	0	0	0	0	0	0	0	0	0	0	0	0	0	0	0	0	0	0	0	0	0	0	0	0	0	0	0	0	0	0
42	A	T	ORF	S	NULL	0	0	0	0	0	0	0	0	0	0	0	0	0	0	0	0	0	0	0	0	0	0	0	0	0	0	0	0	0	0	0	0	0	0	0	0	0	0	0	0	0	0	0	0	0	0	0	0	0	0	0	0	0	0
43	A	T	ORF	S	NULL	0	0	0	0	0	0	0	0	0	0	0	0	0	0	0	0	0	0	0	0	0	0	0	0	0	0	0	0	0	0	0	0	0	0	0	0	0	0	0	0	0	0	0	0	0	0	0	0	0	0	0	0	0	0
44	A	T	ORF	S	NULL	0	0	0	0	0.05019	0.00257134	0.05019	0.114869	0.0001	0.147305	0.46724	0.16173	0.0001	0.0001	0.690195	0.000100001	0.0293326	0.0001	0.244138	0.0001	0.276906	0.22792	0.000100003	0.000106727	0.142331	0.0001	0.00641108	0.624072	0.0259203	0.382141	0.00322237	0.266059	0.0001	0.0311508	0.0113114	0.000100003	0.00010636	0.306447	0.0001	0.309297	0.000100003	0.0426449	0.105469	0.00761537	0.47011	0.000100003	0.0001	0.0309337	0.509981	0.524105	0.0150796	0.260981	0.000100001	0.05019
45	A	T	ORF	S	NULL	0	0	0	0	0	0	0	0	0	0	0	0	0	0	0	0	0	0	0	0	0	0	0	0	0	0	0	0	0	0	0	0	0	0	0	0	0	0	0	0	0	0	0	0	0	0	0	0	0	0	0	0	0	0
46	A	T	ORF	S	NULL	0	0	0	0	0	0	0	0	0	0	0	0	0	0	0	0	0	0	0	0	0	0	0	0	0	0	0	0	0	0	0	0	0	0	0	0	0	0	0	0	0	0	0	0	0	0	0	0	0	0	0	0	0	0
47	A	T	ORF	S	NULL	0	0	0	0	0	0	0	0	0	0	0	0	0	0	0	0	0	0	0	0	0	0	0	0	0	0	0	0	0	0	0	0	0	0	0	0	0	0	0	0	0	0	0	0	0	0	0	0	0	0	0	0	0	0
48	A	T	ORF	S	NULL	0	0	0	0	0	0	0	0	0	0	0	0	0	0	0	0	0	0	0	0	0	0	0	0	0	0	0	0	0	0	0	0	0	0	0	0	0	0	0	0	0	0	0	0	0	0	0	0	0	0	0	0	0	0
49	A	T	ORF	S	NULL	0	0	0	0	0	0	0	0	0	0	0	0	0	0	0	0	0	0	0	0	0	0	0	0	0	0	0	0	0	0	0	0	0	0	0	0	0	0	0	0	0	0	0	0	0	0	0	0	0	0	0	0	0	0
50	A	T	ORF	S	NULL	0	0	0	0	0	0	0	0	0	0	0	0	0	0	0	0	0	0	0	0	0	0	0	0	0	0	0	0	0	0	0	0	0	0	0	0	0	0	0	0	0	0	0	0	0	0	0	0	0	0	0	0	0	0
51	A	T	ORF	S	NULL	0	0	0	0	0	0	0	0	0	0	0	0	0	0	0	0	0	0	0	0	0	0	0	0	0	0	0	0	0	0	0	0	0	0	0	0	0	0	0	0	0	0	0	0	0	0	0	0	0	0	0	0	0	0
52	A	T	ORF	S	NULL	0	0	0	0	0	0	0	0	0	0	0	0	0	0	0	0	0	0	0	0	0	0	0	0	0	0	0	0	0	0	0	0	0	0	0	0	0	0	0	0	0	0	0	0	0	0	0	0	0	0	0	0	0	0
53	A	T	ORF	S	NULL	0	0	0	0	0	0	0	0	0	0	0	0	0	0	0	0	0	0	0	0	0	0	0	0	0	0	0	0	0	0	0	0	0	0	0	0	0	0	0	0	0	0	0	0	0	0	0	0	0	0	0	0	0	0
54	A	T	ORF	S	NULL	0	0	0	0	0	0	0	0	0	0	0	0	0	0	0	0	0	0	0	0	0	0	0	0	0	0	0	0	0	0	0	0	0	0	0	0	0	0	0	0	0	0	0	0	0	0	0	0	0	0	0	0	0	0
55	A	T	ORF	S	NULL	0	0	0	0	0	0	0	0	0	0	0	0	0	0	0	0	0	0	0	0	0	0	0	0	0	0	0	0	0	0	0	0	0	0	0	0	0	0	0	0	0	0	0	0	0	0	0	0	0	0	0	0	0	0
56	A	T	ORF	S	NULL	0	0	0	0	0	0	0	0	0	0	0	0	0	0	0	0	0	0	0	0	0	0	0	0	0	0	0	0	0	0	0	0	0	0	0	0	0	0	0	0	0	0	0	0	0	0	0	0	0	0	0	0	0	0
57	A	T	ORF	S	NULL	0	0	0	0	0	0	0	0	0	0	0	0	0	0	0	0	0	0	0	0	0	0	0	0	0	0	0	0	0	0	0	0	0	0	0	0	0	0	0	0	0	0	0	0	0	0	0	0	0	0	0	0	0	0
58	A	T	ORF	S	NULL	0	0	0	0	0	0	0	0	0	0	0	0	0	0	0	0	0	0	0	0	0	0	0	0	0	0	0	0	0	0	0	0	0	0	0	0	0	0	0	0	0	0	0	0	0	0	0	0	0	0	0	0	0	0
59	A	T	ORF	S	NULL	0	0	0	0	0	0	0	0	0	0	0	0	0	0	0	0	0	0	0	0	0	0	0	0	0	0	0	0	0	0	0	0	0	0	0	0	0	0	0	0	0	0	0	0	0	0	0	0	0	0	0	0	0	0
60	A	T	ORF	S	NULL	0	0	0	0	0.100514	0.00524435	0.100514	0.0898505	0.156066	0.134697	0.195492	0.411589	0.0001	0.0001	0.309359	0.590974	0.112791	0.0001	0.166338	0.0001	0.25188	0.0819202	0.999998	0.116331	0.55981	0.0001	0.095938	0.0381012	0.0001	0.153305	0.407608	0.0001	0.56735	0.443481	0.0227304	0.999998	0.652411	0.0669451	0.0001	0.0986284	0.999998	0.145427	0.475086	0.779451	0.0001	0.999998	0.0001	0.0001	0.0509499	0.0361919	0.127278	0.0001	0.295137	0.100514
61	A	T	ORF	S	NULL	0	0	0	0	0	0	0	0	0	0	0	0	0	0	0	0	0	0	0	0	0	0	0	0	0	0	0	0	0	0	0	0	0	0	0	0	0	0	0	0	0	0	0	0	0	0	0	0	0	0	0	0	0	0
62	A	T	ORF	S	NULL	0	0	0	0	0	0	0	0	0	0	0	0	0	0	0	0	0	0	0	0	0	0	0	0	0	0	0	0	0	0	0	0	0	0	0	0	0	0	0	0	0	0	0	0	0	0	0	0	0	0	0	0	0	0
63	A	T	ORF	S	NULL	0	0	0	0	0	0	0	0	0	0	0	0	0	0	0	0	0	0	0	0	0	0	0	0	0	0	0	0	0	0	0	0	0	0	0	0	0	0	0	0	0	0	0	0	0	0	0	0	0	0	0	0	0	0
64	A	T	ORF	S	NULL	0	0	0	0	0.773913	0.0381337	0.773913	0.727897	0.5254	0.210436	0.076405	0.403051	1	1	0.000237523	0.0766149	0.703788	1	0.000234318	0.943058	0.0963005	0.628726	0.000100004	0.000233315	0.0167982	0.762198	0.192877	0.291265	0.012095	0.459865	0.0462035	0.733941	0.43265	0.478563	0.172815	0.000100004	0.000225692	0.5114	0.0001	0.000558655	0.000100004	0.747872	0.16017	0.201454	0.52989	0.000100004	1	0.969066	0.37362	0.274556	0.834968	0.547027	0.061277	0.773913
65	A	T	ORF	S	NULL	0	0	0	0	0.05019	0.00257134	0.05019	0.114869	0.0001	0.147305	0.46724	0.16173	0.0001	0.0001	0.690195	0.000100001	0.0293326	0.0001	0.244138	0.0001	0.276906	0.22792	0.000100003	0.000106727	0.142331	0.0001	0.00641108	0.624072	0.0259203	0.382141	0.00322237	0.266059	0.0001	0.0311508	0.0113114	0.000100003	0.00010636	0.306447	0.0001	0.309297	0.000100003	0.0426449	0.105469	0.00761537	0.47011	0.000100003	0.0001	0.0309337	0.509981	0.524105	0.0150796	0.260981	0.000100001	0.05019
66	A	T	ORF	S	NULL	0	0	0	0	0.05019	0.00257134	0.05019	0.114869	0.0001	0.147305	0.46724	0.16173	0.0001	0.0001	0.690195	0.000100001	0.0293326	0.0001	0.244138	0.0001	0.276906	0.22792	0.000100003	0.000106727	0.142331	0.0001	0.00641108	0.624072	0.0259203	0.382141	0.00322237	0.266059	0.0001	0.0311508	0.0113114	0.000100003	0.00010636	0.306447	0.0001	0.309297	0.000100003	0.0426449	0.105469	0.00761537	0.47011	0.000100003	0.0001	0.0309337	0.509981	0.524105	0.0150796	0.260981	0.000100001	0.05019
67	A	T	ORF	S	NULL	0	0	0	0	0	0	0	0	0	0	0	0	0	0	0	0	0	0	0	0	0	0	0	0	0	0	0	0	0	0	0	0	0	0	0	0	0	0	0	0	0	0	0	0	0	0	0	0	0	0	0	0	0	0
68	A	T	ORF	S	NULL	0	0	0	0	0	0	0	0	0	0	0	0	0	0	0	0	0	0	0	0	0	0	0	0	0	0	0	0	0	0	0	0	0	0	0	0	0	0	0	0	0	0	0	0	0	0	0	0	0	0	0	0	0	0
69	A	T	ORF	S	NULL	0	0	0	0	0	0	0	0	0	0	0	0	0	0	0	0	0	0	0	0	0	0	0	0	0	0	0	0	0	0	0	0	0	0	0	0	0	0	0	0	0	0	0	0	0	0	0	0	0	0	0	0	0	0
70	A	T	ORF	S	NULL	0	0	0	0	0	0	0	0	0	0	0	0	0	0	0	0	0	0	0	0	0	0	0	0	0	0	0	0	0	0	0	0	0	0	0	0	0	0	0	0	0	0	0	0	0	0	0	0	0	0	0	0	0	0
71	A	T	ORF	S	NULL	0	0	0	0	0	0	0	0	0	0	0	0	0	0	0	0	0	0	0	0	0	0	0	0	0	0	0	0	0	0	0	0	0	0	0	0	0	0	0	0	0	0	0	0	0	0	0	0	0	0	0	0	0	0
72	A	T	ORF	S	NULL	0	0	0	0	0	0	0	0	0	0	0	0	0	0	0	0	0	0	0	0	0	0	0	0	0	0	0	0	0	0	0	0	0	0	0	0	0	0	0	0	0	0	0	0	0	0	0	0	0	0	0	0	0	0
73	A	T	ORF	S	NULL	0	0	0	0	0	0	0	0	0	0	0	0	0	0	0	0	0	0	0	0	0	0	0	0	0	0	0	0	0	0	0	0	0	0	0	0	0	0	0	0	0	0	0	0	0	0	0	0	0	0	0	0	0	0
74	A	T	ORF	S	NULL	0	0	0	0	0	0	0	0	0	0	0	0	0	0	0	0	0	0	0	0	0	0	0	0	0	0	0	0	0	0	0	0	0	0	0	0	0	0	0	0	0	0	0	0	0	0	0	0	0	0	0	0	0	0
75	A	T	ORF	S	NULL	0	0	0	0	0	0	0	0	0	0	0	0	0	0	0	0	0	0	0	0	0	0	0	0	0	0	0	0	0	0	0	0	0	0	0	0	0	0	0	0	0	0	0	0	0	0	0	0	0	0	0	0	0	0
76	A	T	ORF	S	NULL	0	0	0	0	0	0	0	0	0	0	0	0	0	0	0	0	0	0	0	0	0	0	0	0	0	0	0	0	0	0	0	0	0	0	0	0	0	0	0	0	0	0	0	0	0	0	0	0	0	0	0	0	0	0
77	A	T	ORF	S	NULL	0	0	0	0	0.05019	0.00257134	0.05019	0.114869	0.0001	0.147305	0.46724	0.16173	0.0001	0.0001	0.690195	0.000100001	0.0293326	0.0001	0.244138	0.0001	0.276906	0.22792	0.000100003	0.000106727	0.142331	0.0001	0.00641108	0.624072	0.0259203	0.382141	0.00322237	0.266059	0.0001	0.0311508	0.0113114	0.000100003	0.00010636	0.306447	0.0001	0.309297	0.000100003	0.0426449	0.105469	0.00761537	0.47011	0.000100003	0.0001	0.0309337	0.509981	0.524105	0.0150796	0.260981	0.000100001	0.05019
78	A	T	ORF	S	NULL	0	0	0	0	0.0754831	0.95415	0.0754831	0.0674826	0.318634	0.507661	0.260962	0.0237292	0.0002	0.0002	0.000211201	0.33251	0.154189	0.0002	0.589303	0.0570421	0.375013	0.0615335	0.000200002	0.883341	0.281159	0.237902	0.704874	0.046662	0.962079	0.00478859	0.543066	0.0002	0.0002	0.0469059	0.793243	0.000200002	0.347272	0.115308	0.999976	0.591546	0.000200002	0.0641566	0.259375	0.0115786	0.0002	0.000200002	0.0002	0.0002	0.065549	0.165247	0.0227742	0.192092	0.643685	0.0754831
79	A	T	ORF	S	NULL	0	0	0	0	0.773913	0.0381337	0.773913	0.727897	0.5254	0.210436	0.076405	0.403051	1	1	0.000237523	0.0766149	0.703788	1	0.000234318	0.943058	0.0963005	0.628726	0.000100004	0.000233315	0.0167982	0.762198	0.192877	0.291265	0.012095	0.459865	0.0462035	0.733941	0.43265	0.478563	0.172815	0.000100004	0.000225692	0.5114	0.0001	0.000558655	0.000100004	0.747872	0.16017	0.201454	0.52989	0.000100004	1	0.969066	0.37362	0.274556	0.834968	0.547027	0.061277	0.773913
80	A	T	ORF	S	NULL	0	0	0	0	0	0	0	0	0	0	0	0	0	0	0	0	0	0	0	0	0	0	0	0	0	0	0	0	0	0	0	0	0	0	0	0	0	0	0	0	0	0	0	0	0	0	0	0	0	0	0	0	0	0
81	A	T	ORF	S	NULL	0	0	0	0	0	0	0	0	0	0	0	0	0	0	0	0	0	0	0	0	0	0	0	0	0	0	0	0	0	0	0	0	0	0	0	0	0	0	0	0	0	0	0	0	0	0	0	0	0	0	0	0	0	0
82	A	T	ORF	S	NULL	0	0	0	0	0	0	0	0	0	0	0	0	0	0	0	0	0	0	0	0	0	0	0	0	0	0	0	0	0	0	0	0	0	0	0	0	0	0	0	0	0	0	0	0	0	0	0	0	0	0	0	0	0	0
83	A	T	ORF	S	NULL	0	0	0	0	0	0	0	0	0	0	0	0	0	0	0	0	0	0	0	0	0	0	0	0	0	0	0	0	0	0	0	0	0	0	0	0	0	0	0	0	0	0	0	0	0	0	0	0	0	0	0	0	0	0
84	A	T	ORF	S	NULL	0	0	0	0	0	0	0	0	0	0	0	0	0	0	0	0	0	0	0	0	0	0	0	0	0	0	0	0	0	0	0	0	0	0	0	0	0	0	0	0	0	0	0	0	0	0	0	0	0	0	0	0	0	0
85	A	T	ORF	S	NULL	0	0	0	0	0	0	0	0	0	0	0	0	0	0	0	0	0	0	0	0	0	0	0	0	0	0	0	0	0	0	0	0	0	0	0	0	0	0	0	0	0	0	0	0	0	0	0	0	0	0	0	0	0	0
86	A	T	ORF	S	NULL	0	0	0	0	0	0	0	0	0	0	0	0	0	0	0	0	0	0	0	0	0	0	0	0	0	0	0	0	0	0	0	0	0	0	0	0	0	0	0	0	0	0	0	0	0	0	0	0	0	0	0	0	0	0
87	A	T	ORF	S	NULL	0	0	0	0	0.773913	0.0381337	0.773913	0.727897	0.5254	0.210436	0.076405	0.403051	1	1	0.000237523	0.0766149	0.703788	1	0.000234318	0.943058	0.0963005	0.628726	0.000100004	0.000233315	0.0167982	0.762198	0.192877	0.291265	0.012095	0.459865	0.0462035	0.733941	0.43265	0.478563	0.172815	0.000100004	0.000225692	0.5114	0.0001	0.000558655	0.000100004	0.747872	0.16017	0.201454	0.52989	0.000100004	1	0.969066	0.37362	0.274556	0.834968	0.547027	0.061277	0.773913
88	A	T	ORF	S	NULL	0	0	0	0	0	0	0	0	0	0	0	0	0	0	0	0	0	0	0	0	0	0	0	0	0	0	0	0	0	0	0	0	0	0	0	0	0	0	0	0	0	0	0	0	0	0	0	0	0	0	0	0	0	0
89	A	T	ORF	S	NULL	0	0	0	0	0.0754831	0.95415	0.0754831	0.0674826	0.318634	0.507661	0.260962	0.0237292	0.0002	0.0002	0.000211201	0.33251	0.154189	0.0002	0.589303	0.0570421	0.375013	0.0615335	0.000200002	0.883341	0.281159	0.237902	0.704874	0.046662	0.962079	0.00478859	0.543066	0.0002	0.0002	0.0469059	0.793243	0.000200002	0.347272	0.115308	0.999976	0.591546	0.000200002	0.0641566	0.259375	0.0115786	0.0002	0.000200002	0.0002	0.0002	0.065549	0.165247	0.0227742	0.192092	0.643685	0.0754831
90	A	T	ORF	S	NULL	0	0	0	0	0.773913	0.0381337	0.773913	0.727897	0.5254	0.210436	0.076405	0.403051	1	1	0.000237523	0.0766149	0.703788	1	0.000234318	0.943058	0.0963005	0.628726	0.000100004	0.000233315	0.0167982	0.762198	0.192877	0.291265	0.012095	0.459865	0.0462035	0.733941	0.43265	0.478563	0.172815	0.000100004	0.000225692	0.5114	0.0001	0.000558655	0.000100004	0.747872	0.16017	0.201454	0.52989	0.000100004	1	0.969066	0.37362	0.274556	0.834968	0.547027	0.061277	0.773913
91	A	T	ORF	S	NULL	0	0	0	0	0	0	0	0	0	0	0	0	0	0	0	0	0	0	0	0	0	0	0	0	0	0	0	0	0	0	0	0	0	0	0	0	0	0	0	0	0	0	0	0	0	0	0	0	0	0	0	0	0	0
92	A	T	ORF	S	NULL	0	0	0	0	0	0	0	0	0	0	0	0	0	0	0	0	0	0	0	0	0	0	0	0	0	0	0	0	0	0	0	0	0	0	0	0	0	0	0	0	0	0	0	0	0	0	0	0	0	0	0	0	0	0
93	A	T	ORF	S	NULL	0	0	0	0	0	0	0	0	0	0	0	0	0	0	0	0	0	0	0	0	0	0	0	0	0	0	0	0	0	0	0	0	0	0	0	0	0	0	0	0	0	0	0	0	0	0	0	0	0	0	0	0	0	0
94	A	T	ORF	S	NULL	0	0	0	0	0	0	0	0	0	0	0	0	0	0	0	0	0	0	0	0	0	0	0	0	0	0	0	0	0	0	0	0	0	0	0	0	0	0	0	0	0	0	0	0	0	0	0	0	0	0	0	0	0	0
95	A	T	ORF	S	NULL	0	0	0	0	0	0	0	0	0	0	0	0	0	0	0	0	0	0	0	0	0	0	0	0	0	0	0	0	0	0	0	0	0	0	0	0	0	0	0	0	0	0	0	0	0	0	0	0	0	0	0	0	0	0
96	A	T	ORF	S	NULL	0	0	0	0	0.0754831	0.95415	0.0754831	0.0674826	0.318634	0.507661	0.260962	0.0237292	0.0002	0.0002	0.000211201	0.33251	0.154189	0.0002	0.589303	0.0570421	0.375013	0.0615335	0.000200002	0.883341	0.281159	0.237902	0.704874	0.046662	0.962079	0.00478859	0.543066	0.0002	0.0002	0.0469059	0.793243	0.000200002	0.347272	0.115308	0.999976	0.591546	0.000200002	0.0641566	0.259375	0.0115786	0.0002	0.000200002	0.0002	0.0002	0.065549	0.165247	0.0227742	0.192092	0.643685	0.0754831
97	A	T	ORF	S	NULL	0	0	0	0	0	0	0	0	0	0	0	0	0	0	0	0	0	0	0	0	0	0	0	0	0	0	0	0	0	0	0	0	0	0	0	0	0	0	0	0	0	0	0	0	0	0	0	0	0	0	0	0	0	0
98	A	T	ORF	S	NULL	0	0	0	0	0	0	0	0	0	0	0	0	0	0	0	0	0	0	0	0	0	0	0	0	0	0	0	0	0	0	0	0	0	0	0	0	0	0	0	0	0	0	0	0	0	0	0	0	0	0	0	0	0	0
99	A	T	ORF	S	NULL	0	0	0	0	0	0	0	0	0	0	0	0	0	0	0	0	0	0	0	0	0	0	0	0	0	0	0	0	0	0	0	0	0	0	0	0	0	0	0	0	0	0	0	0	0	0	0	0	0	0	0	0	0	0
100	A	T	ORF	S	NULL	0	0	0	0	0	0	0	0	0	0	0	0	0	0	0	0	0	0	0	0	0	0	0	0	0	0	0	0	0	0	0	0	0	0	0	0	0	0	0	0	0	0	0	0	0	0	0	0	0	0	0	0	0	0
