pos	ref	alt	gene	N/S	AA	nSRAsubclonal	nSRAclonal	nSRA	nConsensus	sample0|Earth	sample1|Earth	sample2|Earth	sample3|Earth	sample4|Earth	sample5|Earth	sample6|Earth	sample7|Earth	sample8|Earth	sample9|Earth	sample10|Earth	sample11|Earth	sample12|Earth	sample13|Earth	sample14|Earth	sample15|Earth	sample16|Earth	sample17|Earth	sample18|Earth	sample19|Earth	sample20|Earth	sample21|Earth	sample22|Earth	sample23|Earth	sample24|Earth	sample25|Earth	sample26|Earth	sample27|Earth	sample28|Earth	sample29|Earth	sample30|Earth	sample31|Earth	sample32|Earth	sample33|Earth	sample34|Earth	sample35|Earth	sample36|Earth	sample37|Earth	sample38|Earth	sample39|Earth	sample40|Earth	sample41|Earth	sample42|Earth	sample43|Earth	sample44|Earth	sample45|Earth	sample46|Earth	sample47|Earth	sample48|Earth	sample49|Earth
1	A	T	ORF	S	NULL	0	0	0	0	0.0002	0.835714	0.0860134	0.478067	0.206028	0.0260037	0.757105	0.0002	0.278187	0.120019	0.0180023	0.895333	0.491064	0.0439694	0.427264	0.0490039	0.457061	1.00007	0.0002	0.0002	0.0002	0.0002	0.0002	0.000200146	0.00380143	0.000200449	0.000200145	0.0002	0.51107	0.0002	0.264036	0.0521505	0.355227	0.467064	0.0905191	0.0002	0.0002	0.0002	0.000200047	0.0180024	0.0002	0.0860133	1.00009	0.0002	0.00020003	0.0453139	0.0002	0.0002	0.0002	0.0002
2	A	T	ORF	S	NULL	0	0	0	0	0	0	0	0	0	0	0	0	0	0	0	0	0	0	0	0	0	0	0	0	0	0	0	0	0	0	0	0	0	0	0	0	0	0	0	0	0	0	0	0	0	0	0	0	0	0	0	0	0	0
3	A	T	ORF	S	NULL	0	0	0	0	0	0	0	0	0	0	0	0	0	0	0	0	0	0	0	0	0	0	0	0	0	0	0	0	0	0	0	0	0	0	0	0	0	0	0	0	0	0	0	0	0	0	0	0	0	0	0	0	0	0
4	A	T	ORF	S	NULL	0	0	0	0	0	0	0	0	0	0	0	0	0	0	0	0	0	0	0	0	0	0	0	0	0	0	0	0	0	0	0	0	0	0	0	0	0	0	0	0	0	0	0	0	0	0	0	0	0	0	0	0	0	0
5	A	T	ORF	S	NULL	0	0	0	0	0	0	0	0	0	0	0	0	0	0	0	0	0	0	0	0	0	0	0	0	0	0	0	0	0	0	0	0	0	0	0	0	0	0	0	0	0	0	0	0	0	0	0	0	0	0	0	0	0	0
6	A	T	ORF	S	NULL	0	0	0	0	0	0	0	0	0	0	0	0	0	0	0	0	0	0	0	0	0	0	0	0	0	0	0	0	0	0	0	0	0	0	0	0	0	0	0	0	0	0	0	0	0	0	0	0	0	0	0	0	0	0
7	A	T	ORF	S	NULL	0	0	0	0	0	0	0	0	0	0	0	0	0	0	0	0	0	0	0	0	0	0	0	0	0	0	0	0	0	0	0	0	0	0	0	0	0	0	0	0	0	0	0	0	0	0	0	0	0	0	0	0	0	0
8	A	T	ORF	S	NULL	0	0	0	0	0.0539072	0.0001	0.0001	0.000100166	0.0001	0.391147	0.0001	0.0001	0.0001	0.000100005	0.0001	0.0001	0.197926	0.244105	0.0001	0.0001	0.0001	0.0001	0.0001	0.0001	0.0001	0.00590007	0.0001	0.000100216	0.0001	0.000100442	0.000100001	0.0001	0.428957	0.929022	0.0669092	0.346141	0.174657	0.216951	0.0001	0.0001	0.0001	0.0001	0.0419277	0.0001	0.409955	0.0001	0.0001	0.0001	0.172681	0.0001	0.0001	0.0001	0.0001	0.0001
9	A	T	ORF	S	NULL	0	0	0	0	0	0	0	0	0	0	0	0	0	0	0	0	0	0	0	0	0	0	0	0	0	0	0	0	0	0	0	0	0	0	0	0	0	0	0	0	0	0	0	0	0	0	0	0	0	0	0	0	0	0
10	A	T	ORF	S	NULL	0	0	0	0	0	0	0	0	0	0	0	0	0	0	0	0	0	0	0	0	0	0	0	0	0	0	0	0	0	0	0	0	0	0	0	0	0	0	0	0	0	0	0	0	0	0	0	0	0	0	0	0	0	0
11	A	T	ORF	S	NULL	0	0	0	0	0	0	0	0	0	0	0	0	0	0	0	0	0	0	0	0	0	0	0	0	0	0	0	0	0	0	0	0	0	0	0	0	0	0	0	0	0	0	0	0	0	0	0	0	0	0	0	0	0	0
12	A	T	ORF	S	NULL	0	0	0	0	0.650994	0.0001	0.0001	0.0449082	0.793014	0.0001	0.128919	0.0001	0.0001	0.000100062	0.0001	0.0001	0.0001	0.000100334	0.0001	0.656993	0.0001	0.0001	0.219932	0.0001	0.0001	0.0001	0.604983	0.306946	0.0001	0.000101026	0.0909143	0.0001	0.0001	0.0001	0.0001	0.508973	0.0989108	0.00590083	0.0749109	0.0001	0.0001	0.0001	0.00010022	0.0001	0.0001	0.0001	0.0001	0.0001	0.00010003	0.0001	0.0001	0.0001	0.0001	0.0001
13	A	T	ORF	S	NULL	0	0	0	0	0.000100048	0.0001	0.0001	0.000100106	0.0001	0.581107	0.0001	0.0001	0.31102	0.0001	0.409939	0.0140303	0.0001	0.00731447	0.0001	0.0001	0.0001	0.0001	0.455939	0.514099	0.287925	0.0001	0.0001	0.139914	0.271182	0.196917	0.00732241	0.0001	0.000100417	0.000100002	0.000100063	0.0220322	0.0190576	0.00591215	0.643069	0.0001	0.0001	0.0001	0.663986	0.708973	0.000100345	0.0001	0.0001	0.0001	0.432275	0.000100238	0.0001	0.0001	0.116924	0.0001
14	A	T	ORF	S	NULL	0	0	0	0	0	0	0	0	0	0	0	0	0	0	0	0	0	0	0	0	0	0	0	0	0	0	0	0	0	0	0	0	0	0	0	0	0	0	0	0	0	0	0	0	0	0	0	0	0	0	0	0	0	0
15	A	T	ORF	S	NULL	0	0	0	0	0.0002	0.835714	0.0860134	0.478067	0.206028	0.0260037	0.757105	0.0002	0.278187	0.120019	0.0180023	0.895333	0.491064	0.0439694	0.427264	0.0490039	0.457061	1.00007	0.0002	0.0002	0.0002	0.0002	0.0002	0.000200146	0.00380143	0.000200449	0.000200145	0.0002	0.51107	0.0002	0.264036	0.0521505	0.355227	0.467064	0.0905191	0.0002	0.0002	0.0002	0.000200047	0.0180024	0.0002	0.0860133	1.00009	0.0002	0.00020003	0.0453139	0.0002	0.0002	0.0002	0.0002
16	A	T	ORF	S	NULL	0	0	0	0	0	0	0	0	0	0	0	0	0	0	0	0	0	0	0	0	0	0	0	0	0	0	0	0	0	0	0	0	0	0	0	0	0	0	0	0	0	0	0	0	0	0	0	0	0	0	0	0	0	0
17	A	T	ORF	S	NULL	0	0	0	0	0.000100048	0.0001	0.0001	0.000100106	0.0001	0.581107	0.0001	0.0001	0.31102	0.0001	0.409939	0.0140303	0.0001	0.00731447	0.0001	0.0001	0.0001	0.0001	0.455939	0.514099	0.287925	0.0001	0.0001	0.139914	0.271182	0.196917	0.00732241	0.0001	0.000100417	0.000100002	0.000100063	0.0220322	0.0190576	0.00591215	0.643069	0.0001	0.0001	0.0001	0.663986	0.708973	0.000100345	0.0001	0.0001	0.0001	0.432275	0.000100238	0.0001	0.0001	0.116924	0.0001
18	A	T	ORF	S	NULL	0	0	0	0	0	0	0	0	0	0	0	0	0	0	0	0	0	0	0	0	0	0	0	0	0	0	0	0	0	0	0	0	0	0	0	0	0	0	0	0	0	0	0	0	0	0	0	0	0	0	0	0	0	0
19	A	T	ORF	S	NULL	0	0	0	0	0	0	0	0	0	0	0	0	0	0	0	0	0	0	0	0	0	0	0	0	0	0	0	0	0	0	0	0	0	0	0	0	0	0	0	0	0	0	0	0	0	0	0	0	0	0	0	0	0	0
20	A	T	ORF	S	NULL	0	0	0	0	0	0	0	0	0	0	0	0	0	0	0	0	0	0	0	0	0	0	0	0	0	0	0	0	0	0	0	0	0	0	0	0	0	0	0	0	0	0	0	0	0	0	0	0	0	0	0	0	0	0
21	A	T	ORF	S	NULL	0	0	0	0	0	0	0	0	0	0	0	0	0	0	0	0	0	0	0	0	0	0	0	0	0	0	0	0	0	0	0	0	0	0	0	0	0	0	0	0	0	0	0	0	0	0	0	0	0	0	0	0	0	0
22	A	T	ORF	S	NULL	0	0	0	0	0.0001	0.0001	0.0001	0.00010017	0.0001	0.0001	0.000100001	0.0001	0.153921	0.657992	0.000100001	0.00590078	0.0001	0.000100064	0.260936	0.0001	0.000100001	0.0001	0.0001	0.0001	0.0001	0.0001	0.0919098	0.000100213	0.0001	0.000100444	0.000100237	0.000100002	0.0001	0.0001	0.000100001	0.0681483	0.0001	0.0001	0.000100012	0.000100001	0.0001	0.946031	0.000100044	0.0001	0.57798	0.0001	0.000100003	0.0001	0.201929	0.000100008	0.999998	0.581981	0.000100001	0.89502
23	A	T	ORF	S	NULL	0	0	0	0	0.000200048	0.0622128	0.0860134	0.000200106	0.0002	0.607011	0.0002	0.0002	0.589107	0.120019	0.410039	0.909263	0.000200001	0.0507566	0.427264	0.0002	0.0002	0.0002	0.456039	0.514199	0.288025	0.0002	0.0002	0.140014	0.274883	0.197017	0.00742241	0.0002	0.000200417	0.000200002	0.000200063	0.0221322	0.0209901	0.00601215	0.682418	0.0002	0.0002	0.0002	0.664086	0.709073	0.000200345	0.0860133	1.00009	0.0002	0.432375	0.0263647	0.0002	0.0002	0.117024	0.0002
24	A	T	ORF	S	NULL	0	0	0	0	0.0001	0.0001	0.0001	0.373737	0.0001	0.0001	0.0917567	0.420367	0.00239919	0.175075	0.00672885	0.0001	0.0001	0.401919	0.0001	0.0885188	0.0001	0.0001	0.0001	0.0001	0.46913	0.0392516	0.0857627	0.432641	0.39263	0.752511	0.381279	0.0001	0.0242845	0.0001	0.0001	0.0001	0.144027	0.00224626	0.0001	0.0001	0.396204	0.0219469	0.230016	0.0001	0.0001	0.0001	0.0001	0.6071	0.150559	0.392457	0.0001	0.0001	0.0001	0.0815704
25	A	T	ORF	S	NULL	0	0	0	0	0	0	0	0	0	0	0	0	0	0	0	0	0	0	0	0	0	0	0	0	0	0	0	0	0	0	0	0	0	0	0	0	0	0	0	0	0	0	0	0	0	0	0	0	0	0	0	0	0	0
26	A	T	ORF	S	NULL	0	0	0	0	0	0	0	0	0	0	0	0	0	0	0	0	0	0	0	0	0	0	0	0	0	0	0	0	0	0	0	0	0	0	0	0	0	0	0	0	0	0	0	0	0	0	0	0	0	0	0	0	0	0
27	A	T	ORF	S	NULL	0	0	0	0	0	0	0	0	0	0	0	0	0	0	0	0	0	0	0	0	0	0	0	0	0	0	0	0	0	0	0	0	0	0	0	0	0	0	0	0	0	0	0	0	0	0	0	0	0	0	0	0	0	0
28	A	T	ORF	S	NULL	0	0	0	0	0.293934	0.162919	0.913006	0.0001	0.0001	0.0001	0.0001	0.2091	0.250449	0.0001	0.0001	0.0001	0.0001	0.179045	0.0001	0.0498084	0.0001	0.0001	0.0001	0.485194	0.0001	0.941197	0.0001	0.0001	0.109988	0.0001	0.395112	0.0001	0.0120429	0.0001	0.0001	0.0001	0.0456522	0.0001	0.189921	0.0001	0.460994	0.0147243	0.0001	0.271928	0.0001	0.913006	0.0001	0.0359267	0.0001	0.00627518	0.0001	0.416901	0.29496	0.0001
29	A	T	ORF	S	NULL	0	0	0	0	0	0	0	0	0	0	0	0	0	0	0	0	0	0	0	0	0	0	0	0	0	0	0	0	0	0	0	0	0	0	0	0	0	0	0	0	0	0	0	0	0	0	0	0	0	0	0	0	0	0
30	A	T	ORF	S	NULL	0	0	0	0	0.0001	0.0001	0.0001	0.00010017	0.0001	0.0001	0.000100001	0.0001	0.153921	0.657992	0.000100001	0.00590078	0.0001	0.000100064	0.260936	0.0001	0.000100001	0.0001	0.0001	0.0001	0.0001	0.0001	0.0919098	0.000100213	0.0001	0.000100444	0.000100237	0.000100002	0.0001	0.0001	0.000100001	0.0681483	0.0001	0.0001	0.000100012	0.000100001	0.0001	0.946031	0.000100044	0.0001	0.57798	0.0001	0.000100003	0.0001	0.201929	0.000100008	0.999998	0.581981	0.000100001	0.89502
31	A	T	ORF	S	NULL	0	0	0	0	0.0001	0.0001	0.0001	0.00010017	0.0001	0.0001	0.000100001	0.0001	0.153921	0.657992	0.000100001	0.00590078	0.0001	0.000100064	0.260936	0.0001	0.000100001	0.0001	0.0001	0.0001	0.0001	0.0001	0.0919098	0.000100213	0.0001	0.000100444	0.000100237	0.000100002	0.0001	0.0001	0.000100001	0.0681483	0.0001	0.0001	0.000100012	0.000100001	0.0001	0.946031	0.000100044	0.0001	0.57798	0.0001	0.000100003	0.0001	0.201929	0.000100008	0.999998	0.581981	0.000100001	0.89502
32	A	T	ORF	S	NULL	0	0	0	0	0.0002	0.0622128	0.0860134	0.000200709	0.0002	0.0260037	0.000200069	0.0002	0.278187	0.120019	0.555066	0.978054	0.309037	0.0443874	0.737705	0.058001	0.542065	0.0002	0.322039	0.0002	0.0002	0.0002	0.0750017	0.000200537	0.00380143	0.00020102	0.000200766	1.00007	0.0002	0.0700081	0.66708	0.0002	0.0775487	0.299036	0.039449	1.00007	0.0002	0.0002	0.000200218	0.0002	0.0110012	0.0860134	1.00009	0.0002	0.000200209	0.420703	0.0002	0.0002	0.58707	0.000200044
33	A	T	ORF	S	NULL	0	0	0	0	0	0	0	0	0	0	0	0	0	0	0	0	0	0	0	0	0	0	0	0	0	0	0	0	0	0	0	0	0	0	0	0	0	0	0	0	0	0	0	0	0	0	0	0	0	0	0	0	0	0
34	A	T	ORF	S	NULL	0	0	0	0	0	0	0	0	0	0	0	0	0	0	0	0	0	0	0	0	0	0	0	0	0	0	0	0	0	0	0	0	0	0	0	0	0	0	0	0	0	0	0	0	0	0	0	0	0	0	0	0	0	0
35	A	T	ORF	S	NULL	0	0	0	0	0	0	0	0	0	0	0	0	0	0	0	0	0	0	0	0	0	0	0	0	0	0	0	0	0	0	0	0	0	0	0	0	0	0	0	0	0	0	0	0	0	0	0	0	0	0	0	0	0	0
36	A	T	ORF	S	NULL	0	0	0	0	0.0001	0.0001	0.0001	0.373737	0.0001	0.0001	0.0917567	0.420367	0.00239919	0.175075	0.00672885	0.0001	0.0001	0.401919	0.0001	0.0885188	0.0001	0.0001	0.0001	0.0001	0.46913	0.0392516	0.0857627	0.432641	0.39263	0.752511	0.381279	0.0001	0.0242845	0.0001	0.0001	0.0001	0.144027	0.00224626	0.0001	0.0001	0.396204	0.0219469	0.230016	0.0001	0.0001	0.0001	0.0001	0.6071	0.150559	0.392457	0.0001	0.0001	0.0001	0.0815704
37	A	T	ORF	S	NULL	0	0	0	0	0	0	0	0	0	0	0	0	0	0	0	0	0	0	0	0	0	0	0	0	0	0	0	0	0	0	0	0	0	0	0	0	0	0	0	0	0	0	0	0	0	0	0	0	0	0	0	0	0	0
38	A	T	ORF	S	NULL	0	0	0	0	0	0	0	0	0	0	0	0	0	0	0	0	0	0	0	0	0	0	0	0	0	0	0	0	0	0	0	0	0	0	0	0	0	0	0	0	0	0	0	0	0	0	0	0	0	0	0	0	0	0
39	A	T	ORF	S	NULL	0	0	0	0	0.0002	0.0622128	0.0860134	0.000200709	0.0002	0.0260037	0.000200069	0.0002	0.278187	0.120019	0.555066	0.978054	0.309037	0.0443874	0.737705	0.058001	0.542065	0.0002	0.322039	0.0002	0.0002	0.0002	0.0750017	0.000200537	0.00380143	0.00020102	0.000200766	1.00007	0.0002	0.0700081	0.66708	0.0002	0.0775487	0.299036	0.039449	1.00007	0.0002	0.0002	0.000200218	0.0002	0.0110012	0.0860134	1.00009	0.0002	0.000200209	0.420703	0.0002	0.0002	0.58707	0.000200044
40	A	T	ORF	S	NULL	0	0	0	0	0	0	0	0	0	0	0	0	0	0	0	0	0	0	0	0	0	0	0	0	0	0	0	0	0	0	0	0	0	0	0	0	0	0	0	0	0	0	0	0	0	0	0	0	0	0	0	0	0	0
41	A	T	ORF	S	NULL	0	0	0	0	0.650994	0.0001	0.0001	0.0449082	0.793014	0.0001	0.128919	0.0001	0.0001	0.000100062	0.0001	0.0001	0.0001	0.000100334	0.0001	0.656993	0.0001	0.0001	0.219932	0.0001	0.0001	0.0001	0.604983	0.306946	0.0001	0.000101026	0.0909143	0.0001	0.0001	0.0001	0.0001	0.508973	0.0989108	0.00590083	0.0749109	0.0001	0.0001	0.0001	0.00010022	0.0001	0.0001	0.0001	0.0001	0.0001	0.00010003	0.0001	0.0001	0.0001	0.0001	0.0001
42	A	T	ORF	S	NULL	0	0	0	0	0	0	0	0	0	0	0	0	0	0	0	0	0	0	0	0	0	0	0	0	0	0	0	0	0	0	0	0	0	0	0	0	0	0	0	0	0	0	0	0	0	0	0	0	0	0	0	0	0	0
43	A	T	ORF	S	NULL	0	0	0	0	0	0	0	0	0	0	0	0	0	0	0	0	0	0	0	0	0	0	0	0	0	0	0	0	0	0	0	0	0	0	0	0	0	0	0	0	0	0	0	0	0	0	0	0	0	0	0	0	0	0
44	A	T	ORF	S	NULL	0	0	0	0	0.0001	0.773601	0.0001	0.477967	0.205928	0.0001	0.757005	0.0001	0.0001	0.0001	0.0179023	0.0001	0.490964	0.00052735	0.0001	0.0489039	0.456961	0.999967	0.0001	0.0001	0.0001	0.0001	0.0001	0.000100146	0.0001	0.000100449	0.000100145	0.0001	0.51097	0.0001	0.263936	0.0520505	0.353295	0.466964	0.0511701	0.0001	0.0001	0.0001	0.000100047	0.0179024	0.0001	0.0001	0.0001	0.0001	0.00010003	0.0190494	0.0001	0.0001	0.0001	0.0001
45	A	T	ORF	S	NULL	0	0	0	0	0.0001	0.0001	0.0001	0.373737	0.0001	0.0001	0.0917567	0.420367	0.00239919	0.175075	0.00672885	0.0001	0.0001	0.401919	0.0001	0.0885188	0.0001	0.0001	0.0001	0.0001	0.46913	0.0392516	0.0857627	0.432641	0.39263	0.752511	0.381279	0.0001	0.0242845	0.0001	0.0001	0.0001	0.144027	0.00224626	0.0001	0.0001	0.396204	0.0219469	0.230016	0.0001	0.0001	0.0001	0.0001	0.6071	0.150559	0.392457	0.0001	0.0001	0.0001	0.0815704
46	A	T	ORF	S	NULL	0	0	0	0	0.0001	0.0001	0.0001	0.00010017	0.0001	0.0001	0.000100001	0.0001	0.153921	0.657992	0.000100001	0.00590078	0.0001	0.000100064	0.260936	0.0001	0.000100001	0.0001	0.0001	0.0001	0.0001	0.0001	0.0919098	0.000100213	0.0001	0.000100444	0.000100237	0.000100002	0.0001	0.0001	0.000100001	0.0681483	0.0001	0.0001	0.000100012	0.000100001	0.0001	0.946031	0.000100044	0.0001	0.57798	0.0001	0.000100003	0.0001	0.201929	0.000100008	0.999998	0.581981	0.000100001	0.89502
47	A	T	ORF	S	NULL	0	0	0	0	0	0	0	0	0	0	0	0	0	0	0	0	0	0	0	0	0	0	0	0	0	0	0	0	0	0	0	0	0	0	0	0	0	0	0	0	0	0	0	0	0	0	0	0	0	0	0	0	0	0
48	A	T	ORF	S	NULL	0	0	0	0	0	0	0	0	0	0	0	0	0	0	0	0	0	0	0	0	0	0	0	0	0	0	0	0	0	0	0	0	0	0	0	0	0	0	0	0	0	0	0	0	0	0	0	0	0	0	0	0	0	0
49	A	T	ORF	S	NULL	0	0	0	0	0	0	0	0	0	0	0	0	0	0	0	0	0	0	0	0	0	0	0	0	0	0	0	0	0	0	0	0	0	0	0	0	0	0	0	0	0	0	0	0	0	0	0	0	0	0	0	0	0	0
50	A	T	ORF	S	NULL	0	0	0	0	0	0	0	0	0	0	0	0	0	0	0	0	0	0	0	0	0	0	0	0	0	0	0	0	0	0	0	0	0	0	0	0	0	0	0	0	0	0	0	0	0	0	0	0	0	0	0	0	0	0
51	A	T	ORF	S	NULL	0	0	0	0	0	0	0	0	0	0	0	0	0	0	0	0	0	0	0	0	0	0	0	0	0	0	0	0	0	0	0	0	0	0	0	0	0	0	0	0	0	0	0	0	0	0	0	0	0	0	0	0	0	0
52	A	T	ORF	S	NULL	0	0	0	0	0	0	0	0	0	0	0	0	0	0	0	0	0	0	0	0	0	0	0	0	0	0	0	0	0	0	0	0	0	0	0	0	0	0	0	0	0	0	0	0	0	0	0	0	0	0	0	0	0	0
53	A	T	ORF	S	NULL	0	0	0	0	0	0	0	0	0	0	0	0	0	0	0	0	0	0	0	0	0	0	0	0	0	0	0	0	0	0	0	0	0	0	0	0	0	0	0	0	0	0	0	0	0	0	0	0	0	0	0	0	0	0
54	A	T	ORF	S	NULL	0	0	0	0	0	0	0	0	0	0	0	0	0	0	0	0	0	0	0	0	0	0	0	0	0	0	0	0	0	0	0	0	0	0	0	0	0	0	0	0	0	0	0	0	0	0	0	0	0	0	0	0	0	0
55	A	T	ORF	S	NULL	0	0	0	0	0	0	0	0	0	0	0	0	0	0	0	0	0	0	0	0	0	0	0	0	0	0	0	0	0	0	0	0	0	0	0	0	0	0	0	0	0	0	0	0	0	0	0	0	0	0	0	0	0	0
56	A	T	ORF	S	NULL	0	0	0	0	0	0	0	0	0	0	0	0	0	0	0	0	0	0	0	0	0	0	0	0	0	0	0	0	0	0	0	0	0	0	0	0	0	0	0	0	0	0	0	0	0	0	0	0	0	0	0	0	0	0
57	A	T	ORF	S	NULL	0	0	0	0	0	0	0	0	0	0	0	0	0	0	0	0	0	0	0	0	0	0	0	0	0	0	0	0	0	0	0	0	0	0	0	0	0	0	0	0	0	0	0	0	0	0	0	0	0	0	0	0	0	0
58	A	T	ORF	S	NULL	0	0	0	0	0	0	0	0	0	0	0	0	0	0	0	0	0	0	0	0	0	0	0	0	0	0	0	0	0	0	0	0	0	0	0	0	0	0	0	0	0	0	0	0	0	0	0	0	0	0	0	0	0	0
59	A	T	ORF	S	NULL	0	0	0	0	0	0	0	0	0	0	0	0	0	0	0	0	0	0	0	0	0	0	0	0	0	0	0	0	0	0	0	0	0	0	0	0	0	0	0	0	0	0	0	0	0	0	0	0	0	0	0	0	0	0
60	A	T	ORF	S	NULL	0	0	0	0	0.0001	0.0001	0.0001	0.000100709	0.0001	0.000100001	0.000100069	0.0001	0.000100219	0.000100209	0.554966	0.0828214	0.308937	0.000945298	0.31054	0.057901	0.541965	0.0001	0.321939	0.0001	0.0001	0.0001	0.0749017	0.000100537	0.0001	0.00010102	0.000100766	0.999967	0.0001	0.0699081	0.66698	0.0001	0.0756163	0.298936	0.000100012	0.999968	0.0001	0.0001	0.000100218	0.0001	0.0109012	0.000100078	0.000100002	0.0001	0.000100209	0.394439	0.0001	0.0001	0.58697	0.000100044
61	A	T	ORF	S	NULL	0	0	0	0	0	0	0	0	0	0	0	0	0	0	0	0	0	0	0	0	0	0	0	0	0	0	0	0	0	0	0	0	0	0	0	0	0	0	0	0	0	0	0	0	0	0	0	0	0	0	0	0	0	0
62	A	T	ORF	S	NULL	0	0	0	0	0	0	0	0	0	0	0	0	0	0	0	0	0	0	0	0	0	0	0	0	0	0	0	0	0	0	0	0	0	0	0	0	0	0	0	0	0	0	0	0	0	0	0	0	0	0	0	0	0	0
63	A	T	ORF	S	NULL	0	0	0	0	0	0	0	0	0	0	0	0	0	0	0	0	0	0	0	0	0	0	0	0	0	0	0	0	0	0	0	0	0	0	0	0	0	0	0	0	0	0	0	0	0	0	0	0	0	0	0	0	0	0
64	A	T	ORF	S	NULL	0	0	0	0	0.0539072	0.0001	0.0001	0.000100166	0.0001	0.391147	0.0001	0.0001	0.0001	0.000100005	0.0001	0.0001	0.197926	0.244105	0.0001	0.0001	0.0001	0.0001	0.0001	0.0001	0.0001	0.00590007	0.0001	0.000100216	0.0001	0.000100442	0.000100001	0.0001	0.428957	0.929022	0.0669092	0.346141	0.174657	0.216951	0.0001	0.0001	0.0001	0.0001	0.0419277	0.0001	0.409955	0.0001	0.0001	0.0001	0.172681	0.0001	0.0001	0.0001	0.0001	0.0001
65	A	T	ORF	S	NULL	0	0	0	0	0.0001	0.773601	0.0001	0.477967	0.205928	0.0001	0.757005	0.0001	0.0001	0.0001	0.0179023	0.0001	0.490964	0.00052735	0.0001	0.0489039	0.456961	0.999967	0.0001	0.0001	0.0001	0.0001	0.0001	0.000100146	0.0001	0.000100449	0.000100145	0.0001	0.51097	0.0001	0.263936	0.0520505	0.353295	0.466964	0.0511701	0.0001	0.0001	0.0001	0.000100047	0.0179024	0.0001	0.0001	0.0001	0.0001	0.00010003	0.0190494	0.0001	0.0001	0.0001	0.0001
66	A	T	ORF	S	NULL	0	0	0	0	0.0002	0.773701	0.0002	0.478067	0.206028	0.0002	0.757105	0.0002	0.154021	0.658092	0.0180023	0.00600078	0.491064	0.000627415	0.261036	0.0490039	0.457061	1.00007	0.0002	0.0002	0.0002	0.0002	0.0920098	0.000200358	0.0002	0.000200894	0.000200381	0.000200002	0.51107	0.0002	0.264036	0.120199	0.353395	0.467064	0.0512701	0.000200001	0.0002	0.946131	0.000200091	0.0180024	0.57808	0.0002	0.000200003	0.0002	0.202029	0.0191494	1.0001	0.582081	0.000200001	0.89512
67	A	T	ORF	S	NULL	0	0	0	0	0	0	0	0	0	0	0	0	0	0	0	0	0	0	0	0	0	0	0	0	0	0	0	0	0	0	0	0	0	0	0	0	0	0	0	0	0	0	0	0	0	0	0	0	0	0	0	0	0	0
68	A	T	ORF	S	NULL	0	0	0	0	0.293934	0.162919	0.913006	0.0001	0.0001	0.0001	0.0001	0.2091	0.250449	0.0001	0.0001	0.0001	0.0001	0.179045	0.0001	0.0498084	0.0001	0.0001	0.0001	0.485194	0.0001	0.941197	0.0001	0.0001	0.109988	0.0001	0.395112	0.0001	0.0120429	0.0001	0.0001	0.0001	0.0456522	0.0001	0.189921	0.0001	0.460994	0.0147243	0.0001	0.271928	0.0001	0.913006	0.0001	0.0359267	0.0001	0.00627518	0.0001	0.416901	0.29496	0.0001
69	A	T	ORF	S	NULL	0	0	0	0	0	0	0	0	0	0	0	0	0	0	0	0	0	0	0	0	0	0	0	0	0	0	0	0	0	0	0	0	0	0	0	0	0	0	0	0	0	0	0	0	0	0	0	0	0	0	0	0	0	0
70	A	T	ORF	S	NULL	0	0	0	0	0	0	0	0	0	0	0	0	0	0	0	0	0	0	0	0	0	0	0	0	0	0	0	0	0	0	0	0	0	0	0	0	0	0	0	0	0	0	0	0	0	0	0	0	0	0	0	0	0	0
71	A	T	ORF	S	NULL	0	0	0	0	0.650994	0.0001	0.0001	0.0449082	0.793014	0.0001	0.128919	0.0001	0.0001	0.000100062	0.0001	0.0001	0.0001	0.000100334	0.0001	0.656993	0.0001	0.0001	0.219932	0.0001	0.0001	0.0001	0.604983	0.306946	0.0001	0.000101026	0.0909143	0.0001	0.0001	0.0001	0.0001	0.508973	0.0989108	0.00590083	0.0749109	0.0001	0.0001	0.0001	0.00010022	0.0001	0.0001	0.0001	0.0001	0.0001	0.00010003	0.0001	0.0001	0.0001	0.0001	0.0001
72	A	T	ORF	S	NULL	0	0	0	0	0	0	0	0	0	0	0	0	0	0	0	0	0	0	0	0	0	0	0	0	0	0	0	0	0	0	0	0	0	0	0	0	0	0	0	0	0	0	0	0	0	0	0	0	0	0	0	0	0	0
73	A	T	ORF	S	NULL	0	0	0	0	0	0	0	0	0	0	0	0	0	0	0	0	0	0	0	0	0	0	0	0	0	0	0	0	0	0	0	0	0	0	0	0	0	0	0	0	0	0	0	0	0	0	0	0	0	0	0	0	0	0
74	A	T	ORF	S	NULL	0	0	0	0	0	0	0	0	0	0	0	0	0	0	0	0	0	0	0	0	0	0	0	0	0	0	0	0	0	0	0	0	0	0	0	0	0	0	0	0	0	0	0	0	0	0	0	0	0	0	0	0	0	0
75	A	T	ORF	S	NULL	0	0	0	0	0	0	0	0	0	0	0	0	0	0	0	0	0	0	0	0	0	0	0	0	0	0	0	0	0	0	0	0	0	0	0	0	0	0	0	0	0	0	0	0	0	0	0	0	0	0	0	0	0	0
76	A	T	ORF	S	NULL	0	0	0	0	0.294034	0.163019	0.913106	0.000200106	0.0002	0.581207	0.0002	0.2092	0.561468	0.0002	0.410039	0.0141303	0.0002	0.18636	0.0002	0.0499084	0.0002	0.0002	0.456039	0.999293	0.288025	0.941297	0.0002	0.140014	0.38117	0.197017	0.402434	0.0002	0.0121433	0.000200002	0.000200063	0.0221322	0.0647098	0.00601215	0.83299	0.0002	0.461094	0.0148243	0.664086	0.980902	0.000200345	0.913106	0.0002	0.0360267	0.432375	0.00637541	0.0002	0.417001	0.411884	0.0002
77	A	T	ORF	S	NULL	0	0	0	0	0.0001	0.773601	0.0001	0.477967	0.205928	0.0001	0.757005	0.0001	0.0001	0.0001	0.0179023	0.0001	0.490964	0.00052735	0.0001	0.0489039	0.456961	0.999967	0.0001	0.0001	0.0001	0.0001	0.0001	0.000100146	0.0001	0.000100449	0.000100145	0.0001	0.51097	0.0001	0.263936	0.0520505	0.353295	0.466964	0.0511701	0.0001	0.0001	0.0001	0.000100047	0.0179024	0.0001	0.0001	0.0001	0.0001	0.00010003	0.0190494	0.0001	0.0001	0.0001	0.0001
78	A	T	ORF	S	NULL	0	0	0	0	0.0001	0.0001	0.0001	0.373737	0.0001	0.0001	0.0917567	0.420367	0.00239919	0.175075	0.00672885	0.0001	0.0001	0.401919	0.0001	0.0885188	0.0001	0.0001	0.0001	0.0001	0.46913	0.0392516	0.0857627	0.432641	0.39263	0.752511	0.381279	0.0001	0.0242845	0.0001	0.0001	0.0001	0.144027	0.00224626	0.0001	0.0001	0.396204	0.0219469	0.230016	0.0001	0.0001	0.0001	0.0001	0.6071	0.150559	0.392457	0.0001	0.0001	0.0001	0.0815704
79	A	T	ORF	S	NULL	0	0	0	0	0.0539072	0.0001	0.0001	0.000100166	0.0001	0.391147	0.0001	0.0001	0.0001	0.000100005	0.0001	0.0001	0.197926	0.244105	0.0001	0.0001	0.0001	0.0001	0.0001	0.0001	0.0001	0.00590007	0.0001	0.000100216	0.0001	0.000100442	0.000100001	0.0001	0.428957	0.929022	0.0669092	0.346141	0.174657	0.216951	0.0001	0.0001	0.0001	0.0001	0.0419277	0.0001	0.409955	0.0001	0.0001	0.0001	0.172681	0.0001	0.0001	0.0001	0.0001	0.0001
80	A	T	ORF	S	NULL	0	0	0	0	0.0001	0.0621128	0.0859134	0.0001	0.0001	0.0259037	0.0001	0.0001	0.278087	0.119919	0.0001	0.895233	0.0001	0.0434421	0.427164	0.0001	0.0001	0.0001	0.0001	0.0001	0.0001	0.0001	0.0001	0.0001	0.00370143	0.0001	0.0001	0.0001	0.0001	0.0001	0.0001	0.0001	0.00193247	0.0001	0.039349	0.0001	0.0001	0.0001	0.0001	0.0001	0.0001	0.0859133	0.999993	0.0001	0.0001	0.0262645	0.0001	0.0001	0.0001	0.0001
81	A	T	ORF	S	NULL	0	0	0	0	0.0001	0.0621128	0.0859134	0.0001	0.0001	0.0259037	0.0001	0.0001	0.278087	0.119919	0.0001	0.895233	0.0001	0.0434421	0.427164	0.0001	0.0001	0.0001	0.0001	0.0001	0.0001	0.0001	0.0001	0.0001	0.00370143	0.0001	0.0001	0.0001	0.0001	0.0001	0.0001	0.0001	0.00193247	0.0001	0.039349	0.0001	0.0001	0.0001	0.0001	0.0001	0.0001	0.0859133	0.999993	0.0001	0.0001	0.0262645	0.0001	0.0001	0.0001	0.0001
82	A	T	ORF	S	NULL	0	0	0	0	0	0	0	0	0	0	0	0	0	0	0	0	0	0	0	0	0	0	0	0	0	0	0	0	0	0	0	0	0	0	0	0	0	0	0	0	0	0	0	0	0	0	0	0	0	0	0	0	0	0
83	A	T	ORF	S	NULL	0	0	0	0	0	0	0	0	0	0	0	0	0	0	0	0	0	0	0	0	0	0	0	0	0	0	0	0	0	0	0	0	0	0	0	0	0	0	0	0	0	0	0	0	0	0	0	0	0	0	0	0	0	0
84	A	T	ORF	S	NULL	0	0	0	0	0.000100048	0.0001	0.0001	0.000100106	0.0001	0.581107	0.0001	0.0001	0.31102	0.0001	0.409939	0.0140303	0.0001	0.00731447	0.0001	0.0001	0.0001	0.0001	0.455939	0.514099	0.287925	0.0001	0.0001	0.139914	0.271182	0.196917	0.00732241	0.0001	0.000100417	0.000100002	0.000100063	0.0220322	0.0190576	0.00591215	0.643069	0.0001	0.0001	0.0001	0.663986	0.708973	0.000100345	0.0001	0.0001	0.0001	0.432275	0.000100238	0.0001	0.0001	0.116924	0.0001
85	A	T	ORF	S	NULL	0	0	0	0	0	0	0	0	0	0	0	0	0	0	0	0	0	0	0	0	0	0	0	0	0	0	0	0	0	0	0	0	0	0	0	0	0	0	0	0	0	0	0	0	0	0	0	0	0	0	0	0	0	0
86	A	T	ORF	S	NULL	0	0	0	0	0	0	0	0	0	0	0	0	0	0	0	0	0	0	0	0	0	0	0	0	0	0	0	0	0	0	0	0	0	0	0	0	0	0	0	0	0	0	0	0	0	0	0	0	0	0	0	0	0	0
87	A	T	ORF	S	NULL	0	0	0	0	0.0539072	0.0001	0.0001	0.000100166	0.0001	0.391147	0.0001	0.0001	0.0001	0.000100005	0.0001	0.0001	0.197926	0.244105	0.0001	0.0001	0.0001	0.0001	0.0001	0.0001	0.0001	0.00590007	0.0001	0.000100216	0.0001	0.000100442	0.000100001	0.0001	0.428957	0.929022	0.0669092	0.346141	0.174657	0.216951	0.0001	0.0001	0.0001	0.0001	0.0419277	0.0001	0.409955	0.0001	0.0001	0.0001	0.172681	0.0001	0.0001	0.0001	0.0001	0.0001
88	A	T	ORF	S	NULL	0	0	0	0	0	0	0	0	0	0	0	0	0	0	0	0	0	0	0	0	0	0	0	0	0	0	0	0	0	0	0	0	0	0	0	0	0	0	0	0	0	0	0	0	0	0	0	0	0	0	0	0	0	0
89	A	T	ORF	S	NULL	0	0	0	0	0.293934	0.162919	0.913006	0.0001	0.0001	0.0001	0.0001	0.2091	0.250449	0.0001	0.0001	0.0001	0.0001	0.179045	0.0001	0.0498084	0.0001	0.0001	0.0001	0.485194	0.0001	0.941197	0.0001	0.0001	0.109988	0.0001	0.395112	0.0001	0.0120429	0.0001	0.0001	0.0001	0.0456522	0.0001	0.189921	0.0001	0.460994	0.0147243	0.0001	0.271928	0.0001	0.913006	0.0001	0.0359267	0.0001	0.00627518	0.0001	0.416901	0.29496	0.0001
90	A	T	ORF	S	NULL	0	0	0	0	0.0540072	0.0002	0.0002	0.000200272	0.0002	0.972254	0.0002	0.0002	0.31112	0.000200006	0.410039	0.0141303	0.198026	0.25142	0.0002	0.0002	0.0002	0.0002	0.456039	0.514199	0.288025	0.00600007	0.0002	0.140014	0.271282	0.197017	0.00742241	0.0002	0.429057	0.929122	0.0670092	0.368173	0.193714	0.222863	0.643169	0.0002	0.0002	0.0002	0.705914	0.709073	0.410055	0.0002	0.0002	0.0002	0.604956	0.000200238	0.0002	0.0002	0.117024	0.0002
91	A	T	ORF	S	NULL	0	0	0	0	0.000100048	0.0001	0.0001	0.000100106	0.0001	0.581107	0.0001	0.0001	0.31102	0.0001	0.409939	0.0140303	0.0001	0.00731447	0.0001	0.0001	0.0001	0.0001	0.455939	0.514099	0.287925	0.0001	0.0001	0.139914	0.271182	0.196917	0.00732241	0.0001	0.000100417	0.000100002	0.000100063	0.0220322	0.0190576	0.00591215	0.643069	0.0001	0.0001	0.0001	0.663986	0.708973	0.000100345	0.0001	0.0001	0.0001	0.432275	0.000100238	0.0001	0.0001	0.116924	0.0001
92	A	T	ORF	S	NULL	0	0	0	0	0.650994	0.0001	0.0001	0.0449082	0.793014	0.0001	0.128919	0.0001	0.0001	0.000100062	0.0001	0.0001	0.0001	0.000100334	0.0001	0.656993	0.0001	0.0001	0.219932	0.0001	0.0001	0.0001	0.604983	0.306946	0.0001	0.000101026	0.0909143	0.0001	0.0001	0.0001	0.0001	0.508973	0.0989108	0.00590083	0.0749109	0.0001	0.0001	0.0001	0.00010022	0.0001	0.0001	0.0001	0.0001	0.0001	0.00010003	0.0001	0.0001	0.0001	0.0001	0.0001
93	A	T	ORF	S	NULL	0	0	0	0	0	0	0	0	0	0	0	0	0	0	0	0	0	0	0	0	0	0	0	0	0	0	0	0	0	0	0	0	0	0	0	0	0	0	0	0	0	0	0	0	0	0	0	0	0	0	0	0	0	0
94	A	T	ORF	S	NULL	0	0	0	0	0	0	0	0	0	0	0	0	0	0	0	0	0	0	0	0	0	0	0	0	0	0	0	0	0	0	0	0	0	0	0	0	0	0	0	0	0	0	0	0	0	0	0	0	0	0	0	0	0	0
95	A	T	ORF	S	NULL	0	0	0	0	0.0001	0.0001	0.0001	0.373737	0.0001	0.0001	0.0917567	0.420367	0.00239919	0.175075	0.00672885	0.0001	0.0001	0.401919	0.0001	0.0885188	0.0001	0.0001	0.0001	0.0001	0.46913	0.0392516	0.0857627	0.432641	0.39263	0.752511	0.381279	0.0001	0.0242845	0.0001	0.0001	0.0001	0.144027	0.00224626	0.0001	0.0001	0.396204	0.0219469	0.230016	0.0001	0.0001	0.0001	0.0001	0.6071	0.150559	0.392457	0.0001	0.0001	0.0001	0.0815704
96	A	T	ORF	S	NULL	0	0	0	0	0	0	0	0	0	0	0	0	0	0	0	0	0	0	0	0	0	0	0	0	0	0	0	0	0	0	0	0	0	0	0	0	0	0	0	0	0	0	0	0	0	0	0	0	0	0	0	0	0	0
97	A	T	ORF	S	NULL	0	0	0	0	0	0	0	0	0	0	0	0	0	0	0	0	0	0	0	0	0	0	0	0	0	0	0	0	0	0	0	0	0	0	0	0	0	0	0	0	0	0	0	0	0	0	0	0	0	0	0	0	0	0
98	A	T	ORF	S	NULL	0	0	0	0	0.0001	0.0001	0.0001	0.373737	0.0001	0.0001	0.0917567	0.420367	0.00239919	0.175075	0.00672885	0.0001	0.0001	0.401919	0.0001	0.0885188	0.0001	0.0001	0.0001	0.0001	0.46913	0.0392516	0.0857627	0.432641	0.39263	0.752511	0.381279	0.0001	0.0242845	0.0001	0.0001	0.0001	0.144027	0.00224626	0.0001	0.0001	0.396204	0.0219469	0.230016	0.0001	0.0001	0.0001	0.0001	0.6071	0.150559	0.392457	0.0001	0.0001	0.0001	0.0815704
99	A	T	ORF	S	NULL	0	0	0	0	0	0	0	0	0	0	0	0	0	0	0	0	0	0	0	0	0	0	0	0	0	0	0	0	0	0	0	0	0	0	0	0	0	0	0	0	0	0	0	0	0	0	0	0	0	0	0	0	0	0
100	A	T	ORF	S	NULL	0	0	0	0	0	0	0	0	0	0	0	0	0	0	0	0	0	0	0	0	0	0	0	0	0	0	0	0	0	0	0	0	0	0	0	0	0	0	0	0	0	0	0	0	0	0	0	0	0	0	0	0	0	0
