pos	ref	alt	gene	N/S	AA	nSRAsubclonal	nSRAclonal	nSRA	nConsensus	sample0|Earth	sample1|Earth	sample2|Earth	sample3|Earth	sample4|Earth	sample5|Earth	sample6|Earth	sample7|Earth	sample8|Earth	sample9|Earth	sample10|Earth	sample11|Earth	sample12|Earth	sample13|Earth	sample14|Earth	sample15|Earth	sample16|Earth	sample17|Earth	sample18|Earth	sample19|Earth	sample20|Earth	sample21|Earth	sample22|Earth	sample23|Earth	sample24|Earth	sample25|Earth	sample26|Earth	sample27|Earth	sample28|Earth	sample29|Earth	sample30|Earth	sample31|Earth	sample32|Earth	sample33|Earth	sample34|Earth	sample35|Earth	sample36|Earth	sample37|Earth	sample38|Earth	sample39|Earth	sample40|Earth	sample41|Earth	sample42|Earth	sample43|Earth	sample44|Earth	sample45|Earth	sample46|Earth	sample47|Earth	sample48|Earth	sample49|Earth
1	A	T	ORF	S	NULL	0	0	0	0	0.000200001	0.839673	0.0916366	0.47803	0.206014	0.0279506	0.75705	0.000200001	0.305294	0.131064	0.413509	1	0.649141	0.0504958	0.621523	0.0841556	0.754	1.00001	0.225397	0.0002	0.000200007	0.0002	0.0451895	0.000200004	0.000200115	0.000200008	0.0002	0.784403	0.511032	0.0420555	0.762187	0.0521475	0.40068	0.637348	0.0937938	0.611938	0.0002	0.0002	0.000200002	0.0180012	0.00658068	0.0904485	0.960261	0.0002	0.000200001	0.305883	0.0002	0.0002	0.410912	0.0002
2	A	T	ORF	S	NULL	0	0	0	0	0	0	0	0	0	0	0	0	0	0	0	0	0	0	0	0	0	0	0	0	0	0	0	0	0	0	0	0	0	0	0	0	0	0	0	0	0	0	0	0	0	0	0	0	0	0	0	0	0	0
3	A	T	ORF	S	NULL	0	0	0	0	0	0	0	0	0	0	0	0	0	0	0	0	0	0	0	0	0	0	0	0	0	0	0	0	0	0	0	0	0	0	0	0	0	0	0	0	0	0	0	0	0	0	0	0	0	0	0	0	0	0
4	A	T	ORF	S	NULL	0	0	0	0	0	0	0	0	0	0	0	0	0	0	0	0	0	0	0	0	0	0	0	0	0	0	0	0	0	0	0	0	0	0	0	0	0	0	0	0	0	0	0	0	0	0	0	0	0	0	0	0	0	0
5	A	T	ORF	S	NULL	0	0	0	0	0	0	0	0	0	0	0	0	0	0	0	0	0	0	0	0	0	0	0	0	0	0	0	0	0	0	0	0	0	0	0	0	0	0	0	0	0	0	0	0	0	0	0	0	0	0	0	0	0	0
6	A	T	ORF	S	NULL	0	0	0	0	0	0	0	0	0	0	0	0	0	0	0	0	0	0	0	0	0	0	0	0	0	0	0	0	0	0	0	0	0	0	0	0	0	0	0	0	0	0	0	0	0	0	0	0	0	0	0	0	0	0
7	A	T	ORF	S	NULL	0	0	0	0	0	0	0	0	0	0	0	0	0	0	0	0	0	0	0	0	0	0	0	0	0	0	0	0	0	0	0	0	0	0	0	0	0	0	0	0	0	0	0	0	0	0	0	0	0	0	0	0	0	0
8	A	T	ORF	S	NULL	0	0	0	0	0.0539049	0.0001	0.0001	0.0001	0.000100002	0.391026	0.000100001	0.0001	0.0001	0.0001	0.000100019	0.0001	0.197923	0.243257	0.0001	0.000100001	0.0001	0.0001	0.0001	0.0001	0.000100033	0.00589864	0.000100001	0.000100009	0.0001	0.000100024	0.0001	0.0001	0.428947	0.929012	0.0669068	0.346134	0.173757	0.218425	0.0001	0.0001	0.0001	0.0001	0.041925	0.0001	0.409947	0.0001	0.0001	0.0001	0.172938	0.0001	0.0001	0.0001	0.0001	0.0001
9	A	T	ORF	S	NULL	0	0	0	0	0	0	0	0	0	0	0	0	0	0	0	0	0	0	0	0	0	0	0	0	0	0	0	0	0	0	0	0	0	0	0	0	0	0	0	0	0	0	0	0	0	0	0	0	0	0	0	0	0	0
10	A	T	ORF	S	NULL	0	0	0	0	0	0	0	0	0	0	0	0	0	0	0	0	0	0	0	0	0	0	0	0	0	0	0	0	0	0	0	0	0	0	0	0	0	0	0	0	0	0	0	0	0	0	0	0	0	0	0	0	0	0
11	A	T	ORF	S	NULL	0	0	0	0	0	0	0	0	0	0	0	0	0	0	0	0	0	0	0	0	0	0	0	0	0	0	0	0	0	0	0	0	0	0	0	0	0	0	0	0	0	0	0	0	0	0	0	0	0	0	0	0	0	0
12	A	T	ORF	S	NULL	0	0	0	0	0.650948	0.0001	0.0001	0.0449006	0.792959	0.0001	0.128909	0.0001	0.0001	0.0001	0.0001	0.0001	0.0001	0.0001	0.000100007	0.656942	0.0001	0.0001	0.219916	0.0001	0.0001	0.0001	0.60494	0.306919	0.0001	0.0001	0.090906	0.0001	0.0001	0.0001	0.0001	0.508938	0.098902	0.00589934	0.0724642	0.0001	0.0001	0.0001	0.0001	0.0001	0.0001	0.000100001	0.0001	0.0001	0.0001	0.0001	0.0001	0.0001	0.0001	0.0001
13	A	T	ORF	S	NULL	0	0	0	0	0.000103461	0.00331554	0.00348544	0.0001	0.0001	0.581024	0.0001	0.0001	0.328694	0.00584447	0.409942	0.0001	0.0001	0.00350326	0.0150491	0.0001	0.0001	0.0001	0.435417	0.514108	0.287918	0.000112737	0.0001	0.13991	0.293876	0.196912	0.000103931	0.0001	0.0001	0.0001	0.0001	0.0220304	0.022632	0.0001	0.645726	0.0001	0.0001	0.0001	0.66399	0.708982	0.0001	0.000113096	0.0397388	0.0001	0.430967	0.0001	0.0001	0.0001	0.0794768	0.0001
14	A	T	ORF	S	NULL	0	0	0	0	0	0	0	0	0	0	0	0	0	0	0	0	0	0	0	0	0	0	0	0	0	0	0	0	0	0	0	0	0	0	0	0	0	0	0	0	0	0	0	0	0	0	0	0	0	0	0	0	0	0
15	A	T	ORF	S	NULL	0	0	0	0	0.0001	0.793473	0.0135917	0.47793	0.205914	0.00475326	0.75695	0.0001	0.0451063	0.0191555	0.0001	0.0262802	0.451505	0.00839754	0.000101364	0.0401303	0.356819	0.99991	0.0001	0.0001	0.0001	0.0001	0.0001	0.0001	0.0001	0.0001	0.0001	0.0001	0.510932	0.0001	0.237431	0.0520475	0.344685	0.433229	0.059322	0.0001	0.0001	0.0001	0.0001	0.0179012	0.0001	0.014119	0.0485282	0.0001	0.0001	0.0001	0.0001	0.0001	0.0001	0.0001
16	A	T	ORF	S	NULL	0	0	0	0	0	0	0	0	0	0	0	0	0	0	0	0	0	0	0	0	0	0	0	0	0	0	0	0	0	0	0	0	0	0	0	0	0	0	0	0	0	0	0	0	0	0	0	0	0	0	0	0	0	0
17	A	T	ORF	S	NULL	0	0	0	0	0.000103461	0.00331554	0.00348544	0.0001	0.0001	0.581024	0.0001	0.0001	0.328694	0.00584447	0.409942	0.0001	0.0001	0.00350326	0.0150491	0.0001	0.0001	0.0001	0.435417	0.514108	0.287918	0.000112737	0.0001	0.13991	0.293876	0.196912	0.000103931	0.0001	0.0001	0.0001	0.0001	0.0220304	0.022632	0.0001	0.645726	0.0001	0.0001	0.0001	0.66399	0.708982	0.0001	0.000113096	0.0397388	0.0001	0.430967	0.0001	0.0001	0.0001	0.0794768	0.0001
18	A	T	ORF	S	NULL	0	0	0	0	0	0	0	0	0	0	0	0	0	0	0	0	0	0	0	0	0	0	0	0	0	0	0	0	0	0	0	0	0	0	0	0	0	0	0	0	0	0	0	0	0	0	0	0	0	0	0	0	0	0
19	A	T	ORF	S	NULL	0	0	0	0	0	0	0	0	0	0	0	0	0	0	0	0	0	0	0	0	0	0	0	0	0	0	0	0	0	0	0	0	0	0	0	0	0	0	0	0	0	0	0	0	0	0	0	0	0	0	0	0	0	0
20	A	T	ORF	S	NULL	0	0	0	0	0	0	0	0	0	0	0	0	0	0	0	0	0	0	0	0	0	0	0	0	0	0	0	0	0	0	0	0	0	0	0	0	0	0	0	0	0	0	0	0	0	0	0	0	0	0	0	0	0	0
21	A	T	ORF	S	NULL	0	0	0	0	0	0	0	0	0	0	0	0	0	0	0	0	0	0	0	0	0	0	0	0	0	0	0	0	0	0	0	0	0	0	0	0	0	0	0	0	0	0	0	0	0	0	0	0	0	0	0	0	0	0
22	A	T	ORF	S	NULL	0	0	0	0	0.0001	0.0001	0.0001	0.0001	0.0001	0.0001	0.0001	0.0001	0.13373	0.648805	0.00349909	0.0001	0.00780207	0.0001	0.260918	0.00167283	0.019938	0.0001	0.0001	0.0001	0.0001	0.0001	0.0919024	0.0001	0.0001	0.0001	0.0001	0.0001	0.0001	0.0001	0.00521489	0.0681435	0.00176442	0.00665716	0.0001	0.0001	0.0001	0.945959	0.0001	0.0001	0.577938	0.0001	0.000100001	0.0001	0.201909	0.00464876	0.999922	0.581938	0.0001	0.894957
23	A	T	ORF	S	NULL	0	0	0	0	0.000203462	0.0495151	0.0815303	0.0002	0.000200001	0.604221	0.0002	0.000200001	0.588882	0.117753	0.823351	0.97382	0.197736	0.0456015	0.636471	0.0441253	0.39728	0.0002	0.660715	0.514208	0.288018	0.000212737	0.0451895	0.14001	0.293976	0.197012	0.000203931	0.784403	0.0002	0.0420555	0.524857	0.0221304	0.0786267	0.204219	0.680198	0.611938	0.0002	0.0002	0.66409	0.709082	0.00658068	0.0764426	0.951472	0.0002	0.431067	0.305883	0.0002	0.0002	0.490289	0.0002
24	A	T	ORF	S	NULL	0	0	0	0	0.0001	0.0001	0.0001	0.475931	0.0001	0.0001	0.111908	0.000121252	0.0001	0.214283	0.000101296	0.0001	0.000100003	0.485488	0.000100011	0.000100003	0.000100004	0.0001	0.000100001	0.0001	0.43196	0.0001	0.000113326	0.550936	0.134938	0.801953	0.460912	0.000100004	0.000101901	0.000100002	0.000100003	0.000100001	0.0370419	0.00289967	0.0001	0.000100006	0.000115068	0.000101002	0.292923	0.0001	0.000100001	0.0001	0.0001	0.618934	0.182913	0.397106	0.0001	0.0001	0.0001	0.103908
25	A	T	ORF	S	NULL	0	0	0	0	0	0	0	0	0	0	0	0	0	0	0	0	0	0	0	0	0	0	0	0	0	0	0	0	0	0	0	0	0	0	0	0	0	0	0	0	0	0	0	0	0	0	0	0	0	0	0	0	0	0
26	A	T	ORF	S	NULL	0	0	0	0	0	0	0	0	0	0	0	0	0	0	0	0	0	0	0	0	0	0	0	0	0	0	0	0	0	0	0	0	0	0	0	0	0	0	0	0	0	0	0	0	0	0	0	0	0	0	0	0	0	0
27	A	T	ORF	S	NULL	0	0	0	0	0	0	0	0	0	0	0	0	0	0	0	0	0	0	0	0	0	0	0	0	0	0	0	0	0	0	0	0	0	0	0	0	0	0	0	0	0	0	0	0	0	0	0	0	0	0	0	0	0	0
28	A	T	ORF	S	NULL	0	0	0	0	0.293895	0.15701	0.904878	0.000111938	0.0001	0.0001	0.000103286	0.000263122	0.232281	0.000103059	0.000101554	0.0001	0.0001	0.217241	0.0001	0.000136901	0.0001	0.0001	0.00677179	0.485124	0.000139718	0.929122	0.000127414	0.00011459	0.000217876	0.000122078	0.4469	0.0001	0.000110696	0.0001	0.0001	0.0001	0.00167176	0.00139918	0.188008	0.0001	0.076661	0.000111355	0.000105943	0.271889	0.0001	0.909488	0.0001	0.000156997	0.00892199	0.00590592	0.0001	0.416834	0.307395	0.000102578
29	A	T	ORF	S	NULL	0	0	0	0	0	0	0	0	0	0	0	0	0	0	0	0	0	0	0	0	0	0	0	0	0	0	0	0	0	0	0	0	0	0	0	0	0	0	0	0	0	0	0	0	0	0	0	0	0	0	0	0	0	0
30	A	T	ORF	S	NULL	0	0	0	0	0.0001	0.0001	0.0001	0.0001	0.0001	0.0001	0.0001	0.0001	0.13373	0.648805	0.00349909	0.0001	0.00780207	0.0001	0.260918	0.00167283	0.019938	0.0001	0.0001	0.0001	0.0001	0.0001	0.0919024	0.0001	0.0001	0.0001	0.0001	0.0001	0.0001	0.0001	0.00521489	0.0681435	0.00176442	0.00665716	0.0001	0.0001	0.0001	0.945959	0.0001	0.0001	0.577938	0.0001	0.000100001	0.0001	0.201909	0.00464876	0.999922	0.581938	0.0001	0.894957
31	A	T	ORF	S	NULL	0	0	0	0	0.0001	0.0001	0.0001	0.0001	0.0001	0.0001	0.0001	0.0001	0.13373	0.648805	0.00349909	0.0001	0.00780207	0.0001	0.260918	0.00167283	0.019938	0.0001	0.0001	0.0001	0.0001	0.0001	0.0919024	0.0001	0.0001	0.0001	0.0001	0.0001	0.0001	0.0001	0.00521489	0.0681435	0.00176442	0.00665716	0.0001	0.0001	0.0001	0.945959	0.0001	0.0001	0.577938	0.0001	0.000100001	0.0001	0.201909	0.00464876	0.999922	0.581938	0.0001	0.894957
32	A	T	ORF	S	NULL	0	0	0	0	0.000100001	0.0461996	0.0780448	0.0001	0.000100001	0.0231973	0.0001	0.000100001	0.260188	0.111908	0.413409	0.97372	0.197636	0.0420982	0.621422	0.0440253	0.39718	0.0001	0.225297	0.0001	0.000100007	0.0001	0.0450895	0.000100004	0.000100115	0.000100008	0.0001	0.784303	0.0001	0.0419555	0.524757	0.000100001	0.0559947	0.204119	0.0344717	0.611838	0.0001	0.0001	0.000100002	0.0001	0.00648068	0.0763295	0.911733	0.0001	0.000100001	0.305783	0.0001	0.0001	0.410812	0.0001
33	A	T	ORF	S	NULL	0	0	0	0	0	0	0	0	0	0	0	0	0	0	0	0	0	0	0	0	0	0	0	0	0	0	0	0	0	0	0	0	0	0	0	0	0	0	0	0	0	0	0	0	0	0	0	0	0	0	0	0	0	0
34	A	T	ORF	S	NULL	0	0	0	0	0	0	0	0	0	0	0	0	0	0	0	0	0	0	0	0	0	0	0	0	0	0	0	0	0	0	0	0	0	0	0	0	0	0	0	0	0	0	0	0	0	0	0	0	0	0	0	0	0	0
35	A	T	ORF	S	NULL	0	0	0	0	0	0	0	0	0	0	0	0	0	0	0	0	0	0	0	0	0	0	0	0	0	0	0	0	0	0	0	0	0	0	0	0	0	0	0	0	0	0	0	0	0	0	0	0	0	0	0	0	0	0
36	A	T	ORF	S	NULL	0	0	0	0	0.000100061	0.000100002	0.0001	0.0001	0.000100001	0.0001	0.0001	0.999785	0.000100071	0.0001	0.0149026	0.0001	0.00010031	0.000100001	0.000100248	0.233919	0.000100398	0.0001	0.000100099	0.000100003	0.278918	0.0630914	0.225908	0.0001	0.569912	0.0001	0.000100002	0.000100373	0.0579	0.000100024	0.000100289	0.000100003	0.228502	0.000100038	0.000100001	0.000100686	0.922919	0.0528974	0.0001	0.000100003	0.000100005	0.000100019	0.0001	0.379909	0.0001	0.154179	0.0001	0.000106062	0.000100028	0.0001
37	A	T	ORF	S	NULL	0	0	0	0	0	0	0	0	0	0	0	0	0	0	0	0	0	0	0	0	0	0	0	0	0	0	0	0	0	0	0	0	0	0	0	0	0	0	0	0	0	0	0	0	0	0	0	0	0	0	0	0	0	0
38	A	T	ORF	S	NULL	0	0	0	0	0	0	0	0	0	0	0	0	0	0	0	0	0	0	0	0	0	0	0	0	0	0	0	0	0	0	0	0	0	0	0	0	0	0	0	0	0	0	0	0	0	0	0	0	0	0	0	0	0	0
39	A	T	ORF	S	NULL	0	0	0	0	0.000100001	0.0461996	0.0780448	0.0001	0.000100001	0.0231973	0.0001	0.000100001	0.260188	0.111908	0.413409	0.97372	0.197636	0.0420982	0.621422	0.0440253	0.39718	0.0001	0.225297	0.0001	0.000100007	0.0001	0.0450895	0.000100004	0.000100115	0.000100008	0.0001	0.784303	0.0001	0.0419555	0.524757	0.000100001	0.0559947	0.204119	0.0344717	0.611838	0.0001	0.0001	0.000100002	0.0001	0.00648068	0.0763295	0.911733	0.0001	0.000100001	0.305783	0.0001	0.0001	0.410812	0.0001
40	A	T	ORF	S	NULL	0	0	0	0	0	0	0	0	0	0	0	0	0	0	0	0	0	0	0	0	0	0	0	0	0	0	0	0	0	0	0	0	0	0	0	0	0	0	0	0	0	0	0	0	0	0	0	0	0	0	0	0	0	0
41	A	T	ORF	S	NULL	0	0	0	0	0.650948	0.0001	0.0001	0.0449006	0.792959	0.0001	0.128909	0.0001	0.0001	0.0001	0.0001	0.0001	0.0001	0.0001	0.000100007	0.656942	0.0001	0.0001	0.219916	0.0001	0.0001	0.0001	0.60494	0.306919	0.0001	0.0001	0.090906	0.0001	0.0001	0.0001	0.0001	0.508938	0.098902	0.00589934	0.0724642	0.0001	0.0001	0.0001	0.0001	0.0001	0.0001	0.000100001	0.0001	0.0001	0.0001	0.0001	0.0001	0.0001	0.0001	0.0001
42	A	T	ORF	S	NULL	0	0	0	0	0	0	0	0	0	0	0	0	0	0	0	0	0	0	0	0	0	0	0	0	0	0	0	0	0	0	0	0	0	0	0	0	0	0	0	0	0	0	0	0	0	0	0	0	0	0	0	0	0	0
43	A	T	ORF	S	NULL	0	0	0	0	0	0	0	0	0	0	0	0	0	0	0	0	0	0	0	0	0	0	0	0	0	0	0	0	0	0	0	0	0	0	0	0	0	0	0	0	0	0	0	0	0	0	0	0	0	0	0	0	0	0
44	A	T	ORF	S	NULL	0	0	0	0	0.0001	0.793473	0.0135917	0.47793	0.205914	0.00475326	0.75695	0.0001	0.0451063	0.0191555	0.0001	0.0262802	0.451505	0.00839754	0.000101364	0.0401303	0.356819	0.99991	0.0001	0.0001	0.0001	0.0001	0.0001	0.0001	0.0001	0.0001	0.0001	0.0001	0.510932	0.0001	0.237431	0.0520475	0.344685	0.433229	0.059322	0.0001	0.0001	0.0001	0.0001	0.0179012	0.0001	0.014119	0.0485282	0.0001	0.0001	0.0001	0.0001	0.0001	0.0001	0.0001
45	A	T	ORF	S	NULL	0	0	0	0	0.0001	0.0001	0.0001	0.475931	0.0001	0.0001	0.111908	0.000121252	0.0001	0.214283	0.000101296	0.0001	0.000100003	0.485488	0.000100011	0.000100003	0.000100004	0.0001	0.000100001	0.0001	0.43196	0.0001	0.000113326	0.550936	0.134938	0.801953	0.460912	0.000100004	0.000101901	0.000100002	0.000100003	0.000100001	0.0370419	0.00289967	0.0001	0.000100006	0.000115068	0.000101002	0.292923	0.0001	0.000100001	0.0001	0.0001	0.618934	0.182913	0.397106	0.0001	0.0001	0.0001	0.103908
46	A	T	ORF	S	NULL	0	0	0	0	0.0001	0.0001	0.0001	0.0001	0.0001	0.0001	0.0001	0.0001	0.13373	0.648805	0.00349909	0.0001	0.00780207	0.0001	0.260918	0.00167283	0.019938	0.0001	0.0001	0.0001	0.0001	0.0001	0.0919024	0.0001	0.0001	0.0001	0.0001	0.0001	0.0001	0.0001	0.00521489	0.0681435	0.00176442	0.00665716	0.0001	0.0001	0.0001	0.945959	0.0001	0.0001	0.577938	0.0001	0.000100001	0.0001	0.201909	0.00464876	0.999922	0.581938	0.0001	0.894957
47	A	T	ORF	S	NULL	0	0	0	0	0	0	0	0	0	0	0	0	0	0	0	0	0	0	0	0	0	0	0	0	0	0	0	0	0	0	0	0	0	0	0	0	0	0	0	0	0	0	0	0	0	0	0	0	0	0	0	0	0	0
48	A	T	ORF	S	NULL	0	0	0	0	0	0	0	0	0	0	0	0	0	0	0	0	0	0	0	0	0	0	0	0	0	0	0	0	0	0	0	0	0	0	0	0	0	0	0	0	0	0	0	0	0	0	0	0	0	0	0	0	0	0
49	A	T	ORF	S	NULL	0	0	0	0	0	0	0	0	0	0	0	0	0	0	0	0	0	0	0	0	0	0	0	0	0	0	0	0	0	0	0	0	0	0	0	0	0	0	0	0	0	0	0	0	0	0	0	0	0	0	0	0	0	0
50	A	T	ORF	S	NULL	0	0	0	0	0	0	0	0	0	0	0	0	0	0	0	0	0	0	0	0	0	0	0	0	0	0	0	0	0	0	0	0	0	0	0	0	0	0	0	0	0	0	0	0	0	0	0	0	0	0	0	0	0	0
51	A	T	ORF	S	NULL	0	0	0	0	0	0	0	0	0	0	0	0	0	0	0	0	0	0	0	0	0	0	0	0	0	0	0	0	0	0	0	0	0	0	0	0	0	0	0	0	0	0	0	0	0	0	0	0	0	0	0	0	0	0
52	A	T	ORF	S	NULL	0	0	0	0	0	0	0	0	0	0	0	0	0	0	0	0	0	0	0	0	0	0	0	0	0	0	0	0	0	0	0	0	0	0	0	0	0	0	0	0	0	0	0	0	0	0	0	0	0	0	0	0	0	0
53	A	T	ORF	S	NULL	0	0	0	0	0	0	0	0	0	0	0	0	0	0	0	0	0	0	0	0	0	0	0	0	0	0	0	0	0	0	0	0	0	0	0	0	0	0	0	0	0	0	0	0	0	0	0	0	0	0	0	0	0	0
54	A	T	ORF	S	NULL	0	0	0	0	0	0	0	0	0	0	0	0	0	0	0	0	0	0	0	0	0	0	0	0	0	0	0	0	0	0	0	0	0	0	0	0	0	0	0	0	0	0	0	0	0	0	0	0	0	0	0	0	0	0
55	A	T	ORF	S	NULL	0	0	0	0	0	0	0	0	0	0	0	0	0	0	0	0	0	0	0	0	0	0	0	0	0	0	0	0	0	0	0	0	0	0	0	0	0	0	0	0	0	0	0	0	0	0	0	0	0	0	0	0	0	0
56	A	T	ORF	S	NULL	0	0	0	0	0	0	0	0	0	0	0	0	0	0	0	0	0	0	0	0	0	0	0	0	0	0	0	0	0	0	0	0	0	0	0	0	0	0	0	0	0	0	0	0	0	0	0	0	0	0	0	0	0	0
57	A	T	ORF	S	NULL	0	0	0	0	0	0	0	0	0	0	0	0	0	0	0	0	0	0	0	0	0	0	0	0	0	0	0	0	0	0	0	0	0	0	0	0	0	0	0	0	0	0	0	0	0	0	0	0	0	0	0	0	0	0
58	A	T	ORF	S	NULL	0	0	0	0	0	0	0	0	0	0	0	0	0	0	0	0	0	0	0	0	0	0	0	0	0	0	0	0	0	0	0	0	0	0	0	0	0	0	0	0	0	0	0	0	0	0	0	0	0	0	0	0	0	0
59	A	T	ORF	S	NULL	0	0	0	0	0	0	0	0	0	0	0	0	0	0	0	0	0	0	0	0	0	0	0	0	0	0	0	0	0	0	0	0	0	0	0	0	0	0	0	0	0	0	0	0	0	0	0	0	0	0	0	0	0	0
60	A	T	ORF	S	NULL	0	0	0	0	0.000100001	0.0461996	0.0780448	0.0001	0.000100001	0.0231973	0.0001	0.000100001	0.260188	0.111908	0.413409	0.97372	0.197636	0.0420982	0.621422	0.0440253	0.39718	0.0001	0.225297	0.0001	0.000100007	0.0001	0.0450895	0.000100004	0.000100115	0.000100008	0.0001	0.784303	0.0001	0.0419555	0.524757	0.000100001	0.0559947	0.204119	0.0344717	0.611838	0.0001	0.0001	0.000100002	0.0001	0.00648068	0.0763295	0.911733	0.0001	0.000100001	0.305783	0.0001	0.0001	0.410812	0.0001
61	A	T	ORF	S	NULL	0	0	0	0	0	0	0	0	0	0	0	0	0	0	0	0	0	0	0	0	0	0	0	0	0	0	0	0	0	0	0	0	0	0	0	0	0	0	0	0	0	0	0	0	0	0	0	0	0	0	0	0	0	0
62	A	T	ORF	S	NULL	0	0	0	0	0	0	0	0	0	0	0	0	0	0	0	0	0	0	0	0	0	0	0	0	0	0	0	0	0	0	0	0	0	0	0	0	0	0	0	0	0	0	0	0	0	0	0	0	0	0	0	0	0	0
63	A	T	ORF	S	NULL	0	0	0	0	0	0	0	0	0	0	0	0	0	0	0	0	0	0	0	0	0	0	0	0	0	0	0	0	0	0	0	0	0	0	0	0	0	0	0	0	0	0	0	0	0	0	0	0	0	0	0	0	0	0
64	A	T	ORF	S	NULL	0	0	0	0	0.0539049	0.0001	0.0001	0.0001	0.000100002	0.391026	0.000100001	0.0001	0.0001	0.0001	0.000100019	0.0001	0.197923	0.243257	0.0001	0.000100001	0.0001	0.0001	0.0001	0.0001	0.000100033	0.00589864	0.000100001	0.000100009	0.0001	0.000100024	0.0001	0.0001	0.428947	0.929012	0.0669068	0.346134	0.173757	0.218425	0.0001	0.0001	0.0001	0.0001	0.041925	0.0001	0.409947	0.0001	0.0001	0.0001	0.172938	0.0001	0.0001	0.0001	0.0001	0.0001
65	A	T	ORF	S	NULL	0	0	0	0	0.0001	0.793473	0.0135917	0.47793	0.205914	0.00475326	0.75695	0.0001	0.0451063	0.0191555	0.0001	0.0262802	0.451505	0.00839754	0.000101364	0.0401303	0.356819	0.99991	0.0001	0.0001	0.0001	0.0001	0.0001	0.0001	0.0001	0.0001	0.0001	0.0001	0.510932	0.0001	0.237431	0.0520475	0.344685	0.433229	0.059322	0.0001	0.0001	0.0001	0.0001	0.0179012	0.0001	0.014119	0.0485282	0.0001	0.0001	0.0001	0.0001	0.0001	0.0001	0.0001
66	A	T	ORF	S	NULL	0	0	0	0	0.0002	0.793573	0.0136917	0.47803	0.206014	0.00485326	0.75705	0.0002	0.178837	0.667961	0.00359909	0.0263802	0.459307	0.00849754	0.26102	0.0418031	0.376757	1.00001	0.0002	0.0002	0.0002	0.0002	0.0920024	0.0002	0.0002	0.0002	0.0002	0.0002	0.511032	0.0002	0.242646	0.120191	0.34645	0.439886	0.059422	0.0002	0.0002	0.946059	0.0002	0.0180012	0.578038	0.014219	0.0486282	0.0002	0.202009	0.00474876	1.00002	0.582038	0.0002	0.895057
67	A	T	ORF	S	NULL	0	0	0	0	0	0	0	0	0	0	0	0	0	0	0	0	0	0	0	0	0	0	0	0	0	0	0	0	0	0	0	0	0	0	0	0	0	0	0	0	0	0	0	0	0	0	0	0	0	0	0	0	0	0
68	A	T	ORF	S	NULL	0	0	0	0	0.293895	0.15701	0.904878	0.000111938	0.0001	0.0001	0.000103286	0.000263122	0.232281	0.000103059	0.000101554	0.0001	0.0001	0.217241	0.0001	0.000136901	0.0001	0.0001	0.00677179	0.485124	0.000139718	0.929122	0.000127414	0.00011459	0.000217876	0.000122078	0.4469	0.0001	0.000110696	0.0001	0.0001	0.0001	0.00167176	0.00139918	0.188008	0.0001	0.076661	0.000111355	0.000105943	0.271889	0.0001	0.909488	0.0001	0.000156997	0.00892199	0.00590592	0.0001	0.416834	0.307395	0.000102578
69	A	T	ORF	S	NULL	0	0	0	0	0	0	0	0	0	0	0	0	0	0	0	0	0	0	0	0	0	0	0	0	0	0	0	0	0	0	0	0	0	0	0	0	0	0	0	0	0	0	0	0	0	0	0	0	0	0	0	0	0	0
70	A	T	ORF	S	NULL	0	0	0	0	0	0	0	0	0	0	0	0	0	0	0	0	0	0	0	0	0	0	0	0	0	0	0	0	0	0	0	0	0	0	0	0	0	0	0	0	0	0	0	0	0	0	0	0	0	0	0	0	0	0
71	A	T	ORF	S	NULL	0	0	0	0	0.650948	0.0001	0.0001	0.0449006	0.792959	0.0001	0.128909	0.0001	0.0001	0.0001	0.0001	0.0001	0.0001	0.0001	0.000100007	0.656942	0.0001	0.0001	0.219916	0.0001	0.0001	0.0001	0.60494	0.306919	0.0001	0.0001	0.090906	0.0001	0.0001	0.0001	0.0001	0.508938	0.098902	0.00589934	0.0724642	0.0001	0.0001	0.0001	0.0001	0.0001	0.0001	0.000100001	0.0001	0.0001	0.0001	0.0001	0.0001	0.0001	0.0001	0.0001
72	A	T	ORF	S	NULL	0	0	0	0	0	0	0	0	0	0	0	0	0	0	0	0	0	0	0	0	0	0	0	0	0	0	0	0	0	0	0	0	0	0	0	0	0	0	0	0	0	0	0	0	0	0	0	0	0	0	0	0	0	0
73	A	T	ORF	S	NULL	0	0	0	0	0	0	0	0	0	0	0	0	0	0	0	0	0	0	0	0	0	0	0	0	0	0	0	0	0	0	0	0	0	0	0	0	0	0	0	0	0	0	0	0	0	0	0	0	0	0	0	0	0	0
74	A	T	ORF	S	NULL	0	0	0	0	0	0	0	0	0	0	0	0	0	0	0	0	0	0	0	0	0	0	0	0	0	0	0	0	0	0	0	0	0	0	0	0	0	0	0	0	0	0	0	0	0	0	0	0	0	0	0	0	0	0
75	A	T	ORF	S	NULL	0	0	0	0	0	0	0	0	0	0	0	0	0	0	0	0	0	0	0	0	0	0	0	0	0	0	0	0	0	0	0	0	0	0	0	0	0	0	0	0	0	0	0	0	0	0	0	0	0	0	0	0	0	0
76	A	T	ORF	S	NULL	0	0	0	0	0.293999	0.160325	0.908363	0.000211938	0.0002	0.581124	0.000203286	0.000363122	0.560975	0.00594753	0.410043	0.0002	0.0002	0.220744	0.0151491	0.000236901	0.0002	0.0002	0.442189	0.999232	0.288058	0.929235	0.000227414	0.140024	0.294094	0.197034	0.447004	0.0002	0.000210696	0.0002	0.0002	0.0221304	0.0243038	0.00149918	0.833734	0.0002	0.076761	0.000211355	0.664096	0.980871	0.0002	0.909601	0.0398388	0.000256997	0.439889	0.00600592	0.0002	0.416934	0.386872	0.000202578
77	A	T	ORF	S	NULL	0	0	0	0	0.0001	0.793473	0.0135917	0.47793	0.205914	0.00475326	0.75695	0.0001	0.0451063	0.0191555	0.0001	0.0262802	0.451505	0.00839754	0.000101364	0.0401303	0.356819	0.99991	0.0001	0.0001	0.0001	0.0001	0.0001	0.0001	0.0001	0.0001	0.0001	0.0001	0.510932	0.0001	0.237431	0.0520475	0.344685	0.433229	0.059322	0.0001	0.0001	0.0001	0.0001	0.0179012	0.0001	0.014119	0.0485282	0.0001	0.0001	0.0001	0.0001	0.0001	0.0001	0.0001
78	A	T	ORF	S	NULL	0	0	0	0	0.000200061	0.000200002	0.0002	0.476031	0.000200002	0.0002	0.112008	0.999906	0.000200071	0.214383	0.0150039	0.0002	0.000200313	0.485588	0.00020026	0.234019	0.000200402	0.0002	0.0002001	0.000200003	0.710878	0.0631914	0.226022	0.551036	0.704849	0.802053	0.461012	0.000200377	0.0580019	0.000200027	0.000200293	0.000200004	0.265544	0.00299971	0.000200001	0.000200691	0.923034	0.0529984	0.293023	0.000200003	0.000200006	0.00020002	0.0002	0.998843	0.183013	0.551286	0.0002	0.000206062	0.000200028	0.104008
79	A	T	ORF	S	NULL	0	0	0	0	0.0539049	0.0001	0.0001	0.0001	0.000100002	0.391026	0.000100001	0.0001	0.0001	0.0001	0.000100019	0.0001	0.197923	0.243257	0.0001	0.000100001	0.0001	0.0001	0.0001	0.0001	0.000100033	0.00589864	0.000100001	0.000100009	0.0001	0.000100024	0.0001	0.0001	0.428947	0.929012	0.0669068	0.346134	0.173757	0.218425	0.0001	0.0001	0.0001	0.0001	0.041925	0.0001	0.409947	0.0001	0.0001	0.0001	0.172938	0.0001	0.0001	0.0001	0.0001	0.0001
80	A	T	ORF	S	NULL	0	0	0	0	0	0	0	0	0	0	0	0	0	0	0	0	0	0	0	0	0	0	0	0	0	0	0	0	0	0	0	0	0	0	0	0	0	0	0	0	0	0	0	0	0	0	0	0	0	0	0	0	0	0
81	A	T	ORF	S	NULL	0	0	0	0	0	0	0	0	0	0	0	0	0	0	0	0	0	0	0	0	0	0	0	0	0	0	0	0	0	0	0	0	0	0	0	0	0	0	0	0	0	0	0	0	0	0	0	0	0	0	0	0	0	0
82	A	T	ORF	S	NULL	0	0	0	0	0	0	0	0	0	0	0	0	0	0	0	0	0	0	0	0	0	0	0	0	0	0	0	0	0	0	0	0	0	0	0	0	0	0	0	0	0	0	0	0	0	0	0	0	0	0	0	0	0	0
83	A	T	ORF	S	NULL	0	0	0	0	0	0	0	0	0	0	0	0	0	0	0	0	0	0	0	0	0	0	0	0	0	0	0	0	0	0	0	0	0	0	0	0	0	0	0	0	0	0	0	0	0	0	0	0	0	0	0	0	0	0
84	A	T	ORF	S	NULL	0	0	0	0	0.000103461	0.00331554	0.00348544	0.0001	0.0001	0.581024	0.0001	0.0001	0.328694	0.00584447	0.409942	0.0001	0.0001	0.00350326	0.0150491	0.0001	0.0001	0.0001	0.435417	0.514108	0.287918	0.000112737	0.0001	0.13991	0.293876	0.196912	0.000103931	0.0001	0.0001	0.0001	0.0001	0.0220304	0.022632	0.0001	0.645726	0.0001	0.0001	0.0001	0.66399	0.708982	0.0001	0.000113096	0.0397388	0.0001	0.430967	0.0001	0.0001	0.0001	0.0794768	0.0001
85	A	T	ORF	S	NULL	0	0	0	0	0	0	0	0	0	0	0	0	0	0	0	0	0	0	0	0	0	0	0	0	0	0	0	0	0	0	0	0	0	0	0	0	0	0	0	0	0	0	0	0	0	0	0	0	0	0	0	0	0	0
86	A	T	ORF	S	NULL	0	0	0	0	0	0	0	0	0	0	0	0	0	0	0	0	0	0	0	0	0	0	0	0	0	0	0	0	0	0	0	0	0	0	0	0	0	0	0	0	0	0	0	0	0	0	0	0	0	0	0	0	0	0
87	A	T	ORF	S	NULL	0	0	0	0	0.0539049	0.0001	0.0001	0.0001	0.000100002	0.391026	0.000100001	0.0001	0.0001	0.0001	0.000100019	0.0001	0.197923	0.243257	0.0001	0.000100001	0.0001	0.0001	0.0001	0.0001	0.000100033	0.00589864	0.000100001	0.000100009	0.0001	0.000100024	0.0001	0.0001	0.428947	0.929012	0.0669068	0.346134	0.173757	0.218425	0.0001	0.0001	0.0001	0.0001	0.041925	0.0001	0.409947	0.0001	0.0001	0.0001	0.172938	0.0001	0.0001	0.0001	0.0001	0.0001
88	A	T	ORF	S	NULL	0	0	0	0	0	0	0	0	0	0	0	0	0	0	0	0	0	0	0	0	0	0	0	0	0	0	0	0	0	0	0	0	0	0	0	0	0	0	0	0	0	0	0	0	0	0	0	0	0	0	0	0	0	0
89	A	T	ORF	S	NULL	0	0	0	0	0.293995	0.15711	0.904978	0.000211938	0.000200001	0.0002	0.000203286	1.00005	0.232381	0.000203059	0.0150041	0.0002	0.00020031	0.217341	0.000200248	0.234056	0.000200398	0.0002	0.00687189	0.485224	0.279057	0.992214	0.226036	0.00021459	0.57013	0.000222078	0.447	0.000200373	0.0580107	0.000200024	0.000200289	0.000200003	0.230173	0.00149922	0.188108	0.000200686	0.99958	0.0530088	0.000205943	0.271989	0.000200005	0.909588	0.0002	0.380066	0.00902199	0.160085	0.0002	0.41694	0.307495	0.000202578
90	A	T	ORF	S	NULL	0	0	0	0	0.0540083	0.00341554	0.00358544	0.0002	0.000200002	0.972049	0.000200001	0.0002	0.328794	0.00594447	0.410042	0.0002	0.198023	0.24676	0.0151491	0.000200001	0.0002	0.0002	0.435517	0.514208	0.288018	0.00601137	0.000200001	0.14001	0.293976	0.197012	0.000203932	0.0002	0.429047	0.929112	0.0670068	0.368165	0.196389	0.218525	0.645826	0.0002	0.0002	0.0002	0.705915	0.709082	0.410047	0.000213096	0.0398388	0.0002	0.603905	0.0002	0.0002	0.0002	0.0795768	0.0002
91	A	T	ORF	S	NULL	0	0	0	0	0.000103461	0.00331554	0.00348544	0.0001	0.0001	0.581024	0.0001	0.0001	0.328694	0.00584447	0.409942	0.0001	0.0001	0.00350326	0.0150491	0.0001	0.0001	0.0001	0.435417	0.514108	0.287918	0.000112737	0.0001	0.13991	0.293876	0.196912	0.000103931	0.0001	0.0001	0.0001	0.0001	0.0220304	0.022632	0.0001	0.645726	0.0001	0.0001	0.0001	0.66399	0.708982	0.0001	0.000113096	0.0397388	0.0001	0.430967	0.0001	0.0001	0.0001	0.0794768	0.0001
92	A	T	ORF	S	NULL	0	0	0	0	0.650948	0.0001	0.0001	0.0449006	0.792959	0.0001	0.128909	0.0001	0.0001	0.0001	0.0001	0.0001	0.0001	0.0001	0.000100007	0.656942	0.0001	0.0001	0.219916	0.0001	0.0001	0.0001	0.60494	0.306919	0.0001	0.0001	0.090906	0.0001	0.0001	0.0001	0.0001	0.508938	0.098902	0.00589934	0.0724642	0.0001	0.0001	0.0001	0.0001	0.0001	0.0001	0.000100001	0.0001	0.0001	0.0001	0.0001	0.0001	0.0001	0.0001	0.0001
93	A	T	ORF	S	NULL	0	0	0	0	0	0	0	0	0	0	0	0	0	0	0	0	0	0	0	0	0	0	0	0	0	0	0	0	0	0	0	0	0	0	0	0	0	0	0	0	0	0	0	0	0	0	0	0	0	0	0	0	0	0
94	A	T	ORF	S	NULL	0	0	0	0	0	0	0	0	0	0	0	0	0	0	0	0	0	0	0	0	0	0	0	0	0	0	0	0	0	0	0	0	0	0	0	0	0	0	0	0	0	0	0	0	0	0	0	0	0	0	0	0	0	0
95	A	T	ORF	S	NULL	0	0	0	0	0.0001	0.0001	0.0001	0.475931	0.0001	0.0001	0.111908	0.000121252	0.0001	0.214283	0.000101296	0.0001	0.000100003	0.485488	0.000100011	0.000100003	0.000100004	0.0001	0.000100001	0.0001	0.43196	0.0001	0.000113326	0.550936	0.134938	0.801953	0.460912	0.000100004	0.000101901	0.000100002	0.000100003	0.000100001	0.0370419	0.00289967	0.0001	0.000100006	0.000115068	0.000101002	0.292923	0.0001	0.000100001	0.0001	0.0001	0.618934	0.182913	0.397106	0.0001	0.0001	0.0001	0.103908
96	A	T	ORF	S	NULL	0	0	0	0	0.000100061	0.000100002	0.0001	0.0001	0.000100001	0.0001	0.0001	0.999785	0.000100071	0.0001	0.0149026	0.0001	0.00010031	0.000100001	0.000100248	0.233919	0.000100398	0.0001	0.000100099	0.000100003	0.278918	0.0630914	0.225908	0.0001	0.569912	0.0001	0.000100002	0.000100373	0.0579	0.000100024	0.000100289	0.000100003	0.228502	0.000100038	0.000100001	0.000100686	0.922919	0.0528974	0.0001	0.000100003	0.000100005	0.000100019	0.0001	0.379909	0.0001	0.154179	0.0001	0.000106062	0.000100028	0.0001
97	A	T	ORF	S	NULL	0	0	0	0	0	0	0	0	0	0	0	0	0	0	0	0	0	0	0	0	0	0	0	0	0	0	0	0	0	0	0	0	0	0	0	0	0	0	0	0	0	0	0	0	0	0	0	0	0	0	0	0	0	0
98	A	T	ORF	S	NULL	0	0	0	0	0.0001	0.0001	0.0001	0.475931	0.0001	0.0001	0.111908	0.000121252	0.0001	0.214283	0.000101296	0.0001	0.000100003	0.485488	0.000100011	0.000100003	0.000100004	0.0001	0.000100001	0.0001	0.43196	0.0001	0.000113326	0.550936	0.134938	0.801953	0.460912	0.000100004	0.000101901	0.000100002	0.000100003	0.000100001	0.0370419	0.00289967	0.0001	0.000100006	0.000115068	0.000101002	0.292923	0.0001	0.000100001	0.0001	0.0001	0.618934	0.182913	0.397106	0.0001	0.0001	0.0001	0.103908
99	A	T	ORF	S	NULL	0	0	0	0	0	0	0	0	0	0	0	0	0	0	0	0	0	0	0	0	0	0	0	0	0	0	0	0	0	0	0	0	0	0	0	0	0	0	0	0	0	0	0	0	0	0	0	0	0	0	0	0	0	0
100	A	T	ORF	S	NULL	0	0	0	0	0	0	0	0	0	0	0	0	0	0	0	0	0	0	0	0	0	0	0	0	0	0	0	0	0	0	0	0	0	0	0	0	0	0	0	0	0	0	0	0	0	0	0	0	0	0	0	0	0	0
