pos	ref	alt	gene	N/S	AA	nSRAsubclonal	nSRAclonal	nSRA	nConsensus	sample0|Earth	sample1|Earth	sample2|Earth	sample3|Earth	sample4|Earth	sample5|Earth	sample6|Earth	sample7|Earth	sample8|Earth	sample9|Earth	sample10|Earth	sample11|Earth	sample12|Earth	sample13|Earth	sample14|Earth	sample15|Earth	sample16|Earth	sample17|Earth	sample18|Earth	sample19|Earth	sample20|Earth	sample21|Earth	sample22|Earth	sample23|Earth	sample24|Earth	sample25|Earth	sample26|Earth	sample27|Earth	sample28|Earth	sample29|Earth	sample30|Earth	sample31|Earth	sample32|Earth	sample33|Earth	sample34|Earth	sample35|Earth	sample36|Earth	sample37|Earth	sample38|Earth	sample39|Earth	sample40|Earth	sample41|Earth	sample42|Earth	sample43|Earth	sample44|Earth	sample45|Earth	sample46|Earth	sample47|Earth	sample48|Earth	sample49|Earth
1	A	T	ORF	S	NULL	0	0	0	0	0.0001	0.719022	0.0409745	0.42295	0.182218	0.0124849	0.669878	0.0001	0.142155	0.0607292	0.016539	0.417758	0.442917	0.0220998	0.215911	0.0441311	0.41239	0.884936	0.000368483	0.0001	0.000103811	0.0001	0.000137453	0.000100039	0.000103884	0.0001	0.0001	0.000866189	0.452157	0.00015139	0.238398	0.0461423	0.318503	0.421583	0.06597	0.000866189	0.0001	0.0001	0.000100002	0.0158798	0.0001	0.0409745	0.463795	0.0001	0.0001	0.0308205	0.0001	0.0001	0.000533438	0.0001
2	A	T	ORF	S	NULL	0	0	0	0	0	0	0	0	0	0	0	0	0	0	0	0	0	0	0	0	0	0	0	0	0	0	0	0	0	0	0	0	0	0	0	0	0	0	0	0	0	0	0	0	0	0	0	0	0	0	0	0	0	0
3	A	T	ORF	S	NULL	0	0	0	0	0	0	0	0	0	0	0	0	0	0	0	0	0	0	0	0	0	0	0	0	0	0	0	0	0	0	0	0	0	0	0	0	0	0	0	0	0	0	0	0	0	0	0	0	0	0	0	0	0	0
4	A	T	ORF	S	NULL	0	0	0	0	0	0	0	0	0	0	0	0	0	0	0	0	0	0	0	0	0	0	0	0	0	0	0	0	0	0	0	0	0	0	0	0	0	0	0	0	0	0	0	0	0	0	0	0	0	0	0	0	0	0
5	A	T	ORF	S	NULL	0	0	0	0	0	0	0	0	0	0	0	0	0	0	0	0	0	0	0	0	0	0	0	0	0	0	0	0	0	0	0	0	0	0	0	0	0	0	0	0	0	0	0	0	0	0	0	0	0	0	0	0	0	0
6	A	T	ORF	S	NULL	0	0	0	0	0	0	0	0	0	0	0	0	0	0	0	0	0	0	0	0	0	0	0	0	0	0	0	0	0	0	0	0	0	0	0	0	0	0	0	0	0	0	0	0	0	0	0	0	0	0	0	0	0	0
7	A	T	ORF	S	NULL	0	0	0	0	0	0	0	0	0	0	0	0	0	0	0	0	0	0	0	0	0	0	0	0	0	0	0	0	0	0	0	0	0	0	0	0	0	0	0	0	0	0	0	0	0	0	0	0	0	0	0	0	0	0
8	A	T	ORF	S	NULL	0	0	0	0	0.0538116	0.0001	0.0001	0.0001	0.0001	0.389741	0.0001	0.0001	0.0001	0.0001	0.00013395	0.0001	0.197917	0.244083	0.0001	0.0001	0.0001	0.0001	0.000119373	0.000100001	0.000117798	0.00587257	0.0001	0.000103962	0.000118157	0.000100408	0.0001	0.0001	0.428937	0.928983	0.0668754	0.3466	0.175413	0.21812	0.000128102	0.0001	0.0001	0.0001	0.0418528	0.000130365	0.4099	0.0001	0.0001	0.0001	0.172918	0.0001	0.0001	0.0001	0.0001	0.0001
9	A	T	ORF	S	NULL	0	0	0	0	0	0	0	0	0	0	0	0	0	0	0	0	0	0	0	0	0	0	0	0	0	0	0	0	0	0	0	0	0	0	0	0	0	0	0	0	0	0	0	0	0	0	0	0	0	0	0	0	0	0
10	A	T	ORF	S	NULL	0	0	0	0	0	0	0	0	0	0	0	0	0	0	0	0	0	0	0	0	0	0	0	0	0	0	0	0	0	0	0	0	0	0	0	0	0	0	0	0	0	0	0	0	0	0	0	0	0	0	0	0	0	0
11	A	T	ORF	S	NULL	0	0	0	0	0	0	0	0	0	0	0	0	0	0	0	0	0	0	0	0	0	0	0	0	0	0	0	0	0	0	0	0	0	0	0	0	0	0	0	0	0	0	0	0	0	0	0	0	0	0	0	0	0	0
12	A	T	ORF	S	NULL	0	0	0	0	0.650886	0.000100693	0.0001	0.0448977	0.792938	0.0001	0.128899	0.0001	0.0001	0.0001	0.0001	0.0001	0.000100371	0.0001	0.0001	0.656932	0.000100336	0.000100981	0.219823	0.0001	0.0001	0.0001	0.604925	0.306887	0.0001	0.0001	0.0908296	0.0001	0.000100442	0.0001	0.000100143	0.508925	0.0989051	0.00589928	0.0747353	0.0001	0.0001	0.0001	0.0001	0.0001	0.0001	0.0001	0.0001	0.0001	0.0001	0.0001	0.0001	0.0001	0.0001	0.0001
13	A	T	ORF	S	NULL	0	0	0	0	0.000485156	0.000214898	0.00967997	0.0001	0.0001	0.584159	0.0001	0.00010001	0.342906	0.0121313	0.409232	0.0789083	0.0001	0.00554184	0.0411416	0.000100001	0.0001	0.0001	0.456115	0.515115	0.288088	0.00125933	0.000100001	0.13998	0.294091	0.19699	0.000661054	0.0001	0.0001	0.0001	0.0001	0.0196893	0.0125319	0.0001	0.646169	0.0001	0.00019348	0.0001	0.664243	0.70909	0.0001	0.00967997	0.0703822	0.000100002	0.43119	0.0021272	0.0001	0.000616377	0.11729	0.0001
14	A	T	ORF	S	NULL	0	0	0	0	0	0	0	0	0	0	0	0	0	0	0	0	0	0	0	0	0	0	0	0	0	0	0	0	0	0	0	0	0	0	0	0	0	0	0	0	0	0	0	0	0	0	0	0	0	0	0	0	0	0
15	A	T	ORF	S	NULL	0	0	0	0	0.0001	0.719022	0.0409745	0.42295	0.182218	0.0124849	0.669878	0.0001	0.142155	0.0607292	0.016539	0.417758	0.442917	0.0220998	0.215911	0.0441311	0.41239	0.884936	0.000368483	0.0001	0.000103811	0.0001	0.000137453	0.000100039	0.000103884	0.0001	0.0001	0.000866189	0.452157	0.00015139	0.238398	0.0461423	0.318503	0.421583	0.06597	0.000866189	0.0001	0.0001	0.000100002	0.0158798	0.0001	0.0409745	0.463795	0.0001	0.0001	0.0308205	0.0001	0.0001	0.000533438	0.0001
16	A	T	ORF	S	NULL	0	0	0	0	0	0	0	0	0	0	0	0	0	0	0	0	0	0	0	0	0	0	0	0	0	0	0	0	0	0	0	0	0	0	0	0	0	0	0	0	0	0	0	0	0	0	0	0	0	0	0	0	0	0
17	A	T	ORF	S	NULL	0	0	0	0	0.000485156	0.000214898	0.00967997	0.0001	0.0001	0.584159	0.0001	0.00010001	0.342906	0.0121313	0.409232	0.0789083	0.0001	0.00554184	0.0411416	0.000100001	0.0001	0.0001	0.456115	0.515115	0.288088	0.00125933	0.000100001	0.13998	0.294091	0.19699	0.000661054	0.0001	0.0001	0.0001	0.0001	0.0196893	0.0125319	0.0001	0.646169	0.0001	0.00019348	0.0001	0.664243	0.70909	0.0001	0.00967997	0.0703822	0.000100002	0.43119	0.0021272	0.0001	0.000616377	0.11729	0.0001
18	A	T	ORF	S	NULL	0	0	0	0	0	0	0	0	0	0	0	0	0	0	0	0	0	0	0	0	0	0	0	0	0	0	0	0	0	0	0	0	0	0	0	0	0	0	0	0	0	0	0	0	0	0	0	0	0	0	0	0	0	0
19	A	T	ORF	S	NULL	0	0	0	0	0	0	0	0	0	0	0	0	0	0	0	0	0	0	0	0	0	0	0	0	0	0	0	0	0	0	0	0	0	0	0	0	0	0	0	0	0	0	0	0	0	0	0	0	0	0	0	0	0	0
20	A	T	ORF	S	NULL	0	0	0	0	0	0	0	0	0	0	0	0	0	0	0	0	0	0	0	0	0	0	0	0	0	0	0	0	0	0	0	0	0	0	0	0	0	0	0	0	0	0	0	0	0	0	0	0	0	0	0	0	0	0
21	A	T	ORF	S	NULL	0	0	0	0	0	0	0	0	0	0	0	0	0	0	0	0	0	0	0	0	0	0	0	0	0	0	0	0	0	0	0	0	0	0	0	0	0	0	0	0	0	0	0	0	0	0	0	0	0	0	0	0	0	0
22	A	T	ORF	S	NULL	0	0	0	0	0.0001	0.0154806	0.000102611	0.0134546	0.00575197	0.0001	0.0213548	0.000100008	0.122723	0.644048	0.000357013	0.0001	0.0124286	0.000100439	0.208056	0.00116389	0.0115263	0.028224	0.0001	0.0001	0.000100032	0.000100001	0.0919158	0.000100039	0.000100012	0.000100057	0.000100032	0.0001	0.0143891	0.0001	0.00657273	0.0695677	0.00900636	0.0117572	0.000340363	0.0001	0.000100008	0.946057	0.000100018	0.000432219	0.578022	0.000102611	0.0001	0.000100046	0.20187	0.000128569	0.999817	0.581987	0.0001	0.895054
23	A	T	ORF	S	NULL	0	0	0	0	0.000485156	0.000214898	0.00967997	0.0001	0.0001	0.584159	0.0001	0.00010001	0.342906	0.0121313	0.409232	0.0789083	0.0001	0.00554184	0.0411416	0.000100001	0.0001	0.0001	0.456115	0.515115	0.288088	0.00125933	0.000100001	0.13998	0.294091	0.19699	0.000661054	0.0001	0.0001	0.0001	0.0001	0.0196893	0.0125319	0.0001	0.646169	0.0001	0.00019348	0.0001	0.664243	0.70909	0.0001	0.00967997	0.0703822	0.000100002	0.43119	0.0021272	0.0001	0.000616377	0.11729	0.0001
24	A	T	ORF	S	NULL	0	0	0	0	0.0001	0.0001	0.0001	0.475928	0.0001	0.0001	0.111901	0.0001	0.000100451	0.218487	0.000101016	0.0001	0.0001	0.486156	0.0001	0.000100001	0.000100007	0.0001	0.0001	0.0001	0.431942	0.0001	0.000100002	0.550915	0.13492	0.801898	0.460824	0.000100065	0.0001	0.000100005	0.000100027	0.0001	0.0371449	0.00289902	0.0001	0.000100065	0.0001	0.0001	0.292745	0.0001	0.0001	0.0001	0.0001	0.619115	0.182838	0.397014	0.0001	0.0001	0.000100025	0.103818
25	A	T	ORF	S	NULL	0	0	0	0	0	0	0	0	0	0	0	0	0	0	0	0	0	0	0	0	0	0	0	0	0	0	0	0	0	0	0	0	0	0	0	0	0	0	0	0	0	0	0	0	0	0	0	0	0	0	0	0	0	0
26	A	T	ORF	S	NULL	0	0	0	0	0	0	0	0	0	0	0	0	0	0	0	0	0	0	0	0	0	0	0	0	0	0	0	0	0	0	0	0	0	0	0	0	0	0	0	0	0	0	0	0	0	0	0	0	0	0	0	0	0	0
27	A	T	ORF	S	NULL	0	0	0	0	0	0	0	0	0	0	0	0	0	0	0	0	0	0	0	0	0	0	0	0	0	0	0	0	0	0	0	0	0	0	0	0	0	0	0	0	0	0	0	0	0	0	0	0	0	0	0	0	0	0
28	A	T	ORF	S	NULL	0	0	0	0	0.293541	0.162791	0.905213	0.000100001	0.000100042	0.0001	0.000100019	0.000100028	0.23615	0.00010003	0.000180348	0.0001	0.0001	0.217438	0.000100014	0.000100013	0.000100004	0.000100016	0.0001	0.484063	0.0001	0.9277	0.000100015	0.000100001	0.0001	0.0001	0.446321	0.000100004	0.0001	0.0001	0.000100008	0.000478891	0.00430634	0.00139531	0.188355	0.000100004	0.076004	0.0001	0.0001	0.271078	0.0001	0.905213	0.0001	0.000100136	0.00885948	0.00524779	0.000102359	0.416182	0.294257	0.0001
29	A	T	ORF	S	NULL	0	0	0	0	0	0	0	0	0	0	0	0	0	0	0	0	0	0	0	0	0	0	0	0	0	0	0	0	0	0	0	0	0	0	0	0	0	0	0	0	0	0	0	0	0	0	0	0	0	0	0	0	0	0
30	A	T	ORF	S	NULL	0	0	0	0	0.0001	0.0154806	0.000102611	0.0134546	0.00575197	0.0001	0.0213548	0.000100008	0.122723	0.644048	0.000357013	0.0001	0.0124286	0.000100439	0.208056	0.00116389	0.0115263	0.028224	0.0001	0.0001	0.000100032	0.000100001	0.0919158	0.000100039	0.000100012	0.000100057	0.000100032	0.0001	0.0143891	0.0001	0.00657273	0.0695677	0.00900636	0.0117572	0.000340363	0.0001	0.000100008	0.946057	0.000100018	0.000432219	0.578022	0.000102611	0.0001	0.000100046	0.20187	0.000128569	0.999817	0.581987	0.0001	0.895054
31	A	T	ORF	S	NULL	0	0	0	0	0.0001	0.0154806	0.000102611	0.0134546	0.00575197	0.0001	0.0213548	0.000100008	0.122723	0.644048	0.000357013	0.0001	0.0124286	0.000100439	0.208056	0.00116389	0.0115263	0.028224	0.0001	0.0001	0.000100032	0.000100001	0.0919158	0.000100039	0.000100012	0.000100057	0.000100032	0.0001	0.0143891	0.0001	0.00657273	0.0695677	0.00900636	0.0117572	0.000340363	0.0001	0.000100008	0.946057	0.000100018	0.000432219	0.578022	0.000102611	0.0001	0.000100046	0.20187	0.000128569	0.999817	0.581987	0.0001	0.895054
32	A	T	ORF	S	NULL	0	0	0	0	0.0001	0.00825688	0.0437115	0.0001	0.0001	0.0136058	0.0001	0.0001	0.151753	0.0644803	0.551931	0.503334	0.238859	0.0245051	0.534581	0.0509178	0.476591	0.0001	0.321557	0.0001	0.000100001	0.000100001	0.0748773	0.0001	0.000100005	0.0001	0.000100001	0.99878	0.0001	0.0698588	0.629019	0.0001	0.0355254	0.23222	0.0153156	0.99878	0.000100001	0.0001	0.0001	0.0001	0.0108633	0.0437115	0.465823	0.000100003	0.0001	0.406407	0.0001	0.0001	0.586694	0.0001
33	A	T	ORF	S	NULL	0	0	0	0	0	0	0	0	0	0	0	0	0	0	0	0	0	0	0	0	0	0	0	0	0	0	0	0	0	0	0	0	0	0	0	0	0	0	0	0	0	0	0	0	0	0	0	0	0	0	0	0	0	0
34	A	T	ORF	S	NULL	0	0	0	0	0	0	0	0	0	0	0	0	0	0	0	0	0	0	0	0	0	0	0	0	0	0	0	0	0	0	0	0	0	0	0	0	0	0	0	0	0	0	0	0	0	0	0	0	0	0	0	0	0	0
35	A	T	ORF	S	NULL	0	0	0	0	0	0	0	0	0	0	0	0	0	0	0	0	0	0	0	0	0	0	0	0	0	0	0	0	0	0	0	0	0	0	0	0	0	0	0	0	0	0	0	0	0	0	0	0	0	0	0	0	0	0
36	A	T	ORF	S	NULL	0	0	0	0	0.000239127	0.000192004	0.000517606	0.000100037	0.0001	0.0001	0.0001	0.99994	0.00389599	0.000100011	0.0147807	0.0001	0.0001	0.000223913	0.0001	0.233917	0.0001	0.0001	0.0001	0.000202732	0.278779	0.0634902	0.225912	0.000100047	0.5698	0.000100065	0.000336181	0.0001	0.0578994	0.0001	0.0001	0.0001	0.227801	0.0001	0.00010747	0.0001	0.923224	0.0528146	0.000100001	0.000108064	0.0001	0.000517606	0.0001	0.38016	0.00010214	0.154282	0.0001	0.000287178	0.0001947	0.0001
37	A	T	ORF	S	NULL	0	0	0	0	0	0	0	0	0	0	0	0	0	0	0	0	0	0	0	0	0	0	0	0	0	0	0	0	0	0	0	0	0	0	0	0	0	0	0	0	0	0	0	0	0	0	0	0	0	0	0	0	0	0
38	A	T	ORF	S	NULL	0	0	0	0	0	0	0	0	0	0	0	0	0	0	0	0	0	0	0	0	0	0	0	0	0	0	0	0	0	0	0	0	0	0	0	0	0	0	0	0	0	0	0	0	0	0	0	0	0	0	0	0	0	0
39	A	T	ORF	S	NULL	0	0	0	0	0.0001	0.00825688	0.0437115	0.0001	0.0001	0.0136058	0.0001	0.0001	0.151753	0.0644803	0.551931	0.503334	0.238859	0.0245051	0.534581	0.0509178	0.476591	0.0001	0.321557	0.0001	0.000100001	0.000100001	0.0748773	0.0001	0.000100005	0.0001	0.000100001	0.99878	0.0001	0.0698588	0.629019	0.0001	0.0355254	0.23222	0.0153156	0.99878	0.000100001	0.0001	0.0001	0.0001	0.0108633	0.0437115	0.465823	0.000100003	0.0001	0.406407	0.0001	0.0001	0.586694	0.0001
40	A	T	ORF	S	NULL	0	0	0	0	0	0	0	0	0	0	0	0	0	0	0	0	0	0	0	0	0	0	0	0	0	0	0	0	0	0	0	0	0	0	0	0	0	0	0	0	0	0	0	0	0	0	0	0	0	0	0	0	0	0
41	A	T	ORF	S	NULL	0	0	0	0	0.650886	0.000100693	0.0001	0.0448977	0.792938	0.0001	0.128899	0.0001	0.0001	0.0001	0.0001	0.0001	0.000100371	0.0001	0.0001	0.656932	0.000100336	0.000100981	0.219823	0.0001	0.0001	0.0001	0.604925	0.306887	0.0001	0.0001	0.0908296	0.0001	0.000100442	0.0001	0.000100143	0.508925	0.0989051	0.00589928	0.0747353	0.0001	0.0001	0.0001	0.0001	0.0001	0.0001	0.0001	0.0001	0.0001	0.0001	0.0001	0.0001	0.0001	0.0001	0.0001
42	A	T	ORF	S	NULL	0	0	0	0	0	0	0	0	0	0	0	0	0	0	0	0	0	0	0	0	0	0	0	0	0	0	0	0	0	0	0	0	0	0	0	0	0	0	0	0	0	0	0	0	0	0	0	0	0	0	0	0	0	0
43	A	T	ORF	S	NULL	0	0	0	0	0	0	0	0	0	0	0	0	0	0	0	0	0	0	0	0	0	0	0	0	0	0	0	0	0	0	0	0	0	0	0	0	0	0	0	0	0	0	0	0	0	0	0	0	0	0	0	0	0	0
44	A	T	ORF	S	NULL	0	0	0	0	0.0001	0.719022	0.0409745	0.42295	0.182218	0.0124849	0.669878	0.0001	0.142155	0.0607292	0.016539	0.417758	0.442917	0.0220998	0.215911	0.0441311	0.41239	0.884936	0.000368483	0.0001	0.000103811	0.0001	0.000137453	0.000100039	0.000103884	0.0001	0.0001	0.000866189	0.452157	0.00015139	0.238398	0.0461423	0.318503	0.421583	0.06597	0.000866189	0.0001	0.0001	0.000100002	0.0158798	0.0001	0.0409745	0.463795	0.0001	0.0001	0.0308205	0.0001	0.0001	0.000533438	0.0001
45	A	T	ORF	S	NULL	0	0	0	0	0.0001	0.0001	0.0001	0.475928	0.0001	0.0001	0.111901	0.0001	0.000100451	0.218487	0.000101016	0.0001	0.0001	0.486156	0.0001	0.000100001	0.000100007	0.0001	0.0001	0.0001	0.431942	0.0001	0.000100002	0.550915	0.13492	0.801898	0.460824	0.000100065	0.0001	0.000100005	0.000100027	0.0001	0.0371449	0.00289902	0.0001	0.000100065	0.0001	0.0001	0.292745	0.0001	0.0001	0.0001	0.0001	0.619115	0.182838	0.397014	0.0001	0.0001	0.000100025	0.103818
46	A	T	ORF	S	NULL	0	0	0	0	0.0001	0.0154806	0.000102611	0.0134546	0.00575197	0.0001	0.0213548	0.000100008	0.122723	0.644048	0.000357013	0.0001	0.0124286	0.000100439	0.208056	0.00116389	0.0115263	0.028224	0.0001	0.0001	0.000100032	0.000100001	0.0919158	0.000100039	0.000100012	0.000100057	0.000100032	0.0001	0.0143891	0.0001	0.00657273	0.0695677	0.00900636	0.0117572	0.000340363	0.0001	0.000100008	0.946057	0.000100018	0.000432219	0.578022	0.000102611	0.0001	0.000100046	0.20187	0.000128569	0.999817	0.581987	0.0001	0.895054
47	A	T	ORF	S	NULL	0	0	0	0	0	0	0	0	0	0	0	0	0	0	0	0	0	0	0	0	0	0	0	0	0	0	0	0	0	0	0	0	0	0	0	0	0	0	0	0	0	0	0	0	0	0	0	0	0	0	0	0	0	0
48	A	T	ORF	S	NULL	0	0	0	0	0	0	0	0	0	0	0	0	0	0	0	0	0	0	0	0	0	0	0	0	0	0	0	0	0	0	0	0	0	0	0	0	0	0	0	0	0	0	0	0	0	0	0	0	0	0	0	0	0	0
49	A	T	ORF	S	NULL	0	0	0	0	0	0	0	0	0	0	0	0	0	0	0	0	0	0	0	0	0	0	0	0	0	0	0	0	0	0	0	0	0	0	0	0	0	0	0	0	0	0	0	0	0	0	0	0	0	0	0	0	0	0
50	A	T	ORF	S	NULL	0	0	0	0	0	0	0	0	0	0	0	0	0	0	0	0	0	0	0	0	0	0	0	0	0	0	0	0	0	0	0	0	0	0	0	0	0	0	0	0	0	0	0	0	0	0	0	0	0	0	0	0	0	0
51	A	T	ORF	S	NULL	0	0	0	0	0	0	0	0	0	0	0	0	0	0	0	0	0	0	0	0	0	0	0	0	0	0	0	0	0	0	0	0	0	0	0	0	0	0	0	0	0	0	0	0	0	0	0	0	0	0	0	0	0	0
52	A	T	ORF	S	NULL	0	0	0	0	0	0	0	0	0	0	0	0	0	0	0	0	0	0	0	0	0	0	0	0	0	0	0	0	0	0	0	0	0	0	0	0	0	0	0	0	0	0	0	0	0	0	0	0	0	0	0	0	0	0
53	A	T	ORF	S	NULL	0	0	0	0	0	0	0	0	0	0	0	0	0	0	0	0	0	0	0	0	0	0	0	0	0	0	0	0	0	0	0	0	0	0	0	0	0	0	0	0	0	0	0	0	0	0	0	0	0	0	0	0	0	0
54	A	T	ORF	S	NULL	0	0	0	0	0	0	0	0	0	0	0	0	0	0	0	0	0	0	0	0	0	0	0	0	0	0	0	0	0	0	0	0	0	0	0	0	0	0	0	0	0	0	0	0	0	0	0	0	0	0	0	0	0	0
55	A	T	ORF	S	NULL	0	0	0	0	0	0	0	0	0	0	0	0	0	0	0	0	0	0	0	0	0	0	0	0	0	0	0	0	0	0	0	0	0	0	0	0	0	0	0	0	0	0	0	0	0	0	0	0	0	0	0	0	0	0
56	A	T	ORF	S	NULL	0	0	0	0	0	0	0	0	0	0	0	0	0	0	0	0	0	0	0	0	0	0	0	0	0	0	0	0	0	0	0	0	0	0	0	0	0	0	0	0	0	0	0	0	0	0	0	0	0	0	0	0	0	0
57	A	T	ORF	S	NULL	0	0	0	0	0	0	0	0	0	0	0	0	0	0	0	0	0	0	0	0	0	0	0	0	0	0	0	0	0	0	0	0	0	0	0	0	0	0	0	0	0	0	0	0	0	0	0	0	0	0	0	0	0	0
58	A	T	ORF	S	NULL	0	0	0	0	0	0	0	0	0	0	0	0	0	0	0	0	0	0	0	0	0	0	0	0	0	0	0	0	0	0	0	0	0	0	0	0	0	0	0	0	0	0	0	0	0	0	0	0	0	0	0	0	0	0
59	A	T	ORF	S	NULL	0	0	0	0	0	0	0	0	0	0	0	0	0	0	0	0	0	0	0	0	0	0	0	0	0	0	0	0	0	0	0	0	0	0	0	0	0	0	0	0	0	0	0	0	0	0	0	0	0	0	0	0	0	0
60	A	T	ORF	S	NULL	0	0	0	0	0.0001	0.00825688	0.0437115	0.0001	0.0001	0.0136058	0.0001	0.0001	0.151753	0.0644803	0.551931	0.503334	0.238859	0.0245051	0.534581	0.0509178	0.476591	0.0001	0.321557	0.0001	0.000100001	0.000100001	0.0748773	0.0001	0.000100005	0.0001	0.000100001	0.99878	0.0001	0.0698588	0.629019	0.0001	0.0355254	0.23222	0.0153156	0.99878	0.000100001	0.0001	0.0001	0.0001	0.0108633	0.0437115	0.465823	0.000100003	0.0001	0.406407	0.0001	0.0001	0.586694	0.0001
61	A	T	ORF	S	NULL	0	0	0	0	0	0	0	0	0	0	0	0	0	0	0	0	0	0	0	0	0	0	0	0	0	0	0	0	0	0	0	0	0	0	0	0	0	0	0	0	0	0	0	0	0	0	0	0	0	0	0	0	0	0
62	A	T	ORF	S	NULL	0	0	0	0	0	0	0	0	0	0	0	0	0	0	0	0	0	0	0	0	0	0	0	0	0	0	0	0	0	0	0	0	0	0	0	0	0	0	0	0	0	0	0	0	0	0	0	0	0	0	0	0	0	0
63	A	T	ORF	S	NULL	0	0	0	0	0	0	0	0	0	0	0	0	0	0	0	0	0	0	0	0	0	0	0	0	0	0	0	0	0	0	0	0	0	0	0	0	0	0	0	0	0	0	0	0	0	0	0	0	0	0	0	0	0	0
64	A	T	ORF	S	NULL	0	0	0	0	0.0538116	0.0001	0.0001	0.0001	0.0001	0.389741	0.0001	0.0001	0.0001	0.0001	0.00013395	0.0001	0.197917	0.244083	0.0001	0.0001	0.0001	0.0001	0.000119373	0.000100001	0.000117798	0.00587257	0.0001	0.000103962	0.000118157	0.000100408	0.0001	0.0001	0.428937	0.928983	0.0668754	0.3466	0.175413	0.21812	0.000128102	0.0001	0.0001	0.0001	0.0418528	0.000130365	0.4099	0.0001	0.0001	0.0001	0.172918	0.0001	0.0001	0.0001	0.0001	0.0001
65	A	T	ORF	S	NULL	0	0	0	0	0.0001	0.719022	0.0409745	0.42295	0.182218	0.0124849	0.669878	0.0001	0.142155	0.0607292	0.016539	0.417758	0.442917	0.0220998	0.215911	0.0441311	0.41239	0.884936	0.000368483	0.0001	0.000103811	0.0001	0.000137453	0.000100039	0.000103884	0.0001	0.0001	0.000866189	0.452157	0.00015139	0.238398	0.0461423	0.318503	0.421583	0.06597	0.000866189	0.0001	0.0001	0.000100002	0.0158798	0.0001	0.0409745	0.463795	0.0001	0.0001	0.0308205	0.0001	0.0001	0.000533438	0.0001
66	A	T	ORF	S	NULL	0	0	0	0	0.0002	0.734503	0.0410771	0.436405	0.187969	0.0125849	0.691233	0.000200008	0.264878	0.704778	0.016896	0.417858	0.455346	0.0222002	0.423967	0.045295	0.423917	0.91316	0.000468483	0.0002	0.000203842	0.000200001	0.0920533	0.000200078	0.000203896	0.000200057	0.000200032	0.000966189	0.466546	0.000251391	0.244971	0.11571	0.327509	0.433341	0.0663104	0.000966189	0.000200008	0.946157	0.00020002	0.016312	0.578122	0.0410771	0.463895	0.000200046	0.20197	0.0309491	0.999917	0.582087	0.000633438	0.895154
67	A	T	ORF	S	NULL	0	0	0	0	0	0	0	0	0	0	0	0	0	0	0	0	0	0	0	0	0	0	0	0	0	0	0	0	0	0	0	0	0	0	0	0	0	0	0	0	0	0	0	0	0	0	0	0	0	0	0	0	0	0
68	A	T	ORF	S	NULL	0	0	0	0	0.293541	0.162791	0.905213	0.000100001	0.000100042	0.0001	0.000100019	0.000100028	0.23615	0.00010003	0.000180348	0.0001	0.0001	0.217438	0.000100014	0.000100013	0.000100004	0.000100016	0.0001	0.484063	0.0001	0.9277	0.000100015	0.000100001	0.0001	0.0001	0.446321	0.000100004	0.0001	0.0001	0.000100008	0.000478891	0.00430634	0.00139531	0.188355	0.000100004	0.076004	0.0001	0.0001	0.271078	0.0001	0.905213	0.0001	0.000100136	0.00885948	0.00524779	0.000102359	0.416182	0.294257	0.0001
69	A	T	ORF	S	NULL	0	0	0	0	0	0	0	0	0	0	0	0	0	0	0	0	0	0	0	0	0	0	0	0	0	0	0	0	0	0	0	0	0	0	0	0	0	0	0	0	0	0	0	0	0	0	0	0	0	0	0	0	0	0
70	A	T	ORF	S	NULL	0	0	0	0	0	0	0	0	0	0	0	0	0	0	0	0	0	0	0	0	0	0	0	0	0	0	0	0	0	0	0	0	0	0	0	0	0	0	0	0	0	0	0	0	0	0	0	0	0	0	0	0	0	0
71	A	T	ORF	S	NULL	0	0	0	0	0.650886	0.000100693	0.0001	0.0448977	0.792938	0.0001	0.128899	0.0001	0.0001	0.0001	0.0001	0.0001	0.000100371	0.0001	0.0001	0.656932	0.000100336	0.000100981	0.219823	0.0001	0.0001	0.0001	0.604925	0.306887	0.0001	0.0001	0.0908296	0.0001	0.000100442	0.0001	0.000100143	0.508925	0.0989051	0.00589928	0.0747353	0.0001	0.0001	0.0001	0.0001	0.0001	0.0001	0.0001	0.0001	0.0001	0.0001	0.0001	0.0001	0.0001	0.0001	0.0001
72	A	T	ORF	S	NULL	0	0	0	0	0	0	0	0	0	0	0	0	0	0	0	0	0	0	0	0	0	0	0	0	0	0	0	0	0	0	0	0	0	0	0	0	0	0	0	0	0	0	0	0	0	0	0	0	0	0	0	0	0	0
73	A	T	ORF	S	NULL	0	0	0	0	0	0	0	0	0	0	0	0	0	0	0	0	0	0	0	0	0	0	0	0	0	0	0	0	0	0	0	0	0	0	0	0	0	0	0	0	0	0	0	0	0	0	0	0	0	0	0	0	0	0
74	A	T	ORF	S	NULL	0	0	0	0	0	0	0	0	0	0	0	0	0	0	0	0	0	0	0	0	0	0	0	0	0	0	0	0	0	0	0	0	0	0	0	0	0	0	0	0	0	0	0	0	0	0	0	0	0	0	0	0	0	0
75	A	T	ORF	S	NULL	0	0	0	0	0	0	0	0	0	0	0	0	0	0	0	0	0	0	0	0	0	0	0	0	0	0	0	0	0	0	0	0	0	0	0	0	0	0	0	0	0	0	0	0	0	0	0	0	0	0	0	0	0	0
76	A	T	ORF	S	NULL	0	0	0	0	0.294027	0.163006	0.914893	0.000200001	0.000200042	0.584259	0.000200019	0.000200038	0.579056	0.0122314	0.409413	0.0790083	0.0002	0.22298	0.0412416	0.000200014	0.000200004	0.000200016	0.456215	0.999177	0.288188	0.92896	0.000200016	0.14008	0.294191	0.19709	0.446982	0.000200004	0.0002	0.0002	0.000200008	0.0201682	0.0168382	0.00149531	0.834524	0.000200004	0.0761975	0.0002	0.664343	0.980168	0.0002	0.914893	0.0704822	0.000200138	0.440049	0.00737499	0.000202359	0.416799	0.411546	0.0002
77	A	T	ORF	S	NULL	0	0	0	0	0.0001	0.719022	0.0409745	0.42295	0.182218	0.0124849	0.669878	0.0001	0.142155	0.0607292	0.016539	0.417758	0.442917	0.0220998	0.215911	0.0441311	0.41239	0.884936	0.000368483	0.0001	0.000103811	0.0001	0.000137453	0.000100039	0.000103884	0.0001	0.0001	0.000866189	0.452157	0.00015139	0.238398	0.0461423	0.318503	0.421583	0.06597	0.000866189	0.0001	0.0001	0.000100002	0.0158798	0.0001	0.0409745	0.463795	0.0001	0.0001	0.0308205	0.0001	0.0001	0.000533438	0.0001
78	A	T	ORF	S	NULL	0	0	0	0	0.000339127	0.000292004	0.000617607	0.476028	0.0002	0.0002	0.112001	1.00004	0.00399644	0.218587	0.0148817	0.0002	0.0002	0.48638	0.0002	0.234017	0.000200007	0.0002	0.0002	0.000302733	0.710721	0.0635902	0.226012	0.551015	0.704721	0.801998	0.46116	0.000200065	0.0579994	0.000200005	0.000200027	0.0002	0.264946	0.00299902	0.00020747	0.000200065	0.923324	0.0529146	0.292845	0.000208064	0.0002	0.000617607	0.0002	0.999275	0.18294	0.551296	0.0002	0.000387178	0.000294725	0.103918
79	A	T	ORF	S	NULL	0	0	0	0	0.0538116	0.0001	0.0001	0.0001	0.0001	0.389741	0.0001	0.0001	0.0001	0.0001	0.00013395	0.0001	0.197917	0.244083	0.0001	0.0001	0.0001	0.0001	0.000119373	0.000100001	0.000117798	0.00587257	0.0001	0.000103962	0.000118157	0.000100408	0.0001	0.0001	0.428937	0.928983	0.0668754	0.3466	0.175413	0.21812	0.000128102	0.0001	0.0001	0.0001	0.0418528	0.000130365	0.4099	0.0001	0.0001	0.0001	0.172918	0.0001	0.0001	0.0001	0.0001	0.0001
80	A	T	ORF	S	NULL	0	0	0	0	0	0	0	0	0	0	0	0	0	0	0	0	0	0	0	0	0	0	0	0	0	0	0	0	0	0	0	0	0	0	0	0	0	0	0	0	0	0	0	0	0	0	0	0	0	0	0	0	0	0
81	A	T	ORF	S	NULL	0	0	0	0	0	0	0	0	0	0	0	0	0	0	0	0	0	0	0	0	0	0	0	0	0	0	0	0	0	0	0	0	0	0	0	0	0	0	0	0	0	0	0	0	0	0	0	0	0	0	0	0	0	0
82	A	T	ORF	S	NULL	0	0	0	0	0	0	0	0	0	0	0	0	0	0	0	0	0	0	0	0	0	0	0	0	0	0	0	0	0	0	0	0	0	0	0	0	0	0	0	0	0	0	0	0	0	0	0	0	0	0	0	0	0	0
83	A	T	ORF	S	NULL	0	0	0	0	0	0	0	0	0	0	0	0	0	0	0	0	0	0	0	0	0	0	0	0	0	0	0	0	0	0	0	0	0	0	0	0	0	0	0	0	0	0	0	0	0	0	0	0	0	0	0	0	0	0
84	A	T	ORF	S	NULL	0	0	0	0	0.000485156	0.000214898	0.00967997	0.0001	0.0001	0.584159	0.0001	0.00010001	0.342906	0.0121313	0.409232	0.0789083	0.0001	0.00554184	0.0411416	0.000100001	0.0001	0.0001	0.456115	0.515115	0.288088	0.00125933	0.000100001	0.13998	0.294091	0.19699	0.000661054	0.0001	0.0001	0.0001	0.0001	0.0196893	0.0125319	0.0001	0.646169	0.0001	0.00019348	0.0001	0.664243	0.70909	0.0001	0.00967997	0.0703822	0.000100002	0.43119	0.0021272	0.0001	0.000616377	0.11729	0.0001
85	A	T	ORF	S	NULL	0	0	0	0	0	0	0	0	0	0	0	0	0	0	0	0	0	0	0	0	0	0	0	0	0	0	0	0	0	0	0	0	0	0	0	0	0	0	0	0	0	0	0	0	0	0	0	0	0	0	0	0	0	0
86	A	T	ORF	S	NULL	0	0	0	0	0	0	0	0	0	0	0	0	0	0	0	0	0	0	0	0	0	0	0	0	0	0	0	0	0	0	0	0	0	0	0	0	0	0	0	0	0	0	0	0	0	0	0	0	0	0	0	0	0	0
87	A	T	ORF	S	NULL	0	0	0	0	0.0538116	0.0001	0.0001	0.0001	0.0001	0.389741	0.0001	0.0001	0.0001	0.0001	0.00013395	0.0001	0.197917	0.244083	0.0001	0.0001	0.0001	0.0001	0.000119373	0.000100001	0.000117798	0.00587257	0.0001	0.000103962	0.000118157	0.000100408	0.0001	0.0001	0.428937	0.928983	0.0668754	0.3466	0.175413	0.21812	0.000128102	0.0001	0.0001	0.0001	0.0418528	0.000130365	0.4099	0.0001	0.0001	0.0001	0.172918	0.0001	0.0001	0.0001	0.0001	0.0001
88	A	T	ORF	S	NULL	0	0	0	0	0	0	0	0	0	0	0	0	0	0	0	0	0	0	0	0	0	0	0	0	0	0	0	0	0	0	0	0	0	0	0	0	0	0	0	0	0	0	0	0	0	0	0	0	0	0	0	0	0	0
89	A	T	ORF	S	NULL	0	0	0	0	0.293781	0.162983	0.90573	0.000200038	0.000200042	0.0002	0.000200019	1.00004	0.240046	0.000200041	0.014961	0.0002	0.0002	0.217662	0.000200014	0.234017	0.000200004	0.000200016	0.0002	0.484265	0.278879	0.99119	0.226012	0.000200049	0.5699	0.000200065	0.446657	0.000200004	0.0579994	0.0002	0.000200008	0.000578891	0.232107	0.00149531	0.188462	0.000200004	0.999228	0.0529146	0.000200001	0.271186	0.0002	0.90573	0.0002	0.38026	0.00896162	0.15953	0.000202359	0.41647	0.294451	0.0002
90	A	T	ORF	S	NULL	0	0	0	0	0.0542967	0.000314898	0.00977997	0.0002	0.0002	0.9739	0.0002	0.00020001	0.343006	0.0122313	0.409366	0.0790083	0.198017	0.249625	0.0412416	0.000200001	0.0002	0.0002	0.456235	0.515215	0.288205	0.0071319	0.000200001	0.140084	0.29421	0.197091	0.000761054	0.0002	0.429037	0.929083	0.0669754	0.36629	0.187945	0.21822	0.646297	0.0002	0.00029348	0.0002	0.706096	0.70922	0.41	0.00977997	0.0704822	0.000200002	0.604108	0.0022272	0.0002	0.000716377	0.11739	0.0002
91	A	T	ORF	S	NULL	0	0	0	0	0.000485156	0.000214898	0.00967997	0.0001	0.0001	0.584159	0.0001	0.00010001	0.342906	0.0121313	0.409232	0.0789083	0.0001	0.00554184	0.0411416	0.000100001	0.0001	0.0001	0.456115	0.515115	0.288088	0.00125933	0.000100001	0.13998	0.294091	0.19699	0.000661054	0.0001	0.0001	0.0001	0.0001	0.0196893	0.0125319	0.0001	0.646169	0.0001	0.00019348	0.0001	0.664243	0.70909	0.0001	0.00967997	0.0703822	0.000100002	0.43119	0.0021272	0.0001	0.000616377	0.11729	0.0001
92	A	T	ORF	S	NULL	0	0	0	0	0.650886	0.000100693	0.0001	0.0448977	0.792938	0.0001	0.128899	0.0001	0.0001	0.0001	0.0001	0.0001	0.000100371	0.0001	0.0001	0.656932	0.000100336	0.000100981	0.219823	0.0001	0.0001	0.0001	0.604925	0.306887	0.0001	0.0001	0.0908296	0.0001	0.000100442	0.0001	0.000100143	0.508925	0.0989051	0.00589928	0.0747353	0.0001	0.0001	0.0001	0.0001	0.0001	0.0001	0.0001	0.0001	0.0001	0.0001	0.0001	0.0001	0.0001	0.0001	0.0001
93	A	T	ORF	S	NULL	0	0	0	0	0	0	0	0	0	0	0	0	0	0	0	0	0	0	0	0	0	0	0	0	0	0	0	0	0	0	0	0	0	0	0	0	0	0	0	0	0	0	0	0	0	0	0	0	0	0	0	0	0	0
94	A	T	ORF	S	NULL	0	0	0	0	0	0	0	0	0	0	0	0	0	0	0	0	0	0	0	0	0	0	0	0	0	0	0	0	0	0	0	0	0	0	0	0	0	0	0	0	0	0	0	0	0	0	0	0	0	0	0	0	0	0
95	A	T	ORF	S	NULL	0	0	0	0	0.0001	0.0001	0.0001	0.475928	0.0001	0.0001	0.111901	0.0001	0.000100451	0.218487	0.000101016	0.0001	0.0001	0.486156	0.0001	0.000100001	0.000100007	0.0001	0.0001	0.0001	0.431942	0.0001	0.000100002	0.550915	0.13492	0.801898	0.460824	0.000100065	0.0001	0.000100005	0.000100027	0.0001	0.0371449	0.00289902	0.0001	0.000100065	0.0001	0.0001	0.292745	0.0001	0.0001	0.0001	0.0001	0.619115	0.182838	0.397014	0.0001	0.0001	0.000100025	0.103818
96	A	T	ORF	S	NULL	0	0	0	0	0.000239127	0.000192004	0.000517606	0.000100037	0.0001	0.0001	0.0001	0.99994	0.00389599	0.000100011	0.0147807	0.0001	0.0001	0.000223913	0.0001	0.233917	0.0001	0.0001	0.0001	0.000202732	0.278779	0.0634902	0.225912	0.000100047	0.5698	0.000100065	0.000336181	0.0001	0.0578994	0.0001	0.0001	0.0001	0.227801	0.0001	0.00010747	0.0001	0.923224	0.0528146	0.000100001	0.000108064	0.0001	0.000517606	0.0001	0.38016	0.00010214	0.154282	0.0001	0.000287178	0.0001947	0.0001
97	A	T	ORF	S	NULL	0	0	0	0	0	0	0	0	0	0	0	0	0	0	0	0	0	0	0	0	0	0	0	0	0	0	0	0	0	0	0	0	0	0	0	0	0	0	0	0	0	0	0	0	0	0	0	0	0	0	0	0	0	0
98	A	T	ORF	S	NULL	0	0	0	0	0.0001	0.0001	0.0001	0.475928	0.0001	0.0001	0.111901	0.0001	0.000100451	0.218487	0.000101016	0.0001	0.0001	0.486156	0.0001	0.000100001	0.000100007	0.0001	0.0001	0.0001	0.431942	0.0001	0.000100002	0.550915	0.13492	0.801898	0.460824	0.000100065	0.0001	0.000100005	0.000100027	0.0001	0.0371449	0.00289902	0.0001	0.000100065	0.0001	0.0001	0.292745	0.0001	0.0001	0.0001	0.0001	0.619115	0.182838	0.397014	0.0001	0.0001	0.000100025	0.103818
99	A	T	ORF	S	NULL	0	0	0	0	0	0	0	0	0	0	0	0	0	0	0	0	0	0	0	0	0	0	0	0	0	0	0	0	0	0	0	0	0	0	0	0	0	0	0	0	0	0	0	0	0	0	0	0	0	0	0	0	0	0
100	A	T	ORF	S	NULL	0	0	0	0	0	0	0	0	0	0	0	0	0	0	0	0	0	0	0	0	0	0	0	0	0	0	0	0	0	0	0	0	0	0	0	0	0	0	0	0	0	0	0	0	0	0	0	0	0	0	0	0	0	0
