pos	ref	alt	gene	N/S	AA	nSRAsubclonal	nSRAclonal	nSRA	nConsensus	sample0|Earth	sample1|Earth	sample2|Earth	sample3|Earth	sample4|Earth	sample5|Earth	sample6|Earth	sample7|Earth	sample8|Earth	sample9|Earth	sample10|Earth	sample11|Earth	sample12|Earth	sample13|Earth	sample14|Earth	sample15|Earth	sample16|Earth	sample17|Earth	sample18|Earth	sample19|Earth	sample20|Earth	sample21|Earth	sample22|Earth	sample23|Earth	sample24|Earth	sample25|Earth	sample26|Earth	sample27|Earth	sample28|Earth	sample29|Earth	sample30|Earth	sample31|Earth	sample32|Earth	sample33|Earth	sample34|Earth	sample35|Earth	sample36|Earth	sample37|Earth	sample38|Earth	sample39|Earth	sample40|Earth	sample41|Earth	sample42|Earth	sample43|Earth	sample44|Earth	sample45|Earth	sample46|Earth	sample47|Earth	sample48|Earth	sample49|Earth
1	A	T	ORF	S	NULL	0	0	0	0	0	0	0	0	0	0	0	0	0	0	0	0	0	0	0	0	0	0	0	0	0	0	0	0	0	0	0	0	0	0	0	0	0	0	0	0	0	0	0	0	0	0	0	0	0	0	0	0	0	0
2	A	T	ORF	S	NULL	0	0	0	0	0.000126118	0.0001	0.000126685	0.0001	0.0001	0.000126208	0.0001	0.332306	0.0001	0.000262094	0.838227	0.000128582	0.271299	0.0001	0.000104812	0.361168	0.0001	0.000186183	0.14428	0.000125986	0.0883584	0.0001	0.187431	0.000343548	0.0001	0.00012431	0.000121789	0.999975	0.000244694	0.705211	0.805223	0.000184562	0.000126487	0.00012626	0.000128179	0.678347	0.000126876	0.163233	0.000125134	0.000127473	0.673346	0.000126263	0.0822756	0.000126465	0.000273904	0.000127602	0.0001	0.000126136	0.627202	0.000123796
3	A	T	ORF	S	NULL	0	0	0	0	0.0001	0.90531	0.0001	0.0001	0.524123	0.0001	0.999952	0.0001	0.0001	0.0001	0.161013	0.0001	0.524098	0.0001	0.0001	0.237022	0.999952	0.712407	0.411084	0.0001	0.0001	0.0001	0.0001	0.0432228	0.000100001	0.0001	0.0001	0.0001	0.0261147	0.0001	0.194016	0.0001	0.0001	0.0001	0.0001	0.0001	0.0001	0.0001	0.000100001	0.0001	0.0001	0.0001	0.181056	0.0001	0.0001	0.0001	0.000100001	0.0001	0.0001	0.000100001
4	A	T	ORF	S	NULL	0	0	0	0	0.589128	0.0001	0.319096	0.0001	0.0001	0.0001	0.0001	0.000138974	0.000100001	0.000137392	0.0001	0.0001	0.00013961	0.0001	0.0001	0.0001	0.0001	0.185251	0.000139372	0.578128	0.475366	0.740225	0.000118623	0.000150267	0.000100005	0.000100003	0.000100002	0.0001	0.538354	0.0001	0.0001	0.0001	0.000100001	0.0001	0.0001	0.000138584	0.964175	0.0291114	0.000100004	0.698143	0.000138162	0.0240581	0.464196	0.000100002	0.0712742	0.812157	0.0001	0.783152	0.0001	0.000100004
5	A	T	ORF	S	NULL	0	0	0	0	0.0001	0.90531	0.0001	0.0001	0.524123	0.0001	0.999952	0.0001	0.0001	0.0001	0.161013	0.0001	0.524098	0.0001	0.0001	0.237022	0.999952	0.712407	0.411084	0.0001	0.0001	0.0001	0.0001	0.0432228	0.000100001	0.0001	0.0001	0.0001	0.0261147	0.0001	0.194016	0.0001	0.0001	0.0001	0.0001	0.0001	0.0001	0.0001	0.000100001	0.0001	0.0001	0.0001	0.181056	0.0001	0.0001	0.0001	0.000100001	0.0001	0.0001	0.000100001
6	A	T	ORF	S	NULL	0	0	0	0	0.000126118	0.0001	0.000126685	0.0001	0.0001	0.000126208	0.0001	0.332306	0.0001	0.000262094	0.838227	0.000128582	0.271299	0.0001	0.000104812	0.361168	0.0001	0.000186183	0.14428	0.000125986	0.0883584	0.0001	0.187431	0.000343548	0.0001	0.00012431	0.000121789	0.999975	0.000244694	0.705211	0.805223	0.000184562	0.000126487	0.00012626	0.000128179	0.678347	0.000126876	0.163233	0.000125134	0.000127473	0.673346	0.000126263	0.0822756	0.000126465	0.000273904	0.000127602	0.0001	0.000126136	0.627202	0.000123796
7	A	T	ORF	S	NULL	0	0	0	0	0.0001	0.0941653	0.680075	0.0001	0.0120403	0.851098	0.0001	0.0001	0.0971446	0.410067	0.0001	0.373035	0.0001	0.999973	0.642139	0.0001	0.0001	0.101191	0.0001	0.0001	0.0160332	0.0001	0.0001	0.0001	0.0001	0.0001	0.0001	0.0001	0.000100001	0.0001	0.0001	0.0001	0.000100002	0.0001	0.473048	0.000100001	0.0001	0.684284	0.0001	0.0001	0.0001	0.0329892	0.271046	0.000100002	0.000100002	0.18701	0.000100002	0.0001	0.0001	0.0001
8	A	T	ORF	S	NULL	0	0	0	0	0	0	0	0	0	0	0	0	0	0	0	0	0	0	0	0	0	0	0	0	0	0	0	0	0	0	0	0	0	0	0	0	0	0	0	0	0	0	0	0	0	0	0	0	0	0	0	0	0	0
9	A	T	ORF	S	NULL	0	0	0	0	0	0	0	0	0	0	0	0	0	0	0	0	0	0	0	0	0	0	0	0	0	0	0	0	0	0	0	0	0	0	0	0	0	0	0	0	0	0	0	0	0	0	0	0	0	0	0	0	0	0
10	A	T	ORF	S	NULL	0	0	0	0	0	0	0	0	0	0	0	0	0	0	0	0	0	0	0	0	0	0	0	0	0	0	0	0	0	0	0	0	0	0	0	0	0	0	0	0	0	0	0	0	0	0	0	0	0	0	0	0	0	0
11	A	T	ORF	S	NULL	0	0	0	0	0	0	0	0	0	0	0	0	0	0	0	0	0	0	0	0	0	0	0	0	0	0	0	0	0	0	0	0	0	0	0	0	0	0	0	0	0	0	0	0	0	0	0	0	0	0	0	0	0	0
12	A	T	ORF	S	NULL	0	0	0	0	0	0	0	0	0	0	0	0	0	0	0	0	0	0	0	0	0	0	0	0	0	0	0	0	0	0	0	0	0	0	0	0	0	0	0	0	0	0	0	0	0	0	0	0	0	0	0	0	0	0
13	A	T	ORF	S	NULL	0	0	0	0	0	0	0	0	0	0	0	0	0	0	0	0	0	0	0	0	0	0	0	0	0	0	0	0	0	0	0	0	0	0	0	0	0	0	0	0	0	0	0	0	0	0	0	0	0	0	0	0	0	0
14	A	T	ORF	S	NULL	0	0	0	0	0.171022	0.0001	0.0001	0.999993	0.463147	0.0001	0.0001	0.0001	0.000100001	0.250081	0.0001	0.0001	0.0001	0.0001	0.0001	0.401054	0.0001	0.0001	0.404102	0.233031	0.0001	0.0001	0.634207	0.19619	0.0001	0.353048	0.600082	0.0001	0.0001	0.0001	0.0001	0.808136	0.0001	0.00899881	0.0001	0.0001	0.0001	0.0001	0.0001	0.0001	0.0001	0.0001	0.0001	0.0001	0.0001	0.0001	0.0001	0.0001	0.0001	0.0001
15	A	T	ORF	S	NULL	0	0	0	0	0.0001	0.0001	0.0001	0.0001	0.0001	0.0001	0.0001	0.0301026	0.902377	0.000100395	0.0001	0.0001	0.000101718	0.0001	0.0001	0.0001	0.0001	0.0001	0.000101431	0.0001	0.178158	0.0001	0.0001	0.000121557	0.0001	0.0001	0.0001	0.0001	0.135106	0.0001	0.0001	0.0001	0.449075	0.0001	0.0001	0.134114	0.0350297	0.000342877	0.0001	0.0001	0.000100414	0.0001	0.000101138	0.50108	0.376146	0.0001	0.0001	0.0001	0.0001	0.0001
16	A	T	ORF	S	NULL	0	0	0	0	0	0	0	0	0	0	0	0	0	0	0	0	0	0	0	0	0	0	0	0	0	0	0	0	0	0	0	0	0	0	0	0	0	0	0	0	0	0	0	0	0	0	0	0	0	0	0	0	0	0
17	A	T	ORF	S	NULL	0	0	0	0	0.171022	0.0001	0.0001	0.999993	0.463147	0.0001	0.0001	0.0001	0.000100001	0.250081	0.0001	0.0001	0.0001	0.0001	0.0001	0.401054	0.0001	0.0001	0.404102	0.233031	0.0001	0.0001	0.634207	0.19619	0.0001	0.353048	0.600082	0.0001	0.0001	0.0001	0.0001	0.808136	0.0001	0.00899881	0.0001	0.0001	0.0001	0.0001	0.0001	0.0001	0.0001	0.0001	0.0001	0.0001	0.0001	0.0001	0.0001	0.0001	0.0001	0.0001
18	A	T	ORF	S	NULL	0	0	0	0	0.0002	0.0942653	0.680175	0.0002	0.0121403	0.851198	0.0002	0.0302026	0.999521	0.410167	0.0002	0.373135	0.000201718	1.00007	0.642239	0.0002	0.0002	0.101291	0.000201431	0.0002	0.194191	0.0002	0.0002	0.000221557	0.0002	0.0002	0.0002	0.0002	0.135206	0.0002	0.0002	0.0002	0.449175	0.0002	0.473148	0.134214	0.0351297	0.684627	0.0002	0.0002	0.000200414	0.0330892	0.271147	0.50118	0.376246	0.18711	0.000200002	0.0002	0.0002	0.0002
19	A	T	ORF	S	NULL	0	0	0	0	0	0	0	0	0	0	0	0	0	0	0	0	0	0	0	0	0	0	0	0	0	0	0	0	0	0	0	0	0	0	0	0	0	0	0	0	0	0	0	0	0	0	0	0	0	0	0	0	0	0
20	A	T	ORF	S	NULL	0	0	0	0	0.0002	0.0942653	0.680175	0.0002	0.0121403	0.851198	0.0002	0.000200015	0.0972446	0.719177	0.0002	0.373135	0.0002	1.00007	0.999359	0.0002	0.0002	0.101291	0.000200001	0.000200003	0.0161409	0.0002	0.177182	0.000200006	0.0002	0.000200007	0.0002	0.0002	0.000200001	0.000200008	0.0002	0.0622407	0.000200002	0.0002	0.473148	0.000200001	0.0002	0.806315	0.000200007	0.00020001	0.139189	0.0330892	0.271146	0.000200002	0.128289	0.18711	1.00009	0.144131	0.000200012	0.209139
21	A	T	ORF	S	NULL	0	0	0	0	0	0	0	0	0	0	0	0	0	0	0	0	0	0	0	0	0	0	0	0	0	0	0	0	0	0	0	0	0	0	0	0	0	0	0	0	0	0	0	0	0	0	0	0	0	0	0	0	0	0
22	A	T	ORF	S	NULL	0	0	0	0	0.0001	0.0001	0.0001	0.0001	0.0001	0.0001	0.0001	0.0801104	0.0001	0.0291018	0.0001	0.0001	0.000101755	0.0001	0.0001	0.0001	0.0001	0.0001	0.000101212	0.0860423	0.122257	0.000100076	0.0001	0.577357	0.999991	0.419089	0.399086	0.0001	0.0001	0.0001	0.0001	0.0001	0.0001	0.0001	0.0001	0.000100204	0.0001	0.0001	0.764137	0.0001	0.000100117	0.0001	0.000100736	0.184056	0.172229	0.0001	0.0001	0.0720398	0.0001	0.79014
23	A	T	ORF	S	NULL	0	0	0	0	0.828421	0.000308558	0.319357	0.0003	0.000342971	0.103375	0.0003	0.204576	0.000300007	0.0295464	0.000361985	0.000363906	0.203577	0.0003	0.000339912	0.000361224	0.0003	0.185569	0.000549038	0.664331	0.598214	0.999649	0.000488882	0.577896	1.00019	0.41935	0.399345	0.0003	0.837745	0.0433682	0.000361914	0.101441	0.550435	0.990493	0.000363515	0.186574	0.964435	0.0294579	0.764397	0.698404	0.186572	0.966446	0.464605	0.49836	0.282021	0.812418	0.0003	0.855352	0.000362882	0.790399
24	A	T	ORF	S	NULL	0	0	0	0	0	0	0	0	0	0	0	0	0	0	0	0	0	0	0	0	0	0	0	0	0	0	0	0	0	0	0	0	0	0	0	0	0	0	0	0	0	0	0	0	0	0	0	0	0	0	0	0	0	0
25	A	T	ORF	S	NULL	0	0	0	0	0	0	0	0	0	0	0	0	0	0	0	0	0	0	0	0	0	0	0	0	0	0	0	0	0	0	0	0	0	0	0	0	0	0	0	0	0	0	0	0	0	0	0	0	0	0	0	0	0	0
26	A	T	ORF	S	NULL	0	0	0	0	0.0001	0.0001	0.0001	0.0001	0.0001	0.0001	0.0001	0.0301026	0.902377	0.000100395	0.0001	0.0001	0.000101718	0.0001	0.0001	0.0001	0.0001	0.0001	0.000101431	0.0001	0.178158	0.0001	0.0001	0.000121557	0.0001	0.0001	0.0001	0.0001	0.135106	0.0001	0.0001	0.0001	0.449075	0.0001	0.0001	0.134114	0.0350297	0.000342877	0.0001	0.0001	0.000100414	0.0001	0.000101138	0.50108	0.376146	0.0001	0.0001	0.0001	0.0001	0.0001
27	A	T	ORF	S	NULL	0	0	0	0	0	0	0	0	0	0	0	0	0	0	0	0	0	0	0	0	0	0	0	0	0	0	0	0	0	0	0	0	0	0	0	0	0	0	0	0	0	0	0	0	0	0	0	0	0	0	0	0	0	0
28	A	T	ORF	S	NULL	0	0	0	0	0	0	0	0	0	0	0	0	0	0	0	0	0	0	0	0	0	0	0	0	0	0	0	0	0	0	0	0	0	0	0	0	0	0	0	0	0	0	0	0	0	0	0	0	0	0	0	0	0	0
29	A	T	ORF	S	NULL	0	0	0	0	0.0001	0.0001	0.0001	0.0001	0.0001	0.0001	0.0001	0.0801104	0.0001	0.0291018	0.0001	0.0001	0.000101755	0.0001	0.0001	0.0001	0.0001	0.0001	0.000101212	0.0860423	0.122257	0.000100076	0.0001	0.577357	0.999991	0.419089	0.399086	0.0001	0.0001	0.0001	0.0001	0.0001	0.0001	0.0001	0.0001	0.000100204	0.0001	0.0001	0.764137	0.0001	0.000100117	0.0001	0.000100736	0.184056	0.172229	0.0001	0.0001	0.0720398	0.0001	0.79014
30	A	T	ORF	S	NULL	0	0	0	0	0.0001	0.0001	0.0001	0.0001	0.0001	0.000100001	0.0001	0.000100014	0.0001	0.30911	0.0001	0.00010002	0.0001	0.0001	0.35722	0.0001	0.0001	0.0001	0.000100001	0.000100003	0.000107706	0.0001	0.177082	0.000100006	0.0001	0.000100007	0.0001	0.0001	0.0001	0.000100008	0.0001	0.0621407	0.0001	0.0001	0.000100017	0.0001	0.0001	0.122031	0.000100007	0.00010001	0.139089	0.0001	0.0001	0.0001	0.128189	0.0001	0.999993	0.144031	0.000100012	0.209039
31	A	T	ORF	S	NULL	0	0	0	0	0.0001	0.0941653	0.680075	0.0001	0.0120403	0.851098	0.0001	0.0001	0.0971446	0.410067	0.0001	0.373035	0.0001	0.999973	0.642139	0.0001	0.0001	0.101191	0.0001	0.0001	0.0160332	0.0001	0.0001	0.0001	0.0001	0.0001	0.0001	0.0001	0.000100001	0.0001	0.0001	0.0001	0.000100002	0.0001	0.473048	0.000100001	0.0001	0.684284	0.0001	0.0001	0.0001	0.0329892	0.271046	0.000100002	0.000100002	0.18701	0.000100002	0.0001	0.0001	0.0001
32	A	T	ORF	S	NULL	0	0	0	0	0	0	0	0	0	0	0	0	0	0	0	0	0	0	0	0	0	0	0	0	0	0	0	0	0	0	0	0	0	0	0	0	0	0	0	0	0	0	0	0	0	0	0	0	0	0	0	0	0	0
33	A	T	ORF	S	NULL	0	0	0	0	0	0	0	0	0	0	0	0	0	0	0	0	0	0	0	0	0	0	0	0	0	0	0	0	0	0	0	0	0	0	0	0	0	0	0	0	0	0	0	0	0	0	0	0	0	0	0	0	0	0
34	A	T	ORF	S	NULL	0	0	0	0	0.000560294	0.000417428	0.000561084	0.0002	0.000510513	0.0455649	0.0002	0.432949	0.000401465	0.309911	0.000562374	0.62663	0.00090129	0.0002	0.35755	0.000560765	0.0002	0.000754947	0.0399042	0.102571	0.119124	0.000396706	0.177796	0.182176	0.000200001	0.227582	0.000556184	0.0002	0.00085281	0.251589	0.000562285	0.0902125	0.000560781	0.000558212	0.526619	0.0009029	0.000561461	0.122709	0.235582	0.301594	0.139892	0.000559036	0.000901847	0.000560728	0.341488	0.000562431	1.00009	0.144493	0.372602	0.209496
35	A	T	ORF	S	NULL	0	0	0	0	0.171022	0.0001	0.0001	0.999993	0.463147	0.0001	0.0001	0.0001	0.000100001	0.250081	0.0001	0.0001	0.0001	0.0001	0.0001	0.401054	0.0001	0.0001	0.404102	0.233031	0.0001	0.0001	0.634207	0.19619	0.0001	0.353048	0.600082	0.0001	0.0001	0.0001	0.0001	0.808136	0.0001	0.00899881	0.0001	0.0001	0.0001	0.0001	0.0001	0.0001	0.0001	0.0001	0.0001	0.0001	0.0001	0.0001	0.0001	0.0001	0.0001	0.0001
36	A	T	ORF	S	NULL	0	0	0	0	0	0	0	0	0	0	0	0	0	0	0	0	0	0	0	0	0	0	0	0	0	0	0	0	0	0	0	0	0	0	0	0	0	0	0	0	0	0	0	0	0	0	0	0	0	0	0	0	0	0
37	A	T	ORF	S	NULL	0	0	0	0	0.171222	0.999575	0.680275	1.00019	0.99931	0.851298	1.00015	0.0003	0.0973446	0.660248	0.161213	0.373235	0.524298	1.00017	0.642339	0.638176	1.00015	0.813698	0.815286	0.233231	0.0162332	0.0003	0.634407	0.239513	0.000300001	0.353248	0.600282	0.0003	0.0263147	0.0003	0.194216	0.808336	0.000300002	0.00919881	0.473248	0.000300001	0.0003	0.684484	0.000300001	0.0003	0.0003	0.0331892	0.452202	0.000300002	0.000300002	0.18721	0.000300002	0.000300001	0.0003	0.000300001
38	A	T	ORF	S	NULL	0	0	0	0	0	0	0	0	0	0	0	0	0	0	0	0	0	0	0	0	0	0	0	0	0	0	0	0	0	0	0	0	0	0	0	0	0	0	0	0	0	0	0	0	0	0	0	0	0	0	0	0	0	0
39	A	T	ORF	S	NULL	0	0	0	0	0.589128	0.0001	0.319096	0.0001	0.0001	0.0001	0.0001	0.000138974	0.000100001	0.000137392	0.0001	0.0001	0.00013961	0.0001	0.0001	0.0001	0.0001	0.185251	0.000139372	0.578128	0.475366	0.740225	0.000118623	0.000150267	0.000100005	0.000100003	0.000100002	0.0001	0.538354	0.0001	0.0001	0.0001	0.000100001	0.0001	0.0001	0.000138584	0.964175	0.0291114	0.000100004	0.698143	0.000138162	0.0240581	0.464196	0.000100002	0.0712742	0.812157	0.0001	0.783152	0.0001	0.000100004
40	A	T	ORF	S	NULL	0	0	0	0	0	0	0	0	0	0	0	0	0	0	0	0	0	0	0	0	0	0	0	0	0	0	0	0	0	0	0	0	0	0	0	0	0	0	0	0	0	0	0	0	0	0	0	0	0	0	0	0	0	0
41	A	T	ORF	S	NULL	0	0	0	0	0.0002	0.0942653	0.680175	0.0002	0.0121403	0.851198	0.0002	0.0302026	0.999521	0.410167	0.0002	0.373135	0.000201718	1.00007	0.642239	0.0002	0.0002	0.101291	0.000201431	0.0002	0.194191	0.0002	0.0002	0.000221557	0.0002	0.0002	0.0002	0.0002	0.135206	0.0002	0.0002	0.0002	0.449175	0.0002	0.473148	0.134214	0.0351297	0.684627	0.0002	0.0002	0.000200414	0.0330892	0.271147	0.50118	0.376246	0.18711	0.000200002	0.0002	0.0002	0.0002
42	A	T	ORF	S	NULL	0	0	0	0	0.0001	0.0001	0.0001	0.0001	0.0001	0.0001	0.0001	0.0801104	0.0001	0.0291018	0.0001	0.0001	0.000101755	0.0001	0.0001	0.0001	0.0001	0.0001	0.000101212	0.0860423	0.122257	0.000100076	0.0001	0.577357	0.999991	0.419089	0.399086	0.0001	0.0001	0.0001	0.0001	0.0001	0.0001	0.0001	0.0001	0.000100204	0.0001	0.0001	0.764137	0.0001	0.000100117	0.0001	0.000100736	0.184056	0.172229	0.0001	0.0001	0.0720398	0.0001	0.79014
43	A	T	ORF	S	NULL	0	0	0	0	0	0	0	0	0	0	0	0	0	0	0	0	0	0	0	0	0	0	0	0	0	0	0	0	0	0	0	0	0	0	0	0	0	0	0	0	0	0	0	0	0	0	0	0	0	0	0	0	0	0
44	A	T	ORF	S	NULL	0	0	0	0	0	0	0	0	0	0	0	0	0	0	0	0	0	0	0	0	0	0	0	0	0	0	0	0	0	0	0	0	0	0	0	0	0	0	0	0	0	0	0	0	0	0	0	0	0	0	0	0	0	0
45	A	T	ORF	S	NULL	0	0	0	0	0	0	0	0	0	0	0	0	0	0	0	0	0	0	0	0	0	0	0	0	0	0	0	0	0	0	0	0	0	0	0	0	0	0	0	0	0	0	0	0	0	0	0	0	0	0	0	0	0	0
46	A	T	ORF	S	NULL	0	0	0	0	0.0001	0.0001	0.0001	0.0001	0.0001	0.0001	0.0001	0.0801104	0.0001	0.0291018	0.0001	0.0001	0.000101755	0.0001	0.0001	0.0001	0.0001	0.0001	0.000101212	0.0860423	0.122257	0.000100076	0.0001	0.577357	0.999991	0.419089	0.399086	0.0001	0.0001	0.0001	0.0001	0.0001	0.0001	0.0001	0.0001	0.000100204	0.0001	0.0001	0.764137	0.0001	0.000100117	0.0001	0.000100736	0.184056	0.172229	0.0001	0.0001	0.0720398	0.0001	0.79014
47	A	T	ORF	S	NULL	0	0	0	0	0	0	0	0	0	0	0	0	0	0	0	0	0	0	0	0	0	0	0	0	0	0	0	0	0	0	0	0	0	0	0	0	0	0	0	0	0	0	0	0	0	0	0	0	0	0	0	0	0	0
48	A	T	ORF	S	NULL	0	0	0	0	0	0	0	0	0	0	0	0	0	0	0	0	0	0	0	0	0	0	0	0	0	0	0	0	0	0	0	0	0	0	0	0	0	0	0	0	0	0	0	0	0	0	0	0	0	0	0	0	0	0
49	A	T	ORF	S	NULL	0	0	0	0	0	0	0	0	0	0	0	0	0	0	0	0	0	0	0	0	0	0	0	0	0	0	0	0	0	0	0	0	0	0	0	0	0	0	0	0	0	0	0	0	0	0	0	0	0	0	0	0	0	0
50	A	T	ORF	S	NULL	0	0	0	0	0.171022	0.0001	0.0001	0.999993	0.463147	0.0001	0.0001	0.0001	0.000100001	0.250081	0.0001	0.0001	0.0001	0.0001	0.0001	0.401054	0.0001	0.0001	0.404102	0.233031	0.0001	0.0001	0.634207	0.19619	0.0001	0.353048	0.600082	0.0001	0.0001	0.0001	0.0001	0.808136	0.0001	0.00899881	0.0001	0.0001	0.0001	0.0001	0.0001	0.0001	0.0001	0.0001	0.0001	0.0001	0.0001	0.0001	0.0001	0.0001	0.0001	0.0001
51	A	T	ORF	S	NULL	0	0	0	0	0.0002	0.999475	0.680175	0.0002	0.536163	0.851198	1.00005	0.0002	0.0972446	0.410167	0.161113	0.373135	0.524198	1.00007	0.642239	0.237122	1.00005	0.813598	0.411184	0.0002	0.0161332	0.0002	0.000200001	0.0433228	0.000200001	0.0002	0.0002	0.0002	0.0262147	0.0002	0.194116	0.0002	0.000200002	0.0002	0.473148	0.000200001	0.0002	0.684384	0.000200001	0.0002	0.0002	0.0330892	0.452102	0.000200002	0.000200002	0.18711	0.000200002	0.0002	0.0002	0.000200001
52	A	T	ORF	S	NULL	0	0	0	0	0	0	0	0	0	0	0	0	0	0	0	0	0	0	0	0	0	0	0	0	0	0	0	0	0	0	0	0	0	0	0	0	0	0	0	0	0	0	0	0	0	0	0	0	0	0	0	0	0	0
53	A	T	ORF	S	NULL	0	0	0	0	0.171022	0.0001	0.0001	0.999993	0.463147	0.0001	0.0001	0.0001	0.000100001	0.250081	0.0001	0.0001	0.0001	0.0001	0.0001	0.401054	0.0001	0.0001	0.404102	0.233031	0.0001	0.0001	0.634207	0.19619	0.0001	0.353048	0.600082	0.0001	0.0001	0.0001	0.0001	0.808136	0.0001	0.00899881	0.0001	0.0001	0.0001	0.0001	0.0001	0.0001	0.0001	0.0001	0.0001	0.0001	0.0001	0.0001	0.0001	0.0001	0.0001	0.0001
54	A	T	ORF	S	NULL	0	0	0	0	0	0	0	0	0	0	0	0	0	0	0	0	0	0	0	0	0	0	0	0	0	0	0	0	0	0	0	0	0	0	0	0	0	0	0	0	0	0	0	0	0	0	0	0	0	0	0	0	0	0
55	A	T	ORF	S	NULL	0	0	0	0	0	0	0	0	0	0	0	0	0	0	0	0	0	0	0	0	0	0	0	0	0	0	0	0	0	0	0	0	0	0	0	0	0	0	0	0	0	0	0	0	0	0	0	0	0	0	0	0	0	0
56	A	T	ORF	S	NULL	0	0	0	0	0.0001	0.0941653	0.680075	0.0001	0.0120403	0.851098	0.0001	0.0001	0.0971446	0.410067	0.0001	0.373035	0.0001	0.999973	0.642139	0.0001	0.0001	0.101191	0.0001	0.0001	0.0160332	0.0001	0.0001	0.0001	0.0001	0.0001	0.0001	0.0001	0.000100001	0.0001	0.0001	0.0001	0.000100002	0.0001	0.473048	0.000100001	0.0001	0.684284	0.0001	0.0001	0.0001	0.0329892	0.271046	0.000100002	0.000100002	0.18701	0.000100002	0.0001	0.0001	0.0001
57	A	T	ORF	S	NULL	0	0	0	0	0.0002	0.0942653	0.680175	0.0002	0.0121403	0.851198	0.0002	0.0302026	0.999521	0.410167	0.0002	0.373135	0.000201718	1.00007	0.642239	0.0002	0.0002	0.101291	0.000201431	0.0002	0.194191	0.0002	0.0002	0.000221557	0.0002	0.0002	0.0002	0.0002	0.135206	0.0002	0.0002	0.0002	0.449175	0.0002	0.473148	0.134214	0.0351297	0.684627	0.0002	0.0002	0.000200414	0.0330892	0.271147	0.50118	0.376246	0.18711	0.000200002	0.0002	0.0002	0.0002
58	A	T	ORF	S	NULL	0	0	0	0	0.239192	0.000108558	0.000161466	0.0001	0.000142971	0.103175	0.0001	0.124327	0.000100006	0.000307122	0.000161985	0.000163906	0.203336	0.0001	0.000139912	0.000161224	0.0001	0.000217649	0.000308454	0.000160723	0.000591095	0.259324	0.000270258	0.000389398	0.000100002	0.000160396	0.000159374	0.0001	0.299291	0.0431682	0.000161914	0.101241	0.550235	0.990293	0.000163515	0.186335	0.000160291	0.000246518	0.000159491	0.000161358	0.186334	0.942288	0.000308256	0.314204	0.0385178	0.000161442	0.0001	0.000159846	0.000162882	0.000158113
59	A	T	ORF	S	NULL	0	0	0	0	0.0001	0.0001	0.0001	0.0001	0.0001	0.0001	0.0001	0.0301026	0.902377	0.000100395	0.0001	0.0001	0.000101718	0.0001	0.0001	0.0001	0.0001	0.0001	0.000101431	0.0001	0.178158	0.0001	0.0001	0.000121557	0.0001	0.0001	0.0001	0.0001	0.135106	0.0001	0.0001	0.0001	0.449075	0.0001	0.0001	0.134114	0.0350297	0.000342877	0.0001	0.0001	0.000100414	0.0001	0.000101138	0.50108	0.376146	0.0001	0.0001	0.0001	0.0001	0.0001
60	A	T	ORF	S	NULL	0	0	0	0	0.589128	0.0001	0.319096	0.0001	0.0001	0.0001	0.0001	0.000138974	0.000100001	0.000137392	0.0001	0.0001	0.00013961	0.0001	0.0001	0.0001	0.0001	0.185251	0.000139372	0.578128	0.475366	0.740225	0.000118623	0.000150267	0.000100005	0.000100003	0.000100002	0.0001	0.538354	0.0001	0.0001	0.0001	0.000100001	0.0001	0.0001	0.000138584	0.964175	0.0291114	0.000100004	0.698143	0.000138162	0.0240581	0.464196	0.000100002	0.0712742	0.812157	0.0001	0.783152	0.0001	0.000100004
61	A	T	ORF	S	NULL	0	0	0	0	0.239192	0.000108558	0.000161466	0.0001	0.000142971	0.103175	0.0001	0.124327	0.000100006	0.000307122	0.000161985	0.000163906	0.203336	0.0001	0.000139912	0.000161224	0.0001	0.000217649	0.000308454	0.000160723	0.000591095	0.259324	0.000270258	0.000389398	0.000100002	0.000160396	0.000159374	0.0001	0.299291	0.0431682	0.000161914	0.101241	0.550235	0.990293	0.000163515	0.186335	0.000160291	0.000246518	0.000159491	0.000161358	0.186334	0.942288	0.000308256	0.314204	0.0385178	0.000161442	0.0001	0.000159846	0.000162882	0.000158113
62	A	T	ORF	S	NULL	0	0	0	0	0.0001	0.0001	0.0001	0.0001	0.0001	0.000100001	0.0001	0.000100014	0.0001	0.30911	0.0001	0.00010002	0.0001	0.0001	0.35722	0.0001	0.0001	0.0001	0.000100001	0.000100003	0.000107706	0.0001	0.177082	0.000100006	0.0001	0.000100007	0.0001	0.0001	0.0001	0.000100008	0.0001	0.0621407	0.0001	0.0001	0.000100017	0.0001	0.0001	0.122031	0.000100007	0.00010001	0.139089	0.0001	0.0001	0.0001	0.128189	0.0001	0.999993	0.144031	0.000100012	0.209039
63	A	T	ORF	S	NULL	0	0	0	0	0.0002	0.90541	0.0002	0.0002	0.524223	0.000200001	1.00005	0.000200014	0.0002	0.30921	0.161113	0.00020002	0.524198	0.0002	0.35732	0.237122	1.00005	0.712507	0.411184	0.000200003	0.000207706	0.0002	0.177182	0.0433229	0.000200001	0.000200008	0.0002	0.0002	0.0262147	0.000200008	0.194116	0.0622407	0.0002	0.0002	0.000200017	0.0002	0.0002	0.122131	0.000200008	0.00020001	0.139189	0.0002	0.181156	0.0002	0.128289	0.0002	1.00009	0.144131	0.000200012	0.209139
64	A	T	ORF	S	NULL	0	0	0	0	0.0001	0.0001	0.0001	0.0001	0.0001	0.0001	0.0001	0.0801104	0.0001	0.0291018	0.0001	0.0001	0.000101755	0.0001	0.0001	0.0001	0.0001	0.0001	0.000101212	0.0860423	0.122257	0.000100076	0.0001	0.577357	0.999991	0.419089	0.399086	0.0001	0.0001	0.0001	0.0001	0.0001	0.0001	0.0001	0.0001	0.000100204	0.0001	0.0001	0.764137	0.0001	0.000100117	0.0001	0.000100736	0.184056	0.172229	0.0001	0.0001	0.0720398	0.0001	0.79014
65	A	T	ORF	S	NULL	0	0	0	0	0.0001	0.0941653	0.680075	0.0001	0.0120403	0.851098	0.0001	0.0001	0.0971446	0.410067	0.0001	0.373035	0.0001	0.999973	0.642139	0.0001	0.0001	0.101191	0.0001	0.0001	0.0160332	0.0001	0.0001	0.0001	0.0001	0.0001	0.0001	0.0001	0.000100001	0.0001	0.0001	0.0001	0.000100002	0.0001	0.473048	0.000100001	0.0001	0.684284	0.0001	0.0001	0.0001	0.0329892	0.271046	0.000100002	0.000100002	0.18701	0.000100002	0.0001	0.0001	0.0001
66	A	T	ORF	S	NULL	0	0	0	0	0	0	0	0	0	0	0	0	0	0	0	0	0	0	0	0	0	0	0	0	0	0	0	0	0	0	0	0	0	0	0	0	0	0	0	0	0	0	0	0	0	0	0	0	0	0	0	0	0	0
67	A	T	ORF	S	NULL	0	0	0	0	0.589128	0.0001	0.319096	0.0001	0.0001	0.0001	0.0001	0.000138974	0.000100001	0.000137392	0.0001	0.0001	0.00013961	0.0001	0.0001	0.0001	0.0001	0.185251	0.000139372	0.578128	0.475366	0.740225	0.000118623	0.000150267	0.000100005	0.000100003	0.000100002	0.0001	0.538354	0.0001	0.0001	0.0001	0.000100001	0.0001	0.0001	0.000138584	0.964175	0.0291114	0.000100004	0.698143	0.000138162	0.0240581	0.464196	0.000100002	0.0712742	0.812157	0.0001	0.783152	0.0001	0.000100004
68	A	T	ORF	S	NULL	0	0	0	0	0	0	0	0	0	0	0	0	0	0	0	0	0	0	0	0	0	0	0	0	0	0	0	0	0	0	0	0	0	0	0	0	0	0	0	0	0	0	0	0	0	0	0	0	0	0	0	0	0	0
69	A	T	ORF	S	NULL	0	0	0	0	0.0002	0.999475	0.680175	0.0002	0.536163	0.851198	1.00005	0.0002	0.0972446	0.410167	0.161113	0.373135	0.524198	1.00007	0.642239	0.237122	1.00005	0.813598	0.411184	0.0002	0.0161332	0.0002	0.000200001	0.0433228	0.000200001	0.0002	0.0002	0.0002	0.0262147	0.0002	0.194116	0.0002	0.000200002	0.0002	0.473148	0.000200001	0.0002	0.684384	0.000200001	0.0002	0.0002	0.0330892	0.452102	0.000200002	0.000200002	0.18711	0.000200002	0.0002	0.0002	0.000200001
70	A	T	ORF	S	NULL	0	0	0	0	0	0	0	0	0	0	0	0	0	0	0	0	0	0	0	0	0	0	0	0	0	0	0	0	0	0	0	0	0	0	0	0	0	0	0	0	0	0	0	0	0	0	0	0	0	0	0	0	0	0
71	A	T	ORF	S	NULL	0	0	0	0	0	0	0	0	0	0	0	0	0	0	0	0	0	0	0	0	0	0	0	0	0	0	0	0	0	0	0	0	0	0	0	0	0	0	0	0	0	0	0	0	0	0	0	0	0	0	0	0	0	0
72	A	T	ORF	S	NULL	0	0	0	0	0	0	0	0	0	0	0	0	0	0	0	0	0	0	0	0	0	0	0	0	0	0	0	0	0	0	0	0	0	0	0	0	0	0	0	0	0	0	0	0	0	0	0	0	0	0	0	0	0	0
73	A	T	ORF	S	NULL	0	0	0	0	0.171122	0.0002	0.0002	1.00009	0.463247	0.0002	0.0002	0.0302026	0.902477	0.250181	0.0002	0.000200001	0.000201719	0.0002	0.0002	0.401154	0.0002	0.0002	0.404203	0.233131	0.178258	0.0002	0.634307	0.196312	0.0002	0.353148	0.600182	0.0002	0.135206	0.0002	0.0002	0.808236	0.449175	0.00909881	0.0002	0.134214	0.0351297	0.000442877	0.0002	0.0002	0.000200414	0.0002	0.000201139	0.50118	0.376246	0.0002	0.0002	0.0002	0.0002	0.0002
74	A	T	ORF	S	NULL	0	0	0	0	0.0001	0.90531	0.0001	0.0001	0.524123	0.0001	0.999952	0.0001	0.0001	0.0001	0.161013	0.0001	0.524098	0.0001	0.0001	0.237022	0.999952	0.712407	0.411084	0.0001	0.0001	0.0001	0.0001	0.0432228	0.000100001	0.0001	0.0001	0.0001	0.0261147	0.0001	0.194016	0.0001	0.0001	0.0001	0.0001	0.0001	0.0001	0.0001	0.000100001	0.0001	0.0001	0.0001	0.181056	0.0001	0.0001	0.0001	0.000100001	0.0001	0.0001	0.000100001
75	A	T	ORF	S	NULL	0	0	0	0	0	0	0	0	0	0	0	0	0	0	0	0	0	0	0	0	0	0	0	0	0	0	0	0	0	0	0	0	0	0	0	0	0	0	0	0	0	0	0	0	0	0	0	0	0	0	0	0	0	0
76	A	T	ORF	S	NULL	0	0	0	0	0.0001	0.0001	0.0001	0.0001	0.0001	0.000100001	0.0001	0.000100014	0.0001	0.30911	0.0001	0.00010002	0.0001	0.0001	0.35722	0.0001	0.0001	0.0001	0.000100001	0.000100003	0.000107706	0.0001	0.177082	0.000100006	0.0001	0.000100007	0.0001	0.0001	0.0001	0.000100008	0.0001	0.0621407	0.0001	0.0001	0.000100017	0.0001	0.0001	0.122031	0.000100007	0.00010001	0.139089	0.0001	0.0001	0.0001	0.128189	0.0001	0.999993	0.144031	0.000100012	0.209039
77	A	T	ORF	S	NULL	0	0	0	0	0.0001	0.0941653	0.680075	0.0001	0.0120403	0.851098	0.0001	0.0001	0.0971446	0.410067	0.0001	0.373035	0.0001	0.999973	0.642139	0.0001	0.0001	0.101191	0.0001	0.0001	0.0160332	0.0001	0.0001	0.0001	0.0001	0.0001	0.0001	0.0001	0.000100001	0.0001	0.0001	0.0001	0.000100002	0.0001	0.473048	0.000100001	0.0001	0.684284	0.0001	0.0001	0.0001	0.0329892	0.271046	0.000100002	0.000100002	0.18701	0.000100002	0.0001	0.0001	0.0001
78	A	T	ORF	S	NULL	0	0	0	0	0	0	0	0	0	0	0	0	0	0	0	0	0	0	0	0	0	0	0	0	0	0	0	0	0	0	0	0	0	0	0	0	0	0	0	0	0	0	0	0	0	0	0	0	0	0	0	0	0	0
79	A	T	ORF	S	NULL	0	0	0	0	0.0001	0.90531	0.0001	0.0001	0.524123	0.0001	0.999952	0.0001	0.0001	0.0001	0.161013	0.0001	0.524098	0.0001	0.0001	0.237022	0.999952	0.712407	0.411084	0.0001	0.0001	0.0001	0.0001	0.0432228	0.000100001	0.0001	0.0001	0.0001	0.0261147	0.0001	0.194016	0.0001	0.0001	0.0001	0.0001	0.0001	0.0001	0.0001	0.000100001	0.0001	0.0001	0.0001	0.181056	0.0001	0.0001	0.0001	0.000100001	0.0001	0.0001	0.000100001
80	A	T	ORF	S	NULL	0	0	0	0	0	0	0	0	0	0	0	0	0	0	0	0	0	0	0	0	0	0	0	0	0	0	0	0	0	0	0	0	0	0	0	0	0	0	0	0	0	0	0	0	0	0	0	0	0	0	0	0	0	0
81	A	T	ORF	S	NULL	0	0	0	0	0	0	0	0	0	0	0	0	0	0	0	0	0	0	0	0	0	0	0	0	0	0	0	0	0	0	0	0	0	0	0	0	0	0	0	0	0	0	0	0	0	0	0	0	0	0	0	0	0	0
82	A	T	ORF	S	NULL	0	0	0	0	0.171148	0.0002	0.000226685	1.00009	0.463247	0.000226208	0.0002	0.332406	0.000200001	0.250343	0.838327	0.000228582	0.271399	0.0002	0.000204812	0.762222	0.0002	0.000286184	0.548382	0.233157	0.0884584	0.0002	0.821638	0.196534	0.0002	0.353172	0.600204	1.00007	0.000344694	0.705311	0.805323	0.80832	0.000226487	0.00912507	0.000228179	0.678447	0.000226876	0.163333	0.000225134	0.000227473	0.673446	0.000226263	0.0823756	0.000226465	0.000373905	0.000227602	0.0002	0.000226136	0.627302	0.000223796
83	A	T	ORF	S	NULL	0	0	0	0	0.239192	0.000108558	0.000161466	0.0001	0.000142971	0.103175	0.0001	0.124327	0.000100006	0.000307122	0.000161985	0.000163906	0.203336	0.0001	0.000139912	0.000161224	0.0001	0.000217649	0.000308454	0.000160723	0.000591095	0.259324	0.000270258	0.000389398	0.000100002	0.000160396	0.000159374	0.0001	0.299291	0.0431682	0.000161914	0.101241	0.550235	0.990293	0.000163515	0.186335	0.000160291	0.000246518	0.000159491	0.000161358	0.186334	0.942288	0.000308256	0.314204	0.0385178	0.000161442	0.0001	0.000159846	0.000162882	0.000158113
84	A	T	ORF	S	NULL	0	0	0	0	0	0	0	0	0	0	0	0	0	0	0	0	0	0	0	0	0	0	0	0	0	0	0	0	0	0	0	0	0	0	0	0	0	0	0	0	0	0	0	0	0	0	0	0	0	0	0	0	0	0
85	A	T	ORF	S	NULL	0	0	0	0	0.0001	0.0001	0.0001	0.0001	0.0001	0.0001	0.0001	0.0301026	0.902377	0.000100395	0.0001	0.0001	0.000101718	0.0001	0.0001	0.0001	0.0001	0.0001	0.000101431	0.0001	0.178158	0.0001	0.0001	0.000121557	0.0001	0.0001	0.0001	0.0001	0.135106	0.0001	0.0001	0.0001	0.449075	0.0001	0.0001	0.134114	0.0350297	0.000342877	0.0001	0.0001	0.000100414	0.0001	0.000101138	0.50108	0.376146	0.0001	0.0001	0.0001	0.0001	0.0001
86	A	T	ORF	S	NULL	0	0	0	0	0	0	0	0	0	0	0	0	0	0	0	0	0	0	0	0	0	0	0	0	0	0	0	0	0	0	0	0	0	0	0	0	0	0	0	0	0	0	0	0	0	0	0	0	0	0	0	0	0	0
87	A	T	ORF	S	NULL	0	0	0	0	0.000126118	0.0001	0.000126685	0.0001	0.0001	0.000126208	0.0001	0.332306	0.0001	0.000262094	0.838227	0.000128582	0.271299	0.0001	0.000104812	0.361168	0.0001	0.000186183	0.14428	0.000125986	0.0883584	0.0001	0.187431	0.000343548	0.0001	0.00012431	0.000121789	0.999975	0.000244694	0.705211	0.805223	0.000184562	0.000126487	0.00012626	0.000128179	0.678347	0.000126876	0.163233	0.000125134	0.000127473	0.673346	0.000126263	0.0822756	0.000126465	0.000273904	0.000127602	0.0001	0.000126136	0.627202	0.000123796
88	A	T	ORF	S	NULL	0	0	0	0	0.000460294	0.000317428	0.000461084	0.0001	0.000410513	0.0454649	0.0001	0.432849	0.000301465	0.000800847	0.000462374	0.62653	0.00080129	0.0001	0.000329715	0.000460765	0.0001	0.000654947	0.0398042	0.102471	0.119017	0.000296706	0.000713826	0.182076	0.000100001	0.227482	0.000456184	0.0001	0.00075281	0.251489	0.000462285	0.0280718	0.000460781	0.000458212	0.526519	0.0008029	0.000461461	0.000677849	0.235482	0.301494	0.000802668	0.000459036	0.000801847	0.000460728	0.213299	0.000462431	0.000100003	0.000461748	0.372502	0.000456999
89	A	T	ORF	S	NULL	0	0	0	0	0.0001	0.0001	0.0001	0.0001	0.0001	0.0001	0.0001	0.0301026	0.902377	0.000100395	0.0001	0.0001	0.000101718	0.0001	0.0001	0.0001	0.0001	0.0001	0.000101431	0.0001	0.178158	0.0001	0.0001	0.000121557	0.0001	0.0001	0.0001	0.0001	0.135106	0.0001	0.0001	0.0001	0.449075	0.0001	0.0001	0.134114	0.0350297	0.000342877	0.0001	0.0001	0.000100414	0.0001	0.000101138	0.50108	0.376146	0.0001	0.0001	0.0001	0.0001	0.0001
90	A	T	ORF	S	NULL	0	0	0	0	0.171022	0.0001	0.0001	0.999993	0.463147	0.0001	0.0001	0.0001	0.000100001	0.250081	0.0001	0.0001	0.0001	0.0001	0.0001	0.401054	0.0001	0.0001	0.404102	0.233031	0.0001	0.0001	0.634207	0.19619	0.0001	0.353048	0.600082	0.0001	0.0001	0.0001	0.0001	0.808136	0.0001	0.00899881	0.0001	0.0001	0.0001	0.0001	0.0001	0.0001	0.0001	0.0001	0.0001	0.0001	0.0001	0.0001	0.0001	0.0001	0.0001	0.0001
91	A	T	ORF	S	NULL	0	0	0	0	0.0001	0.90531	0.0001	0.0001	0.524123	0.0001	0.999952	0.0001	0.0001	0.0001	0.161013	0.0001	0.524098	0.0001	0.0001	0.237022	0.999952	0.712407	0.411084	0.0001	0.0001	0.0001	0.0001	0.0432228	0.000100001	0.0001	0.0001	0.0001	0.0261147	0.0001	0.194016	0.0001	0.0001	0.0001	0.0001	0.0001	0.0001	0.0001	0.000100001	0.0001	0.0001	0.0001	0.181056	0.0001	0.0001	0.0001	0.000100001	0.0001	0.0001	0.000100001
92	A	T	ORF	S	NULL	0	0	0	0	0.000126118	0.0001	0.000126685	0.0001	0.0001	0.000126208	0.0001	0.332306	0.0001	0.000262094	0.838227	0.000128582	0.271299	0.0001	0.000104812	0.361168	0.0001	0.000186183	0.14428	0.000125986	0.0883584	0.0001	0.187431	0.000343548	0.0001	0.00012431	0.000121789	0.999975	0.000244694	0.705211	0.805223	0.000184562	0.000126487	0.00012626	0.000128179	0.678347	0.000126876	0.163233	0.000125134	0.000127473	0.673346	0.000126263	0.0822756	0.000126465	0.000273904	0.000127602	0.0001	0.000126136	0.627202	0.000123796
93	A	T	ORF	S	NULL	0	0	0	0	0	0	0	0	0	0	0	0	0	0	0	0	0	0	0	0	0	0	0	0	0	0	0	0	0	0	0	0	0	0	0	0	0	0	0	0	0	0	0	0	0	0	0	0	0	0	0	0	0	0
94	A	T	ORF	S	NULL	0	0	0	0	0	0	0	0	0	0	0	0	0	0	0	0	0	0	0	0	0	0	0	0	0	0	0	0	0	0	0	0	0	0	0	0	0	0	0	0	0	0	0	0	0	0	0	0	0	0	0	0	0	0
95	A	T	ORF	S	NULL	0	0	0	0	0	0	0	0	0	0	0	0	0	0	0	0	0	0	0	0	0	0	0	0	0	0	0	0	0	0	0	0	0	0	0	0	0	0	0	0	0	0	0	0	0	0	0	0	0	0	0	0	0	0
96	A	T	ORF	S	NULL	0	0	0	0	0.589228	0.90541	0.319196	0.0002	0.524223	0.0002	1.00005	0.000238974	0.000200001	0.000237392	0.161113	0.0002	0.524237	0.0002	0.0002	0.237122	1.00005	0.897658	0.411223	0.578228	0.475466	0.740325	0.000218623	0.0433731	0.000200006	0.000200003	0.000200002	0.0002	0.564469	0.0002	0.194116	0.0002	0.000200001	0.0002	0.0002	0.000238584	0.964275	0.0292114	0.000200005	0.698243	0.000238162	0.0241581	0.645252	0.000200002	0.0713742	0.812257	0.000200001	0.783252	0.0002	0.000200005
97	A	T	ORF	S	NULL	0	0	0	0	0	0	0	0	0	0	0	0	0	0	0	0	0	0	0	0	0	0	0	0	0	0	0	0	0	0	0	0	0	0	0	0	0	0	0	0	0	0	0	0	0	0	0	0	0	0	0	0	0	0
98	A	T	ORF	S	NULL	0	0	0	0	0.171022	0.0001	0.0001	0.999993	0.463147	0.0001	0.0001	0.0001	0.000100001	0.250081	0.0001	0.0001	0.0001	0.0001	0.0001	0.401054	0.0001	0.0001	0.404102	0.233031	0.0001	0.0001	0.634207	0.19619	0.0001	0.353048	0.600082	0.0001	0.0001	0.0001	0.0001	0.808136	0.0001	0.00899881	0.0001	0.0001	0.0001	0.0001	0.0001	0.0001	0.0001	0.0001	0.0001	0.0001	0.0001	0.0001	0.0001	0.0001	0.0001	0.0001
99	A	T	ORF	S	NULL	0	0	0	0	0	0	0	0	0	0	0	0	0	0	0	0	0	0	0	0	0	0	0	0	0	0	0	0	0	0	0	0	0	0	0	0	0	0	0	0	0	0	0	0	0	0	0	0	0	0	0	0	0	0
100	A	T	ORF	S	NULL	0	0	0	0	0.0002	0.90541	0.0002	0.0002	0.524223	0.0002	1.00005	0.0802104	0.0002	0.0292018	0.161113	0.0002	0.5242	0.0002	0.0002	0.237122	1.00005	0.712507	0.411185	0.0861423	0.122357	0.000200076	0.0002	0.62058	1.00009	0.419189	0.399186	0.0002	0.0262147	0.0002	0.194116	0.0002	0.0002	0.0002	0.0002	0.000200204	0.0002	0.0002	0.764237	0.0002	0.000200117	0.0002	0.181157	0.184156	0.172329	0.0002	0.000200001	0.0721398	0.0002	0.79024
