pos	ref	alt	gene	N/S	AA	nSRAsubclonal	nSRAclonal	nSRA	nConsensus	sample0|Earth	sample1|Earth	sample2|Earth	sample3|Earth	sample4|Earth	sample5|Earth	sample6|Earth	sample7|Earth	sample8|Earth	sample9|Earth	sample10|Earth	sample11|Earth	sample12|Earth	sample13|Earth	sample14|Earth	sample15|Earth	sample16|Earth	sample17|Earth	sample18|Earth	sample19|Earth	sample20|Earth	sample21|Earth	sample22|Earth	sample23|Earth	sample24|Earth	sample25|Earth	sample26|Earth	sample27|Earth	sample28|Earth	sample29|Earth	sample30|Earth	sample31|Earth	sample32|Earth	sample33|Earth	sample34|Earth	sample35|Earth	sample36|Earth	sample37|Earth	sample38|Earth	sample39|Earth	sample40|Earth	sample41|Earth	sample42|Earth	sample43|Earth	sample44|Earth	sample45|Earth	sample46|Earth	sample47|Earth	sample48|Earth	sample49|Earth
1	A	T	ORF	S	NULL	0	0	0	0	0	0	0	0	0	0	0	0	0	0	0	0	0	0	0	0	0	0	0	0	0	0	0	0	0	0	0	0	0	0	0	0	0	0	0	0	0	0	0	0	0	0	0	0	0	0	0	0	0	0
2	A	T	ORF	S	NULL	0	0	0	0	0.144566	0.00022403	0.000427482	0.000251903	0.0001	0.301651	0.999986	0.999986	0.000459461	0.535764	0.112791	0.227288	0.413616	0.000411654	0.000323557	0.0001	0.000162732	0.565368	0.43031	0.000310878	0.139321	0.35131	0.00027795	0.0001	0.000431671	0.00029983	0.000268107	0.000570996	0.335262	0.497325	0.000389529	0.999986	0.480579	0.0598526	0.554657	0.879629	0.0212742	0.601718	0.000822835	0.137317	0.000257331	0.999986	0.0885683	0.0786631	0.0002215	0.000452356	0.772771	0.000234496	0.271299	0.0001
3	A	T	ORF	S	NULL	0	0	0	0	0.00014828	0.322121	0.933254	0.446153	0.0001	0.000183914	0.0001	0.0001	0.000154009	0.124276	0.0413031	0.0001	0.000117989	0.0001	0.535136	0.0001	0.0001	0.434159	0.435116	0.0001	0.00010172	0.0001	0.0001	0.0001	0.00904612	0.692133	0.0001	0.0292384	0.0001	0.0001	0.496347	0.0001	0.00022559	0.227322	0.274204	0.0001	0.0001	0.000208094	0.14417	0.0001	0.234092	0.0001	0.00017534	0.274208	0.0550529	0.187225	0.000157913	0.637133	0.0001	0.0001
4	A	T	ORF	S	NULL	0	0	0	0	0	0	0	0	0	0	0	0	0	0	0	0	0	0	0	0	0	0	0	0	0	0	0	0	0	0	0	0	0	0	0	0	0	0	0	0	0	0	0	0	0	0	0	0	0	0	0	0	0	0
5	A	T	ORF	S	NULL	0	0	0	0	0.00014828	0.322121	0.933254	0.446153	0.0001	0.000183914	0.0001	0.0001	0.000154009	0.124276	0.0413031	0.0001	0.000117989	0.0001	0.535136	0.0001	0.0001	0.434159	0.435116	0.0001	0.00010172	0.0001	0.0001	0.0001	0.00904612	0.692133	0.0001	0.0292384	0.0001	0.0001	0.496347	0.0001	0.00022559	0.227322	0.274204	0.0001	0.0001	0.000208094	0.14417	0.0001	0.234092	0.0001	0.00017534	0.274208	0.0550529	0.187225	0.000157913	0.637133	0.0001	0.0001
6	A	T	ORF	S	NULL	0	0	0	0	0.144566	0.00022403	0.000427482	0.000251903	0.0001	0.301651	0.999986	0.999986	0.000459461	0.535764	0.112791	0.227288	0.413616	0.000411654	0.000323557	0.0001	0.000162732	0.565368	0.43031	0.000310878	0.139321	0.35131	0.00027795	0.0001	0.000431671	0.00029983	0.000268107	0.000570996	0.335262	0.497325	0.000389529	0.999986	0.480579	0.0598526	0.554657	0.879629	0.0212742	0.601718	0.000822835	0.137317	0.000257331	0.999986	0.0885683	0.0786631	0.0002215	0.000452356	0.772771	0.000234496	0.271299	0.0001
7	A	T	ORF	S	NULL	0	0	0	0	0	0	0	0	0	0	0	0	0	0	0	0	0	0	0	0	0	0	0	0	0	0	0	0	0	0	0	0	0	0	0	0	0	0	0	0	0	0	0	0	0	0	0	0	0	0	0	0	0	0
8	A	T	ORF	S	NULL	0	0	0	0	0	0	0	0	0	0	0	0	0	0	0	0	0	0	0	0	0	0	0	0	0	0	0	0	0	0	0	0	0	0	0	0	0	0	0	0	0	0	0	0	0	0	0	0	0	0	0	0	0	0
9	A	T	ORF	S	NULL	0	0	0	0	0	0	0	0	0	0	0	0	0	0	0	0	0	0	0	0	0	0	0	0	0	0	0	0	0	0	0	0	0	0	0	0	0	0	0	0	0	0	0	0	0	0	0	0	0	0	0	0	0	0
10	A	T	ORF	S	NULL	0	0	0	0	0	0	0	0	0	0	0	0	0	0	0	0	0	0	0	0	0	0	0	0	0	0	0	0	0	0	0	0	0	0	0	0	0	0	0	0	0	0	0	0	0	0	0	0	0	0	0	0	0	0
11	A	T	ORF	S	NULL	0	0	0	0	0	0	0	0	0	0	0	0	0	0	0	0	0	0	0	0	0	0	0	0	0	0	0	0	0	0	0	0	0	0	0	0	0	0	0	0	0	0	0	0	0	0	0	0	0	0	0	0	0	0
12	A	T	ORF	S	NULL	0	0	0	0	0	0	0	0	0	0	0	0	0	0	0	0	0	0	0	0	0	0	0	0	0	0	0	0	0	0	0	0	0	0	0	0	0	0	0	0	0	0	0	0	0	0	0	0	0	0	0	0	0	0
13	A	T	ORF	S	NULL	0	0	0	0	0	0	0	0	0	0	0	0	0	0	0	0	0	0	0	0	0	0	0	0	0	0	0	0	0	0	0	0	0	0	0	0	0	0	0	0	0	0	0	0	0	0	0	0	0	0	0	0	0	0
14	A	T	ORF	S	NULL	0	0	0	0	0.069256	0.349082	0.0661493	0.0001	0.0001	0.14039	0.0001	0.0001	0.696319	0.000172447	0.501551	0.0001	0.105261	0.386056	0.0001	0.999953	0.43418	0.000146611	0.0001	0.000100646	0.30804	0.0001	0.99916	0.0001	0.0001	0.105058	0.999152	0.341256	0.0001	0.484122	0.0193284	0.0001	0.000177993	0.694539	0.0162679	0.0001	0.94417	0.155199	0.232113	0.862262	0.700157	0.0001	0.613269	0.198155	0.270069	0.79635	0.207231	0.0001	0.0001	0.999952
15	A	T	ORF	S	NULL	0	0	0	0	0.404258	0.328119	0.0001	0.000151423	0.999976	0.197368	0.0001	0.0001	0.107387	0.194491	0.00144697	0.0781336	0.309423	0.000118807	0.464168	0.0001	0.565257	0.0001	0.000120815	0.999225	0.552235	0.283136	0.000108902	0.999976	0.988197	0.000174113	0.000128815	0.0672432	0.0001	0.0181015	0.483342	0.0001	0.243271	0.0174418	0.154299	0.120051	0.0341093	0.00220817	0.174228	0.0001	0.000122492	0.0001	0.000225379	0.300271	0.000129301	0.0153188	0.000164142	0.0001	0.475185	0.0001
16	A	T	ORF	S	NULL	0	0	0	0	0	0	0	0	0	0	0	0	0	0	0	0	0	0	0	0	0	0	0	0	0	0	0	0	0	0	0	0	0	0	0	0	0	0	0	0	0	0	0	0	0	0	0	0	0	0	0	0	0	0
17	A	T	ORF	S	NULL	0	0	0	0	0.069256	0.349082	0.0661493	0.0001	0.0001	0.14039	0.0001	0.0001	0.696319	0.000172447	0.501551	0.0001	0.105261	0.386056	0.0001	0.999953	0.43418	0.000146611	0.0001	0.000100646	0.30804	0.0001	0.99916	0.0001	0.0001	0.105058	0.999152	0.341256	0.0001	0.484122	0.0193284	0.0001	0.000177993	0.694539	0.0162679	0.0001	0.94417	0.155199	0.232113	0.862262	0.700157	0.0001	0.613269	0.198155	0.270069	0.79635	0.207231	0.0001	0.0001	0.999952
18	A	T	ORF	S	NULL	0	0	0	0	0.404258	0.328119	0.0001	0.000151423	0.999976	0.197368	0.0001	0.0001	0.107387	0.194491	0.00144697	0.0781336	0.309423	0.000118807	0.464168	0.0001	0.565257	0.0001	0.000120815	0.999225	0.552235	0.283136	0.000108902	0.999976	0.988197	0.000174113	0.000128815	0.0672432	0.0001	0.0181015	0.483342	0.0001	0.243271	0.0174418	0.154299	0.120051	0.0341093	0.00220817	0.174228	0.0001	0.000122492	0.0001	0.000225379	0.300271	0.000129301	0.0153188	0.000164142	0.0001	0.475185	0.0001
19	A	T	ORF	S	NULL	0	0	0	0	0	0	0	0	0	0	0	0	0	0	0	0	0	0	0	0	0	0	0	0	0	0	0	0	0	0	0	0	0	0	0	0	0	0	0	0	0	0	0	0	0	0	0	0	0	0	0	0	0	0
20	A	T	ORF	S	NULL	0	0	0	0	0	0	0	0	0	0	0	0	0	0	0	0	0	0	0	0	0	0	0	0	0	0	0	0	0	0	0	0	0	0	0	0	0	0	0	0	0	0	0	0	0	0	0	0	0	0	0	0	0	0
21	A	T	ORF	S	NULL	0	0	0	0	0	0	0	0	0	0	0	0	0	0	0	0	0	0	0	0	0	0	0	0	0	0	0	0	0	0	0	0	0	0	0	0	0	0	0	0	0	0	0	0	0	0	0	0	0	0	0	0	0	0
22	A	T	ORF	S	NULL	0	0	0	0	0	0	0	0	0	0	0	0	0	0	0	0	0	0	0	0	0	0	0	0	0	0	0	0	0	0	0	0	0	0	0	0	0	0	0	0	0	0	0	0	0	0	0	0	0	0	0	0	0	0
23	A	T	ORF	S	NULL	0	0	0	0	0.381772	0.000453032	0.000163837	0.553413	0.0001	0.360408	0.0001	0.0001	0.195681	0.145297	0.342908	0.694444	0.171582	0.613359	0.000333335	0.000100001	0.000380032	0.000247948	0.134377	0.000310869	0.000303039	0.365413	0.000381725	0.0001	0.00230412	0.202335	0.000367434	0.561691	0.66462	0.000365369	0.000593392	0.0001	0.275746	0.000844783	0.000571774	0.000307864	0.000377846	0.240667	0.448666	0.000284018	0.0653719	0.0001	0.297762	0.148703	0.674527	0.000653572	0.0196755	0.362511	0.253394	0.000100001
24	A	T	ORF	S	NULL	0	0	0	0	0	0	0	0	0	0	0	0	0	0	0	0	0	0	0	0	0	0	0	0	0	0	0	0	0	0	0	0	0	0	0	0	0	0	0	0	0	0	0	0	0	0	0	0	0	0	0	0	0	0
25	A	T	ORF	S	NULL	0	0	0	0	0	0	0	0	0	0	0	0	0	0	0	0	0	0	0	0	0	0	0	0	0	0	0	0	0	0	0	0	0	0	0	0	0	0	0	0	0	0	0	0	0	0	0	0	0	0	0	0	0	0
26	A	T	ORF	S	NULL	0	0	0	0	0.404258	0.328119	0.0001	0.000151423	0.999976	0.197368	0.0001	0.0001	0.107387	0.194491	0.00144697	0.0781336	0.309423	0.000118807	0.464168	0.0001	0.565257	0.0001	0.000120815	0.999225	0.552235	0.283136	0.000108902	0.999976	0.988197	0.000174113	0.000128815	0.0672432	0.0001	0.0181015	0.483342	0.0001	0.243271	0.0174418	0.154299	0.120051	0.0341093	0.00220817	0.174228	0.0001	0.000122492	0.0001	0.000225379	0.300271	0.000129301	0.0153188	0.000164142	0.0001	0.475185	0.0001
27	A	T	ORF	S	NULL	0	0	0	0	0	0	0	0	0	0	0	0	0	0	0	0	0	0	0	0	0	0	0	0	0	0	0	0	0	0	0	0	0	0	0	0	0	0	0	0	0	0	0	0	0	0	0	0	0	0	0	0	0	0
28	A	T	ORF	S	NULL	0	0	0	0	0	0	0	0	0	0	0	0	0	0	0	0	0	0	0	0	0	0	0	0	0	0	0	0	0	0	0	0	0	0	0	0	0	0	0	0	0	0	0	0	0	0	0	0	0	0	0	0	0	0
29	A	T	ORF	S	NULL	0	0	0	0	0	0	0	0	0	0	0	0	0	0	0	0	0	0	0	0	0	0	0	0	0	0	0	0	0	0	0	0	0	0	0	0	0	0	0	0	0	0	0	0	0	0	0	0	0	0	0	0	0	0
30	A	T	ORF	S	NULL	0	0	0	0	0	0	0	0	0	0	0	0	0	0	0	0	0	0	0	0	0	0	0	0	0	0	0	0	0	0	0	0	0	0	0	0	0	0	0	0	0	0	0	0	0	0	0	0	0	0	0	0	0	0
31	A	T	ORF	S	NULL	0	0	0	0	0	0	0	0	0	0	0	0	0	0	0	0	0	0	0	0	0	0	0	0	0	0	0	0	0	0	0	0	0	0	0	0	0	0	0	0	0	0	0	0	0	0	0	0	0	0	0	0	0	0
32	A	T	ORF	S	NULL	0	0	0	0	0	0	0	0	0	0	0	0	0	0	0	0	0	0	0	0	0	0	0	0	0	0	0	0	0	0	0	0	0	0	0	0	0	0	0	0	0	0	0	0	0	0	0	0	0	0	0	0	0	0
33	A	T	ORF	S	NULL	0	0	0	0	0	0	0	0	0	0	0	0	0	0	0	0	0	0	0	0	0	0	0	0	0	0	0	0	0	0	0	0	0	0	0	0	0	0	0	0	0	0	0	0	0	0	0	0	0	0	0	0	0	0
34	A	T	ORF	S	NULL	0	0	0	0	0	0	0	0	0	0	0	0	0	0	0	0	0	0	0	0	0	0	0	0	0	0	0	0	0	0	0	0	0	0	0	0	0	0	0	0	0	0	0	0	0	0	0	0	0	0	0	0	0	0
35	A	T	ORF	S	NULL	0	0	0	0	0.069256	0.349082	0.0661493	0.0001	0.0001	0.14039	0.0001	0.0001	0.696319	0.000172447	0.501551	0.0001	0.105261	0.386056	0.0001	0.999953	0.43418	0.000146611	0.0001	0.000100646	0.30804	0.0001	0.99916	0.0001	0.0001	0.105058	0.999152	0.341256	0.0001	0.484122	0.0193284	0.0001	0.000177993	0.694539	0.0162679	0.0001	0.94417	0.155199	0.232113	0.862262	0.700157	0.0001	0.613269	0.198155	0.270069	0.79635	0.207231	0.0001	0.0001	0.999952
36	A	T	ORF	S	NULL	0	0	0	0	0	0	0	0	0	0	0	0	0	0	0	0	0	0	0	0	0	0	0	0	0	0	0	0	0	0	0	0	0	0	0	0	0	0	0	0	0	0	0	0	0	0	0	0	0	0	0	0	0	0
37	A	T	ORF	S	NULL	0	0	0	0	0.0694043	0.671203	0.999403	0.446253	0.0002	0.140573	0.0002	0.0002	0.696473	0.124449	0.542854	0.0002	0.105379	0.386156	0.535236	1.00005	0.43428	0.434306	0.435216	0.000200646	0.308142	0.0002	0.99926	0.0002	0.00914612	0.797191	0.999252	0.370495	0.0002	0.484222	0.515675	0.0002	0.000403583	0.921861	0.290472	0.0002	0.94427	0.155407	0.376282	0.862362	0.934248	0.0002	0.613444	0.472363	0.325122	0.983575	0.207389	0.637233	0.0002	1.00005
38	A	T	ORF	S	NULL	0	0	0	0	0	0	0	0	0	0	0	0	0	0	0	0	0	0	0	0	0	0	0	0	0	0	0	0	0	0	0	0	0	0	0	0	0	0	0	0	0	0	0	0	0	0	0	0	0	0	0	0	0	0
39	A	T	ORF	S	NULL	0	0	0	0	0	0	0	0	0	0	0	0	0	0	0	0	0	0	0	0	0	0	0	0	0	0	0	0	0	0	0	0	0	0	0	0	0	0	0	0	0	0	0	0	0	0	0	0	0	0	0	0	0	0
40	A	T	ORF	S	NULL	0	0	0	0	0	0	0	0	0	0	0	0	0	0	0	0	0	0	0	0	0	0	0	0	0	0	0	0	0	0	0	0	0	0	0	0	0	0	0	0	0	0	0	0	0	0	0	0	0	0	0	0	0	0
41	A	T	ORF	S	NULL	0	0	0	0	0.404258	0.328119	0.0001	0.000151423	0.999976	0.197368	0.0001	0.0001	0.107387	0.194491	0.00144697	0.0781336	0.309423	0.000118807	0.464168	0.0001	0.565257	0.0001	0.000120815	0.999225	0.552235	0.283136	0.000108902	0.999976	0.988197	0.000174113	0.000128815	0.0672432	0.0001	0.0181015	0.483342	0.0001	0.243271	0.0174418	0.154299	0.120051	0.0341093	0.00220817	0.174228	0.0001	0.000122492	0.0001	0.000225379	0.300271	0.000129301	0.0153188	0.000164142	0.0001	0.475185	0.0001
42	A	T	ORF	S	NULL	0	0	0	0	0	0	0	0	0	0	0	0	0	0	0	0	0	0	0	0	0	0	0	0	0	0	0	0	0	0	0	0	0	0	0	0	0	0	0	0	0	0	0	0	0	0	0	0	0	0	0	0	0	0
43	A	T	ORF	S	NULL	0	0	0	0	0	0	0	0	0	0	0	0	0	0	0	0	0	0	0	0	0	0	0	0	0	0	0	0	0	0	0	0	0	0	0	0	0	0	0	0	0	0	0	0	0	0	0	0	0	0	0	0	0	0
44	A	T	ORF	S	NULL	0	0	0	0	0	0	0	0	0	0	0	0	0	0	0	0	0	0	0	0	0	0	0	0	0	0	0	0	0	0	0	0	0	0	0	0	0	0	0	0	0	0	0	0	0	0	0	0	0	0	0	0	0	0
45	A	T	ORF	S	NULL	0	0	0	0	0	0	0	0	0	0	0	0	0	0	0	0	0	0	0	0	0	0	0	0	0	0	0	0	0	0	0	0	0	0	0	0	0	0	0	0	0	0	0	0	0	0	0	0	0	0	0	0	0	0
46	A	T	ORF	S	NULL	0	0	0	0	0	0	0	0	0	0	0	0	0	0	0	0	0	0	0	0	0	0	0	0	0	0	0	0	0	0	0	0	0	0	0	0	0	0	0	0	0	0	0	0	0	0	0	0	0	0	0	0	0	0
47	A	T	ORF	S	NULL	0	0	0	0	0	0	0	0	0	0	0	0	0	0	0	0	0	0	0	0	0	0	0	0	0	0	0	0	0	0	0	0	0	0	0	0	0	0	0	0	0	0	0	0	0	0	0	0	0	0	0	0	0	0
48	A	T	ORF	S	NULL	0	0	0	0	0	0	0	0	0	0	0	0	0	0	0	0	0	0	0	0	0	0	0	0	0	0	0	0	0	0	0	0	0	0	0	0	0	0	0	0	0	0	0	0	0	0	0	0	0	0	0	0	0	0
49	A	T	ORF	S	NULL	0	0	0	0	0	0	0	0	0	0	0	0	0	0	0	0	0	0	0	0	0	0	0	0	0	0	0	0	0	0	0	0	0	0	0	0	0	0	0	0	0	0	0	0	0	0	0	0	0	0	0	0	0	0
50	A	T	ORF	S	NULL	0	0	0	0	0.069256	0.349082	0.0661493	0.0001	0.0001	0.14039	0.0001	0.0001	0.696319	0.000172447	0.501551	0.0001	0.105261	0.386056	0.0001	0.999953	0.43418	0.000146611	0.0001	0.000100646	0.30804	0.0001	0.99916	0.0001	0.0001	0.105058	0.999152	0.341256	0.0001	0.484122	0.0193284	0.0001	0.000177993	0.694539	0.0162679	0.0001	0.94417	0.155199	0.232113	0.862262	0.700157	0.0001	0.613269	0.198155	0.270069	0.79635	0.207231	0.0001	0.0001	0.999952
51	A	T	ORF	S	NULL	0	0	0	0	0.00014828	0.322121	0.933254	0.446153	0.0001	0.000183914	0.0001	0.0001	0.000154009	0.124276	0.0413031	0.0001	0.000117989	0.0001	0.535136	0.0001	0.0001	0.434159	0.435116	0.0001	0.00010172	0.0001	0.0001	0.0001	0.00904612	0.692133	0.0001	0.0292384	0.0001	0.0001	0.496347	0.0001	0.00022559	0.227322	0.274204	0.0001	0.0001	0.000208094	0.14417	0.0001	0.234092	0.0001	0.00017534	0.274208	0.0550529	0.187225	0.000157913	0.637133	0.0001	0.0001
52	A	T	ORF	S	NULL	0	0	0	0	0	0	0	0	0	0	0	0	0	0	0	0	0	0	0	0	0	0	0	0	0	0	0	0	0	0	0	0	0	0	0	0	0	0	0	0	0	0	0	0	0	0	0	0	0	0	0	0	0	0
53	A	T	ORF	S	NULL	0	0	0	0	0.069256	0.349082	0.0661493	0.0001	0.0001	0.14039	0.0001	0.0001	0.696319	0.000172447	0.501551	0.0001	0.105261	0.386056	0.0001	0.999953	0.43418	0.000146611	0.0001	0.000100646	0.30804	0.0001	0.99916	0.0001	0.0001	0.105058	0.999152	0.341256	0.0001	0.484122	0.0193284	0.0001	0.000177993	0.694539	0.0162679	0.0001	0.94417	0.155199	0.232113	0.862262	0.700157	0.0001	0.613269	0.198155	0.270069	0.79635	0.207231	0.0001	0.0001	0.999952
54	A	T	ORF	S	NULL	0	0	0	0	0	0	0	0	0	0	0	0	0	0	0	0	0	0	0	0	0	0	0	0	0	0	0	0	0	0	0	0	0	0	0	0	0	0	0	0	0	0	0	0	0	0	0	0	0	0	0	0	0	0
55	A	T	ORF	S	NULL	0	0	0	0	0	0	0	0	0	0	0	0	0	0	0	0	0	0	0	0	0	0	0	0	0	0	0	0	0	0	0	0	0	0	0	0	0	0	0	0	0	0	0	0	0	0	0	0	0	0	0	0	0	0
56	A	T	ORF	S	NULL	0	0	0	0	0	0	0	0	0	0	0	0	0	0	0	0	0	0	0	0	0	0	0	0	0	0	0	0	0	0	0	0	0	0	0	0	0	0	0	0	0	0	0	0	0	0	0	0	0	0	0	0	0	0
57	A	T	ORF	S	NULL	0	0	0	0	0.404258	0.328119	0.0001	0.000151423	0.999976	0.197368	0.0001	0.0001	0.107387	0.194491	0.00144697	0.0781336	0.309423	0.000118807	0.464168	0.0001	0.565257	0.0001	0.000120815	0.999225	0.552235	0.283136	0.000108902	0.999976	0.988197	0.000174113	0.000128815	0.0672432	0.0001	0.0181015	0.483342	0.0001	0.243271	0.0174418	0.154299	0.120051	0.0341093	0.00220817	0.174228	0.0001	0.000122492	0.0001	0.000225379	0.300271	0.000129301	0.0153188	0.000164142	0.0001	0.475185	0.0001
58	A	T	ORF	S	NULL	0	0	0	0	0.381772	0.000453032	0.000163837	0.553413	0.0001	0.360408	0.0001	0.0001	0.195681	0.145297	0.342908	0.694444	0.171582	0.613359	0.000333335	0.000100001	0.000380032	0.000247948	0.134377	0.000310869	0.000303039	0.365413	0.000381725	0.0001	0.00230412	0.202335	0.000367434	0.561691	0.66462	0.000365369	0.000593392	0.0001	0.275746	0.000844783	0.000571774	0.000307864	0.000377846	0.240667	0.448666	0.000284018	0.0653719	0.0001	0.297762	0.148703	0.674527	0.000653572	0.0196755	0.362511	0.253394	0.000100001
59	A	T	ORF	S	NULL	0	0	0	0	0.404258	0.328119	0.0001	0.000151423	0.999976	0.197368	0.0001	0.0001	0.107387	0.194491	0.00144697	0.0781336	0.309423	0.000118807	0.464168	0.0001	0.565257	0.0001	0.000120815	0.999225	0.552235	0.283136	0.000108902	0.999976	0.988197	0.000174113	0.000128815	0.0672432	0.0001	0.0181015	0.483342	0.0001	0.243271	0.0174418	0.154299	0.120051	0.0341093	0.00220817	0.174228	0.0001	0.000122492	0.0001	0.000225379	0.300271	0.000129301	0.0153188	0.000164142	0.0001	0.475185	0.0001
60	A	T	ORF	S	NULL	0	0	0	0	0	0	0	0	0	0	0	0	0	0	0	0	0	0	0	0	0	0	0	0	0	0	0	0	0	0	0	0	0	0	0	0	0	0	0	0	0	0	0	0	0	0	0	0	0	0	0	0	0	0
61	A	T	ORF	S	NULL	0	0	0	0	0.381772	0.000453032	0.000163837	0.553413	0.0001	0.360408	0.0001	0.0001	0.195681	0.145297	0.342908	0.694444	0.171582	0.613359	0.000333335	0.000100001	0.000380032	0.000247948	0.134377	0.000310869	0.000303039	0.365413	0.000381725	0.0001	0.00230412	0.202335	0.000367434	0.561691	0.66462	0.000365369	0.000593392	0.0001	0.275746	0.000844783	0.000571774	0.000307864	0.000377846	0.240667	0.448666	0.000284018	0.0653719	0.0001	0.297762	0.148703	0.674527	0.000653572	0.0196755	0.362511	0.253394	0.000100001
62	A	T	ORF	S	NULL	0	0	0	0	0	0	0	0	0	0	0	0	0	0	0	0	0	0	0	0	0	0	0	0	0	0	0	0	0	0	0	0	0	0	0	0	0	0	0	0	0	0	0	0	0	0	0	0	0	0	0	0	0	0
63	A	T	ORF	S	NULL	0	0	0	0	0.00014828	0.322121	0.933254	0.446153	0.0001	0.000183914	0.0001	0.0001	0.000154009	0.124276	0.0413031	0.0001	0.000117989	0.0001	0.535136	0.0001	0.0001	0.434159	0.435116	0.0001	0.00010172	0.0001	0.0001	0.0001	0.00904612	0.692133	0.0001	0.0292384	0.0001	0.0001	0.496347	0.0001	0.00022559	0.227322	0.274204	0.0001	0.0001	0.000208094	0.14417	0.0001	0.234092	0.0001	0.00017534	0.274208	0.0550529	0.187225	0.000157913	0.637133	0.0001	0.0001
64	A	T	ORF	S	NULL	0	0	0	0	0	0	0	0	0	0	0	0	0	0	0	0	0	0	0	0	0	0	0	0	0	0	0	0	0	0	0	0	0	0	0	0	0	0	0	0	0	0	0	0	0	0	0	0	0	0	0	0	0	0
65	A	T	ORF	S	NULL	0	0	0	0	0	0	0	0	0	0	0	0	0	0	0	0	0	0	0	0	0	0	0	0	0	0	0	0	0	0	0	0	0	0	0	0	0	0	0	0	0	0	0	0	0	0	0	0	0	0	0	0	0	0
66	A	T	ORF	S	NULL	0	0	0	0	0	0	0	0	0	0	0	0	0	0	0	0	0	0	0	0	0	0	0	0	0	0	0	0	0	0	0	0	0	0	0	0	0	0	0	0	0	0	0	0	0	0	0	0	0	0	0	0	0	0
67	A	T	ORF	S	NULL	0	0	0	0	0	0	0	0	0	0	0	0	0	0	0	0	0	0	0	0	0	0	0	0	0	0	0	0	0	0	0	0	0	0	0	0	0	0	0	0	0	0	0	0	0	0	0	0	0	0	0	0	0	0
68	A	T	ORF	S	NULL	0	0	0	0	0	0	0	0	0	0	0	0	0	0	0	0	0	0	0	0	0	0	0	0	0	0	0	0	0	0	0	0	0	0	0	0	0	0	0	0	0	0	0	0	0	0	0	0	0	0	0	0	0	0
69	A	T	ORF	S	NULL	0	0	0	0	0.00014828	0.322121	0.933254	0.446153	0.0001	0.000183914	0.0001	0.0001	0.000154009	0.124276	0.0413031	0.0001	0.000117989	0.0001	0.535136	0.0001	0.0001	0.434159	0.435116	0.0001	0.00010172	0.0001	0.0001	0.0001	0.00904612	0.692133	0.0001	0.0292384	0.0001	0.0001	0.496347	0.0001	0.00022559	0.227322	0.274204	0.0001	0.0001	0.000208094	0.14417	0.0001	0.234092	0.0001	0.00017534	0.274208	0.0550529	0.187225	0.000157913	0.637133	0.0001	0.0001
70	A	T	ORF	S	NULL	0	0	0	0	0	0	0	0	0	0	0	0	0	0	0	0	0	0	0	0	0	0	0	0	0	0	0	0	0	0	0	0	0	0	0	0	0	0	0	0	0	0	0	0	0	0	0	0	0	0	0	0	0	0
71	A	T	ORF	S	NULL	0	0	0	0	0	0	0	0	0	0	0	0	0	0	0	0	0	0	0	0	0	0	0	0	0	0	0	0	0	0	0	0	0	0	0	0	0	0	0	0	0	0	0	0	0	0	0	0	0	0	0	0	0	0
72	A	T	ORF	S	NULL	0	0	0	0	0	0	0	0	0	0	0	0	0	0	0	0	0	0	0	0	0	0	0	0	0	0	0	0	0	0	0	0	0	0	0	0	0	0	0	0	0	0	0	0	0	0	0	0	0	0	0	0	0	0
73	A	T	ORF	S	NULL	0	0	0	0	0.473514	0.677202	0.0662493	0.000251423	1.00008	0.337758	0.0002	0.0002	0.803706	0.194663	0.502998	0.0782336	0.414685	0.386175	0.464268	1.00005	0.999437	0.000246611	0.000220815	0.999325	0.860275	0.283236	0.999269	1.00008	0.988297	0.105232	0.999281	0.408499	0.0002	0.502223	0.50267	0.0002	0.243449	0.711981	0.170567	0.120151	0.978279	0.157407	0.406341	0.862362	0.700279	0.0002	0.613494	0.498426	0.270199	0.811669	0.207395	0.0002	0.475285	1.00005
74	A	T	ORF	S	NULL	0	0	0	0	0.00014828	0.322121	0.933254	0.446153	0.0001	0.000183914	0.0001	0.0001	0.000154009	0.124276	0.0413031	0.0001	0.000117989	0.0001	0.535136	0.0001	0.0001	0.434159	0.435116	0.0001	0.00010172	0.0001	0.0001	0.0001	0.00904612	0.692133	0.0001	0.0292384	0.0001	0.0001	0.496347	0.0001	0.00022559	0.227322	0.274204	0.0001	0.0001	0.000208094	0.14417	0.0001	0.234092	0.0001	0.00017534	0.274208	0.0550529	0.187225	0.000157913	0.637133	0.0001	0.0001
75	A	T	ORF	S	NULL	0	0	0	0	0	0	0	0	0	0	0	0	0	0	0	0	0	0	0	0	0	0	0	0	0	0	0	0	0	0	0	0	0	0	0	0	0	0	0	0	0	0	0	0	0	0	0	0	0	0	0	0	0	0
76	A	T	ORF	S	NULL	0	0	0	0	0	0	0	0	0	0	0	0	0	0	0	0	0	0	0	0	0	0	0	0	0	0	0	0	0	0	0	0	0	0	0	0	0	0	0	0	0	0	0	0	0	0	0	0	0	0	0	0	0	0
77	A	T	ORF	S	NULL	0	0	0	0	0	0	0	0	0	0	0	0	0	0	0	0	0	0	0	0	0	0	0	0	0	0	0	0	0	0	0	0	0	0	0	0	0	0	0	0	0	0	0	0	0	0	0	0	0	0	0	0	0	0
78	A	T	ORF	S	NULL	0	0	0	0	0	0	0	0	0	0	0	0	0	0	0	0	0	0	0	0	0	0	0	0	0	0	0	0	0	0	0	0	0	0	0	0	0	0	0	0	0	0	0	0	0	0	0	0	0	0	0	0	0	0
79	A	T	ORF	S	NULL	0	0	0	0	0.00014828	0.322121	0.933254	0.446153	0.0001	0.000183914	0.0001	0.0001	0.000154009	0.124276	0.0413031	0.0001	0.000117989	0.0001	0.535136	0.0001	0.0001	0.434159	0.435116	0.0001	0.00010172	0.0001	0.0001	0.0001	0.00904612	0.692133	0.0001	0.0292384	0.0001	0.0001	0.496347	0.0001	0.00022559	0.227322	0.274204	0.0001	0.0001	0.000208094	0.14417	0.0001	0.234092	0.0001	0.00017534	0.274208	0.0550529	0.187225	0.000157913	0.637133	0.0001	0.0001
80	A	T	ORF	S	NULL	0	0	0	0	0	0	0	0	0	0	0	0	0	0	0	0	0	0	0	0	0	0	0	0	0	0	0	0	0	0	0	0	0	0	0	0	0	0	0	0	0	0	0	0	0	0	0	0	0	0	0	0	0	0
81	A	T	ORF	S	NULL	0	0	0	0	0	0	0	0	0	0	0	0	0	0	0	0	0	0	0	0	0	0	0	0	0	0	0	0	0	0	0	0	0	0	0	0	0	0	0	0	0	0	0	0	0	0	0	0	0	0	0	0	0	0
82	A	T	ORF	S	NULL	0	0	0	0	0.213822	0.349306	0.0665768	0.000351903	0.0002	0.44204	1.00009	1.00009	0.696779	0.535936	0.614342	0.227388	0.518877	0.386468	0.000423557	1.00005	0.434343	0.565515	0.43041	0.000411524	0.447361	0.35141	0.999438	0.0002	0.000531671	0.105358	0.99942	0.341827	0.335362	0.981447	0.0197179	1.00009	0.480757	0.754392	0.570925	0.879729	0.965444	0.756917	0.232935	0.999579	0.700414	1.00009	0.701837	0.276818	0.270291	0.796803	0.980002	0.000334496	0.271399	1.00005
83	A	T	ORF	S	NULL	0	0	0	0	0.381772	0.000453032	0.000163837	0.553413	0.0001	0.360408	0.0001	0.0001	0.195681	0.145297	0.342908	0.694444	0.171582	0.613359	0.000333335	0.000100001	0.000380032	0.000247948	0.134377	0.000310869	0.000303039	0.365413	0.000381725	0.0001	0.00230412	0.202335	0.000367434	0.561691	0.66462	0.000365369	0.000593392	0.0001	0.275746	0.000844783	0.000571774	0.000307864	0.000377846	0.240667	0.448666	0.000284018	0.0653719	0.0001	0.297762	0.148703	0.674527	0.000653572	0.0196755	0.362511	0.253394	0.000100001
84	A	T	ORF	S	NULL	0	0	0	0	0	0	0	0	0	0	0	0	0	0	0	0	0	0	0	0	0	0	0	0	0	0	0	0	0	0	0	0	0	0	0	0	0	0	0	0	0	0	0	0	0	0	0	0	0	0	0	0	0	0
85	A	T	ORF	S	NULL	0	0	0	0	0.404258	0.328119	0.0001	0.000151423	0.999976	0.197368	0.0001	0.0001	0.107387	0.194491	0.00144697	0.0781336	0.309423	0.000118807	0.464168	0.0001	0.565257	0.0001	0.000120815	0.999225	0.552235	0.283136	0.000108902	0.999976	0.988197	0.000174113	0.000128815	0.0672432	0.0001	0.0181015	0.483342	0.0001	0.243271	0.0174418	0.154299	0.120051	0.0341093	0.00220817	0.174228	0.0001	0.000122492	0.0001	0.000225379	0.300271	0.000129301	0.0153188	0.000164142	0.0001	0.475185	0.0001
86	A	T	ORF	S	NULL	0	0	0	0	0	0	0	0	0	0	0	0	0	0	0	0	0	0	0	0	0	0	0	0	0	0	0	0	0	0	0	0	0	0	0	0	0	0	0	0	0	0	0	0	0	0	0	0	0	0	0	0	0	0
87	A	T	ORF	S	NULL	0	0	0	0	0.144566	0.00022403	0.000427482	0.000251903	0.0001	0.301651	0.999986	0.999986	0.000459461	0.535764	0.112791	0.227288	0.413616	0.000411654	0.000323557	0.0001	0.000162732	0.565368	0.43031	0.000310878	0.139321	0.35131	0.00027795	0.0001	0.000431671	0.00029983	0.000268107	0.000570996	0.335262	0.497325	0.000389529	0.999986	0.480579	0.0598526	0.554657	0.879629	0.0212742	0.601718	0.000822835	0.137317	0.000257331	0.999986	0.0885683	0.0786631	0.0002215	0.000452356	0.772771	0.000234496	0.271299	0.0001
88	A	T	ORF	S	NULL	0	0	0	0	0	0	0	0	0	0	0	0	0	0	0	0	0	0	0	0	0	0	0	0	0	0	0	0	0	0	0	0	0	0	0	0	0	0	0	0	0	0	0	0	0	0	0	0	0	0	0	0	0	0
89	A	T	ORF	S	NULL	0	0	0	0	0.404258	0.328119	0.0001	0.000151423	0.999976	0.197368	0.0001	0.0001	0.107387	0.194491	0.00144697	0.0781336	0.309423	0.000118807	0.464168	0.0001	0.565257	0.0001	0.000120815	0.999225	0.552235	0.283136	0.000108902	0.999976	0.988197	0.000174113	0.000128815	0.0672432	0.0001	0.0181015	0.483342	0.0001	0.243271	0.0174418	0.154299	0.120051	0.0341093	0.00220817	0.174228	0.0001	0.000122492	0.0001	0.000225379	0.300271	0.000129301	0.0153188	0.000164142	0.0001	0.475185	0.0001
90	A	T	ORF	S	NULL	0	0	0	0	0.069256	0.349082	0.0661493	0.0001	0.0001	0.14039	0.0001	0.0001	0.696319	0.000172447	0.501551	0.0001	0.105261	0.386056	0.0001	0.999953	0.43418	0.000146611	0.0001	0.000100646	0.30804	0.0001	0.99916	0.0001	0.0001	0.105058	0.999152	0.341256	0.0001	0.484122	0.0193284	0.0001	0.000177993	0.694539	0.0162679	0.0001	0.94417	0.155199	0.232113	0.862262	0.700157	0.0001	0.613269	0.198155	0.270069	0.79635	0.207231	0.0001	0.0001	0.999952
91	A	T	ORF	S	NULL	0	0	0	0	0.00014828	0.322121	0.933254	0.446153	0.0001	0.000183914	0.0001	0.0001	0.000154009	0.124276	0.0413031	0.0001	0.000117989	0.0001	0.535136	0.0001	0.0001	0.434159	0.435116	0.0001	0.00010172	0.0001	0.0001	0.0001	0.00904612	0.692133	0.0001	0.0292384	0.0001	0.0001	0.496347	0.0001	0.00022559	0.227322	0.274204	0.0001	0.0001	0.000208094	0.14417	0.0001	0.234092	0.0001	0.00017534	0.274208	0.0550529	0.187225	0.000157913	0.637133	0.0001	0.0001
92	A	T	ORF	S	NULL	0	0	0	0	0.144566	0.00022403	0.000427482	0.000251903	0.0001	0.301651	0.999986	0.999986	0.000459461	0.535764	0.112791	0.227288	0.413616	0.000411654	0.000323557	0.0001	0.000162732	0.565368	0.43031	0.000310878	0.139321	0.35131	0.00027795	0.0001	0.000431671	0.00029983	0.000268107	0.000570996	0.335262	0.497325	0.000389529	0.999986	0.480579	0.0598526	0.554657	0.879629	0.0212742	0.601718	0.000822835	0.137317	0.000257331	0.999986	0.0885683	0.0786631	0.0002215	0.000452356	0.772771	0.000234496	0.271299	0.0001
93	A	T	ORF	S	NULL	0	0	0	0	0	0	0	0	0	0	0	0	0	0	0	0	0	0	0	0	0	0	0	0	0	0	0	0	0	0	0	0	0	0	0	0	0	0	0	0	0	0	0	0	0	0	0	0	0	0	0	0	0	0
94	A	T	ORF	S	NULL	0	0	0	0	0	0	0	0	0	0	0	0	0	0	0	0	0	0	0	0	0	0	0	0	0	0	0	0	0	0	0	0	0	0	0	0	0	0	0	0	0	0	0	0	0	0	0	0	0	0	0	0	0	0
95	A	T	ORF	S	NULL	0	0	0	0	0	0	0	0	0	0	0	0	0	0	0	0	0	0	0	0	0	0	0	0	0	0	0	0	0	0	0	0	0	0	0	0	0	0	0	0	0	0	0	0	0	0	0	0	0	0	0	0	0	0
96	A	T	ORF	S	NULL	0	0	0	0	0.00014828	0.322121	0.933254	0.446153	0.0001	0.000183914	0.0001	0.0001	0.000154009	0.124276	0.0413031	0.0001	0.000117989	0.0001	0.535136	0.0001	0.0001	0.434159	0.435116	0.0001	0.00010172	0.0001	0.0001	0.0001	0.00904612	0.692133	0.0001	0.0292384	0.0001	0.0001	0.496347	0.0001	0.00022559	0.227322	0.274204	0.0001	0.0001	0.000208094	0.14417	0.0001	0.234092	0.0001	0.00017534	0.274208	0.0550529	0.187225	0.000157913	0.637133	0.0001	0.0001
97	A	T	ORF	S	NULL	0	0	0	0	0	0	0	0	0	0	0	0	0	0	0	0	0	0	0	0	0	0	0	0	0	0	0	0	0	0	0	0	0	0	0	0	0	0	0	0	0	0	0	0	0	0	0	0	0	0	0	0	0	0
98	A	T	ORF	S	NULL	0	0	0	0	0.069256	0.349082	0.0661493	0.0001	0.0001	0.14039	0.0001	0.0001	0.696319	0.000172447	0.501551	0.0001	0.105261	0.386056	0.0001	0.999953	0.43418	0.000146611	0.0001	0.000100646	0.30804	0.0001	0.99916	0.0001	0.0001	0.105058	0.999152	0.341256	0.0001	0.484122	0.0193284	0.0001	0.000177993	0.694539	0.0162679	0.0001	0.94417	0.155199	0.232113	0.862262	0.700157	0.0001	0.613269	0.198155	0.270069	0.79635	0.207231	0.0001	0.0001	0.999952
99	A	T	ORF	S	NULL	0	0	0	0	0	0	0	0	0	0	0	0	0	0	0	0	0	0	0	0	0	0	0	0	0	0	0	0	0	0	0	0	0	0	0	0	0	0	0	0	0	0	0	0	0	0	0	0	0	0	0	0	0	0
100	A	T	ORF	S	NULL	0	0	0	0	0.00014828	0.322121	0.933254	0.446153	0.0001	0.000183914	0.0001	0.0001	0.000154009	0.124276	0.0413031	0.0001	0.000117989	0.0001	0.535136	0.0001	0.0001	0.434159	0.435116	0.0001	0.00010172	0.0001	0.0001	0.0001	0.00904612	0.692133	0.0001	0.0292384	0.0001	0.0001	0.496347	0.0001	0.00022559	0.227322	0.274204	0.0001	0.0001	0.000208094	0.14417	0.0001	0.234092	0.0001	0.00017534	0.274208	0.0550529	0.187225	0.000157913	0.637133	0.0001	0.0001
