pos	ref	alt	gene	N/S	AA	nSRAsubclonal	nSRAclonal	nSRA	nConsensus	sample0|Earth	sample1|Earth	sample2|Earth	sample3|Earth	sample4|Earth	sample5|Earth	sample6|Earth	sample7|Earth	sample8|Earth	sample9|Earth	sample10|Earth	sample11|Earth	sample12|Earth	sample13|Earth	sample14|Earth	sample15|Earth	sample16|Earth	sample17|Earth	sample18|Earth	sample19|Earth	sample20|Earth	sample21|Earth	sample22|Earth	sample23|Earth	sample24|Earth	sample25|Earth	sample26|Earth	sample27|Earth	sample28|Earth	sample29|Earth	sample30|Earth	sample31|Earth	sample32|Earth	sample33|Earth	sample34|Earth	sample35|Earth	sample36|Earth	sample37|Earth	sample38|Earth	sample39|Earth	sample40|Earth	sample41|Earth	sample42|Earth	sample43|Earth	sample44|Earth	sample45|Earth	sample46|Earth	sample47|Earth	sample48|Earth	sample49|Earth
1	A	T	ORF	S	NULL	0	0	0	0	0	0	0	0	0	0	0	0	0	0	0	0	0	0	0	0	0	0	0	0	0	0	0	0	0	0	0	0	0	0	0	0	0	0	0	0	0	0	0	0	0	0	0	0	0	0	0	0	0	0
2	A	T	ORF	S	NULL	0	0	0	0	0.144612	0.000275203	0.000209796	0.000267713	0.0001	0.301903	0.999965	0.999965	0.000488523	0.535877	0.112826	0.227295	0.413644	0.000274405	0.00026971	0.0001	0.000213826	0.564664	0.430319	0.000271986	0.139292	0.351311	0.000284991	0.0001	0.000271966	0.000269572	0.000284991	0.000486964	0.335308	0.497336	0.000419354	0.999965	0.480598	0.0598235	0.554659	0.879373	0.0212867	0.60173	0.00054463	0.137414	0.000279852	0.999965	0.0886763	0.0785539	0.000272424	0.000430772	0.772751	0.000267707	0.271302	0.0001
3	A	T	ORF	S	NULL	0	0	0	0	0.000125416	0.322117	0.933265	0.446131	0.0001	0.000249964	0.000100002	0.000100002	0.00016775	0.124335	0.0413216	0.0001	0.000126729	0.0001	0.535145	0.0001	0.0001	0.434281	0.435131	0.0001	0.0001	0.0001	0.0001	0.0001	0.00907035	0.692167	0.0001	0.029262	0.0001	0.0001	0.496298	0.000100002	0.00019352	0.22735	0.274166	0.000100001	0.0001	0.000156385	0.144214	0.0001	0.234106	0.000100002	0.000157795	0.274233	0.0550772	0.187259	0.000157565	0.637158	0.0001	0.0001
4	A	T	ORF	S	NULL	0	0	0	0	0	0	0	0	0	0	0	0	0	0	0	0	0	0	0	0	0	0	0	0	0	0	0	0	0	0	0	0	0	0	0	0	0	0	0	0	0	0	0	0	0	0	0	0	0	0	0	0	0	0
5	A	T	ORF	S	NULL	0	0	0	0	0.000125416	0.322117	0.933265	0.446131	0.0001	0.000249964	0.000100002	0.000100002	0.00016775	0.124335	0.0413216	0.0001	0.000126729	0.0001	0.535145	0.0001	0.0001	0.434281	0.435131	0.0001	0.0001	0.0001	0.0001	0.0001	0.00907035	0.692167	0.0001	0.029262	0.0001	0.0001	0.496298	0.000100002	0.00019352	0.22735	0.274166	0.000100001	0.0001	0.000156385	0.144214	0.0001	0.234106	0.000100002	0.000157795	0.274233	0.0550772	0.187259	0.000157565	0.637158	0.0001	0.0001
6	A	T	ORF	S	NULL	0	0	0	0	0.144612	0.000275203	0.000209796	0.000267713	0.0001	0.301903	0.999965	0.999965	0.000488523	0.535877	0.112826	0.227295	0.413644	0.000274405	0.00026971	0.0001	0.000213826	0.564664	0.430319	0.000271986	0.139292	0.351311	0.000284991	0.0001	0.000271966	0.000269572	0.000284991	0.000486964	0.335308	0.497336	0.000419354	0.999965	0.480598	0.0598235	0.554659	0.879373	0.0212867	0.60173	0.00054463	0.137414	0.000279852	0.999965	0.0886763	0.0785539	0.000272424	0.000430772	0.772751	0.000267707	0.271302	0.0001
7	A	T	ORF	S	NULL	0	0	0	0	0	0	0	0	0	0	0	0	0	0	0	0	0	0	0	0	0	0	0	0	0	0	0	0	0	0	0	0	0	0	0	0	0	0	0	0	0	0	0	0	0	0	0	0	0	0	0	0	0	0
8	A	T	ORF	S	NULL	0	0	0	0	0	0	0	0	0	0	0	0	0	0	0	0	0	0	0	0	0	0	0	0	0	0	0	0	0	0	0	0	0	0	0	0	0	0	0	0	0	0	0	0	0	0	0	0	0	0	0	0	0	0
9	A	T	ORF	S	NULL	0	0	0	0	0	0	0	0	0	0	0	0	0	0	0	0	0	0	0	0	0	0	0	0	0	0	0	0	0	0	0	0	0	0	0	0	0	0	0	0	0	0	0	0	0	0	0	0	0	0	0	0	0	0
10	A	T	ORF	S	NULL	0	0	0	0	0	0	0	0	0	0	0	0	0	0	0	0	0	0	0	0	0	0	0	0	0	0	0	0	0	0	0	0	0	0	0	0	0	0	0	0	0	0	0	0	0	0	0	0	0	0	0	0	0	0
11	A	T	ORF	S	NULL	0	0	0	0	0	0	0	0	0	0	0	0	0	0	0	0	0	0	0	0	0	0	0	0	0	0	0	0	0	0	0	0	0	0	0	0	0	0	0	0	0	0	0	0	0	0	0	0	0	0	0	0	0	0
12	A	T	ORF	S	NULL	0	0	0	0	0	0	0	0	0	0	0	0	0	0	0	0	0	0	0	0	0	0	0	0	0	0	0	0	0	0	0	0	0	0	0	0	0	0	0	0	0	0	0	0	0	0	0	0	0	0	0	0	0	0
13	A	T	ORF	S	NULL	0	0	0	0	0	0	0	0	0	0	0	0	0	0	0	0	0	0	0	0	0	0	0	0	0	0	0	0	0	0	0	0	0	0	0	0	0	0	0	0	0	0	0	0	0	0	0	0	0	0	0	0	0	0
14	A	T	ORF	S	NULL	0	0	0	0	0.069281	0.349079	0.066134	0.000100001	0.0001	0.140378	0.000100003	0.000100003	0.69628	0.000227406	0.501494	0.0001	0.105285	0.386082	0.000100001	0.999951	0.434165	0.000279501	0.000100002	0.0001	0.308076	0.000100001	0.999141	0.0001	0.0001	0.105056	0.999141	0.341249	0.000100001	0.484093	0.0192974	0.000100003	0.0001367	0.694513	0.0162772	0.000100002	0.944136	0.155212	0.232158	0.862189	0.700113	0.000100003	0.613255	0.198155	0.270071	0.796371	0.207218	0.000100001	0.000100001	0.999951
15	A	T	ORF	S	NULL	0	0	0	0	0.404339	0.32815	0.0001	0.000104402	0.999988	0.197464	0.000100002	0.000100002	0.107351	0.194435	0.0014073	0.0781158	0.309328	0.000107647	0.464165	0.0001	0.565258	0.000178752	0.000106705	0.999236	0.55218	0.283144	0.000112572	0.999988	0.988235	0.000105223	0.000112572	0.0672343	0.000106203	0.0181133	0.483362	0.000100002	0.24329	0.0174107	0.154308	0.120125	0.0341166	0.00221327	0.17428	0.0001	0.000110095	0.000100002	0.000213954	0.300297	0.000106715	0.0153068	0.000214401	0.000104342	0.475168	0.0001
16	A	T	ORF	S	NULL	0	0	0	0	0	0	0	0	0	0	0	0	0	0	0	0	0	0	0	0	0	0	0	0	0	0	0	0	0	0	0	0	0	0	0	0	0	0	0	0	0	0	0	0	0	0	0	0	0	0	0	0	0	0
17	A	T	ORF	S	NULL	0	0	0	0	0.069281	0.349079	0.066134	0.000100001	0.0001	0.140378	0.000100003	0.000100003	0.69628	0.000227406	0.501494	0.0001	0.105285	0.386082	0.000100001	0.999951	0.434165	0.000279501	0.000100002	0.0001	0.308076	0.000100001	0.999141	0.0001	0.0001	0.105056	0.999141	0.341249	0.000100001	0.484093	0.0192974	0.000100003	0.0001367	0.694513	0.0162772	0.000100002	0.944136	0.155212	0.232158	0.862189	0.700113	0.000100003	0.613255	0.198155	0.270071	0.796371	0.207218	0.000100001	0.000100001	0.999951
18	A	T	ORF	S	NULL	0	0	0	0	0.404339	0.32815	0.0001	0.000104402	0.999988	0.197464	0.000100002	0.000100002	0.107351	0.194435	0.0014073	0.0781158	0.309328	0.000107647	0.464165	0.0001	0.565258	0.000178752	0.000106705	0.999236	0.55218	0.283144	0.000112572	0.999988	0.988235	0.000105223	0.000112572	0.0672343	0.000106203	0.0181133	0.483362	0.000100002	0.24329	0.0174107	0.154308	0.120125	0.0341166	0.00221327	0.17428	0.0001	0.000110095	0.000100002	0.000213954	0.300297	0.000106715	0.0153068	0.000214401	0.000104342	0.475168	0.0001
19	A	T	ORF	S	NULL	0	0	0	0	0	0	0	0	0	0	0	0	0	0	0	0	0	0	0	0	0	0	0	0	0	0	0	0	0	0	0	0	0	0	0	0	0	0	0	0	0	0	0	0	0	0	0	0	0	0	0	0	0	0
20	A	T	ORF	S	NULL	0	0	0	0	0	0	0	0	0	0	0	0	0	0	0	0	0	0	0	0	0	0	0	0	0	0	0	0	0	0	0	0	0	0	0	0	0	0	0	0	0	0	0	0	0	0	0	0	0	0	0	0	0	0
21	A	T	ORF	S	NULL	0	0	0	0	0	0	0	0	0	0	0	0	0	0	0	0	0	0	0	0	0	0	0	0	0	0	0	0	0	0	0	0	0	0	0	0	0	0	0	0	0	0	0	0	0	0	0	0	0	0	0	0	0	0
22	A	T	ORF	S	NULL	0	0	0	0	0	0	0	0	0	0	0	0	0	0	0	0	0	0	0	0	0	0	0	0	0	0	0	0	0	0	0	0	0	0	0	0	0	0	0	0	0	0	0	0	0	0	0	0	0	0	0	0	0	0
23	A	T	ORF	S	NULL	0	0	0	0	0.381643	0.00037822	0.000318737	0.553452	0.0001	0.360005	0.000100005	0.000100005	0.195713	0.145126	0.342951	0.694475	0.171616	0.613466	0.000373755	0.0001	0.000320284	0.000597009	0.134396	0.000376574	0.000380532	0.36543	0.000386026	0.0001	0.00237682	0.202402	0.000386026	0.561767	0.664472	0.000384797	0.000623012	0.000100005	0.275781	0.000903384	0.000591092	0.000382966	0.000385686	0.240688	0.448803	0.000295054	0.0653911	0.000100005	0.297697	0.148761	0.674473	0.000631999	0.0196589	0.362424	0.253414	0.0001
24	A	T	ORF	S	NULL	0	0	0	0	0	0	0	0	0	0	0	0	0	0	0	0	0	0	0	0	0	0	0	0	0	0	0	0	0	0	0	0	0	0	0	0	0	0	0	0	0	0	0	0	0	0	0	0	0	0	0	0	0	0
25	A	T	ORF	S	NULL	0	0	0	0	0	0	0	0	0	0	0	0	0	0	0	0	0	0	0	0	0	0	0	0	0	0	0	0	0	0	0	0	0	0	0	0	0	0	0	0	0	0	0	0	0	0	0	0	0	0	0	0	0	0
26	A	T	ORF	S	NULL	0	0	0	0	0.404339	0.32815	0.0001	0.000104402	0.999988	0.197464	0.000100002	0.000100002	0.107351	0.194435	0.0014073	0.0781158	0.309328	0.000107647	0.464165	0.0001	0.565258	0.000178752	0.000106705	0.999236	0.55218	0.283144	0.000112572	0.999988	0.988235	0.000105223	0.000112572	0.0672343	0.000106203	0.0181133	0.483362	0.000100002	0.24329	0.0174107	0.154308	0.120125	0.0341166	0.00221327	0.17428	0.0001	0.000110095	0.000100002	0.000213954	0.300297	0.000106715	0.0153068	0.000214401	0.000104342	0.475168	0.0001
27	A	T	ORF	S	NULL	0	0	0	0	0	0	0	0	0	0	0	0	0	0	0	0	0	0	0	0	0	0	0	0	0	0	0	0	0	0	0	0	0	0	0	0	0	0	0	0	0	0	0	0	0	0	0	0	0	0	0	0	0	0
28	A	T	ORF	S	NULL	0	0	0	0	0	0	0	0	0	0	0	0	0	0	0	0	0	0	0	0	0	0	0	0	0	0	0	0	0	0	0	0	0	0	0	0	0	0	0	0	0	0	0	0	0	0	0	0	0	0	0	0	0	0
29	A	T	ORF	S	NULL	0	0	0	0	0	0	0	0	0	0	0	0	0	0	0	0	0	0	0	0	0	0	0	0	0	0	0	0	0	0	0	0	0	0	0	0	0	0	0	0	0	0	0	0	0	0	0	0	0	0	0	0	0	0
30	A	T	ORF	S	NULL	0	0	0	0	0	0	0	0	0	0	0	0	0	0	0	0	0	0	0	0	0	0	0	0	0	0	0	0	0	0	0	0	0	0	0	0	0	0	0	0	0	0	0	0	0	0	0	0	0	0	0	0	0	0
31	A	T	ORF	S	NULL	0	0	0	0	0	0	0	0	0	0	0	0	0	0	0	0	0	0	0	0	0	0	0	0	0	0	0	0	0	0	0	0	0	0	0	0	0	0	0	0	0	0	0	0	0	0	0	0	0	0	0	0	0	0
32	A	T	ORF	S	NULL	0	0	0	0	0	0	0	0	0	0	0	0	0	0	0	0	0	0	0	0	0	0	0	0	0	0	0	0	0	0	0	0	0	0	0	0	0	0	0	0	0	0	0	0	0	0	0	0	0	0	0	0	0	0
33	A	T	ORF	S	NULL	0	0	0	0	0	0	0	0	0	0	0	0	0	0	0	0	0	0	0	0	0	0	0	0	0	0	0	0	0	0	0	0	0	0	0	0	0	0	0	0	0	0	0	0	0	0	0	0	0	0	0	0	0	0
34	A	T	ORF	S	NULL	0	0	0	0	0	0	0	0	0	0	0	0	0	0	0	0	0	0	0	0	0	0	0	0	0	0	0	0	0	0	0	0	0	0	0	0	0	0	0	0	0	0	0	0	0	0	0	0	0	0	0	0	0	0
35	A	T	ORF	S	NULL	0	0	0	0	0.069281	0.349079	0.066134	0.000100001	0.0001	0.140378	0.000100003	0.000100003	0.69628	0.000227406	0.501494	0.0001	0.105285	0.386082	0.000100001	0.999951	0.434165	0.000279501	0.000100002	0.0001	0.308076	0.000100001	0.999141	0.0001	0.0001	0.105056	0.999141	0.341249	0.000100001	0.484093	0.0192974	0.000100003	0.0001367	0.694513	0.0162772	0.000100002	0.944136	0.155212	0.232158	0.862189	0.700113	0.000100003	0.613255	0.198155	0.270071	0.796371	0.207218	0.000100001	0.000100001	0.999951
36	A	T	ORF	S	NULL	0	0	0	0	0	0	0	0	0	0	0	0	0	0	0	0	0	0	0	0	0	0	0	0	0	0	0	0	0	0	0	0	0	0	0	0	0	0	0	0	0	0	0	0	0	0	0	0	0	0	0	0	0	0
37	A	T	ORF	S	NULL	0	0	0	0	0.0694064	0.671196	0.999399	0.446231	0.0002	0.140628	0.000200005	0.000200005	0.696448	0.124562	0.542815	0.000200001	0.105412	0.386182	0.535245	1.00005	0.434265	0.434561	0.435231	0.0002	0.308176	0.000200001	0.999241	0.0002	0.00917035	0.797223	0.999241	0.370511	0.000200001	0.484193	0.515595	0.000200005	0.000330219	0.921862	0.290443	0.000200003	0.944236	0.155369	0.376372	0.862289	0.934219	0.000200005	0.613413	0.472388	0.325148	0.98363	0.207375	0.637258	0.000200001	1.00005
38	A	T	ORF	S	NULL	0	0	0	0	0	0	0	0	0	0	0	0	0	0	0	0	0	0	0	0	0	0	0	0	0	0	0	0	0	0	0	0	0	0	0	0	0	0	0	0	0	0	0	0	0	0	0	0	0	0	0	0	0	0
39	A	T	ORF	S	NULL	0	0	0	0	0	0	0	0	0	0	0	0	0	0	0	0	0	0	0	0	0	0	0	0	0	0	0	0	0	0	0	0	0	0	0	0	0	0	0	0	0	0	0	0	0	0	0	0	0	0	0	0	0	0
40	A	T	ORF	S	NULL	0	0	0	0	0	0	0	0	0	0	0	0	0	0	0	0	0	0	0	0	0	0	0	0	0	0	0	0	0	0	0	0	0	0	0	0	0	0	0	0	0	0	0	0	0	0	0	0	0	0	0	0	0	0
41	A	T	ORF	S	NULL	0	0	0	0	0.404339	0.32815	0.0001	0.000104402	0.999988	0.197464	0.000100002	0.000100002	0.107351	0.194435	0.0014073	0.0781158	0.309328	0.000107647	0.464165	0.0001	0.565258	0.000178752	0.000106705	0.999236	0.55218	0.283144	0.000112572	0.999988	0.988235	0.000105223	0.000112572	0.0672343	0.000106203	0.0181133	0.483362	0.000100002	0.24329	0.0174107	0.154308	0.120125	0.0341166	0.00221327	0.17428	0.0001	0.000110095	0.000100002	0.000213954	0.300297	0.000106715	0.0153068	0.000214401	0.000104342	0.475168	0.0001
42	A	T	ORF	S	NULL	0	0	0	0	0	0	0	0	0	0	0	0	0	0	0	0	0	0	0	0	0	0	0	0	0	0	0	0	0	0	0	0	0	0	0	0	0	0	0	0	0	0	0	0	0	0	0	0	0	0	0	0	0	0
43	A	T	ORF	S	NULL	0	0	0	0	0	0	0	0	0	0	0	0	0	0	0	0	0	0	0	0	0	0	0	0	0	0	0	0	0	0	0	0	0	0	0	0	0	0	0	0	0	0	0	0	0	0	0	0	0	0	0	0	0	0
44	A	T	ORF	S	NULL	0	0	0	0	0	0	0	0	0	0	0	0	0	0	0	0	0	0	0	0	0	0	0	0	0	0	0	0	0	0	0	0	0	0	0	0	0	0	0	0	0	0	0	0	0	0	0	0	0	0	0	0	0	0
45	A	T	ORF	S	NULL	0	0	0	0	0	0	0	0	0	0	0	0	0	0	0	0	0	0	0	0	0	0	0	0	0	0	0	0	0	0	0	0	0	0	0	0	0	0	0	0	0	0	0	0	0	0	0	0	0	0	0	0	0	0
46	A	T	ORF	S	NULL	0	0	0	0	0	0	0	0	0	0	0	0	0	0	0	0	0	0	0	0	0	0	0	0	0	0	0	0	0	0	0	0	0	0	0	0	0	0	0	0	0	0	0	0	0	0	0	0	0	0	0	0	0	0
47	A	T	ORF	S	NULL	0	0	0	0	0	0	0	0	0	0	0	0	0	0	0	0	0	0	0	0	0	0	0	0	0	0	0	0	0	0	0	0	0	0	0	0	0	0	0	0	0	0	0	0	0	0	0	0	0	0	0	0	0	0
48	A	T	ORF	S	NULL	0	0	0	0	0	0	0	0	0	0	0	0	0	0	0	0	0	0	0	0	0	0	0	0	0	0	0	0	0	0	0	0	0	0	0	0	0	0	0	0	0	0	0	0	0	0	0	0	0	0	0	0	0	0
49	A	T	ORF	S	NULL	0	0	0	0	0	0	0	0	0	0	0	0	0	0	0	0	0	0	0	0	0	0	0	0	0	0	0	0	0	0	0	0	0	0	0	0	0	0	0	0	0	0	0	0	0	0	0	0	0	0	0	0	0	0
50	A	T	ORF	S	NULL	0	0	0	0	0.069281	0.349079	0.066134	0.000100001	0.0001	0.140378	0.000100003	0.000100003	0.69628	0.000227406	0.501494	0.0001	0.105285	0.386082	0.000100001	0.999951	0.434165	0.000279501	0.000100002	0.0001	0.308076	0.000100001	0.999141	0.0001	0.0001	0.105056	0.999141	0.341249	0.000100001	0.484093	0.0192974	0.000100003	0.0001367	0.694513	0.0162772	0.000100002	0.944136	0.155212	0.232158	0.862189	0.700113	0.000100003	0.613255	0.198155	0.270071	0.796371	0.207218	0.000100001	0.000100001	0.999951
51	A	T	ORF	S	NULL	0	0	0	0	0.000125416	0.322117	0.933265	0.446131	0.0001	0.000249964	0.000100002	0.000100002	0.00016775	0.124335	0.0413216	0.0001	0.000126729	0.0001	0.535145	0.0001	0.0001	0.434281	0.435131	0.0001	0.0001	0.0001	0.0001	0.0001	0.00907035	0.692167	0.0001	0.029262	0.0001	0.0001	0.496298	0.000100002	0.00019352	0.22735	0.274166	0.000100001	0.0001	0.000156385	0.144214	0.0001	0.234106	0.000100002	0.000157795	0.274233	0.0550772	0.187259	0.000157565	0.637158	0.0001	0.0001
52	A	T	ORF	S	NULL	0	0	0	0	0	0	0	0	0	0	0	0	0	0	0	0	0	0	0	0	0	0	0	0	0	0	0	0	0	0	0	0	0	0	0	0	0	0	0	0	0	0	0	0	0	0	0	0	0	0	0	0	0	0
53	A	T	ORF	S	NULL	0	0	0	0	0.069281	0.349079	0.066134	0.000100001	0.0001	0.140378	0.000100003	0.000100003	0.69628	0.000227406	0.501494	0.0001	0.105285	0.386082	0.000100001	0.999951	0.434165	0.000279501	0.000100002	0.0001	0.308076	0.000100001	0.999141	0.0001	0.0001	0.105056	0.999141	0.341249	0.000100001	0.484093	0.0192974	0.000100003	0.0001367	0.694513	0.0162772	0.000100002	0.944136	0.155212	0.232158	0.862189	0.700113	0.000100003	0.613255	0.198155	0.270071	0.796371	0.207218	0.000100001	0.000100001	0.999951
54	A	T	ORF	S	NULL	0	0	0	0	0	0	0	0	0	0	0	0	0	0	0	0	0	0	0	0	0	0	0	0	0	0	0	0	0	0	0	0	0	0	0	0	0	0	0	0	0	0	0	0	0	0	0	0	0	0	0	0	0	0
55	A	T	ORF	S	NULL	0	0	0	0	0	0	0	0	0	0	0	0	0	0	0	0	0	0	0	0	0	0	0	0	0	0	0	0	0	0	0	0	0	0	0	0	0	0	0	0	0	0	0	0	0	0	0	0	0	0	0	0	0	0
56	A	T	ORF	S	NULL	0	0	0	0	0	0	0	0	0	0	0	0	0	0	0	0	0	0	0	0	0	0	0	0	0	0	0	0	0	0	0	0	0	0	0	0	0	0	0	0	0	0	0	0	0	0	0	0	0	0	0	0	0	0
57	A	T	ORF	S	NULL	0	0	0	0	0.404339	0.32815	0.0001	0.000104402	0.999988	0.197464	0.000100002	0.000100002	0.107351	0.194435	0.0014073	0.0781158	0.309328	0.000107647	0.464165	0.0001	0.565258	0.000178752	0.000106705	0.999236	0.55218	0.283144	0.000112572	0.999988	0.988235	0.000105223	0.000112572	0.0672343	0.000106203	0.0181133	0.483362	0.000100002	0.24329	0.0174107	0.154308	0.120125	0.0341166	0.00221327	0.17428	0.0001	0.000110095	0.000100002	0.000213954	0.300297	0.000106715	0.0153068	0.000214401	0.000104342	0.475168	0.0001
58	A	T	ORF	S	NULL	0	0	0	0	0.381643	0.00037822	0.000318737	0.553452	0.0001	0.360005	0.000100005	0.000100005	0.195713	0.145126	0.342951	0.694475	0.171616	0.613466	0.000373755	0.0001	0.000320284	0.000597009	0.134396	0.000376574	0.000380532	0.36543	0.000386026	0.0001	0.00237682	0.202402	0.000386026	0.561767	0.664472	0.000384797	0.000623012	0.000100005	0.275781	0.000903384	0.000591092	0.000382966	0.000385686	0.240688	0.448803	0.000295054	0.0653911	0.000100005	0.297697	0.148761	0.674473	0.000631999	0.0196589	0.362424	0.253414	0.0001
59	A	T	ORF	S	NULL	0	0	0	0	0.404339	0.32815	0.0001	0.000104402	0.999988	0.197464	0.000100002	0.000100002	0.107351	0.194435	0.0014073	0.0781158	0.309328	0.000107647	0.464165	0.0001	0.565258	0.000178752	0.000106705	0.999236	0.55218	0.283144	0.000112572	0.999988	0.988235	0.000105223	0.000112572	0.0672343	0.000106203	0.0181133	0.483362	0.000100002	0.24329	0.0174107	0.154308	0.120125	0.0341166	0.00221327	0.17428	0.0001	0.000110095	0.000100002	0.000213954	0.300297	0.000106715	0.0153068	0.000214401	0.000104342	0.475168	0.0001
60	A	T	ORF	S	NULL	0	0	0	0	0	0	0	0	0	0	0	0	0	0	0	0	0	0	0	0	0	0	0	0	0	0	0	0	0	0	0	0	0	0	0	0	0	0	0	0	0	0	0	0	0	0	0	0	0	0	0	0	0	0
61	A	T	ORF	S	NULL	0	0	0	0	0.381643	0.00037822	0.000318737	0.553452	0.0001	0.360005	0.000100005	0.000100005	0.195713	0.145126	0.342951	0.694475	0.171616	0.613466	0.000373755	0.0001	0.000320284	0.000597009	0.134396	0.000376574	0.000380532	0.36543	0.000386026	0.0001	0.00237682	0.202402	0.000386026	0.561767	0.664472	0.000384797	0.000623012	0.000100005	0.275781	0.000903384	0.000591092	0.000382966	0.000385686	0.240688	0.448803	0.000295054	0.0653911	0.000100005	0.297697	0.148761	0.674473	0.000631999	0.0196589	0.362424	0.253414	0.0001
62	A	T	ORF	S	NULL	0	0	0	0	0	0	0	0	0	0	0	0	0	0	0	0	0	0	0	0	0	0	0	0	0	0	0	0	0	0	0	0	0	0	0	0	0	0	0	0	0	0	0	0	0	0	0	0	0	0	0	0	0	0
63	A	T	ORF	S	NULL	0	0	0	0	0.000125416	0.322117	0.933265	0.446131	0.0001	0.000249964	0.000100002	0.000100002	0.00016775	0.124335	0.0413216	0.0001	0.000126729	0.0001	0.535145	0.0001	0.0001	0.434281	0.435131	0.0001	0.0001	0.0001	0.0001	0.0001	0.00907035	0.692167	0.0001	0.029262	0.0001	0.0001	0.496298	0.000100002	0.00019352	0.22735	0.274166	0.000100001	0.0001	0.000156385	0.144214	0.0001	0.234106	0.000100002	0.000157795	0.274233	0.0550772	0.187259	0.000157565	0.637158	0.0001	0.0001
64	A	T	ORF	S	NULL	0	0	0	0	0	0	0	0	0	0	0	0	0	0	0	0	0	0	0	0	0	0	0	0	0	0	0	0	0	0	0	0	0	0	0	0	0	0	0	0	0	0	0	0	0	0	0	0	0	0	0	0	0	0
65	A	T	ORF	S	NULL	0	0	0	0	0	0	0	0	0	0	0	0	0	0	0	0	0	0	0	0	0	0	0	0	0	0	0	0	0	0	0	0	0	0	0	0	0	0	0	0	0	0	0	0	0	0	0	0	0	0	0	0	0	0
66	A	T	ORF	S	NULL	0	0	0	0	0	0	0	0	0	0	0	0	0	0	0	0	0	0	0	0	0	0	0	0	0	0	0	0	0	0	0	0	0	0	0	0	0	0	0	0	0	0	0	0	0	0	0	0	0	0	0	0	0	0
67	A	T	ORF	S	NULL	0	0	0	0	0	0	0	0	0	0	0	0	0	0	0	0	0	0	0	0	0	0	0	0	0	0	0	0	0	0	0	0	0	0	0	0	0	0	0	0	0	0	0	0	0	0	0	0	0	0	0	0	0	0
68	A	T	ORF	S	NULL	0	0	0	0	0	0	0	0	0	0	0	0	0	0	0	0	0	0	0	0	0	0	0	0	0	0	0	0	0	0	0	0	0	0	0	0	0	0	0	0	0	0	0	0	0	0	0	0	0	0	0	0	0	0
69	A	T	ORF	S	NULL	0	0	0	0	0.000125416	0.322117	0.933265	0.446131	0.0001	0.000249964	0.000100002	0.000100002	0.00016775	0.124335	0.0413216	0.0001	0.000126729	0.0001	0.535145	0.0001	0.0001	0.434281	0.435131	0.0001	0.0001	0.0001	0.0001	0.0001	0.00907035	0.692167	0.0001	0.029262	0.0001	0.0001	0.496298	0.000100002	0.00019352	0.22735	0.274166	0.000100001	0.0001	0.000156385	0.144214	0.0001	0.234106	0.000100002	0.000157795	0.274233	0.0550772	0.187259	0.000157565	0.637158	0.0001	0.0001
70	A	T	ORF	S	NULL	0	0	0	0	0	0	0	0	0	0	0	0	0	0	0	0	0	0	0	0	0	0	0	0	0	0	0	0	0	0	0	0	0	0	0	0	0	0	0	0	0	0	0	0	0	0	0	0	0	0	0	0	0	0
71	A	T	ORF	S	NULL	0	0	0	0	0	0	0	0	0	0	0	0	0	0	0	0	0	0	0	0	0	0	0	0	0	0	0	0	0	0	0	0	0	0	0	0	0	0	0	0	0	0	0	0	0	0	0	0	0	0	0	0	0	0
72	A	T	ORF	S	NULL	0	0	0	0	0	0	0	0	0	0	0	0	0	0	0	0	0	0	0	0	0	0	0	0	0	0	0	0	0	0	0	0	0	0	0	0	0	0	0	0	0	0	0	0	0	0	0	0	0	0	0	0	0	0
73	A	T	ORF	S	NULL	0	0	0	0	0.47362	0.67723	0.066234	0.000204403	1.00009	0.337842	0.000200005	0.000200005	0.803631	0.194663	0.502901	0.0782158	0.414613	0.386189	0.464265	1.00005	0.999423	0.000458253	0.000206706	0.999336	0.860256	0.283244	0.999254	1.00009	0.988335	0.105161	0.999254	0.408484	0.000206204	0.502206	0.50266	0.000200005	0.243427	0.711924	0.170585	0.120225	0.978253	0.157426	0.406438	0.862289	0.700223	0.000200005	0.613469	0.498452	0.270177	0.811678	0.207432	0.000204343	0.475268	1.00005
74	A	T	ORF	S	NULL	0	0	0	0	0.000125416	0.322117	0.933265	0.446131	0.0001	0.000249964	0.000100002	0.000100002	0.00016775	0.124335	0.0413216	0.0001	0.000126729	0.0001	0.535145	0.0001	0.0001	0.434281	0.435131	0.0001	0.0001	0.0001	0.0001	0.0001	0.00907035	0.692167	0.0001	0.029262	0.0001	0.0001	0.496298	0.000100002	0.00019352	0.22735	0.274166	0.000100001	0.0001	0.000156385	0.144214	0.0001	0.234106	0.000100002	0.000157795	0.274233	0.0550772	0.187259	0.000157565	0.637158	0.0001	0.0001
75	A	T	ORF	S	NULL	0	0	0	0	0	0	0	0	0	0	0	0	0	0	0	0	0	0	0	0	0	0	0	0	0	0	0	0	0	0	0	0	0	0	0	0	0	0	0	0	0	0	0	0	0	0	0	0	0	0	0	0	0	0
76	A	T	ORF	S	NULL	0	0	0	0	0	0	0	0	0	0	0	0	0	0	0	0	0	0	0	0	0	0	0	0	0	0	0	0	0	0	0	0	0	0	0	0	0	0	0	0	0	0	0	0	0	0	0	0	0	0	0	0	0	0
77	A	T	ORF	S	NULL	0	0	0	0	0	0	0	0	0	0	0	0	0	0	0	0	0	0	0	0	0	0	0	0	0	0	0	0	0	0	0	0	0	0	0	0	0	0	0	0	0	0	0	0	0	0	0	0	0	0	0	0	0	0
78	A	T	ORF	S	NULL	0	0	0	0	0	0	0	0	0	0	0	0	0	0	0	0	0	0	0	0	0	0	0	0	0	0	0	0	0	0	0	0	0	0	0	0	0	0	0	0	0	0	0	0	0	0	0	0	0	0	0	0	0	0
79	A	T	ORF	S	NULL	0	0	0	0	0.000125416	0.322117	0.933265	0.446131	0.0001	0.000249964	0.000100002	0.000100002	0.00016775	0.124335	0.0413216	0.0001	0.000126729	0.0001	0.535145	0.0001	0.0001	0.434281	0.435131	0.0001	0.0001	0.0001	0.0001	0.0001	0.00907035	0.692167	0.0001	0.029262	0.0001	0.0001	0.496298	0.000100002	0.00019352	0.22735	0.274166	0.000100001	0.0001	0.000156385	0.144214	0.0001	0.234106	0.000100002	0.000157795	0.274233	0.0550772	0.187259	0.000157565	0.637158	0.0001	0.0001
80	A	T	ORF	S	NULL	0	0	0	0	0	0	0	0	0	0	0	0	0	0	0	0	0	0	0	0	0	0	0	0	0	0	0	0	0	0	0	0	0	0	0	0	0	0	0	0	0	0	0	0	0	0	0	0	0	0	0	0	0	0
81	A	T	ORF	S	NULL	0	0	0	0	0	0	0	0	0	0	0	0	0	0	0	0	0	0	0	0	0	0	0	0	0	0	0	0	0	0	0	0	0	0	0	0	0	0	0	0	0	0	0	0	0	0	0	0	0	0	0	0	0	0
82	A	T	ORF	S	NULL	0	0	0	0	0.213893	0.349355	0.0663438	0.000367714	0.0002	0.442281	1.00007	1.00007	0.696769	0.536104	0.61432	0.227395	0.518929	0.386356	0.000369711	1.00005	0.434379	0.564943	0.430419	0.000371986	0.447368	0.351411	0.999426	0.0002	0.000371966	0.105325	0.999426	0.341736	0.335408	0.981428	0.0197168	1.00007	0.480735	0.754336	0.570936	0.879473	0.965423	0.756942	0.232702	0.999603	0.700393	1.00007	0.701932	0.276709	0.270343	0.796802	0.979969	0.000367708	0.271402	1.00005
83	A	T	ORF	S	NULL	0	0	0	0	0.381643	0.00037822	0.000318737	0.553452	0.0001	0.360005	0.000100005	0.000100005	0.195713	0.145126	0.342951	0.694475	0.171616	0.613466	0.000373755	0.0001	0.000320284	0.000597009	0.134396	0.000376574	0.000380532	0.36543	0.000386026	0.0001	0.00237682	0.202402	0.000386026	0.561767	0.664472	0.000384797	0.000623012	0.000100005	0.275781	0.000903384	0.000591092	0.000382966	0.000385686	0.240688	0.448803	0.000295054	0.0653911	0.000100005	0.297697	0.148761	0.674473	0.000631999	0.0196589	0.362424	0.253414	0.0001
84	A	T	ORF	S	NULL	0	0	0	0	0	0	0	0	0	0	0	0	0	0	0	0	0	0	0	0	0	0	0	0	0	0	0	0	0	0	0	0	0	0	0	0	0	0	0	0	0	0	0	0	0	0	0	0	0	0	0	0	0	0
85	A	T	ORF	S	NULL	0	0	0	0	0.404339	0.32815	0.0001	0.000104402	0.999988	0.197464	0.000100002	0.000100002	0.107351	0.194435	0.0014073	0.0781158	0.309328	0.000107647	0.464165	0.0001	0.565258	0.000178752	0.000106705	0.999236	0.55218	0.283144	0.000112572	0.999988	0.988235	0.000105223	0.000112572	0.0672343	0.000106203	0.0181133	0.483362	0.000100002	0.24329	0.0174107	0.154308	0.120125	0.0341166	0.00221327	0.17428	0.0001	0.000110095	0.000100002	0.000213954	0.300297	0.000106715	0.0153068	0.000214401	0.000104342	0.475168	0.0001
86	A	T	ORF	S	NULL	0	0	0	0	0	0	0	0	0	0	0	0	0	0	0	0	0	0	0	0	0	0	0	0	0	0	0	0	0	0	0	0	0	0	0	0	0	0	0	0	0	0	0	0	0	0	0	0	0	0	0	0	0	0
87	A	T	ORF	S	NULL	0	0	0	0	0.144612	0.000275203	0.000209796	0.000267713	0.0001	0.301903	0.999965	0.999965	0.000488523	0.535877	0.112826	0.227295	0.413644	0.000274405	0.00026971	0.0001	0.000213826	0.564664	0.430319	0.000271986	0.139292	0.351311	0.000284991	0.0001	0.000271966	0.000269572	0.000284991	0.000486964	0.335308	0.497336	0.000419354	0.999965	0.480598	0.0598235	0.554659	0.879373	0.0212867	0.60173	0.00054463	0.137414	0.000279852	0.999965	0.0886763	0.0785539	0.000272424	0.000430772	0.772751	0.000267707	0.271302	0.0001
88	A	T	ORF	S	NULL	0	0	0	0	0	0	0	0	0	0	0	0	0	0	0	0	0	0	0	0	0	0	0	0	0	0	0	0	0	0	0	0	0	0	0	0	0	0	0	0	0	0	0	0	0	0	0	0	0	0	0	0	0	0
89	A	T	ORF	S	NULL	0	0	0	0	0.404339	0.32815	0.0001	0.000104402	0.999988	0.197464	0.000100002	0.000100002	0.107351	0.194435	0.0014073	0.0781158	0.309328	0.000107647	0.464165	0.0001	0.565258	0.000178752	0.000106705	0.999236	0.55218	0.283144	0.000112572	0.999988	0.988235	0.000105223	0.000112572	0.0672343	0.000106203	0.0181133	0.483362	0.000100002	0.24329	0.0174107	0.154308	0.120125	0.0341166	0.00221327	0.17428	0.0001	0.000110095	0.000100002	0.000213954	0.300297	0.000106715	0.0153068	0.000214401	0.000104342	0.475168	0.0001
90	A	T	ORF	S	NULL	0	0	0	0	0.069281	0.349079	0.066134	0.000100001	0.0001	0.140378	0.000100003	0.000100003	0.69628	0.000227406	0.501494	0.0001	0.105285	0.386082	0.000100001	0.999951	0.434165	0.000279501	0.000100002	0.0001	0.308076	0.000100001	0.999141	0.0001	0.0001	0.105056	0.999141	0.341249	0.000100001	0.484093	0.0192974	0.000100003	0.0001367	0.694513	0.0162772	0.000100002	0.944136	0.155212	0.232158	0.862189	0.700113	0.000100003	0.613255	0.198155	0.270071	0.796371	0.207218	0.000100001	0.000100001	0.999951
91	A	T	ORF	S	NULL	0	0	0	0	0.000125416	0.322117	0.933265	0.446131	0.0001	0.000249964	0.000100002	0.000100002	0.00016775	0.124335	0.0413216	0.0001	0.000126729	0.0001	0.535145	0.0001	0.0001	0.434281	0.435131	0.0001	0.0001	0.0001	0.0001	0.0001	0.00907035	0.692167	0.0001	0.029262	0.0001	0.0001	0.496298	0.000100002	0.00019352	0.22735	0.274166	0.000100001	0.0001	0.000156385	0.144214	0.0001	0.234106	0.000100002	0.000157795	0.274233	0.0550772	0.187259	0.000157565	0.637158	0.0001	0.0001
92	A	T	ORF	S	NULL	0	0	0	0	0.144612	0.000275203	0.000209796	0.000267713	0.0001	0.301903	0.999965	0.999965	0.000488523	0.535877	0.112826	0.227295	0.413644	0.000274405	0.00026971	0.0001	0.000213826	0.564664	0.430319	0.000271986	0.139292	0.351311	0.000284991	0.0001	0.000271966	0.000269572	0.000284991	0.000486964	0.335308	0.497336	0.000419354	0.999965	0.480598	0.0598235	0.554659	0.879373	0.0212867	0.60173	0.00054463	0.137414	0.000279852	0.999965	0.0886763	0.0785539	0.000272424	0.000430772	0.772751	0.000267707	0.271302	0.0001
93	A	T	ORF	S	NULL	0	0	0	0	0	0	0	0	0	0	0	0	0	0	0	0	0	0	0	0	0	0	0	0	0	0	0	0	0	0	0	0	0	0	0	0	0	0	0	0	0	0	0	0	0	0	0	0	0	0	0	0	0	0
94	A	T	ORF	S	NULL	0	0	0	0	0	0	0	0	0	0	0	0	0	0	0	0	0	0	0	0	0	0	0	0	0	0	0	0	0	0	0	0	0	0	0	0	0	0	0	0	0	0	0	0	0	0	0	0	0	0	0	0	0	0
95	A	T	ORF	S	NULL	0	0	0	0	0	0	0	0	0	0	0	0	0	0	0	0	0	0	0	0	0	0	0	0	0	0	0	0	0	0	0	0	0	0	0	0	0	0	0	0	0	0	0	0	0	0	0	0	0	0	0	0	0	0
96	A	T	ORF	S	NULL	0	0	0	0	0.000125416	0.322117	0.933265	0.446131	0.0001	0.000249964	0.000100002	0.000100002	0.00016775	0.124335	0.0413216	0.0001	0.000126729	0.0001	0.535145	0.0001	0.0001	0.434281	0.435131	0.0001	0.0001	0.0001	0.0001	0.0001	0.00907035	0.692167	0.0001	0.029262	0.0001	0.0001	0.496298	0.000100002	0.00019352	0.22735	0.274166	0.000100001	0.0001	0.000156385	0.144214	0.0001	0.234106	0.000100002	0.000157795	0.274233	0.0550772	0.187259	0.000157565	0.637158	0.0001	0.0001
97	A	T	ORF	S	NULL	0	0	0	0	0	0	0	0	0	0	0	0	0	0	0	0	0	0	0	0	0	0	0	0	0	0	0	0	0	0	0	0	0	0	0	0	0	0	0	0	0	0	0	0	0	0	0	0	0	0	0	0	0	0
98	A	T	ORF	S	NULL	0	0	0	0	0.069281	0.349079	0.066134	0.000100001	0.0001	0.140378	0.000100003	0.000100003	0.69628	0.000227406	0.501494	0.0001	0.105285	0.386082	0.000100001	0.999951	0.434165	0.000279501	0.000100002	0.0001	0.308076	0.000100001	0.999141	0.0001	0.0001	0.105056	0.999141	0.341249	0.000100001	0.484093	0.0192974	0.000100003	0.0001367	0.694513	0.0162772	0.000100002	0.944136	0.155212	0.232158	0.862189	0.700113	0.000100003	0.613255	0.198155	0.270071	0.796371	0.207218	0.000100001	0.000100001	0.999951
99	A	T	ORF	S	NULL	0	0	0	0	0	0	0	0	0	0	0	0	0	0	0	0	0	0	0	0	0	0	0	0	0	0	0	0	0	0	0	0	0	0	0	0	0	0	0	0	0	0	0	0	0	0	0	0	0	0	0	0	0	0
100	A	T	ORF	S	NULL	0	0	0	0	0.000125416	0.322117	0.933265	0.446131	0.0001	0.000249964	0.000100002	0.000100002	0.00016775	0.124335	0.0413216	0.0001	0.000126729	0.0001	0.535145	0.0001	0.0001	0.434281	0.435131	0.0001	0.0001	0.0001	0.0001	0.0001	0.00907035	0.692167	0.0001	0.029262	0.0001	0.0001	0.496298	0.000100002	0.00019352	0.22735	0.274166	0.000100001	0.0001	0.000156385	0.144214	0.0001	0.234106	0.000100002	0.000157795	0.274233	0.0550772	0.187259	0.000157565	0.637158	0.0001	0.0001
