pos	ref	alt	gene	N/S	AA	nSRAsubclonal	nSRAclonal	nSRA	nConsensus	sample0|Earth	sample1|Earth	sample2|Earth	sample3|Earth	sample4|Earth	sample5|Earth	sample6|Earth	sample7|Earth	sample8|Earth	sample9|Earth	sample10|Earth	sample11|Earth	sample12|Earth	sample13|Earth	sample14|Earth	sample15|Earth	sample16|Earth	sample17|Earth	sample18|Earth	sample19|Earth	sample20|Earth	sample21|Earth	sample22|Earth	sample23|Earth	sample24|Earth	sample25|Earth	sample26|Earth	sample27|Earth	sample28|Earth	sample29|Earth	sample30|Earth	sample31|Earth	sample32|Earth	sample33|Earth	sample34|Earth	sample35|Earth	sample36|Earth	sample37|Earth	sample38|Earth	sample39|Earth	sample40|Earth	sample41|Earth	sample42|Earth	sample43|Earth	sample44|Earth	sample45|Earth	sample46|Earth	sample47|Earth	sample48|Earth	sample49|Earth
1	A	T	ORF	S	NULL	0	0	0	0	0	0	0	0	0	0	0	0	0	0	0	0	0	0	0	0	0	0	0	0	0	0	0	0	0	0	0	0	0	0	0	0	0	0	0	0	0	0	0	0	0	0	0	0	0	0	0	0	0	0
2	A	T	ORF	S	NULL	0	0	0	0	0.0001	0.0001	0.0001	0.0001	0.0001	0.0001	0.0001	0.331765	0.0001	0.00342316	0.837975	0.0001	0.270924	0.0001	0.0001	0.360945	0.0001	0.0001	0.143926	0.0001	0.0868581	0.0001	0.189118	0.0001	0.0001	0.0001	0.0001	0.999971	0.0001	0.704963	0.804972	0.000611255	0.0001	0.000100001	0.0001	0.67712	0.0001	0.162915	0.0001	0.0001	0.67296	0.0001	0.0819073	0.0001	0.0001	0.0001	0.0001	0.0001	0.626956	0.0001
3	A	T	ORF	S	NULL	0	0	0	0	0.0001	0.905257	0.0001	0.0001	0.524063	0.0001	0.999947	0.0001	0.0001	0.013279	0.16092	0.0001	0.523966	0.0001	0.0137127	0.236939	0.999947	0.712327	0.410961	0.0001	0.0001	0.0001	0.00745555	0.0430895	0.000100002	0.0001	0.0001	0.0001	0.0105261	0.0001	0.193924	0.0025685	0.0001	0.0001	0.0001	0.0001	0.0001	0.00466862	0.000100001	0.0001	0.00530535	0.0001	0.180955	0.0001	0.0001	0.0001	0.0386128	0.00567353	0.0001	0.00814539
4	A	T	ORF	S	NULL	0	0	0	0	0.588973	0.0001	0.318933	0.0001	0.0001	0.0001	0.0001	0.000100001	0.0001	0.0001	0.0001	0.0001	0.0001	0.0001	0.0001	0.0001	0.0001	0.185049	0.0001	0.577974	0.475089	0.740116	0.0001	0.000100004	0.000100007	0.000100003	0.000100002	0.0001	0.540582	0.0001	0.0001	0.0001	0.0001	0.0001	0.0001	0.0001	0.964	0.0281041	0.000100006	0.697972	0.0001	0.0239152	0.46396	0.000100002	0.0710472	0.811984	0.0001	0.782113	0.0001	0.000100006
5	A	T	ORF	S	NULL	0	0	0	0	0.0001	0.905257	0.0001	0.0001	0.524063	0.0001	0.999947	0.0001	0.0001	0.013279	0.16092	0.0001	0.523966	0.0001	0.0137127	0.236939	0.999947	0.712327	0.410961	0.0001	0.0001	0.0001	0.00745555	0.0430895	0.000100002	0.0001	0.0001	0.0001	0.0105261	0.0001	0.193924	0.0025685	0.0001	0.0001	0.0001	0.0001	0.0001	0.00466862	0.000100001	0.0001	0.00530535	0.0001	0.180955	0.0001	0.0001	0.0001	0.0386128	0.00567353	0.0001	0.00814539
6	A	T	ORF	S	NULL	0	0	0	0	0.0001	0.0001	0.0001	0.0001	0.0001	0.0001	0.0001	0.331765	0.0001	0.00342316	0.837975	0.0001	0.270924	0.0001	0.0001	0.360945	0.0001	0.0001	0.143926	0.0001	0.0868581	0.0001	0.189118	0.0001	0.0001	0.0001	0.0001	0.999971	0.0001	0.704963	0.804972	0.000611255	0.0001	0.000100001	0.0001	0.67712	0.0001	0.162915	0.0001	0.0001	0.67296	0.0001	0.0819073	0.0001	0.0001	0.0001	0.0001	0.0001	0.626956	0.0001
7	A	T	ORF	S	NULL	0	0	0	0	0.0001	0.0941237	0.679972	0.0001	0.0119865	0.850991	0.0001	0.00608252	0.284173	0.421559	0.0001	0.37294	0.0001	0.999846	0.6543	0.0001	0.0001	0.101101	0.0001	0.0001	0.0525216	0.0001	0.00658991	0.0001	0.0001	0.0001	0.0001	0.0001	0.0316046	0.0001	0.0001	0.00226256	0.0929961	0.0001	0.47295	0.0276859	0.00716968	0.688422	0.0001	0.0001	0.00468388	0.0329017	0.270946	0.103777	0.0833647	0.18692	0.0341658	0.00481259	0.0001	0.00704883
8	A	T	ORF	S	NULL	0	0	0	0	0	0	0	0	0	0	0	0	0	0	0	0	0	0	0	0	0	0	0	0	0	0	0	0	0	0	0	0	0	0	0	0	0	0	0	0	0	0	0	0	0	0	0	0	0	0	0	0	0	0
9	A	T	ORF	S	NULL	0	0	0	0	0	0	0	0	0	0	0	0	0	0	0	0	0	0	0	0	0	0	0	0	0	0	0	0	0	0	0	0	0	0	0	0	0	0	0	0	0	0	0	0	0	0	0	0	0	0	0	0	0	0
10	A	T	ORF	S	NULL	0	0	0	0	0	0	0	0	0	0	0	0	0	0	0	0	0	0	0	0	0	0	0	0	0	0	0	0	0	0	0	0	0	0	0	0	0	0	0	0	0	0	0	0	0	0	0	0	0	0	0	0	0	0
11	A	T	ORF	S	NULL	0	0	0	0	0	0	0	0	0	0	0	0	0	0	0	0	0	0	0	0	0	0	0	0	0	0	0	0	0	0	0	0	0	0	0	0	0	0	0	0	0	0	0	0	0	0	0	0	0	0	0	0	0	0
12	A	T	ORF	S	NULL	0	0	0	0	0	0	0	0	0	0	0	0	0	0	0	0	0	0	0	0	0	0	0	0	0	0	0	0	0	0	0	0	0	0	0	0	0	0	0	0	0	0	0	0	0	0	0	0	0	0	0	0	0	0
13	A	T	ORF	S	NULL	0	0	0	0	0	0	0	0	0	0	0	0	0	0	0	0	0	0	0	0	0	0	0	0	0	0	0	0	0	0	0	0	0	0	0	0	0	0	0	0	0	0	0	0	0	0	0	0	0	0	0	0	0	0
14	A	T	ORF	S	NULL	0	0	0	0	0.170915	0.0001	0.0001	0.999936	0.463042	0.0001	0.0001	0.000823315	0.0280689	0.232395	0.0001	0.0001	0.0001	0.0001	0.0001	0.400954	0.0001	0.0001	0.403953	0.23292	0.00524536	0.0001	0.624021	0.196009	0.000100014	0.352931	0.599953	0.0001	0.00522244	0.0001	0.0001	0.804477	0.0139423	0.00890066	0.0001	0.00420062	0.00101058	0.0001	0.000100011	0.0001	0.0001	0.0001	0.0001	0.0155665	0.00418324	0.0001	0.0001	0.000100001	0.0001	0.000100011
15	A	T	ORF	S	NULL	0	0	0	0	0.0001	0.0001	0.0001	0.0001	0.0001	0.0001	0.0001	0.0149608	0.433179	0.147068	0.0001	0.0001	0.0001	0.0001	0.168478	0.0001	0.0001	0.0001	0.0001	0.0001	0.0891853	0.0001	0.0842129	0.0001	0.0001	0.0001	0.0001	0.0001	0.0656513	0.0001	0.0001	0.0294976	0.215595	0.0001	0.0001	0.0642745	0.0167257	0.0574695	0.0001	0.0001	0.0655148	0.0001	0.0001	0.240574	0.249819	0.0001	0.471844	0.0678624	0.0001	0.0985413
16	A	T	ORF	S	NULL	0	0	0	0	0	0	0	0	0	0	0	0	0	0	0	0	0	0	0	0	0	0	0	0	0	0	0	0	0	0	0	0	0	0	0	0	0	0	0	0	0	0	0	0	0	0	0	0	0	0	0	0	0	0
17	A	T	ORF	S	NULL	0	0	0	0	0.170915	0.0001	0.0001	0.999936	0.463042	0.0001	0.0001	0.000823315	0.0280689	0.232395	0.0001	0.0001	0.0001	0.0001	0.0001	0.400954	0.0001	0.0001	0.403953	0.23292	0.00524536	0.0001	0.624021	0.196009	0.000100014	0.352931	0.599953	0.0001	0.00522244	0.0001	0.0001	0.804477	0.0139423	0.00890066	0.0001	0.00420062	0.00101058	0.0001	0.000100011	0.0001	0.0001	0.0001	0.0001	0.0155665	0.00418324	0.0001	0.0001	0.000100001	0.0001	0.000100011
18	A	T	ORF	S	NULL	0	0	0	0	0.0001	0.0941237	0.679972	0.0001	0.0119865	0.850991	0.0001	0.00608252	0.284173	0.421559	0.0001	0.37294	0.0001	0.999846	0.6543	0.0001	0.0001	0.101101	0.0001	0.0001	0.0525216	0.0001	0.00658991	0.0001	0.0001	0.0001	0.0001	0.0001	0.0316046	0.0001	0.0001	0.00226256	0.0929961	0.0001	0.47295	0.0276859	0.00716968	0.688422	0.0001	0.0001	0.00468388	0.0329017	0.270946	0.103777	0.0833647	0.18692	0.0341658	0.00481259	0.0001	0.00704883
19	A	T	ORF	S	NULL	0	0	0	0	0	0	0	0	0	0	0	0	0	0	0	0	0	0	0	0	0	0	0	0	0	0	0	0	0	0	0	0	0	0	0	0	0	0	0	0	0	0	0	0	0	0	0	0	0	0	0	0	0	0
20	A	T	ORF	S	NULL	0	0	0	0	0.0002	0.0942237	0.680072	0.0002	0.0120865	0.851091	0.0002	0.0210433	0.717353	0.568626	0.0002	0.37304	0.0002	0.999946	0.822778	0.0002	0.0002	0.101201	0.0002	0.0002	0.141707	0.0002	0.0908028	0.0002	0.0002	0.0002	0.0002	0.0002	0.0972558	0.0002	0.0002	0.0317601	0.308591	0.0002	0.47305	0.0919603	0.0238954	0.745891	0.0002	0.0002	0.0701987	0.0330017	0.271046	0.344351	0.333184	0.18702	0.50601	0.072675	0.0002	0.10559
21	A	T	ORF	S	NULL	0	0	0	0	0	0	0	0	0	0	0	0	0	0	0	0	0	0	0	0	0	0	0	0	0	0	0	0	0	0	0	0	0	0	0	0	0	0	0	0	0	0	0	0	0	0	0	0	0	0	0	0	0	0
22	A	T	ORF	S	NULL	0	0	0	0	0.0001	0.0001	0.0001	0.0001	0.0001	0.0001	0.0001	0.0799164	0.0001	0.0269462	0.0001	0.0001	0.0001	0.0001	0.000100001	0.0001	0.0001	0.0001	0.0001	0.0859215	0.122028	0.0001	0.0001	0.57707	0.999931	0.418928	0.398927	0.0001	0.0019251	0.0001	0.0001	0.0001	0.0001	0.0001	0.0001	0.0001	0.0001	0.0001	0.763951	0.0001	0.0001	0.0001	0.0001	0.183922	0.172029	0.0001	0.000100003	0.0711868	0.0001	0.788758
23	A	T	ORF	S	NULL	0	0	0	0	0.828029	0.0003	0.319133	0.0003	0.0003	0.103112	0.0003	0.203953	0.0003	0.0274599	0.0003	0.0003	0.203124	0.0003	0.000300001	0.0003	0.0003	0.185249	0.0003	0.663995	0.597256	0.999389	0.0003	0.57727	1.00013	0.419128	0.399127	0.0003	0.840335	0.043105	0.0003	0.101112	0.550165	0.990217	0.0003	0.186122	0.9642	0.0283291	0.764151	0.698172	0.186122	0.966048	0.46416	0.497981	0.281217	0.812184	0.000300003	0.853654	0.0003	0.78908
24	A	T	ORF	S	NULL	0	0	0	0	0	0	0	0	0	0	0	0	0	0	0	0	0	0	0	0	0	0	0	0	0	0	0	0	0	0	0	0	0	0	0	0	0	0	0	0	0	0	0	0	0	0	0	0	0	0	0	0	0	0
25	A	T	ORF	S	NULL	0	0	0	0	0	0	0	0	0	0	0	0	0	0	0	0	0	0	0	0	0	0	0	0	0	0	0	0	0	0	0	0	0	0	0	0	0	0	0	0	0	0	0	0	0	0	0	0	0	0	0	0	0	0
26	A	T	ORF	S	NULL	0	0	0	0	0.0001	0.0001	0.0001	0.0001	0.0001	0.0001	0.0001	0.0149608	0.433179	0.147068	0.0001	0.0001	0.0001	0.0001	0.168478	0.0001	0.0001	0.0001	0.0001	0.0001	0.0891853	0.0001	0.0842129	0.0001	0.0001	0.0001	0.0001	0.0001	0.0656513	0.0001	0.0001	0.0294976	0.215595	0.0001	0.0001	0.0642745	0.0167257	0.0574695	0.0001	0.0001	0.0655148	0.0001	0.0001	0.240574	0.249819	0.0001	0.471844	0.0678624	0.0001	0.0985413
27	A	T	ORF	S	NULL	0	0	0	0	0	0	0	0	0	0	0	0	0	0	0	0	0	0	0	0	0	0	0	0	0	0	0	0	0	0	0	0	0	0	0	0	0	0	0	0	0	0	0	0	0	0	0	0	0	0	0	0	0	0
28	A	T	ORF	S	NULL	0	0	0	0	0	0	0	0	0	0	0	0	0	0	0	0	0	0	0	0	0	0	0	0	0	0	0	0	0	0	0	0	0	0	0	0	0	0	0	0	0	0	0	0	0	0	0	0	0	0	0	0	0	0
29	A	T	ORF	S	NULL	0	0	0	0	0.0001	0.0001	0.0001	0.0001	0.0001	0.0001	0.0001	0.0799164	0.0001	0.0269462	0.0001	0.0001	0.0001	0.0001	0.000100001	0.0001	0.0001	0.0001	0.0001	0.0859215	0.122028	0.0001	0.0001	0.57707	0.999931	0.418928	0.398927	0.0001	0.0019251	0.0001	0.0001	0.0001	0.0001	0.0001	0.0001	0.0001	0.0001	0.0001	0.763951	0.0001	0.0001	0.0001	0.0001	0.183922	0.172029	0.0001	0.000100003	0.0711868	0.0001	0.788758
30	A	T	ORF	S	NULL	0	0	0	0	0.0001	0.0001	0.0001	0.0001	0.0001	0.0001	0.0001	0.0149608	0.433179	0.147068	0.0001	0.0001	0.0001	0.0001	0.168478	0.0001	0.0001	0.0001	0.0001	0.0001	0.0891853	0.0001	0.0842129	0.0001	0.0001	0.0001	0.0001	0.0001	0.0656513	0.0001	0.0001	0.0294976	0.215595	0.0001	0.0001	0.0642745	0.0167257	0.0574695	0.0001	0.0001	0.0655148	0.0001	0.0001	0.240574	0.249819	0.0001	0.471844	0.0678624	0.0001	0.0985413
31	A	T	ORF	S	NULL	0	0	0	0	0.0001	0.0941237	0.679972	0.0001	0.0119865	0.850991	0.0001	0.00608252	0.284173	0.421559	0.0001	0.37294	0.0001	0.999846	0.6543	0.0001	0.0001	0.101101	0.0001	0.0001	0.0525216	0.0001	0.00658991	0.0001	0.0001	0.0001	0.0001	0.0001	0.0316046	0.0001	0.0001	0.00226256	0.0929961	0.0001	0.47295	0.0276859	0.00716968	0.688422	0.0001	0.0001	0.00468388	0.0329017	0.270946	0.103777	0.0833647	0.18692	0.0341658	0.00481259	0.0001	0.00704883
32	A	T	ORF	S	NULL	0	0	0	0	0	0	0	0	0	0	0	0	0	0	0	0	0	0	0	0	0	0	0	0	0	0	0	0	0	0	0	0	0	0	0	0	0	0	0	0	0	0	0	0	0	0	0	0	0	0	0	0	0	0
33	A	T	ORF	S	NULL	0	0	0	0	0	0	0	0	0	0	0	0	0	0	0	0	0	0	0	0	0	0	0	0	0	0	0	0	0	0	0	0	0	0	0	0	0	0	0	0	0	0	0	0	0	0	0	0	0	0	0	0	0	0
34	A	T	ORF	S	NULL	0	0	0	0	0.0002	0.0002	0.0002	0.0002	0.0002	0.0450034	0.0002	0.439417	0.433279	0.227959	0.0002	0.626053	0.0002	0.0002	0.262668	0.0002	0.0002	0.0002	0.0390032	0.102009	0.162502	0.0002	0.130521	0.181015	0.000200001	0.227019	0.0002	0.0002	0.0657513	0.251021	0.0002	0.0731562	0.215695	0.0002	0.526044	0.0643745	0.0168257	0.0896443	0.23502	0.301025	0.102169	0.0002	0.0002	0.240674	0.401336	0.0002	0.735904	0.105843	0.372031	0.153688
35	A	T	ORF	S	NULL	0	0	0	0	0.170915	0.0001	0.0001	0.999936	0.463042	0.0001	0.0001	0.000823315	0.0280689	0.232395	0.0001	0.0001	0.0001	0.0001	0.0001	0.400954	0.0001	0.0001	0.403953	0.23292	0.00524536	0.0001	0.624021	0.196009	0.000100014	0.352931	0.599953	0.0001	0.00522244	0.0001	0.0001	0.804477	0.0139423	0.00890066	0.0001	0.00420062	0.00101058	0.0001	0.000100011	0.0001	0.0001	0.0001	0.0001	0.0155665	0.00418324	0.0001	0.0001	0.000100001	0.0001	0.000100011
36	A	T	ORF	S	NULL	0	0	0	0	0	0	0	0	0	0	0	0	0	0	0	0	0	0	0	0	0	0	0	0	0	0	0	0	0	0	0	0	0	0	0	0	0	0	0	0	0	0	0	0	0	0	0	0	0	0	0	0	0	0
37	A	T	ORF	S	NULL	0	0	0	0	0.171115	0.99948	0.680172	1.00014	0.999091	0.851191	1.00015	0.00700583	0.312342	0.667233	0.16112	0.37314	0.524166	1.00005	0.668113	0.637993	1.00015	0.813528	0.815014	0.23312	0.0578669	0.0003	0.638066	0.239198	0.000300016	0.353131	0.600153	0.0003	0.0473531	0.0003	0.194124	0.809308	0.107038	0.00910066	0.47315	0.0319865	0.00828027	0.693191	0.000300012	0.0003	0.0100892	0.0331017	0.452	0.119443	0.087648	0.18712	0.0728787	0.0105861	0.0003	0.0152942
38	A	T	ORF	S	NULL	0	0	0	0	0	0	0	0	0	0	0	0	0	0	0	0	0	0	0	0	0	0	0	0	0	0	0	0	0	0	0	0	0	0	0	0	0	0	0	0	0	0	0	0	0	0	0	0	0	0	0	0	0	0
39	A	T	ORF	S	NULL	0	0	0	0	0.588973	0.0001	0.318933	0.0001	0.0001	0.0001	0.0001	0.000100001	0.0001	0.0001	0.0001	0.0001	0.0001	0.0001	0.0001	0.0001	0.0001	0.185049	0.0001	0.577974	0.475089	0.740116	0.0001	0.000100004	0.000100007	0.000100003	0.000100002	0.0001	0.540582	0.0001	0.0001	0.0001	0.0001	0.0001	0.0001	0.0001	0.964	0.0281041	0.000100006	0.697972	0.0001	0.0239152	0.46396	0.000100002	0.0710472	0.811984	0.0001	0.782113	0.0001	0.000100006
40	A	T	ORF	S	NULL	0	0	0	0	0	0	0	0	0	0	0	0	0	0	0	0	0	0	0	0	0	0	0	0	0	0	0	0	0	0	0	0	0	0	0	0	0	0	0	0	0	0	0	0	0	0	0	0	0	0	0	0	0	0
41	A	T	ORF	S	NULL	0	0	0	0	0.0001	0.0941237	0.679972	0.0001	0.0119865	0.850991	0.0001	0.00608252	0.284173	0.421559	0.0001	0.37294	0.0001	0.999846	0.6543	0.0001	0.0001	0.101101	0.0001	0.0001	0.0525216	0.0001	0.00658991	0.0001	0.0001	0.0001	0.0001	0.0001	0.0316046	0.0001	0.0001	0.00226256	0.0929961	0.0001	0.47295	0.0276859	0.00716968	0.688422	0.0001	0.0001	0.00468388	0.0329017	0.270946	0.103777	0.0833647	0.18692	0.0341658	0.00481259	0.0001	0.00704883
42	A	T	ORF	S	NULL	0	0	0	0	0.0001	0.0001	0.0001	0.0001	0.0001	0.0001	0.0001	0.0799164	0.0001	0.0269462	0.0001	0.0001	0.0001	0.0001	0.000100001	0.0001	0.0001	0.0001	0.0001	0.0859215	0.122028	0.0001	0.0001	0.57707	0.999931	0.418928	0.398927	0.0001	0.0019251	0.0001	0.0001	0.0001	0.0001	0.0001	0.0001	0.0001	0.0001	0.0001	0.763951	0.0001	0.0001	0.0001	0.0001	0.183922	0.172029	0.0001	0.000100003	0.0711868	0.0001	0.788758
43	A	T	ORF	S	NULL	0	0	0	0	0	0	0	0	0	0	0	0	0	0	0	0	0	0	0	0	0	0	0	0	0	0	0	0	0	0	0	0	0	0	0	0	0	0	0	0	0	0	0	0	0	0	0	0	0	0	0	0	0	0
44	A	T	ORF	S	NULL	0	0	0	0	0	0	0	0	0	0	0	0	0	0	0	0	0	0	0	0	0	0	0	0	0	0	0	0	0	0	0	0	0	0	0	0	0	0	0	0	0	0	0	0	0	0	0	0	0	0	0	0	0	0
45	A	T	ORF	S	NULL	0	0	0	0	0	0	0	0	0	0	0	0	0	0	0	0	0	0	0	0	0	0	0	0	0	0	0	0	0	0	0	0	0	0	0	0	0	0	0	0	0	0	0	0	0	0	0	0	0	0	0	0	0	0
46	A	T	ORF	S	NULL	0	0	0	0	0.0001	0.0001	0.0001	0.0001	0.0001	0.0001	0.0001	0.0799164	0.0001	0.0269462	0.0001	0.0001	0.0001	0.0001	0.000100001	0.0001	0.0001	0.0001	0.0001	0.0859215	0.122028	0.0001	0.0001	0.57707	0.999931	0.418928	0.398927	0.0001	0.0019251	0.0001	0.0001	0.0001	0.0001	0.0001	0.0001	0.0001	0.0001	0.0001	0.763951	0.0001	0.0001	0.0001	0.0001	0.183922	0.172029	0.0001	0.000100003	0.0711868	0.0001	0.788758
47	A	T	ORF	S	NULL	0	0	0	0	0	0	0	0	0	0	0	0	0	0	0	0	0	0	0	0	0	0	0	0	0	0	0	0	0	0	0	0	0	0	0	0	0	0	0	0	0	0	0	0	0	0	0	0	0	0	0	0	0	0
48	A	T	ORF	S	NULL	0	0	0	0	0	0	0	0	0	0	0	0	0	0	0	0	0	0	0	0	0	0	0	0	0	0	0	0	0	0	0	0	0	0	0	0	0	0	0	0	0	0	0	0	0	0	0	0	0	0	0	0	0	0
49	A	T	ORF	S	NULL	0	0	0	0	0	0	0	0	0	0	0	0	0	0	0	0	0	0	0	0	0	0	0	0	0	0	0	0	0	0	0	0	0	0	0	0	0	0	0	0	0	0	0	0	0	0	0	0	0	0	0	0	0	0
50	A	T	ORF	S	NULL	0	0	0	0	0.170915	0.0001	0.0001	0.999936	0.463042	0.0001	0.0001	0.000823315	0.0280689	0.232395	0.0001	0.0001	0.0001	0.0001	0.0001	0.400954	0.0001	0.0001	0.403953	0.23292	0.00524536	0.0001	0.624021	0.196009	0.000100014	0.352931	0.599953	0.0001	0.00522244	0.0001	0.0001	0.804477	0.0139423	0.00890066	0.0001	0.00420062	0.00101058	0.0001	0.000100011	0.0001	0.0001	0.0001	0.0001	0.0155665	0.00418324	0.0001	0.0001	0.000100001	0.0001	0.000100011
51	A	T	ORF	S	NULL	0	0	0	0	0.0002	0.99938	0.680072	0.0002	0.536049	0.851091	1.00005	0.00618252	0.284273	0.434838	0.16102	0.37304	0.524066	0.999946	0.668013	0.237039	1.00005	0.813428	0.411061	0.0002	0.0526216	0.0002	0.0140455	0.0431895	0.000200002	0.0002	0.0002	0.0002	0.0421307	0.0002	0.194024	0.00483106	0.0930961	0.0002	0.47305	0.0277859	0.00726968	0.693091	0.000200001	0.0002	0.00998924	0.0330017	0.4519	0.103877	0.0834647	0.18702	0.0727787	0.0104861	0.0002	0.0151942
52	A	T	ORF	S	NULL	0	0	0	0	0	0	0	0	0	0	0	0	0	0	0	0	0	0	0	0	0	0	0	0	0	0	0	0	0	0	0	0	0	0	0	0	0	0	0	0	0	0	0	0	0	0	0	0	0	0	0	0	0	0
53	A	T	ORF	S	NULL	0	0	0	0	0.170915	0.0001	0.0001	0.999936	0.463042	0.0001	0.0001	0.000823315	0.0280689	0.232395	0.0001	0.0001	0.0001	0.0001	0.0001	0.400954	0.0001	0.0001	0.403953	0.23292	0.00524536	0.0001	0.624021	0.196009	0.000100014	0.352931	0.599953	0.0001	0.00522244	0.0001	0.0001	0.804477	0.0139423	0.00890066	0.0001	0.00420062	0.00101058	0.0001	0.000100011	0.0001	0.0001	0.0001	0.0001	0.0155665	0.00418324	0.0001	0.0001	0.000100001	0.0001	0.000100011
54	A	T	ORF	S	NULL	0	0	0	0	0	0	0	0	0	0	0	0	0	0	0	0	0	0	0	0	0	0	0	0	0	0	0	0	0	0	0	0	0	0	0	0	0	0	0	0	0	0	0	0	0	0	0	0	0	0	0	0	0	0
55	A	T	ORF	S	NULL	0	0	0	0	0	0	0	0	0	0	0	0	0	0	0	0	0	0	0	0	0	0	0	0	0	0	0	0	0	0	0	0	0	0	0	0	0	0	0	0	0	0	0	0	0	0	0	0	0	0	0	0	0	0
56	A	T	ORF	S	NULL	0	0	0	0	0.0001	0.0941237	0.679972	0.0001	0.0119865	0.850991	0.0001	0.00608252	0.284173	0.421559	0.0001	0.37294	0.0001	0.999846	0.6543	0.0001	0.0001	0.101101	0.0001	0.0001	0.0525216	0.0001	0.00658991	0.0001	0.0001	0.0001	0.0001	0.0001	0.0316046	0.0001	0.0001	0.00226256	0.0929961	0.0001	0.47295	0.0276859	0.00716968	0.688422	0.0001	0.0001	0.00468388	0.0329017	0.270946	0.103777	0.0833647	0.18692	0.0341658	0.00481259	0.0001	0.00704883
57	A	T	ORF	S	NULL	0	0	0	0	0.0001	0.0941237	0.679972	0.0001	0.0119865	0.850991	0.0001	0.00608252	0.284173	0.421559	0.0001	0.37294	0.0001	0.999846	0.6543	0.0001	0.0001	0.101101	0.0001	0.0001	0.0525216	0.0001	0.00658991	0.0001	0.0001	0.0001	0.0001	0.0001	0.0316046	0.0001	0.0001	0.00226256	0.0929961	0.0001	0.47295	0.0276859	0.00716968	0.688422	0.0001	0.0001	0.00468388	0.0329017	0.270946	0.103777	0.0833647	0.18692	0.0341658	0.00481259	0.0001	0.00704883
58	A	T	ORF	S	NULL	0	0	0	0	0.238956	0.0001	0.0001	0.0001	0.0001	0.102912	0.0001	0.123937	0.0001	0.000413702	0.0001	0.0001	0.202924	0.0001	0.0001	0.0001	0.0001	0.0001	0.0001	0.0001	0.000140201	0.259173	0.0001	0.000100007	0.000100013	0.000100005	0.000100003	0.0001	0.297828	0.042905	0.0001	0.100912	0.549965	0.990017	0.0001	0.185922	0.0001	0.000125055	0.000100011	0.0001	0.185922	0.942033	0.0001	0.313959	0.0381407	0.0001	0.0001	0.000354556	0.0001	0.00022214
59	A	T	ORF	S	NULL	0	0	0	0	0.0001	0.0001	0.0001	0.0001	0.0001	0.0001	0.0001	0.0149608	0.433179	0.147068	0.0001	0.0001	0.0001	0.0001	0.168478	0.0001	0.0001	0.0001	0.0001	0.0001	0.0891853	0.0001	0.0842129	0.0001	0.0001	0.0001	0.0001	0.0001	0.0656513	0.0001	0.0001	0.0294976	0.215595	0.0001	0.0001	0.0642745	0.0167257	0.0574695	0.0001	0.0001	0.0655148	0.0001	0.0001	0.240574	0.249819	0.0001	0.471844	0.0678624	0.0001	0.0985413
60	A	T	ORF	S	NULL	0	0	0	0	0.588973	0.0001	0.318933	0.0001	0.0001	0.0001	0.0001	0.000100001	0.0001	0.0001	0.0001	0.0001	0.0001	0.0001	0.0001	0.0001	0.0001	0.185049	0.0001	0.577974	0.475089	0.740116	0.0001	0.000100004	0.000100007	0.000100003	0.000100002	0.0001	0.540582	0.0001	0.0001	0.0001	0.0001	0.0001	0.0001	0.0001	0.964	0.0281041	0.000100006	0.697972	0.0001	0.0239152	0.46396	0.000100002	0.0710472	0.811984	0.0001	0.782113	0.0001	0.000100006
61	A	T	ORF	S	NULL	0	0	0	0	0.238956	0.0001	0.0001	0.0001	0.0001	0.102912	0.0001	0.123937	0.0001	0.000413702	0.0001	0.0001	0.202924	0.0001	0.0001	0.0001	0.0001	0.0001	0.0001	0.0001	0.000140201	0.259173	0.0001	0.000100007	0.000100013	0.000100005	0.000100003	0.0001	0.297828	0.042905	0.0001	0.100912	0.549965	0.990017	0.0001	0.185922	0.0001	0.000125055	0.000100011	0.0001	0.185922	0.942033	0.0001	0.313959	0.0381407	0.0001	0.0001	0.000354556	0.0001	0.00022214
62	A	T	ORF	S	NULL	0	0	0	0	0.0001	0.0001	0.0001	0.0001	0.0001	0.0001	0.0001	0.0149608	0.433179	0.147068	0.0001	0.0001	0.0001	0.0001	0.168478	0.0001	0.0001	0.0001	0.0001	0.0001	0.0891853	0.0001	0.0842129	0.0001	0.0001	0.0001	0.0001	0.0001	0.0656513	0.0001	0.0001	0.0294976	0.215595	0.0001	0.0001	0.0642745	0.0167257	0.0574695	0.0001	0.0001	0.0655148	0.0001	0.0001	0.240574	0.249819	0.0001	0.471844	0.0678624	0.0001	0.0985413
63	A	T	ORF	S	NULL	0	0	0	0	0.0002	0.905357	0.0002	0.0002	0.524163	0.0002	1.00005	0.0150608	0.433279	0.160347	0.16102	0.0002	0.524066	0.0002	0.18219	0.237039	1.00005	0.712427	0.411061	0.0002	0.0892853	0.0002	0.0916684	0.0431895	0.000200002	0.000200001	0.0002	0.0002	0.0761773	0.0002	0.194024	0.0320661	0.215695	0.0002	0.0002	0.0643745	0.0168257	0.0621381	0.000200001	0.0002	0.0708202	0.0002	0.181055	0.240674	0.249919	0.0002	0.510457	0.073536	0.0002	0.106687
64	A	T	ORF	S	NULL	0	0	0	0	0.0001	0.0001	0.0001	0.0001	0.0001	0.0001	0.0001	0.0799164	0.0001	0.0269462	0.0001	0.0001	0.0001	0.0001	0.000100001	0.0001	0.0001	0.0001	0.0001	0.0859215	0.122028	0.0001	0.0001	0.57707	0.999931	0.418928	0.398927	0.0001	0.0019251	0.0001	0.0001	0.0001	0.0001	0.0001	0.0001	0.0001	0.0001	0.0001	0.763951	0.0001	0.0001	0.0001	0.0001	0.183922	0.172029	0.0001	0.000100003	0.0711868	0.0001	0.788758
65	A	T	ORF	S	NULL	0	0	0	0	0.0001	0.0941237	0.679972	0.0001	0.0119865	0.850991	0.0001	0.00608252	0.284173	0.421559	0.0001	0.37294	0.0001	0.999846	0.6543	0.0001	0.0001	0.101101	0.0001	0.0001	0.0525216	0.0001	0.00658991	0.0001	0.0001	0.0001	0.0001	0.0001	0.0316046	0.0001	0.0001	0.00226256	0.0929961	0.0001	0.47295	0.0276859	0.00716968	0.688422	0.0001	0.0001	0.00468388	0.0329017	0.270946	0.103777	0.0833647	0.18692	0.0341658	0.00481259	0.0001	0.00704883
66	A	T	ORF	S	NULL	0	0	0	0	0	0	0	0	0	0	0	0	0	0	0	0	0	0	0	0	0	0	0	0	0	0	0	0	0	0	0	0	0	0	0	0	0	0	0	0	0	0	0	0	0	0	0	0	0	0	0	0	0	0
67	A	T	ORF	S	NULL	0	0	0	0	0.588973	0.0001	0.318933	0.0001	0.0001	0.0001	0.0001	0.000100001	0.0001	0.0001	0.0001	0.0001	0.0001	0.0001	0.0001	0.0001	0.0001	0.185049	0.0001	0.577974	0.475089	0.740116	0.0001	0.000100004	0.000100007	0.000100003	0.000100002	0.0001	0.540582	0.0001	0.0001	0.0001	0.0001	0.0001	0.0001	0.0001	0.964	0.0281041	0.000100006	0.697972	0.0001	0.0239152	0.46396	0.000100002	0.0710472	0.811984	0.0001	0.782113	0.0001	0.000100006
68	A	T	ORF	S	NULL	0	0	0	0	0	0	0	0	0	0	0	0	0	0	0	0	0	0	0	0	0	0	0	0	0	0	0	0	0	0	0	0	0	0	0	0	0	0	0	0	0	0	0	0	0	0	0	0	0	0	0	0	0	0
69	A	T	ORF	S	NULL	0	0	0	0	0.0002	0.99938	0.680072	0.0002	0.536049	0.851091	1.00005	0.00618252	0.284273	0.434838	0.16102	0.37304	0.524066	0.999946	0.668013	0.237039	1.00005	0.813428	0.411061	0.0002	0.0526216	0.0002	0.0140455	0.0431895	0.000200002	0.0002	0.0002	0.0002	0.0421307	0.0002	0.194024	0.00483106	0.0930961	0.0002	0.47305	0.0277859	0.00726968	0.693091	0.000200001	0.0002	0.00998924	0.0330017	0.4519	0.103877	0.0834647	0.18702	0.0727787	0.0104861	0.0002	0.0151942
70	A	T	ORF	S	NULL	0	0	0	0	0	0	0	0	0	0	0	0	0	0	0	0	0	0	0	0	0	0	0	0	0	0	0	0	0	0	0	0	0	0	0	0	0	0	0	0	0	0	0	0	0	0	0	0	0	0	0	0	0	0
71	A	T	ORF	S	NULL	0	0	0	0	0	0	0	0	0	0	0	0	0	0	0	0	0	0	0	0	0	0	0	0	0	0	0	0	0	0	0	0	0	0	0	0	0	0	0	0	0	0	0	0	0	0	0	0	0	0	0	0	0	0
72	A	T	ORF	S	NULL	0	0	0	0	0	0	0	0	0	0	0	0	0	0	0	0	0	0	0	0	0	0	0	0	0	0	0	0	0	0	0	0	0	0	0	0	0	0	0	0	0	0	0	0	0	0	0	0	0	0	0	0	0	0
73	A	T	ORF	S	NULL	0	0	0	0	0.171015	0.0002	0.0002	1.00004	0.463142	0.0002	0.0002	0.0157841	0.461248	0.379463	0.0002	0.0002	0.0002	0.0002	0.168578	0.401054	0.0002	0.0002	0.404053	0.23302	0.0944307	0.0002	0.708234	0.196109	0.000200014	0.353031	0.600053	0.0002	0.0708737	0.0002	0.0002	0.833975	0.229537	0.00900066	0.0002	0.0684751	0.0177363	0.0575695	0.000200011	0.0002	0.0656148	0.0002	0.0002	0.25614	0.254002	0.0002	0.471944	0.0679624	0.0002	0.0986413
74	A	T	ORF	S	NULL	0	0	0	0	0.0001	0.905257	0.0001	0.0001	0.524063	0.0001	0.999947	0.0001	0.0001	0.013279	0.16092	0.0001	0.523966	0.0001	0.0137127	0.236939	0.999947	0.712327	0.410961	0.0001	0.0001	0.0001	0.00745555	0.0430895	0.000100002	0.0001	0.0001	0.0001	0.0105261	0.0001	0.193924	0.0025685	0.0001	0.0001	0.0001	0.0001	0.0001	0.00466862	0.000100001	0.0001	0.00530535	0.0001	0.180955	0.0001	0.0001	0.0001	0.0386128	0.00567353	0.0001	0.00814539
75	A	T	ORF	S	NULL	0	0	0	0	0	0	0	0	0	0	0	0	0	0	0	0	0	0	0	0	0	0	0	0	0	0	0	0	0	0	0	0	0	0	0	0	0	0	0	0	0	0	0	0	0	0	0	0	0	0	0	0	0	0
76	A	T	ORF	S	NULL	0	0	0	0	0.0001	0.0001	0.0001	0.0001	0.0001	0.0001	0.0001	0.0149608	0.433179	0.147068	0.0001	0.0001	0.0001	0.0001	0.168478	0.0001	0.0001	0.0001	0.0001	0.0001	0.0891853	0.0001	0.0842129	0.0001	0.0001	0.0001	0.0001	0.0001	0.0656513	0.0001	0.0001	0.0294976	0.215595	0.0001	0.0001	0.0642745	0.0167257	0.0574695	0.0001	0.0001	0.0655148	0.0001	0.0001	0.240574	0.249819	0.0001	0.471844	0.0678624	0.0001	0.0985413
77	A	T	ORF	S	NULL	0	0	0	0	0.0001	0.0941237	0.679972	0.0001	0.0119865	0.850991	0.0001	0.00608252	0.284173	0.421559	0.0001	0.37294	0.0001	0.999846	0.6543	0.0001	0.0001	0.101101	0.0001	0.0001	0.0525216	0.0001	0.00658991	0.0001	0.0001	0.0001	0.0001	0.0001	0.0316046	0.0001	0.0001	0.00226256	0.0929961	0.0001	0.47295	0.0276859	0.00716968	0.688422	0.0001	0.0001	0.00468388	0.0329017	0.270946	0.103777	0.0833647	0.18692	0.0341658	0.00481259	0.0001	0.00704883
78	A	T	ORF	S	NULL	0	0	0	0	0	0	0	0	0	0	0	0	0	0	0	0	0	0	0	0	0	0	0	0	0	0	0	0	0	0	0	0	0	0	0	0	0	0	0	0	0	0	0	0	0	0	0	0	0	0	0	0	0	0
79	A	T	ORF	S	NULL	0	0	0	0	0.0001	0.905257	0.0001	0.0001	0.524063	0.0001	0.999947	0.0001	0.0001	0.013279	0.16092	0.0001	0.523966	0.0001	0.0137127	0.236939	0.999947	0.712327	0.410961	0.0001	0.0001	0.0001	0.00745555	0.0430895	0.000100002	0.0001	0.0001	0.0001	0.0105261	0.0001	0.193924	0.0025685	0.0001	0.0001	0.0001	0.0001	0.0001	0.00466862	0.000100001	0.0001	0.00530535	0.0001	0.180955	0.0001	0.0001	0.0001	0.0386128	0.00567353	0.0001	0.00814539
80	A	T	ORF	S	NULL	0	0	0	0	0	0	0	0	0	0	0	0	0	0	0	0	0	0	0	0	0	0	0	0	0	0	0	0	0	0	0	0	0	0	0	0	0	0	0	0	0	0	0	0	0	0	0	0	0	0	0	0	0	0
81	A	T	ORF	S	NULL	0	0	0	0	0	0	0	0	0	0	0	0	0	0	0	0	0	0	0	0	0	0	0	0	0	0	0	0	0	0	0	0	0	0	0	0	0	0	0	0	0	0	0	0	0	0	0	0	0	0	0	0	0	0
82	A	T	ORF	S	NULL	0	0	0	0	0.171015	0.0002	0.0002	1.00004	0.463142	0.0002	0.0002	0.332588	0.0281689	0.235818	0.838075	0.0002	0.271024	0.0002	0.0002	0.761899	0.0002	0.0002	0.547879	0.23302	0.0921035	0.0002	0.813139	0.196109	0.000200014	0.353031	0.600053	1.00007	0.00532244	0.705063	0.805072	0.805088	0.0140423	0.00900066	0.0002	0.681321	0.00111058	0.163015	0.000200011	0.0002	0.67306	0.000200001	0.0820073	0.0156665	0.00428324	0.0002	0.0002	0.000200001	0.627056	0.000200011
83	A	T	ORF	S	NULL	0	0	0	0	0.238956	0.0001	0.0001	0.0001	0.0001	0.102912	0.0001	0.123937	0.0001	0.000413702	0.0001	0.0001	0.202924	0.0001	0.0001	0.0001	0.0001	0.0001	0.0001	0.0001	0.000140201	0.259173	0.0001	0.000100007	0.000100013	0.000100005	0.000100003	0.0001	0.297828	0.042905	0.0001	0.100912	0.549965	0.990017	0.0001	0.185922	0.0001	0.000125055	0.000100011	0.0001	0.185922	0.942033	0.0001	0.313959	0.0381407	0.0001	0.0001	0.000354556	0.0001	0.00022214
84	A	T	ORF	S	NULL	0	0	0	0	0	0	0	0	0	0	0	0	0	0	0	0	0	0	0	0	0	0	0	0	0	0	0	0	0	0	0	0	0	0	0	0	0	0	0	0	0	0	0	0	0	0	0	0	0	0	0	0	0	0
85	A	T	ORF	S	NULL	0	0	0	0	0.0001	0.0001	0.0001	0.0001	0.0001	0.0001	0.0001	0.0149608	0.433179	0.147068	0.0001	0.0001	0.0001	0.0001	0.168478	0.0001	0.0001	0.0001	0.0001	0.0001	0.0891853	0.0001	0.0842129	0.0001	0.0001	0.0001	0.0001	0.0001	0.0656513	0.0001	0.0001	0.0294976	0.215595	0.0001	0.0001	0.0642745	0.0167257	0.0574695	0.0001	0.0001	0.0655148	0.0001	0.0001	0.240574	0.249819	0.0001	0.471844	0.0678624	0.0001	0.0985413
86	A	T	ORF	S	NULL	0	0	0	0	0	0	0	0	0	0	0	0	0	0	0	0	0	0	0	0	0	0	0	0	0	0	0	0	0	0	0	0	0	0	0	0	0	0	0	0	0	0	0	0	0	0	0	0	0	0	0	0	0	0
87	A	T	ORF	S	NULL	0	0	0	0	0.0001	0.0001	0.0001	0.0001	0.0001	0.0001	0.0001	0.331765	0.0001	0.00342316	0.837975	0.0001	0.270924	0.0001	0.0001	0.360945	0.0001	0.0001	0.143926	0.0001	0.0868581	0.0001	0.189118	0.0001	0.0001	0.0001	0.0001	0.999971	0.0001	0.704963	0.804972	0.000611255	0.0001	0.000100001	0.0001	0.67712	0.0001	0.162915	0.0001	0.0001	0.67296	0.0001	0.0819073	0.0001	0.0001	0.0001	0.0001	0.0001	0.626956	0.0001
88	A	T	ORF	S	NULL	0	0	0	0	0.0001	0.0001	0.0001	0.0001	0.0001	0.0449034	0.0001	0.424456	0.0001	0.0808912	0.0001	0.625953	0.0001	0.0001	0.09419	0.0001	0.0001	0.0001	0.0389032	0.101909	0.0733162	0.0001	0.0463079	0.180915	0.000100001	0.226919	0.0001	0.0001	0.0001	0.250921	0.0001	0.0436586	0.0001	0.0001	0.525944	0.0001	0.0001	0.0321748	0.23492	0.300925	0.0366537	0.0001	0.0001	0.0001	0.151517	0.0001	0.264059	0.0379805	0.371931	0.0551464
89	A	T	ORF	S	NULL	0	0	0	0	0.0001	0.0001	0.0001	0.0001	0.0001	0.0001	0.0001	0.0149608	0.433179	0.147068	0.0001	0.0001	0.0001	0.0001	0.168478	0.0001	0.0001	0.0001	0.0001	0.0001	0.0891853	0.0001	0.0842129	0.0001	0.0001	0.0001	0.0001	0.0001	0.0656513	0.0001	0.0001	0.0294976	0.215595	0.0001	0.0001	0.0642745	0.0167257	0.0574695	0.0001	0.0001	0.0655148	0.0001	0.0001	0.240574	0.249819	0.0001	0.471844	0.0678624	0.0001	0.0985413
90	A	T	ORF	S	NULL	0	0	0	0	0.170915	0.0001	0.0001	0.999936	0.463042	0.0001	0.0001	0.000823315	0.0280689	0.232395	0.0001	0.0001	0.0001	0.0001	0.0001	0.400954	0.0001	0.0001	0.403953	0.23292	0.00524536	0.0001	0.624021	0.196009	0.000100014	0.352931	0.599953	0.0001	0.00522244	0.0001	0.0001	0.804477	0.0139423	0.00890066	0.0001	0.00420062	0.00101058	0.0001	0.000100011	0.0001	0.0001	0.0001	0.0001	0.0155665	0.00418324	0.0001	0.0001	0.000100001	0.0001	0.000100011
91	A	T	ORF	S	NULL	0	0	0	0	0.0001	0.905257	0.0001	0.0001	0.524063	0.0001	0.999947	0.0001	0.0001	0.013279	0.16092	0.0001	0.523966	0.0001	0.0137127	0.236939	0.999947	0.712327	0.410961	0.0001	0.0001	0.0001	0.00745555	0.0430895	0.000100002	0.0001	0.0001	0.0001	0.0105261	0.0001	0.193924	0.0025685	0.0001	0.0001	0.0001	0.0001	0.0001	0.00466862	0.000100001	0.0001	0.00530535	0.0001	0.180955	0.0001	0.0001	0.0001	0.0386128	0.00567353	0.0001	0.00814539
92	A	T	ORF	S	NULL	0	0	0	0	0.0001	0.0001	0.0001	0.0001	0.0001	0.0001	0.0001	0.331765	0.0001	0.00342316	0.837975	0.0001	0.270924	0.0001	0.0001	0.360945	0.0001	0.0001	0.143926	0.0001	0.0868581	0.0001	0.189118	0.0001	0.0001	0.0001	0.0001	0.999971	0.0001	0.704963	0.804972	0.000611255	0.0001	0.000100001	0.0001	0.67712	0.0001	0.162915	0.0001	0.0001	0.67296	0.0001	0.0819073	0.0001	0.0001	0.0001	0.0001	0.0001	0.626956	0.0001
93	A	T	ORF	S	NULL	0	0	0	0	0	0	0	0	0	0	0	0	0	0	0	0	0	0	0	0	0	0	0	0	0	0	0	0	0	0	0	0	0	0	0	0	0	0	0	0	0	0	0	0	0	0	0	0	0	0	0	0	0	0
94	A	T	ORF	S	NULL	0	0	0	0	0	0	0	0	0	0	0	0	0	0	0	0	0	0	0	0	0	0	0	0	0	0	0	0	0	0	0	0	0	0	0	0	0	0	0	0	0	0	0	0	0	0	0	0	0	0	0	0	0	0
95	A	T	ORF	S	NULL	0	0	0	0	0	0	0	0	0	0	0	0	0	0	0	0	0	0	0	0	0	0	0	0	0	0	0	0	0	0	0	0	0	0	0	0	0	0	0	0	0	0	0	0	0	0	0	0	0	0	0	0	0	0
96	A	T	ORF	S	NULL	0	0	0	0	0.589073	0.905357	0.319033	0.0002	0.524163	0.0002	1.00005	0.000200001	0.0002	0.013379	0.16102	0.0002	0.524066	0.0002	0.0138127	0.237039	1.00005	0.897375	0.411061	0.578074	0.475189	0.740216	0.00755555	0.0431895	0.000200009	0.000200003	0.000200002	0.0002	0.551108	0.0002	0.194024	0.0026685	0.0002	0.0002	0.0002	0.0002	0.9641	0.0327727	0.000200007	0.698072	0.00540535	0.0240152	0.644915	0.000200002	0.0711472	0.812084	0.0387128	0.787786	0.0002	0.0082454
97	A	T	ORF	S	NULL	0	0	0	0	0	0	0	0	0	0	0	0	0	0	0	0	0	0	0	0	0	0	0	0	0	0	0	0	0	0	0	0	0	0	0	0	0	0	0	0	0	0	0	0	0	0	0	0	0	0	0	0	0	0
98	A	T	ORF	S	NULL	0	0	0	0	0.170915	0.0001	0.0001	0.999936	0.463042	0.0001	0.0001	0.000823315	0.0280689	0.232395	0.0001	0.0001	0.0001	0.0001	0.0001	0.400954	0.0001	0.0001	0.403953	0.23292	0.00524536	0.0001	0.624021	0.196009	0.000100014	0.352931	0.599953	0.0001	0.00522244	0.0001	0.0001	0.804477	0.0139423	0.00890066	0.0001	0.00420062	0.00101058	0.0001	0.000100011	0.0001	0.0001	0.0001	0.0001	0.0155665	0.00418324	0.0001	0.0001	0.000100001	0.0001	0.000100011
99	A	T	ORF	S	NULL	0	0	0	0	0	0	0	0	0	0	0	0	0	0	0	0	0	0	0	0	0	0	0	0	0	0	0	0	0	0	0	0	0	0	0	0	0	0	0	0	0	0	0	0	0	0	0	0	0	0	0	0	0	0
100	A	T	ORF	S	NULL	0	0	0	0	0.0002	0.905357	0.0002	0.0002	0.524163	0.0002	1.00005	0.0800164	0.0002	0.0402252	0.16102	0.0002	0.524066	0.0002	0.0138127	0.237039	1.00005	0.712427	0.411061	0.0860215	0.122128	0.0002	0.00755555	0.620159	1.00003	0.419028	0.399027	0.0002	0.0124512	0.0002	0.194024	0.0026685	0.0002	0.0002	0.0002	0.0002	0.0002	0.00476862	0.764051	0.0002	0.00540535	0.0002	0.181055	0.184022	0.172129	0.0002	0.0387128	0.0768604	0.0002	0.796903
