0.0001	1.5834	3.28527	0.0001	0.132952	0.0001	0.0001	0.0001	0.671418	0.0001	0.0001	0.0697837	0.675513	0.0001	0.0001	0.0001	2.48029	0.0001	0.0634569	0.0001	0.0869603	0.0001	0.689517	0.0001	0.170621	0.0001	1.41111	0.00760906	0.0352382	0.640705	2.764	0.0001	0.0218481	0.101535	0.0135226	0.678726	0.0001	0.612859	0.0001	0.0001	0.0849108	1.30433	0.589774	2.80436	0.168976	0.0001	0.0001	0.0001	0.026112	0.0001
0.0001	0.0001	0.00218082	0.47189	0.0001	0.102889	0.0001	0.0001	0.0001	0.0001	0.0001	0.0001	0.0001	0.0001	0.0001	0.00402894	0.0001	0.0001	0.00734054	0.0001	0.0001	0.0916203	0.0213666	0.0001	31.843	0.0161189	0.0001	0.0001	0.0001	0.0001	0.309158	0.0001	0.0001	0.0001	0.0001	0.00218237	24.1933	0.111924	1.51382	0.0001	0.00429112	0.228766	0.0715411	0.0001	0.0001	0.000636054	1.11942	0.0001	0.0081913	0.0001
0.0001	0.0001	0.0001	0.0001	0.0120602	0.0001	0.0001	0.0001	0.0001	0.0001	0.347652	0.00979494	0.0310078	0.00174164	0.417431	0.0001	0.0001	0.0001	0.0534096	0.443657	0.00053884	0.023939	0.0001	0.878301	0.253683	12.8866	0.0165945	0.0109399	0.0577427	0.214504	0.356512	5.92932	0.0001	0.0392805	0.0134038	0.0001	0.0001	0.108056	0.0001	0.0001	0.037113	0.0001	0.579919	0.829049	0.0241228	0.041994	0.0001	0.0059072	0.339243	0.272257
0.0001	0.00157125	0.100372	0.0988287	0.00715734	0.00560909	0.0001	0.0001	0.260702	0.0001	0.00311418	0.0001	0.0001	0.0001	0.0001	0.0920382	0.0001	0.02017	0.00248838	0.0001	1.93364	0.0001	0.0388566	0.0001	0.0001	0.0001	0.0001	0.00200422	0.0001	0.0001	0.53751	0.0001	0.00616909	0.00325393	1.90071	0.0280037	0.276552	0.00991421	0.110311	0.0001	0.167733	0.0789402	0.130171	0.0001	0.0001	0.0001	0.18724	0.00079527	0.0001	0.0001
0.00799389	0.00078251	0.0001	0.0101276	0.299805	0.0001	0.0001	0.0001	0.0001	0.0001	0.0001	0.0001	0.0001	0.00115419	0.0001	0.0001	0.0001	0.0001	0.00143624	0.0001	0.0001	0.0001	0.0001	0.0111734	0.0001	0.0001	0.0001	0.0001	0.0001	0.0001	0.0685242	0.0122877	0.0001	0.0001	0.0001	0.0001	0.0001	0.0001	0.00129429	0.114248	0.0001	0.0001	0.0001	0.0001	0.0192661	0.0234103	0.102314	0.0001	0.0001	0.0001
0.00018756	0.0001	0.265774	3.36723	0.0001	0.0001	0.00444064	0.0001	0.435136	0.0001	0.0001	0.0334167	0.0035186	0.0403064	0.0001	0.0001	0.0001	0.0001	0.0849754	0.0001	0.0001	0.0001	0.0001	0.0001	0.0001	0.0001	0.0001	0.00339904	0.0001	0.0001	0.0001	0.262583	0.0001	0.0271222	0.0001	0.0001	0.0001	0.0001	0.0001	0.0001	0.163143	0.167797	1.07262	0.0001	0.0161238	0.0107072	0.0001	0.0001	0.0001	0.0001
0.0122366	0.0001	0.0989496	1.97942	0.0001	0.150445	0.0001	0.0001	0.0001	0.0001	0.0001	0.0277033	0.0001	0.0001	0.0001	0.0001	0.316935	0.0001	49.3941	0.0673458	0.0001	0.0545265	0.0001	0.283061	0.0583925	0.0954303	0.0001	0.0001	0.0001	0.0230666	0.322458	0.0001	0.0001	0.0001	0.0001	0.0001	0.0001	0.0001	0.38862	0.0687739	25.1997	0.112952	0.0001	0.0001	0.00572011	0.00488995	1.82901	0.0001	0.0001	0.189037
0.0001	0.0001	0.0001	0.0001	0.0001	0.0001	0.0001	0.0001	0.0281362	0.0001	0.000451063	0.000434085	0.0001	0.0001	0.0001	0.0001	0.0001	0.0001	0.0001	0.0121678	0.0001	26.1287	0.0001	0.00108899	0.0001	0.0001	0.0001	0.0001	0.0001	0.00496369	0.0001	0.0001	0.0227073	0.000243845	0.0001	0.0001	0.0001	0.0001	0.0001	0.0001	0.0001	0.023266	0.411539	0.0001	0.0001	0.0001	0.0001	0.0001	0.0001	0.00875511
0.00613949	0.0001	0.0001	0.081122	0.00191852	0.520545	0.0001	0.0001	0.0001	0.0001	0.0001	8.14037	0.0001	0.0001	0.00918385	0.0001	0.085567	0.0001	0.430625	0.028633	0.000582346	0.0172345	0.0001	0.000583475	15.743	0.0001	2.61716	0.0001	0.0001	0.00331386	0.0001	0.144572	0.0001	0.00669511	0.033834	0.0001	3.92028	0.0001	0.0001	0.87038	0.00198558	0.0001	0.0001	0.0001	0.0001	0.0913543	0.223681	0.0001	0.0001	0.0001
0.0001	0.0001	0.661341	0.0001	19.3288	0.00272415	0.0001	0.0001	0.00797572	0.0001	0.0278263	0.0290716	0.0001	0.000778502	0.0001	0.183362	0.0001	0.0001	0.0238106	0.0148532	0.0001	0.0001	0.281665	0.0001	0.165449	0.0475105	0.0001	0.0001	0.0001	0.0001	0.146077	0.394987	0.0001	0.0001	0.0001	0.0121921	1.58795	0.0001	0.192286	0.0001	0.0123177	0.0001	0.0001	0.00784314	0.0001	0.00210651	0.247963	0.0001	0.00791448	0.114891
0.00226902	0.000649433	0.0001	0.0266888	0.00991832	0.0001	1.34637	0.00707779	0.0001	0.0108453	0.00507768	0.0001	0.00532424	0.000472505	0.0001	0.0001	0.0001	0.316524	0.0001	0.0712155	0.0001	0.0001	0.416324	0.0001	0.0001	0.0001	0.0001	0.0001	0.0001	0.0001	0.0001	0.0001	0.0001	0.0001	0.0001	0.0001	0.0001	0.0001	0.0001	0.151958	0.0001	0.0253493	1.2502	0.0001	0.0001	0.00328805	0.103524	0.000426831	0.0001	0.0001
0.0952598	0.0136242	0.0001	6.40675	0.16764	0.0001	0.030954	0.00379563	0.0001	0.190562	0.0465697	0.0001	0.0001	0.0001	0.0297925	0.0001	0.0001	0.109757	0.835584	0.0001	0.0001	0.0001	0.4897	0.0001	0.819157	0.0001	0.00870139	0.0001	0.0001	0.0001	0.0001	0.0001	0.0001	0.0001	0.0001	0.198666	0.0001	0.201363	16.1108	0.148184	0.0001	1.07155	1.00032	0.0001	0.0001	0.00309721	14.8613	0.0001	0.0001	0.0001
0.0001	0.0001	0.0354483	0.0001	0.0001	0.0001	0.0001	0.0001	0.15661	0.0001	0.0001	9.05758	0.0001	0.000211634	0.0001	0.0001	0.0001	0.0001	0.0149548	0.00694982	0.0001	0.000548683	0.0001	0.042674	0.0001	0.00299877	0.0001	0.0001	0.0001	0.0001	0.149685	0.0714294	0.0001	0.000220054	0.0001	0.0001	0.0001	0.218701	0.00664564	0.0001	0.00851958	0.159766	0.663411	0.0275514	0.000105555	0.00762982	0.0001	0.0001	0.00911002	0.00427027
0.0001	0.0001	0.0001	0.0110683	17.7383	0.0730725	0.0001	0.0001	0.0001	0.0195795	0.0001	0.0001	0.0001	0.0001	0.0143018	0.0001	0.0111575	0.00487028	0.0001	0.00262085	0.0001	0.00197569	0.0001	0.00616302	0.0001	0.0056383	0.0001	0.0001	0.000187358	0.00330083	0.0001	0.170248	0.0001	0.0001	0.0001	0.0117745	0.0001	0.0001	0.0001	0.062347	0.0001	0.0001	0.0766113	0.022776	0.0001	0.0162625	0.221374	0.0001	0.00148352	0.0070844
0.0432464	1.57786	0.0001	2.66081	0.0001	0.0410786	0.0104051	0.0001	0.0001	0.0001	1.46878	0.0001	0.675572	0.0001	0.0001	0.0001	1.79991	0.0001	0.20393	0.0001	0.0557143	0.0001	0.498506	0.0001	0.0001	0.0001	1.46959	0.00104863	0.0001	0.651337	1.95513	0.0001	0.0465136	0.105402	0.00027445	0.0990738	22.9293	0.0557991	7.06845	0.0001	0.22017	0.854555	0.982121	0.148344	0.178991	0.0001	6.48763	0.0001	0.0001	0.0001
0.0001	0.0001	0.0001	0.0203805	0.0113662	0.00119385	0.0001	0.0001	0.0001	0.0001	0.0001	0.0001	0.0001	0.0001	0.0001	0.0927847	0.123793	0.0069952	0.00303776	0.17298	0.0001	0.0001	0.406617	0.0500461	0.0001	0.0525456	0.0001	0.0001	0.0001	0.0001	0.0001	0.55992	0.0001	0.0001	0.0001	0.0001	0.0001	0.203238	0.0001	0.185088	0.0001	0.0444544	0.654562	73.1609	0.0001	0.0128161	0.117499	0.0001	0.0001	0.0001
0.0001	0.0001	0.0001	0.0001	0.0001	0.0001	0.0001	0.0001	0.0001	0.0001	0.0001	0.0001	0.0001	0.0001	47.2474	0.06916	0.0001	0.0001	0.00040145	0.00132068	0.0001	0.0001	0.0001	0.0001	0.0001	0.0001	0.0001	0.0001	0.0001	0.0001	0.0182446	0.0001	0.0001	0.0001	0.0001	0.00150196	0.0001	0.0241928	0.0001	0.101421	0.0001	0.14174	0.0001	0.0180102	0.0001	0.00148947	0.0001	0.0001	0.0001	0.0001
0.0001	0.00695457	2.04596	0.0001	0.0001	0.0315256	0.0001	0.00101579	0.00516082	0.0614601	0.0001	0.0001	0.0001	0.00349578	0.0001	0.0001	0.0001	0.151101	0.0001	0.0001	0.0001	0.00705436	0.0001	0.0001	0.0001	0.0001	0.0198005	0.00185045	0.0717385	0.0001	0.322379	0.169646	0.0001	0.0001	0.0001	0.0001	0.0001	0.0001	0.0001	0.0001	0.0001	0.0001	0.0001	0.205039	0.0001	0.00368738	0.0001	0.0001	0.00115849	0.167916
0.0001	0.0001	0.0001	0.0001	0.0001	0.0001	0.0001	0.0001	0.0240615	0.0001	0.0001	0.0001	0.0001	0.0001	0.0001	0.0001	0.0001	0.0001	0.0001	0.0001	0.0001	0.0001	0.0001	0.0001	0.0001	0.0001	0.0001	0.0001	0.0001	0.0001	0.0001	0.0001	0.0001	0.0001	0.0001	0.0001	0.0001	0.0001	0.0001	0.0001	0.0001	0.0103323	0.0001	0.0001	0.0001	0.0037105	0.0001	0.0001	0.0001	37.6223
0.0001	0.0001	0.0001	0.000297614	0.0001	0.00121922	0.0001	0.0001	0.0175816	0.0001	48.21	0.0001	0.0001	0.0001	0.0001	0.0001	0.0001	0.0001	0.0001	0.0001	0.0001	0.0001	0.0001	0.0001	0.0001	0.0001	0.0001	0.0001	0.0001	0.0001	0.0843246	0.00581701	0.0001	0.0001	0.0001	0.0001	0.0001	0.00124779	0.0020823	0.0001	0.0001	0.338865	0.0001	0.0001	0.0001	0.00214945	0.0401214	0.0001	0.0001	0.0001
0.00922733	0.000620141	0.102967	0.0001	0.0001	0.0318919	0.0001	0.000651769	0.0151613	0.0001	0.00470401	0.0001	0.00517946	0.00705546	0.00622695	0.0374536	0.0001	0.00982478	0.124265	0.0001	0.0001	0.0001	1.2396	0.0001	0.0001	0.0335726	0.0001	0.00316146	0.0001	0.0001	0.0001	0.0001	0.445748	0.00142156	0.0001	0.0001	0.0001	0.0001	0.0001	0.0001	0.364651	0.0176496	6.74545	0.0001	0.0001	0.0109357	0.0001	0.0001	0.139628	0.0001
0.0001	0.0001	0.0001	0.074877	19.4841	0.00832564	0.0001	0.0001	0.0001	0.0188545	0.0001	0.0001	0.0001	0.0001	0.0072271	0.0001	0.0001	0.0150432	0.0001	0.0001	0.0468481	0.0001	0.0001	0.160897	0.0001	0.0001	0.0155379	0.000272418	0.0001	0.00457545	0.0001	0.0001	0.0001	0.0001	0.0001	0.0001	1.12185	0.0001	0.0001	0.0142305	0.0001	0.0001	0.00601167	0.288906	0.0001	0.000352684	0.109587	0.0001	0.0001	0.003013
0.000981471	0.0001	0.00771764	0.28986	0.0514571	0.000767642	0.0001	0.0001	0.0001	0.0001	0.0001	0.0001	0.0001	0.0001	0.0001	0.0001	0.0001	0.386272	0.0001	0.0958887	0.0001	0.0001	0.0372286	0.0001	0.0001	0.0195524	0.0001	0.0001	0.0001	0.0001	0.104655	0.414252	0.0001	0.00306269	0.0001	0.0001	1.31049	0.00536224	0.0743615	0.0001	28.3598	0.0208538	0.138452	0.0001	0.0001	0.00421629	3.53508	0.0001	0.00627293	0.0001
0.0058565	0.0001	0.0704868	0.0001	0.00133926	0.0001	0.0001	0.0001	0.0001	0.0001	0.0001	0.0226727	0.0001	0.0001	0.0001	0.0001	0.332279	0.0001	0.0001	0.105165	0.0001	0.0001	0.264962	0.301376	0.0547138	0.0382914	0.0001	0.0001	0.0001	0.0267213	0.0328759	0.0976699	0.0001	0.0001	0.0001	0.0001	0.0001	0.0001	0.0001	0.0825686	0.0001	97.6674	0.0615397	0.0001	0.0252238	0.00322326	0.0001	0.0001	0.0001	0.14736
0.00476521	0.0179725	0.0001	0.635697	0.179281	0.029737	0.0001	0.00475196	0.0001	0.207683	0.0001	0.0001	0.0001	0.0001	0.14748	0.0001	0.0001	0.0001	0.0001	0.164612	0.000611504	0.0001	1.63439	0.0001	0.0001	0.0001	0.0207015	0.0001	0.00095258	0.0001	0.0001	0.81127	0.0001	0.0001	0.000304216	3.42691	0.0001	0.240537	0.0001	0.181799	0.0001	0.0001	2.38331	0.0001	0.0001	0.0102077	0.610132	0.000704565	0.0363786	0.0001
0.0001	0.0001	0.0695623	0.117753	0.0001	0.128063	0.0001	0.0253532	0.0616545	0.0001	0.346446	0.00923853	0.0001	0.0001	0.377539	0.0001	0.50968	0.117421	0.630597	0.0001	0.0001	0.0001	0.617232	0.0001	0.0301612	0.290932	0.0001	0.0001	0.0001	0.0001	0.361992	47.2233	0.69556	0.0001	0.0001	0.02585	0.0001	0.0001	0.0287368	0.212506	0.331922	0.0001	0.0001	0.0001	0.0001	0.0624062	0.264057	0.0001	0.309963	0.0001
0.000377716	0.0001	0.369201	1.46575	0.110383	0.0001	0.0001	1.57829	7.90229	21.2375	0.0001	0.0001	0.0001	0.0001	15.1765	0.143466	0.0001	0.207885	0.295109	0.0001	0.901769	0.0001	0.257534	0.0001	0.0355621	5.90343	0.0001	0.936488	0.0001	0.0001	0.0001	14.9357	0.0265621	0.0001	1.58668	0.0001	25.9922	0.22245	1.22014	0.0001	0.0001	0.553629	0.00555393	0.0001	0.0001	0.746376	3.25091	1.05862	1.68128	0.0001
0.00194403	0.0101358	1.11049	0.00377906	0.0001	0.0417535	0.00053834	0.0001	0.0001	0.0001	0.0001	0.0001	0.0001	0.00100996	0.0001	0.0324503	0.0001	0.20473	0.0001	0.0001	0.0001	0.0001	0.0001	0.0001	0.0001	0.0001	0.00236823	0.00285088	0.0001	0.0001	0.0001	0.0873377	0.0001	0.0001	0.0001	0.0259331	0.0001	0.0895497	0.0001	0.0410943	0.00136035	0.037248	0.0001	0.0001	0.0001	0.000281091	0.153561	0.00016817	0.0783672	0.0369956
0.0001	0.000396227	0.0001	0.0756481	0.00907862	0.0001	1.19839	0.0001	0.0001	0.0144589	0.0001	0.0001	0.0001	0.0001	0.0320143	0.152599	0.0001	0.00155128	0.0001	0.0204195	0.0001	0.230606	0.723524	0.0001	0.0001	0.0001	0.00136654	0.00157738	0.0001	0.0711582	0.0001	0.0001	0.0001	0.0001	0.0001	0.0001	0.0290514	0.154234	0.00154843	0.243972	0.0001	0.549834	0.0001	0.114919	0.0001	0.0001	0.166671	0.000645684	0.0001	0.0001
0.0001	0.000220726	0.0001	0.0168689	0.0001	0.0001	0.0001	0.0001	0.0160133	0.0001	0.0001	0.0001	0.0001	0.0001	0.0001	0.00691345	0.0001	0.000210758	0.0015524	0.0001	0.0001	0.0001	0.0001	0.0001	0.0333821	0.0314702	0.0001	0.0001	0.0001	0.0001	0.00176714	0.0001	0.0001	0.0001	0.0001	0.00281601	0.0001	0.057911	0.0099552	0.0001	0.000705532	0.0341247	0.184407	0.0001	0.0001	4.96843	0.0434489	0.0001	0.0001	0.053477
0.0001	0.0001	0.0122928	0.0001	0.0001	0.0001	0.0001	0.0001	0.088765	0.0001	0.0001	0.0262133	0.0001	0.0001	0.0001	0.0001	5.50045	0.0001	0.0152538	0.00576046	0.0001	0.0001	4.2075	0.0221766	0.0001	0.0001	0.0001	0.0001	0.0001	0.0001	0.0001	0.0001	0.00615256	0.0001	0.0001	0.0001	0.0001	0.127906	0.0001	0.0001	0.00186398	0.0911035	4.25675	0.0001	0.0001	0.0001	0.118095	0.0001	32.9478	0.0001
0.0001	0.0001	0.0001	0.0001	0.0001	0.0001	0.0001	0.0001	0.492401	0.0001	0.0245956	0.0001	0.0001	0.022699	0.0001	0.0001	86.9845	0.0001	0.140066	0.0001	0.0001	0.0001	13.5879	0.0001	0.0001	0.0001	0.0001	0.0001	0.0001	0.0001	0.0001	1.03004	0.0001	0.0137846	0.0001	0.0001	0.0001	0.0001	0.0001	0.0001	0.0421706	0.336409	36.2237	0.0001	0.0001	0.0493097	0.0001	0.0001	0.0597118	0.0001
0.00848628	0.00844243	0.77103	0.0001	0.0001	0.0126779	0.0039288	0.0001	0.0001	0.0001	0.0001	0.0001	0.0001	0.0101836	0.250522	0.0001	0.0430843	0.0132402	0.00469208	0.0001	0.0001	0.0001	0.0001	0.0001	0.0001	0.0001	0.0001	0.000475871	0.0001	0.0338234	0.0001	0.227758	0.0001	0.0001	0.0001	0.0001	0.0001	0.0001	0.0001	0.505859	0.198793	0.0001	0.0001	0.0001	0.0001	0.0100726	0.049442	0.000255423	0.0001	0.0001
0.828214	0.000259804	0.0001	37.9491	0.0936033	0.00226176	0.810477	0.0001	0.0001	0.991701	0.0149982	0.0001	0.0001	0.0001	0.0426426	0.176842	0.0001	0.0001	56.2972	0.0001	0.0001	0.0001	0.251507	0.0001	0.0001	0.015848	0.0001	0.0001	2.34599	0.0001	0.0001	0.229864	0.0001	0.0001	0.0001	0.209416	2.52529	0.0587126	0.867881	0.160803	0.0001	0.885704	0.907559	0.0001	0.0001	0.00919264	0.0001	0.0001	0.0001	0.0001
0.0001	0.0001	0.0001	0.0001	0.0001	0.0001	0.0001	0.0001	0.0001	0.0001	0.0001	0.0001	0.000648235	0.0001	0.0001	0.0454027	0.00727079	0.076521	0.0001	0.0001	0.0001	0.000413353	0.0001	0.0272589	0.0400382	0.0001	0.0001	0.0001	0.0001	0.0001	0.0001	0.0001	0.0001	0.0001	0.0001	0.0134741	0.0001	43.7881	0.112693	0.00883438	0.0001	0.0001	0.0001	0.0001	0.0001	0.00209953	0.0001	0.0001	0.0864649	0.00381886
0.0001	0.0001	0.051181	0.0001	0.0001	0.0001	0.0001	0.088913	0.0644758	0.171326	0.0001	0.0324639	0.00189095	0.000856857	0.126503	0.0728294	0.0001	0.0001	0.0208262	0.724026	0.0001	0.00513818	0.225505	0.104724	0.0001	0.0001	0.00239625	0.0001	0.00107943	0.00422114	0.0001	0.0001	0.0001	0.0100841	0.0001	0.0432708	0.0001	0.025869	0.0001	0.0001	0.0001	0.0555282	0.0001	0.0582625	0.00598036	0.0398783	0.0001	0.0001	0.0735096	0.0187909
0.0001	0.0001	20.6233	83.0813	0.0001	0.0001	0.0001	0.0001	0.0001	0.0001	0.0212602	0.0548074	0.0001	0.0001	0.0001	0.0001	0.000189586	0.0001	0.0001	0.197222	0.0001	0.113682	0.248981	0.394651	0.128786	0.0921176	0.0001	0.0001	0.0001	0.0395668	0.0554366	0.0001	0.0001	0.00267801	0.0001	0.0001	0.0001	0.0001	0.0317893	0.0331889	0.0001	0.0001	0.0001	0.0486717	0.00418798	0.00355279	0.244127	0.0001	0.0001	0.236149
0.0001	0.0108222	1.42369	0.0001	0.0001	0.0190261	0.0001	0.0080794	0.0211641	0.0001	0.0001	0.0001	0.0001	0.00186836	0.00384436	0.00484944	0.0001	0.088714	0.0001	0.0001	0.0001	0.0001	0.0001	0.0001	0.0001	0.0805152	0.000665621	0.00201681	0.0336361	0.0001	0.0001	0.327376	0.0001	0.0001	0.0001	0.0001	0.0001	0.0616615	0.0001	0.0001	0.13211	0.0001	0.0001	0.183774	0.0001	0.00575178	0.0001	0.0001	0.0001	0.0001
0.00157838	0.0001	0.0841233	0.173301	0.0409106	0.00756888	0.0001	0.0001	0.0001	0.0451288	0.0162327	0.0112006	0.0001	0.0001	0.0562451	0.0001	0.237349	0.0419129	0.051849	0.0101415	0.000141508	0.0272055	0.20079	0.129825	0.028496	3.06995	0.0001	0.0001	0.0001	0.0001	0.0261161	7.74528	0.537634	0.000397655	0.0001	0.0001	0.0421045	0.0270173	0.0421988	0.049391	0.0259406	0.0001	0.0001	0.0001	0.0001	0.00510811	0.145303	0.0001	0.0001	0.0501923
0.00109072	0.0154827	0.90031	0.0001	0.0001	0.0333306	0.00202329	0.0001	0.112047	0.0001	0.0001	0.0001	0.0001	0.00099497	0.0001	0.00213738	0.0001	0.0683908	0.0001	0.0001	0.0001	0.0001	0.0001	0.0001	0.0001	0.0001	0.0001	0.00533906	0.0001	0.0001	0.0500202	1.95152	0.00874525	0.0001	0.0001	0.0135651	0.0001	0.00869695	0.0001	0.0656945	0.00646268	0.0996754	0.0001	0.772758	0.0001	0.187696	0.204595	0.0001	0.0001	0.0001
0.0113967	1.56989	0.0001	0.797934	0.0772419	0.194804	0.000750946	0.0001	0.0001	0.0001	0.684651	0.0001	0.685189	0.0001	0.0001	0.0001	5.06592	0.0001	0.122821	0.151718	0.0430689	0.0001	0.358801	0.0001	0.0001	0.0001	1.51823	0.00215481	0.0001	0.687144	1.42037	0.0001	0.0175756	0.117735	0.00194403	0.0001	21.8311	0.0280499	5.99871	0.0001	0.0434864	0.363677	0.0001	0.16289	0.18052	0.0001	2.35234	0.0001	0.0001	0.0001
1.96574	0.0001	0.0001	0.259517	0.0001	0.000486993	1.17253	0.0001	0.0001	0.0001	0.526635	0.0236433	0.00107503	0.000262497	0.0001	0.0001	0.0001	0.0001	0.021479	0.0300179	0.0001	0.0591683	0.0001	0.162099	0.0001	0.0001	0.00856294	1.09692	0.0001	0.0149563	0.0001	0.0388389	0.0307934	0.00313647	0.0001	0.0001	0.1235	0.0001	0.0619185	0.00442416	0.0377221	0.0001	0.0001	3.16333	0.0001	0.0001	0.694907	0.0001	0.0001	0.0631286
0.0001	0.0001	0.0488194	0.0631757	0.00687954	0.0001	0.0001	0.0001	0.0001	0.0001	0.000554074	0.00376945	0.0001	0.0001	0.0001	0.0001	0.0780851	0.000139571	0.0001	0.0165068	0.00082297	0.0121389	0.03107	0.0553634	0.0154385	2.25074	0.0001	0.000300097	0.0001	7.48087	0.0631981	1.83981	0.00345988	0.000738796	0.0001	0.0001	0.0332478	0.00163917	0.0265753	0.000617397	0.0001	0.0389785	0.0118495	0.0001	0.000143463	0.0001	0.0830282	0.0001	0.0001	0.0254075
0.0001	0.0001	0.0001	0.0001	0.0001	0.0001	0.00352725	0.0001	0.991423	0.0001	0.537866	0.0223564	0.00439402	0.0155822	0.0001	0.0001	0.0001	0.0001	0.0343513	0.224522	0.0001	0.0738855	0.235336	0.807969	0.0001	0.0001	0.0001	0.0001	0.0001	0.0360358	0.0001	0.286239	0.0001	0.0220182	0.113388	0.0001	0.0001	2.57911	0.0001	0.0001	0.0001	1.80765	10.4292	0.275331	0.0201631	0.018976	0.0001	0.0001	0.0001	0.183409
0.0001	0.0001	0.0227045	0.0001	0.0001	0.0001	0.0001	0.0001	2.17237	0.0001	0.0001	0.0053317	0.0001	0.000624777	0.0001	0.0001	0.0172535	0.0001	0.0001	0.0179448	0.0001	0.0001	0.0001	0.0844963	0.0109385	0.0001	0.000842801	0.0001	0.0047006	0.0085559	0.113437	0.0001	0.0001	0.0017683	0.0001	0.0001	0.0001	0.0001	0.0001	0.0001	0.0001	0.0001	0.0001	0.00715736	0.0929692	0.000767157	0.0001	0.0001	0.00617612	0.0484417
0.0001	0.0001	0.0001	0.0001	0.00505774	0.0001	1.34406	0.0001	50.3828	0.0001	1.17789	0.00461952	0.0001	0.0001	0.0001	0.0001	0.0341426	0.0001	0.0136205	0.0001	0.0001	0.0001	0.0001	0.0617213	0.0001	0.0643497	0.0001	0.0001	0.0001	0.011204	0.00370986	0.0001	0.0001	0.0001	0.0001	0.0490022	0.118351	0.126236	0.0001	0.06455	0.00526826	0.00716006	0.452548	0.00457037	0.0001	0.00619288	0.0001	0.0001	0.00638692	0.0168528
0.0001	0.0291028	0.0001	0.0001	0.154654	0.0201372	0.0001	0.00420881	0.0001	0.192669	0.249843	0.0001	0.0001	0.0001	0.357841	0.288698	0.0001	0.0276651	0.432555	0.0001	0.000933101	0.0001	0.69576	0.0001	0.0001	0.00407685	0.0001	0.0195124	0.0849868	0.0001	0.00908859	0.418337	0.0001	0.0001	0.00237331	0.386029	0.571643	0.0001	0.0001	0.177376	0.226966	0.0001	1.81124	0.0539535	0.0001	0.00574422	0.0001	0.000614262	0.0242634	0.0001
0.00389389	0.0079624	0.0001	0.318574	0.0961239	0.0001	0.0001	0.00333928	0.0001	0.00214196	0.0001	0.0001	0.0001	0.0001	0.0001	0.0001	0.248874	0.0001	0.0001	0.0460165	0.0001	0.0001	0.415367	0.0001	0.0001	0.0001	0.00716088	0.0001	0.000140184	0.0001	0.0001	0.0001	0.0001	0.0001	0.0727614	1.30517	0.0001	0.0001	0.0001	0.0001	0.0001	0.0001	1.56931	0.0001	0.0001	0.0113	0.326117	0.0118157	0.0001	0.0001
0.0001	0.0001	0.264981	0.0642693	0.0001	0.0001	0.0001	0.0001	0.0001	0.0001	0.00494796	12.8199	0.0001	0.0001	0.0001	0.0611414	0.0001	0.0001	0.0001	0.0117801	0.0001	0.0001	0.00307259	0.0001	0.0435677	0.0236495	0.0001	0.0001	0.0001	0.0001	0.170812	0.0001	0.0001	0.0001	0.0001	0.0117907	49.4243	0.178807	0.0001	0.0121912	0.0001	0.386662	0.0046551	0.114999	0.0001	0.000343108	0.18389	0.0001	0.0001	0.113715
0.0001	0.000200202	0.026651	0.0001	0.0001	0.00274187	0.0001	0.0001	0.151114	0.0001	0.0001	0.0001	0.0001	0.0001	0.0001	0.0001	0.0001	0.191266	0.0001	0.0001	0.0001	26.4802	0.0001	0.0001	0.0001	0.0001	0.0001	0.0001	0.0001	0.0001	0.0001	0.0583791	0.0001	0.0001	0.000230315	0.0001	0.0001	0.0517119	0.00891088	0.0001	0.0001	0.00345235	0.103991	0.0001	0.0001	0.00297225	0.0426677	0.0001	0.107538	0.0001
0.000871826	0.0001	0.078595	1.67194	0.0001	2.64752	0.0001	0.0001	0.0001	14.9922	0.0001	0.0001	0.0001	0.0001	5.94773	0.922274	0.054567	0.0001	4.84431	0.00982816	0.0001	0.0001	0.0001	0.0001	0.111303	12.5166	0.0001	0.0001	0.0001	0.0526732	0.0001	101.46	0.000333896	0.0001	0.0001	0.0001	0.0947262	0.254391	3.53381	0.0001	2.14164	0.804601	0.0001	0.0001	0.0001	0.0109595	3.66093	0.988435	0.227702	0.0385927
0.00327811	0.0001	0.0001	0.0001	0.0001	0.0001	0.00370145	0.0001	0.228684	0.0001	0.0001	0.0001	0.00299777	0.0286193	0.0001	0.0001	0.0001	0.0001	0.0487077	0.0001	0.0001	0.0001	0.0001	0.0001	0.0001	0.0001	0.0001	0.00189493	0.0001	0.0001	0.0001	0.417779	0.0001	0.0178347	0.0001	0.0001	0.0001	0.0001	0.0001	0.0001	0.00472962	0.00157666	0.0001	0.0001	0.0137049	0.0271716	0.0001	0.000677624	0.0001	0.0001
0.00217971	0.00319072	0.0001	2.24643	0.093964	0.0001	0.0001	0.0001	8.04276	20.2635	0.0174119	0.0001	0.0001	0.0001	13.4668	0.0001	0.0001	0.0444613	0.0001	0.0001	0.0001	0.0001	0.338304	0.0001	0.0001	0.0001	0.0001	0.0001	0.0001	0.0001	0.27915	2.2941	0.0409293	0.0001	0.0001	0.173705	0.9223	0.524693	3.65755	0.641694	0.0001	1.37016	0.0001	0.0166785	0.0001	0.0292897	4.95209	1.25508	0.0001	0.0001
0.0001	0.0001	0.114798	0.0001	0.028542	0.0001	0.0001	0.0001	0.0001	0.0001	0.0001	0.0001	0.0001	0.0001	0.0001	0.163726	0.0001	0.00552171	0.699155	0.0001	0.0001	0.0001	0.036065	0.0001	0.0001	1.14984	0.0001	0.0001	0.00165335	0.0001	65.2188	4.13284	0.0001	0.0001	0.0001	0.0902338	0.0001	0.159791	0.0001	0.401081	2.00832	0.593245	0.0001	0.446558	0.0001	0.000825588	0.0001	0.995137	2.37051	0.0001
0.00502639	0.0001	0.0001	0.18627	0.998682	0.0001	0.00279296	0.000337538	0.0001	0.0001	0.0001	0.0001	0.0001	0.000351155	0.0001	0.313519	0.0001	0.000867783	0.0001	0.0648587	0.0001	0.267281	0.194228	0.0001	0.0286613	0.0001	0.0001	0.00156979	0.0001	0.0001	0.0001	0.0521915	0.0090459	0.0001	0.0191329	0.0001	0.0267392	0.0001	0.0725583	0.0184093	0.0001	0.0001	0.0001	0.0001	0.00693016	0.0603133	0.464767	0.000453272	0.0729648	0.0001
0.0001	0.00157782	0.0812307	0.0398878	0.00130835	0.00756953	0.0001	0.0001	0.172466	0.0001	0.00177021	0.0001	0.0001	0.0001	0.0001	0.0325584	0.0001	0.0001	0.00276326	0.0001	1.99487	0.0001	0.0266601	0.0001	0.0001	0.0001	0.0001	0.00213479	0.0001	0.0001	0.519336	0.0157102	0.00545467	0.0001	1.89166	0.0100673	0.27816	0.0001	0.0883478	0.0001	0.015	0.045708	0.122899	0.0001	0.0001	0.0001	0.182871	0.000963601	0.0001	0.0001
0.0001	0.00202774	0.0001	0.0001	0.00408164	0.0001	0.0001	0.0001	0.0001	0.0001	0.0001	0.0153515	0.0001	0.0001	0.267761	0.0131131	0.0001	0.00637096	0.00543362	0.0001	0.0001	0.0001	0.0248629	0.0001	0.0001	0.0001	0.0001	0.000249082	0.00362015	0.0001	0.0959478	0.0001	0.0001	0.0001	2.08211	0.0222665	0.0355312	0.0001	0.0001	0.0584219	0.0001	0.0001	0.117779	0.173521	0.0001	0.00133397	0.0001	0.000859122	0.0001	0.0001
0.0001	0.0001	0.002031	0.0993949	0.0201266	0.0001	0.0001	0.0001	0.0001	0.0153791	0.0001	0.0001	0.0001	0.0001	0.00659617	0.000890766	0.0001	0.0069566	0.0001	25.991	0.0001	0.0001	0.0952696	0.0001	0.0001	0.0116222	0.0001	0.0001	0.0001	0.0001	0.0178764	0.00233474	0.0001	0.0001	0.0001	0.029082	0.0149925	0.0001	0.0177349	0.017804	0.0001	0.0192815	0.248283	0.0143976	0.0001	0.0001	0.108876	0.0001	0.0001	40.9526
0.0001	0.0001	0.118328	0.409604	0.0968426	0.291375	0.000533871	0.00191292	0.0001	0.0145669	0.022998	0.0148075	0.0001	0.0001	0.212196	0.0001	0.324099	0.062058	0.309644	0.00511046	0.0001	0.205844	1.04055	0.34204	0.0337085	0.0001	0.0001	0.0001	0.0001	0.0001	0.35234	33.1577	0.78831	0.0001	0.0001	0.135961	0.062118	0.244359	0.090106	0.140949	0.164402	0.0644971	0.0001	0.0460227	0.0001	0.027354	0.443598	0.0001	0.112029	0.0603677
0.00514401	0.0001	0.128965	0.0523776	0.00299873	0.0001	0.0001	0.0001	0.0001	23.5392	0.00301978	0.00060809	0.0001	0.0001	0.0001	0.0366019	0.0001	0.0001	0.0111409	0.0001	0.000685471	0.0001	0.0496756	0.0001	0.00808475	0.0149579	0.0001	0.0001	0.000567988	0.0001	0.176101	0.76825	0.0001	0.0001	0.0288688	0.026577	0.0001	0.0001	0.0001	0.0001	0.0110367	0.0001	0.447986	0.00693562	0.0001	0.0105589	0.0001	0.0001	0.0054572	0.0001
0.0001	0.0001	0.80695	0.0001	0.0001	0.00696899	0.0001	0.0001	0.0001	0.0001	0.0001	0.0162412	0.00538894	0.0001	0.0001	0.204676	0.0001	0.0001	0.0001	0.0001	0.0001	0.0001	0.0001	0.0001	0.0001	0.0319368	0.0001	0.0001	0.0462628	0.311187	0.260331	0.0001	0.0001	0.0001	0.0001	0.0681504	7.1225	0.0001	43.4924	0.0001	0.0001	0.0639066	0.00975072	0.261447	0.000183334	0.00185533	0.0001	0.0001	0.0001	0.0001
0.0001	0.0001	14.2247	0.227376	0.115177	0.0001	0.0001	0.0001	0.0001	0.105885	0.194568	0.0244003	0.0001	0.0001	0.0270604	0.0001	0.26061	0.0001	0.0001	0.169725	0.0001	0.0915443	0.128296	0.669773	0.130967	0.74768	0.0001	0.0001	0.00425319	0.0329076	0.0922748	0.472166	0.0001	0.0001	0.0001	0.219399	14.5973	0.554129	0.0001	0.127734	0.0001	1.22266	45.3065	0.315504	0.0001	0.0001	0.0001	0.0001	0.0001	0.188619
0.0001	0.0001	0.0001	0.123719	0.0001	0.0001	0.0001	0.0001	0.0001	0.0001	0.0001	0.0001	1.3861	0.0001	0.0001	0.0001	0.0001	0.0001	0.0001	0.0001	0.0001	0.0001	0.0248714	0.0001	0.0001	0.0001	0.0001	0.0001	0.0001	0.0001	0.0001	0.0363612	0.0001	0.0513006	0.0001	0.0001	0.458793	0.0210592	0.107278	0.0001	0.0001	104.682	0.0460179	0.0001	0.0001	0.0001	0.30848	0.0001	0.0001	0.0001
0.0001	0.0001	0.269535	0.264793	0.0534922	0.00712592	0.0001	0.0001	0.1521	0.0887481	0.118465	0.013821	0.0001	0.0001	0.084131	0.0001	0.0205695	0.0001	0.0612217	0.0276622	0.000251906	0.0425713	0.0001	0.0557413	0.0422207	0.130954	0.0001	0.0001	0.0001	0.00855859	0.0001	0.0001	7.67034	0.0001	0.0001	0.107969	0.109984	0.268062	0.105934	0.0505087	0.0276947	0.0450503	0.0238887	0.482937	0.0001	0.00390875	0.319071	0.0001	0.0306352	0.0295593
0.00889247	1.58515	0.0001	0.871215	0.261776	0.0307108	0.0001	0.370814	0.0001	0.975855	0.0001	0.0001	0.679585	0.0001	0.737296	0.0001	4.61601	0.0001	0.502095	0.0001	0.0001	0.0001	1.42836	0.0001	0.0001	5.72104	1.5263	0.0001	0.00822948	0.844091	0.0001	0.00132471	0.0001	0.10969	0.0001	0.138793	14.4842	0.0001	0.0001	0.358151	0.0001	0.0001	4.65382	0.522722	0.15007	0.195554	0.488848	0.0001	0.477426	0.0001
0.0001	0.0001	0.0001	1.08872	0.0276521	0.0101338	0.0001	0.0001	0.0001	0.0001	0.0001	0.0001	0.0001	0.0001	0.0001	0.0001	0.0294795	0.0001	0.0001	0.0001	0.0001	0.0001	0.0396578	0.0001	0.0001	83.3659	0.0001	0.0001	0.0001	0.0001	0.0001	0.0001	0.0001	0.0001	0.0001	1.00519	0.0001	0.0407208	0.0001	0.0685505	0.0001	0.0797596	0.0156487	0.69883	0.0001	0.00226134	0.155052	0.0001	0.0001	0.0001
0.00105853	0.0001	0.193719	0.0001	0.0193848	0.00132638	0.0001	0.000980207	0.00316762	0.0231145	5.00884	0.11023	0.989647	0.0001	0.0229876	0.0001	0.138933	0.0001	0.0393468	0.467967	0.0001	0.257462	0.157748	0.942625	0.193971	0.162414	0.0163709	0.0001	0.00783329	0.119726	0.00844254	0.0001	0.0130453	0.0281428	0.00108774	0.0001	0.0001	0.0001	0.0001	0.0283977	0.0001	0.0001	0.0001	0.121775	0.0365143	0.000719053	0.0001	0.0001	0.0234301	0.544602
0.000429908	0.0001	3.0118	0.0001	0.0001	0.0001	0.0001	0.0001	0.0001	0.0001	0.247532	0.578214	0.063224	0.0001	0.0001	10.0131	0.0124021	12.9849	0.269462	0.0001	0.0001	0.949595	0.0001	5.85347	0.991346	0.0001	0.0001	0.0001	0.0090497	0.54505	0.652448	0.0001	0.0123656	0.261423	0.0001	3.50418	0.141656	0.0001	0.362136	0.0001	0.0523203	0.0001	0.0001	0.726111	0.12169	0.0127608	0.0001	0.0001	0.0686411	2.10665
0.0001	0.0001	0.0001	0.0001	0.00321078	0.0001	0.0001	0.0001	0.0001	0.0001	0.00455773	0.0001	0.0001	0.0001	0.0001	0.0001	1.90006	0.00425874	0.0001	0.0001	1.80486	0.0001	0.0001	0.0001	0.0001	0.646426	0.0001	0.0001	0.0001	0.00142137	0.0781368	0.550337	0.0001	0.0001	1.59858	0.0001	0.604337	0.0001	0.00877395	14.6684	0.0001	0.0001	0.479596	0.0001	0.0001	0.00909431	0.00422926	0.0001	0.0001	0.0001
0.0001	0.00119372	42.6005	0.00321457	0.0001	0.00303664	0.0001	0.0001	0.0001	0.0001	0.0110001	0.0001	0.0001	0.0001	0.0001	0.31053	0.0001	0.0001	0.0001	0.0001	0.0001	0.0001	0.11833	0.0001	0.0001	0.0001	0.0001	0.0001	0.0001	0.0001	0.0110524	0.0001	0.0001	0.0001	0.0001	0.0001	0.0001	0.0001	0.0871265	0.0001	0.255694	6.82884	0.0001	0.0001	0.0001	0.00326228	0.137861	0.0001	0.0001	0.0001
0.0195063	0.000792638	0.00684005	0.0001	0.0001	0.0001	0.0001	0.00240064	0.0001	0.0001	0.000857978	0.00357361	0.000321062	0.00109501	0.0001	0.0001	0.0001	0.0001	0.0001	0.0001	0.0001	0.0001	0.0001	0.0001	0.0108677	0.0001	0.0001	0.000379363	0.000404122	0.0001	0.0001	0.0001	0.0001	0.0001	0.000252733	0.0001	0.0001	0.0001	0.0001	0.037774	0.0001	0.0001	0.127984	0.0824983	0.0001	0.0001	0.0001	0.0188467	0.0001	0.0001
0.0001	0.0001	0.23993	0.0001	0.0001	0.0001	0.0001	0.0001	1.01424	0.0001	0.0400133	0.103716	0.00702835	0.0001	0.0001	0.0374109	29.283	0.0001	0.0586913	0.352154	0.0001	0.284882	0.728179	1.86984	0.257787	0.0001	0.00698589	0.0001	0.0001	0.102256	0.059841	0.0001	0.0001	0.0296882	0.0001	0.0001	0.0001	3.07077	0.0001	0.0001	0.00114257	2.13453	25.288	1.28359	0.0258807	0.0001	0.0001	0.0001	0.0001	0.571878
0.0001	0.00126223	0.0001	0.68094	0.211517	0.130969	0.0001	0.00414846	0.00809396	0.311422	0.0001	0.0001	0.0001	0.0001	0.460457	49.1853	4.71735	0.0001	0.406265	0.0001	0.0001	0.0001	1.01855	0.0001	0.0001	0.107874	0.0442177	0.0001	0.00373047	0.0284327	0.0001	0.0001	0.0409009	0.0001	0.0001	3.52085	0.0001	0.0131147	0.0001	0.27039	0.213164	0.0483231	1.58217	0.864235	0.0001	0.0291595	0.514706	0.0001	0.291379	0.0001
0.0001	0.0001	0.575141	0.0454285	0.0001	2.18234	0.0001	0.0001	0.423855	0.0001	0.00484595	8.12528	0.00288521	0.0001	0.0001	0.291468	0.0190721	0.0001	0.0001	0.0001	0.0001	0.0001	0.0777778	0.043918	15.7536	0.0001	2.59163	0.0028069	0.0001	0.0489333	0.229546	0.0001	0.00738022	0.0001	0.0001	0.126114	0.0001	0.184809	0.436437	0.0001	0.0001	0.825829	0.0001	0.447646	0.0001	0.0001	0.429741	0.0001	0.0001	0.0652893
0.0001	0.0001	0.0105019	0.0565578	0.0117179	0.0001	0.000449675	0.0001	0.00270402	0.0118977	0.00308475	0.00152372	0.0001	0.0001	0.00841663	0.0001	0.0001	0.0001	0.00183331	0.00522213	0.0001	0.0043689	0.501514	0.0323485	0.00356051	0.00445812	0.0001	0.0001	0.0001	0.00179981	0.00207234	0.258646	0.0001	2.42858	0.0001	0.00668694	0.00558749	0.0556096	0.0156405	0.00633282	0.0001	0.0370374	0.222796	0.0265262	0.0001	0.00372209	0.0802971	0.0001	0.00154049	0.00915626
0.0001	0.00134764	0.163933	0.0144408	0.0105345	0.0602099	0.0001	0.0001	0.0001	0.068708	0.0161537	0.00333232	0.00450535	0.0001	0.015811	0.109039	0.0272454	0.0001	0.0224762	0.0001	0.0001	0.206391	0.291116	0.0001	0.0159553	0.0001	0.0001	1.02014	0.00164636	0.0001	0.0001	0.370874	0.012875	0.00536442	0.0001	0.0451906	0.0998871	0.00440776	0.0737685	0.0001	0.241574	0.0794105	0.0793562	0.109345	0.0001	0.0001	0.0001	0.0001	0.0001	0.0001
1.94037	0.00180489	0.597631	0.0238381	0.0536505	0.0485478	1.16681	0.0333965	0.47766	0.107306	1.46978	0.0178881	0.0001	0.0001	0.123477	0.367155	0.510025	0.424592	0.0001	0.0001	0.0001	0.0001	0.142983	0.0001	0.132049	0.443412	0.0001	0.0001	0.004632	0.0259398	0.0001	0.0001	0.0001	0.0001	0.0001	0.355266	0.0001	0.131281	0.112308	0.0001	0.0001	0.615726	0.0001	3.01001	0.00702507	0.010804	0.0001	0.0001	0.0340598	0.0001
0.0001	0.0001	0.0001	0.0001	0.0001	0.00141119	0.0001	0.0001	0.0001	0.0001	0.0001	0.016418	0.0001	0.0001	0.0001	0.0001	0.0001	0.0001	0.0001	0.0001	0.0001	0.0001	0.0001	68.964	0.0001	0.0001	0.0001	0.0001	0.0001	0.0001	0.0001	0.0001	0.00951009	0.0001	0.0001	0.0001	0.0001	0.0001	0.00904146	0.0531727	0.0001	0.0001	0.35821	0.0001	0.0001	0.0001	0.0281346	0.0001	0.0001	0.0001
0.0498573	0.0001	0.0745601	0.0001	0.0351916	0.0001	0.0001	0.00587556	0.0001	0.0001	0.0001	0.0103042	0.000221013	0.0001	0.0001	0.0340568	0.226317	0.0001	0.0001	0.0191504	0.0001	0.0001	0.0333452	0.143036	0.0281338	0.0297321	0.00119596	0.0001	0.0100323	0.0126341	0.204892	0.0001	0.0001	0.00118441	0.0001	0.0322506	0.0001	0.0001	0.0001	0.33678	0.0001	0.0001	0.255699	0.0001	0.116422	0.00205057	0.0001	0.0001	0.0102788	0.0661973
0.00341101	0.0001	0.0001	0.0001	0.0001	0.0001	0.000739366	0.0228034	0.0001	0.0388433	0.00288926	0.0192542	0.00136274	0.0001	0.0244006	0.0001	0.496106	0.0001	0.0001	0.0358392	1.98525	0.10991	0.0001	0.183437	0.0358743	0.0001	0.00256323	0.0001	0.0001	0.00721409	0.0001	0.0001	0.0001	0.00338329	1.91067	0.0001	1.06365	0.0001	0.0001	0.218818	0.0001	0.0001	0.0001	0.0001	0.00289196	0.00907764	0.00326455	0.0001	0.0107089	0.165384
0.0001	0.0001	0.0555946	0.233862	0.038643	0.00532766	0.0001	0.0001	0.0001	0.0457849	0.109204	0.0001	0.0001	0.0001	0.0174605	0.0001	0.0001	0.0001	0.0001	0.0001	0.0001	0.0164797	26.465	0.0001	0.0001	0.0001	0.000479502	0.0001	0.0001	0.0001	0.0001	0.245343	0.0001	0.0001	0.0001	0.0001	0.0978792	0.0723008	0.0516984	0.065729	0.0001	0.0920508	0.0001	0.070112	0.0001	0.0001	0.554117	0.0001	0.0001	0.0001
0.0001	0.0001	0.0001	0.0001	0.0001	0.0001	0.0001	0.0001	0.0735072	0.0001	0.00439426	0.0001	0.00104984	0.0001	0.0001	0.0001	0.00718043	0.0001	0.0001	0.002866	0.0001	0.189118	0.0001	0.126238	0.0001	0.0619361	0.0001	0.00267764	0.0001	0.0503521	0.137678	0.0001	0.0001	0.0116389	0.0001	36.1328	1.81101	0.117965	0.646258	0.0001	0.155728	0.219322	0.0001	0.0063151	0.0001	0.00441099	0.0001	0.0001	0.0873546	0.00752705
0.00210863	0.00112086	0.0001	0.0001	0.0712538	0.00772945	0.0001	0.0001	0.0001	0.0138181	0.21565	0.0001	0.0001	0.000155692	0.31771	0.0001	0.0001	0.0001	0.0269036	0.0001	0.0001	0.0001	0.00351345	0.0001	0.0001	0.0001	0.0113246	0.0001	0.000754349	0.000753638	0.0001	0.0001	0.12859	0.0001	0.0001	0.0001	0.0001	0.0001	0.0001	0.00511388	0.0129685	0.0001	2.17638	0.0001	0.0001	0.000125319	0.0001	0.0001	0.0353727	0.0001
0.00242223	0.0001	0.0001	0.00980155	0.0250847	0.0153879	0.0001	0.0614683	0.0001	0.120089	0.00528101	0.0335891	0.00254349	0.0001	0.112037	0.0001	0.188796	0.0001	0.0355589	0.0612729	1.96117	0.0477903	0.0146447	0.171558	0.0540846	0.0001	0.00549221	0.0001	0.00099452	0.00970648	0.0001	0.0943455	0.0001	0.00564124	1.91338	0.0001	0.161413	0.0442219	0.0001	0.342459	0.0001	0.0001	0.0001	0.0001	0.00491176	0.0261043	0.0001	0.0001	0.0621403	0.0916087
0.0001	0.0001	1.21735	1.32521	0.134035	0.0001	0.00493418	1.59865	0.0001	17.4029	0.111266	0.109359	0.0001	0.0001	11.2667	0.826324	0.0001	0.0001	0.469532	0.0645289	1.27519	0.0583195	0.391923	0.171112	0.329488	6.2802	0.0001	0.938298	0.0001	0.0216019	10.3639	11.9902	0.0001	0.0001	1.5493	0.217218	2.5305	0.792832	3.76914	2.53212	0.323935	2.62164	0.0001	0.772762	0.0001	0.657365	2.55227	1.01408	2.13748	0.144339
0.03302	0.00622408	0.0001	1.40056	0.395969	0.0001	0.0001	0.00944595	0.0001	0.878639	0.0001	0.0001	0.0001	0.0001	0.177941	0.0001	0.457068	2.60442	0.0001	0.046552	0.0001	0.0001	10.5815	0.306958	0.687315	0.0001	0.0294709	0.0001	0.0035692	0.0158093	0.175281	0.0001	0.0001	0.0001	0.0203976	6.41478	0.0001	0.0001	0.0001	0.401596	0.0001	0.0001	3.28067	0.0001	0.0132877	0.0132175	1.83859	0.0001	0.0373841	0.0531062
0.0001	0.0001	0.047101	0.0001	0.0001	0.0001	0.0001	0.0001	0.0516057	0.0001	0.0001	0.026291	0.0001	0.0001	0.0001	0.0001	0.0001	0.0097601	0.0001	0.128343	0.0001	0.0889647	0.0001	0.341662	0.0495855	0.0001	0.0001	0.0001	0.04758	0.0292129	0.0001	0.147816	0.0001	0.00260907	0.0001	0.0001	0.0001	0.0001	0.0001	0.0001	0.0001	0.0001	0.0001	0.424112	0.00297565	0.0411885	126.448	0.0001	0.0001	0.143995
0.0001	0.00343755	0.0001	0.051001	0.0113729	0.00198109	0.000696542	0.00494996	0.267359	0.0001	0.0001	0.0001	1.8618	0.000337371	0.0001	0.0001	0.0001	0.192794	0.0001	0.0001	0.0001	0.0001	0.0001	0.0001	0.0001	0.0001	0.0001	0.00258889	0.0001	0.0448712	0.138128	0.0001	0.0001	0.0001	0.0001	0.0001	0.0001	0.168745	0.0569701	0.0001	0.0001	2.85944	0.0001	0.0001	0.0001	0.000620403	0.184453	0.0001	0.0001	0.0001
0.0001	0.0001	0.00957807	0.0695663	0.014794	0.0001	0.0001	0.0001	0.0001	0.00384529	0.0001	0.0001	0.0001	0.0001	0.0001	0.0001	0.0200299	62.3118	0.0001	0.516063	0.0001	0.121867	0.0636404	0.0237898	0.0112967	0.0001	0.0001	0.0001	0.0001	0.0001	0.0143805	0.262328	0.0001	0.00171091	0.0001	0.0202501	0.00701609	0.0001	0.00635048	0.0135028	0.0001	0.0001	0.209836	0.0001	0.0001	0.00506649	0.197962	0.0001	0.0001	0.0001
0.0001	0.0001	0.0598485	0.0498192	0.00977332	0.0001	0.0001	0.0019884	0.0001	0.0182606	2.72221	0.0048155	0.0001	0.0001	0.0169116	0.0417817	0.144852	0.0001	0.00472029	0.012568	0.0001	20.7594	0.0103886	0.0339102	0.0173417	0.0812887	0.0001	0.0001	0.0001	0.00322718	0.0001	0.0001	0.0001	0.00601103	0.0001	0.0252646	0.000766203	0.00958611	0.0193814	0.0503206	0.0001	0.0819864	0.052599	0.0592582	2.55981	0.00111882	0.0584121	0.0001	0.00508082	0.0189534
0.0518581	0.00526099	0.0001	0.0001	0.0001	0.0749965	0.0001	0.0001	0.0001	0.0001	0.0001	0.0206693	0.0001	0.0068788	0.570148	0.0001	0.0001	0.0001	0.0194758	0.0001	0.0001	0.0001	2.84524	0.0001	0.0001	5.66141	0.0001	0.0001	0.0001	0.0632887	0.560486	44.0547	2.69393	0.0001	0.00910507	0.0001	0.0001	0.0001	0.0001	0.0649557	0.768214	0.0001	10.4147	0.0001	0.00592081	0.00932473	0.0001	0.0001	0.0501576	0.0001
0.0001	0.0001	0.815521	0.115125	0.0001	0.0001	0.0001	0.0001	0.0001	0.0001	0.0276975	0.0386437	0.0001	0.0001	0.0001	69.1304	0.0001	0.0001	0.0001	0.0001	0.0001	0.12591	0.0001	0.0001	0.135903	0.0001	0.0001	0.0001	0.0001	0.0001	0.0705836	4.11204	0.0001	0.0001	0.0001	0.0001	0.292633	0.0001	0.278524	0.0210659	0.0001	0.366442	0.540926	0.0565574	0.0001	0.0407068	0.320301	0.0001	0.0127252	0.0001
0.0001	0.00230597	0.0001	0.932993	0.300839	0.0001	0.0001	0.00319771	0.0001	0.268519	0.0001	0.0001	0.0001	0.0001	0.485524	0.0001	65.1079	0.0001	0.0001	0.0001	0.0001	0.0001	0.82267	0.0001	0.53481	0.0001	0.002953	0.0001	0.00519873	0.0001	0.169059	0.0001	0.0358978	0.0001	0.0001	0.172763	0.0001	0.379913	0.0682092	0.178339	0.0001	0.405861	0.0001	3.92425	0.0001	0.0001	0.595259	0.0001	0.0001	0.0001
0.0001	0.00063978	0.0001	0.0001	0.31345	0.0001	0.000437239	0.0001	0.0001	0.0001	0.0001	0.0001	0.0001	0.0018777	0.0001	0.0001	0.00269187	0.0001	0.0001	0.0001	0.0001	0.0001	0.0001	0.0001	0.0001	0.0001	0.0187919	0.00027096	0.0001	0.00843514	0.0001	0.0001	0.00153971	0.0001	0.001122	0.0001	0.0001	0.0001	0.0001	0.0276133	0.0001	0.0001	0.0001	0.0001	0.0714683	0.00018225	0.0001	0.000669603	0.105471	0.00302457
0.0001	0.0001	0.00394893	0.114861	0.0893594	14.1171	0.0001	0.0001	0.00326077	0.0001	0.0001	0.0001	0.0001	0.0001	0.046611	0.0001	0.0001	0.0001	0.0761221	0.0001	0.0001	0.0001	0.0172565	0.0001	0.0001	0.114484	0.0001	0.0001	0.0001	0.0001	0.0327281	0.0001	0.000622431	0.00329111	0.0001	0.000568404	0.438816	0.0001	0.00275782	0.0113217	0.0393567	0.0001	0.243019	0.00263577	0.0001	0.0037085	0.0972857	0.0001	0.0462429	0.0001
