0.000273685	0.0001	0.000783497	0.00175329	0.00401187	0.00145289	0.00426216	2.42146	0.0001	0.0001	0.785501	0.896563	0.00310975	0.0001	0.0270697	0.0336961	0.205211	0.00594016	0.0255783	0.0001	0.0001	0.00705889	0.0001	1.18199	0.0001	0.0001	0.0267655	0.0001	0.0001	1.18986	0.820643	0.000325306	1.18023	0.223822	0.0001	2.51379	0.116252	0.0235228	0.0001	0.0001	1.13129	0.0807706	0.0001	0.0001	1.64638	1.50059	0.0616802	1.11739	0.0001	0.0001
0.0001	0.343975	0.0001	0.00358382	0.0001	0.0001	0.000395086	9.17955	0.0001	0.0001	0.00475606	0.00319583	0.0001	0.0001	0.0001	0.0001	0.0001	0.00162846	0.0001	0.0001	0.0001	0.0001	0.0001	0.0001	0.0001	0.208942	0.0001	0.200394	0.00928156	0.0001	0.0302424	0.0001	0.0363959	0.0001	1.58211	0.0860621	0.0055965	0.0001	0.0001	0.049835	0.0134241	0.118755	0.0001	0.128303	0.0001	0.0508578	0.0001	0.0001	0.0001	0.0001
0.00483199	0.0112272	0.0165679	0.0001	0.0432185	0.00390991	0.0108953	0.0585165	0.00787346	0.0001	0.0001	0.00755487	0.485382	0.0001	0.0115884	0.0001	0.0001	0.0001	0.0001	0.00376616	0.149389	0.486843	0.162236	0.00130972	0.0001	0.0618312	0.0753037	0.0001	0.370058	0.0001	0.0001	0.324449	0.768889	0.314385	0.0001	0.0001	0.034153	0.193491	0.00354622	0.511448	0.792836	0.0001	0.235878	0.73851	0.0001	0.570463	0.0001	0.00210621	0.0119376	0.00386048
0.0001	0.0001	0.0001	0.0001	0.000214454	0.0001	0.00120481	0.0204777	0.00549031	0.853178	0.0288867	0.0001	0.0303784	0.000368045	1.75098	1.05969	0.0399986	0.0131464	0.0001	0.0001	0.0615277	0.169931	0.0001	0.00014541	0.0001	0.0001	0.00122659	0.0001	0.0001	0.00538101	0.0001	0.00199352	0.0111247	0.00254323	0.0001	0.074257	0.0001	0.00477682	0.0001	0.0001	0.100132	0.00207356	0.258484	0.0432088	0.152069	0.0001	0.00135104	0.0001	0.00105791	0.00125861
0.0203048	0.0001	0.0001	0.000263615	0.0001	0.0001	0.0001	0.0001	0.0001	0.129233	0.0001	0.0001	0.0001	0.0001	0.0001	0.0001	0.0001	0.0285316	0.0001	0.0001	0.0001	0.0001	0.0001	0.00106448	0.00857871	0.811792	0.0001	0.0001	0.0001	0.0001	0.0001	0.0001	0.0001	0.0001	0.0001	0.0001	0.0001	0.0001	0.00113818	0.0174927	0.105082	0.00258159	0.0001	0.0001	0.0001	0.0001	0.0001	0.000303698	0.0001	0.0054912
0.0001	0.0001	0.00263055	0.0001	0.0234697	0.0001	0.00246023	0.0001	0.00402245	0.0001	0.129476	0.0114033	0.0001	0.0001	0.0001	0.00248808	0.0543717	0.0001	0.0001	0.0001	0.0453513	0.0001	0.0001	0.0001	0.0001	0.00685189	0.0001	0.0001	0.0001	0.00368636	0.0360369	0.00473669	0.0001	0.0001	0.0492671	0.320943	0.0001	0.149355	0.0458802	0.0001	0.0001	0.023311	0.0001	0.0941103	0.0001	0.0001	0.0001	0.0001	0.0001	0.0001
0.0001	0.00853546	1.50291	0.00239333	0.00375474	0.0001	0.0001	0.0001	0.984004	0.0278243	0.0001	0.0001	0.0001	0.000153398	0.0001	0.0001	0.0001	0.000432009	0.0001	0.0001	0.020518	0.0001	0.00309267	0.0001	0.00722911	0.430078	0.0001	0.119886	0.0392624	0.0001	0.0001	0.0001	0.0900455	0.0170022	0.226763	0.128517	0.0001	0.0001	0.00202382	0.149035	0.201646	0.0407795	0.0001	0.0113599	0.0001	0.151506	0.0287426	0.0001	0.0001	0.0001
0.0001	0.0001	0.0001	0.0001	0.0001	0.0001	0.0001	0.0001	0.0001	0.0001	0.011406	0.0001	0.0001	0.0001	0.0001	0.0001	0.0001	0.0001	0.224607	0.0001	0.00223346	0.0109827	0.0001	0.0001	0.0001	0.0001	0.0001	34.9867	0.00159846	0.0001	0.0001	0.0001	0.0172342	0.0001	0.0001	0.0001	0.00325298	0.0001	0.0001	0.0001	0.0001	0.0001	0.0001	0.0283661	0.0001	0.0001	0.0001	0.0001	0.0001	0.0001
0.0001	4.51134	0.0138324	0.000924274	0.0001	0.0001	0.0001	1.84312	0.0001	0.0001	0.0001	0.000941014	0.0799372	0.0001	0.0459409	0.00260939	0.0001	0.168049	0.0435608	0.0001	0.0767004	0.00295859	0.00233895	0.0001	0.0984769	0.0001	0.0001	0.00794447	0.0001	1.17001	0.0001	0.0001	0.0125392	0.0001	1.62042	0.0001	0.0001	0.046585	0.0001	0.0959739	0.0001	0.0001	0.0001	0.141649	0.0001	0.00809437	0.0001	1.25327	0.0001	0.0140055
1.21996	0.012088	0.00058037	0.0001	0.00394482	0.0001	0.0001	0.0693774	0.0001	0.0001	0.00949512	0.00992258	0.0001	0.0001	0.0001	0.000192343	0.219877	0.0001	0.0001	0.0001	0.0001	0.000276809	0.00767251	0.0001	0.0001	0.0001	0.0001	0.000215129	0.0316241	0.00570293	0.0001	0.000885279	0.0001	0.0001	0.0010933	0.843444	0.0001	0.0001	0.00253091	0.0001	0.229952	0.0238091	0.0001	0.0001	0.674011	0.0001	0.0001	0.0001	0.0001	0.0001
0.0001	0.0001	0.0001	0.0001	0.0001	0.0165615	0.0001	0.0001	0.0001	0.583332	0.0715693	0.0001	0.0001	0.0001	0.0001	0.0001	0.0001	0.0001	0.0823969	0.0001	0.0001	0.0001	0.0001	0.0001	0.0001	0.0001	0.0001	0.0001	0.0001	0.0001	0.0001	0.0001	0.0001	0.0001	0.0001	0.00280051	0.0001	0.0001	0.0001	0.0765494	0.0001	91.1183	0.0001	0.0140215	0.593545	0.567721	0.0001	0.0001	0.0001	0.0001
0.0001	2.58946	0.0205063	0.00114598	0.0001	0.0001	0.00159406	0.204803	0.0001	0.0001	0.053294	0.0001	0.0001	0.000441813	0.0001	0.00163525	0.019036	0.0001	0.0001	0.0001	0.0001	0.0001	0.0001	0.000336456	0.0001	0.0001	0.0001	0.0001	0.0001	0.0001	0.394614	0.0001	0.0001	0.0001	0.0001	0.0129968	0.0122126	0.0248883	0.00185891	0.0001	0.00666411	0.0001	0.0840319	0.0001	0.0001	0.0001	0.00215588	0.0001	0.000786791	0.0001
0.0001	0.0001	0.00112951	0.00394021	0.00505846	0.0001	0.00148371	0.0001	0.0001	0.0001	0.128207	0.0001	0.0001	0.000579093	0.0196503	0.00778442	0.0001	0.0001	0.0001	0.0001	0.00759093	0.0001	0.0001	0.0001	0.0001	0.00340545	0.0001	0.0001	0.0001	1.2831	0.00635184	0.0001	0.000322671	0.0001	0.029057	0.0001	0.0340232	0.0001	0.0096369	0.0001	0.0001	0.0001	0.0834979	0.0001	0.0001	0.0001	0.0001	0.0067481	0.0001	0.0001
1.11639	0.00109058	0.0001	0.0001	0.0001	0.0001	0.0001	0.0001	0.0001	0.197038	0.0001	0.0001	0.0101719	0.0001	0.0001	0.0001	0.0001	0.0262792	0.0001	0.000211009	0.0090056	0.0408606	0.0001	0.0001	0.00397752	0.00307105	0.000384501	0.00233227	0.0160642	0.0001	0.0001	0.000568966	0.0211889	0.0001	0.0952982	0.0001	0.0001	0.00537473	0.0001	0.0130442	0.0181503	0.0227328	0.0347979	0.0001	0.0020272	0.00666644	0.0001	0.000654048	0.000218465	0.0001
0.0001	1.815	0.000492644	0.00209066	0.00264542	0.0001	0.00150643	2.69438	0.00397301	0.766941	0.885684	0.88999	0.185342	0.0001	0.00522152	0.0158653	0.609751	0.0276547	0.457464	0.0001	0.0001	0.0029213	0.0001	1.1836	0.0001	0.0617466	0.0001	0.0001	1.29865	1.27697	0.599957	0.0001	1.13866	0.242866	0.0001	0.946449	0.0139135	0.064766	0.0001	0.0001	0.956959	0.0537485	0.0001	0.0001	2.16702	1.97608	0.0176645	1.12174	0.0001	0.0001
0.0001	0.0001	0.0001	0.0001	0.0001	0.0001	0.0001	0.0001	0.0001	0.284118	0.0001	0.0001	0.0001	0.0001	0.0001	0.0001	0.0852213	0.0001	0.0001	0.0001	0.0001	0.0403421	0.0001	0.0001	0.0182265	0.0001	0.0001	0.0001	0.0001	0.0001	0.149704	0.000708902	0.0001	13.8612	0.0001	0.0001	0.0312596	0.0001	0.0001	0.0001	0.0001	0.0001	0.0001	0.00600867	0.738174	0.467214	0.0167709	0.0001	0.0001	0.0001
0.0001	0.00268561	0.0001	0.0001	4.45249	0.0001	0.0001	0.0001	0.0001	0.0336331	0.0001	0.0001	0.0001	0.0001	0.0001	0.0001	0.0746259	0.00439971	0.0001	0.0001	0.0001	0.0001	0.0341915	0.0001	0.0001	0.0001	0.0001	0.0001	0.0001	0.0001	0.0001	0.00066921	0.0001	0.0001	0.0293304	0.0001	0.0001	0.0001	0.0001	0.00893839	0.0642466	0.161004	0.141146	0.0001	0.0001	0.0001	0.438701	0.0001	0.0001	0.000725727
0.0001	0.0001	0.015335	0.00660615	0.0001	0.00035161	0.00151746	0.0001	0.0001	0.0001	0.0001	0.0252704	0.429876	0.00220995	0.0001	0.0001	0.0001	0.0001	0.0001	0.0001	0.0001	0.0001	0.0001	0.00291493	0.00159621	0.0001	0.11463	0.0423199	0.0001	0.0001	0.0001	0.0001	0.0001	0.0001	0.0001	1.90573	0.0001	0.165578	0.00363958	0.0001	0.0001	0.0001	0.0178139	0.0001	0.0001	0.0001	0.0001	0.011854	0.0001	0.0001
0.0001	0.0315966	0.000912935	0.0001	0.0001	0.0001	0.0001	0.0001	0.0001	0.919446	0.064515	4.05162	0.0275493	0.0001	0.0013759	0.0001	0.0001	0.00100152	0.0001	0.00114709	0.151802	0.0001	0.0001	0.0001	0.0001	1.61447	0.0267879	0.696196	0.39891	0.0001	0.0001	0.0001	0.608858	0.0001	0.0001	0.125289	0.0001	0.0372727	0.0001	0.748711	0.0001	0.0460197	0.0001	1.89841	0.0576665	0.0001	0.0001	0.0014703	0.0001	0.000233623
0.0001	0.0001	0.0001	0.0001	0.0001	0.0001	0.0001	0.0001	0.0001	0.0001	0.0001	0.0001	0.0001	0.0001	0.0001	0.0001	0.0001	0.0001	0.0001	0.0001	0.0001	0.0001	0.047588	0.0001	0.0001	0.0001	0.0001	0.0041879	40.8317	0.0001	0.0001	0.0001	0.00595336	0.0001	0.0001	0.0001	0.0001	0.0001	0.0001	0.0001	0.0001	0.0001	0.0001	0.253385	0.0001	0.00625788	0.0001	0.0001	0.0001	0.0001
0.0001	0.0001	0.00174048	0.0001	0.0130513	0.0001	0.00345812	0.0001	0.0109792	0.0001	0.0001	0.0001	0.0001	0.0001	0.0001	0.000549905	0.0217652	0.0001	4.48082	0.0001	0.0091081	0.0435269	0.117061	0.0001	0.0001	0.0001	0.0001	0.0001	0.0001	0.0001	0.0001	0.00221968	0.0001	0.0001	0.0427383	0.110605	0.0001	0.0001	0.0120427	0.296593	0.0001	0.00291581	0.000382553	0.0249697	1.04095	0.0001	0.0001	0.0001	0.0001	0.0001
1.22696	0.0001	0.0001	0.000776406	0.0001	0.000229093	0.00179534	0.0001	0.0001	0.234281	0.0001	0.0001	0.0001	0.0001	0.0001	0.0265953	0.0001	0.00202369	0.0032313	0.000185412	0.00884217	0.0001	0.0001	0.000222141	0.0001	0.0001	0.0001	0.0001	0.0001	0.0001	0.0001	0.0001	0.0001	0.0967826	0.0001	0.0001	0.0001	0.00623446	0.0001	0.0001	0.0001	0.00390489	0.0001	0.205049	0.0001	0.0001	0.0001	0.00843171	0.000268537	0.0001
0.00367892	0.000251029	0.0001	0.000980092	0.0001	0.0001	0.00230961	0.0001	1.10485	0.0001	0.00110942	0.0001	0.764873	0.0001	0.0001	0.0001	0.0001	0.0001	0.0001	0.0001	0.135096	0.0001	0.0001	0.0001	0.0001	0.0001	0.0001	0.0001	0.0001	0.0001	0.0001	0.0001	0.00294534	0.0001	0.0001	0.0150212	0.00181489	0.0001	0.0001	0.0001	0.0159676	0.0001	0.0001	0.0001	0.00259443	0.921109	0.0001	0.0001	0.0001	0.0001
0.0001	0.00289092	0.0001	0.0001	0.0001	0.0001	0.0001	0.0186074	0.0001	0.0001	0.0001	0.0001	0.346205	0.0001	0.0001	0.0001	0.0001	0.0248858	0.261783	0.00633213	0.0001	0.0637277	0.0001	0.0001	0.0001	1.15738	0.0128001	0.0109205	0.0001	0.0001	52.1595	0.0001	0.0375563	0.0001	0.0001	0.144164	0.0001	0.0776178	0.0001	0.0976697	0.0530282	0.0001	0.127315	0.0001	0.963117	0.040039	0.0001	0.0001	0.0001	0.0178627
0.00101587	0.0001	0.0001	0.0001	0.0001	0.0001	0.0001	0.0001	0.0001	0.666683	0.021266	0.0001	0.191484	0.00942037	0.0001	0.0001	0.0001	0.010283	0.180866	0.00697592	0.0001	0.0823795	0.0001	0.0001	0.00775162	0.0001	0.0104263	0.0141245	0.0001	0.0001	0.011032	0.0001	0.0225021	0.0001	0.0001	0.0001	0.0414264	0.0458728	0.0001	0.0116331	0.0001	0.0001	0.0959911	0.0001	10.257	0.0333626	0.0070669	0.0178017	0.00124162	0.0001
0.0001	0.0001	0.0001	0.0001	0.00144284	0.0001	0.0001	0.021942	0.0001	1.41568	0.0001	0.0001	0.0001	0.0001	0.0001	0.0001	0.0001	0.0001	0.0001	0.0529681	0.0321819	10.112	0.0232407	0.0001	0.00769281	0.0001	0.0001	0.0001	0.256378	0.0001	0.0001	0.0322783	0.0001	0.0001	0.0001	0.426323	0.0001	0.0001	0.00783988	0.0001	1.97643	0.232798	0.963736	0.0523984	0.700037	0.0996081	0.0001	0.0001	0.00511803	0.00276867
0.0001	0.753781	0.911734	0.744585	0.476214	0.0001	0.970214	0.250939	1.03938	2.11936	0.0001	0.0001	0.0001	0.0001	1.24387	0.777457	0.126576	3.49664	0.0001	2.17165	0.0736113	9.50856	0.223627	0.0001	0.0001	0.626482	0.0001	0.270502	0.0916383	0.0537017	0.0001	1.00438	0.051778	0.0001	0.0678157	1.15753	0.0001	0.0001	0.0001	0.428332	0.0001	0.668679	22.4965	0.661428	0.896807	0.389822	6.02232	0.0001	1.21396	0.0001
0.000874491	0.0001	0.0001	0.0001	0.0001	0.0001	0.00272016	0.0001	0.0001	0.0001	0.0001	0.0126073	0.0001	0.00180029	0.0001	0.0001	0.0001	0.0001	0.0001	0.0001	0.0001	0.00705444	0.082684	0.0032269	0.00546071	0.0001	0.0001	0.0001	0.0001	0.0001	0.0001	0.0001	0.0001	0.0001	0.0182153	1.19593	0.0111482	0.0001	0.0001	0.0826826	0.0001	0.0001	0.0001	0.0001	0.0001	0.0001	0.0001	0.00491203	0.0001	0.000447193
0.0001	0.0001	0.0001	0.0001	0.0001	0.0001	0.0001	0.0001	0.0001	0.0001	0.0001	0.0001	0.0001	0.0001	0.0001	0.0001	0.0965228	0.0001	0.0001	0.0001	0.0001	0.0001	0.0001	0.0001	0.0001	0.0001	0.0001	0.314641	0.0001	0.0001	0.0001	0.0001	0.317066	0.0001	0.0001	0.0001	0.0001	0.0001	0.0001	0.0001	0.0001	83.0959	0.0001	0.0001	1.04505	0.119919	0.0001	0.0001	0.0001	0.0001
0.00412563	0.0001	0.0001	0.0001	0.0001	0.0001	0.0001	0.0109931	0.0001	0.0001	0.0001	0.007711	0.0001	0.00129093	0.0108991	0.0001	0.0001	9.97956	0.0159942	0.0001	0.0001	0.0001	0.029225	0.00055556	0.0001	0.0001	0.0001	0.0001	0.0001	0.0001	0.0300892	0.0001	0.0001	0.0036493	0.0001	0.0001	0.0132117	0.0001	0.0001	0.0001	0.0375997	0.0001	0.139925	0.0001	0.0001	0.0001	0.0001	0.0001	0.0001	0.0001
0.0001	0.0001	0.0001	0.0001	0.00118926	0.0001	0.0001	0.0001	0.0001	0.655716	0.150652	0.0001	0.0001	0.0001	0.0001	0.0001	0.0001	0.0001	0.218254	0.0001	0.0001	0.0001	25.594	0.0001	0.0001	0.0919377	0.0001	0.0001	0.0001	0.0001	0.0554628	0.0001	0.0001	0.0001	0.00943936	0.0001	0.02072	0.0001	0.00139454	0.000713822	0.0001	0.0001	0.0001	0.0001	0.567524	0.0001	0.00754917	0.0001	0.0001	0.0001
0.0001	0.0001	0.00654535	0.0001	0.0600894	0.0001	0.0001	0.0001	0.0001	21.9992	0.0001	0.0001	0.0001	0.0001	0.0001	0.0001	0.267719	0.0001	2.98524	0.0001	0.03081	0.0001	0.333306	0.0001	0.0001	0.0001	0.0001	0.0001	0.0001	0.0001	1.98943	0.00690051	0.0001	0.0001	0.157277	0.307286	0.146233	0.0001	0.0887336	0.0001	0.0001	0.0597205	0.0001	0.0308671	18.3223	0.0001	0.105396	0.0001	0.0001	0.0001
0.00453615	0.0001	0.0001	0.0001	0.0346051	0.0001	0.000334799	0.0001	0.00729465	0.0001	0.0001	0.000846423	0.0001	0.00115542	0.0001	0.0001	0.0001	0.0001	0.0001	0.0001	0.0001	0.00270962	0.0001	0.00313534	0.058938	0.0001	0.0001	0.0001	0.0001	0.0001	0.0001	0.00048512	0.15066	0.0001	0.0001	0.798846	0.0001	0.0001	0.00907531	0.0001	0.0001	0.168495	0.0001	0.0001	0.0001	0.0001	0.0001	0.00373972	0.0001	0.00235305
0.00164846	0.0001	1.72668	0.0001	0.0001	1.07556	0.0001	0.192908	0.0001	0.0001	0.0001	0.0207051	31.8047	0.00290817	0.0001	0.0001	0.21333	0.0195804	0.35027	0.00392496	0.0001	0.108877	0.0520536	0.00871379	0.0272704	0.0001	3.50134	0.0001	0.0001	0.0120268	3.36434	0.0001	0.0001	0.0001	0.0001	0.166773	0.17554	9.42771	0.0001	0.0001	0.214671	0.192093	0.818191	0.0001	1.78505	0.0001	0.0001	0.0001	0.0001	1.24644
0.0001	0.00140046	0.0001	0.0001	0.0001	0.0001	0.0001	0.00386281	0.0001	0.0001	0.0001	0.00195866	0.0231035	0.0001	0.0001	0.0001	0.00933452	0.00176261	0.0156244	0.000239112	0.0340014	0.0001	0.0745751	0.0001	0.0001	0.121638	0.0199739	0.0352912	0.0145327	0.0001	0.0001	0.0001	0.0326462	0.00671313	0.0001	0.00231584	7.16251	0.00160221	0.0001	0.235395	0.0001	0.0001	0.00289487	0.125017	0.0001	0.0461453	0.0001	0.0001	0.0001	0.0001
0.0001	0.0001	0.000803878	0.00457476	0.0001	0.0001	0.0001	0.0001	0.000140509	0.0001	0.0001	0.0433801	0.0001	0.0001	0.0001	0.00466698	0.0001	0.000253765	0.0001	0.129877	0.000277446	0.0001	0.0345461	0.000252846	0.0001	0.0562406	0.0001	0.0001	0.0001	0.0001	0.038053	0.0001	0.0001	0.0001	0.0289177	0.0001	0.00944336	0.0001	0.00163576	0.0001	0.0001	0.0001	0.0001	0.0001	0.188499	0.346041	0.0194991	0.000851411	0.0001	0.0001
0.0001	0.0923555	0.0001	0.0001	0.0017527	0.0001	0.0001	0.0001	0.0001	0.0001	0.144397	0.0882122	0.0001	0.0001	0.0001	0.0001	0.0001	0.0001	0.0001	0.0001	0.275628	0.0001	0.0001	0.0001	0.0001	2.4783	0.0001	1.03943	0.578625	0.0001	0.0001	0.0001	0.889448	0.086957	0.0001	25.0743	0.0001	6.89753	0.0077898	1.09383	0.037255	0.119523	0.0001	2.1468	0.0001	1.23568	0.133826	0.0001	0.0001	0.0001
0.0001	0.0001	0.00685974	0.0001	0.0001	0.000933645	0.00188442	0.0001	0.00541076	0.0001	0.0001	0.0001	0.222228	0.00200007	0.0001	0.0001	0.0001	0.0001	0.0001	0.0135906	0.0001	0.00472979	0.0001	0.0039178	0.000526338	0.0001	0.0555183	0.0001	0.0001	0.000834569	0.0001	0.0001	0.0001	0.0001	0.000320301	1.44018	0.00585831	0.0771461	0.00153402	0.0001	0.0001	0.0399406	0.0215273	0.0001	0.0001	0.0001	0.00261929	0.00373195	0.0001	0.0001
0.0001	0.0001	0.000589932	0.00264549	0.00268694	0.0001	0.0001	0.0001	0.0001	0.0001	0.0001	0.0001	0.0001	0.0001	0.0001	0.0001	0.0295593	0.0001	0.136474	0.0001	0.00339673	3.90558	0.0113965	0.0001	0.0001	0.0001	0.0001	0.000122679	0.0001	0.0001	0.0001	0.074437	0.0117425	0.0001	0.0094192	0.0208495	0.0001	0.0001	0.00247336	0.000681701	0.0001	0.00399736	0.0001	0.0095847	0.0001	0.0001	0.0001	0.0001	0.0001	0.00168314
0.0001	0.0001	0.0001	0.0001	0.0001	0.00235329	0.00538947	0.0001	0.0001	0.0001	0.0001	0.0001	0.0001	0.00148669	0.0001	0.0001	0.0001	0.376269	0.0001	0.000635078	0.0001	0.257819	0.0001	0.00663603	0.00592257	0.0001	0.0001	0.0001	0.0001	0.00100581	0.00462115	0.0001	0.0001	0.154172	0.0001	0.976747	0.00152534	0.0001	0.000814963	0.0001	0.0393613	0.0001	0.0001	0.0001	0.0001	0.0001	0.0001	0.0036917	0.000465362	0.0001
0.0037968	1.78828	0.0049996	0.0001	0.00105209	0.0001	0.001647	2.57329	0.0001	0.687589	1.04764	0.872907	0.289606	0.0001	0.00618219	0.0093822	0.0001	0.0176645	0.0470636	0.0001	0.0001	0.127496	0.030539	1.18148	0.0001	0.0001	0.0001	0.00596962	0.536029	1.2686	0.311133	0.000146959	1.21645	0.0555725	0.00160994	0.197539	0.0001	0.147554	0.0001	0.0001	0.423306	0.0001	0.0001	0.0464977	1.2382	2.28628	0.0300845	1.1436	0.0001	0.0001
0.0001	0.0854109	0.0001	0.0001	0.00539569	1.04361	1.0736	0.0001	0.0001	0.0759506	0.0227474	0.0001	0.0001	0.0001	0.0001	0.0001	0.0001	0.0001	0.0220943	0.0001	0.0735639	0.0001	0.00834852	0.0001	0.000947455	0.19177	0.0001	0.156905	0.423833	0.00378127	0.0001	0.0001	0.139992	2.96914	0.00949349	0.0484746	0.0001	0.0001	0.00108669	0.161858	0.0001	0.622499	0.0001	0.24338	0.0001	0.613152	0.0001	0.000107228	0.0001	1.45307
0.0001	0.0001	0.0001	0.0001	0.0001	0.0001	0.0001	0.0001	0.0001	0.000514932	0.0001	0.0001	0.0001	0.0001	0.0001	0.0001	0.0001	0.0001	0.0001	0.0012789	0.0001	0.266678	0.0001	0.0001	0.0001	0.0001	0.0001	0.0001	0.0001	0.0001	0.000169823	0.0536197	34.4008	0.0001	0.0001	0.0242942	0.0001	0.0001	0.0001	0.0125724	0.0961612	0.0001	0.0753584	0.0001	0.0162817	0.0001	0.0001	0.0001	0.0001	0.0001
0.000552359	0.0001	0.0001	0.0001	0.0001	0.0001	0.0001	0.00775621	0.0001	34.8821	0.00909093	0.0001	0.205388	0.0001	0.0488646	0.0001	0.0001	0.0001	0.0001	0.00380668	0.0001	0.0126085	0.0001	0.0001	0.0001	0.0001	0.0115281	0.00169707	0.468634	0.0001	0.0001	0.0001	0.0206005	0.0001	0.0001	0.0708939	0.0001	0.050312	0.0001	0.00052972	0.0373485	0.0001	0.0001	0.119183	0.792583	0.0176306	0.0001	0.0001	0.0001	0.0112435
0.0001	0.0001	0.0001	0.0001	0.0001	0.0298636	0.0001	0.0001	0.0001	0.0001	0.0001	0.0001	0.0001	0.0001	0.0001	0.0001	0.0001	0.0001	0.0001	0.0001	0.0001	0.0001	0.0001	0.00225307	0.0001	4.15906	0.000915184	0.0001	0.0001	0.0001	0.0001	0.0001	0.0001	0.0001	0.0001	0.0001	0.0001	0.0001	0.000518323	0.0001	0.0001	0.0001	0.0001	0.0001	0.0001	0.0001	0.0001	0.000525439	0.000864172	0.0001
0.0001	0.0001	0.002376	0.0001	0.0449699	1.26856	0.0001	0.0001	0.0001	1.05306	0.0001	0.0001	0.0001	0.0001	0.0001	0.0001	0.0305949	0.0571193	0.0001	0.0001	0.000955703	0.0001	0.216301	0.0001	0.0001	0.0001	0.0001	0.0134061	1.00856	0.0001	0.0001	0.0001	0.0580956	0.0195556	0.221992	0.0001	0.0001	0.0001	0.0001	0.0740388	0.476001	0.0001	1.65471	0.0001	0.150587	0.153417	8.42293	0.0001	0.0001	0.0001
0.00140271	0.0001	0.00528633	0.0001	0.0142467	0.000889354	0.0189654	0.0227796	0.0102509	1.26553	0.0001	0.0001	1.00255	0.00197377	0.0001	0.0001	0.125179	0.0305668	0.244267	0.00887738	0.0001	0.0390598	0.042547	0.0108898	0.00678425	0.0001	0.13923	0.0001	0.0001	0.00493072	0.0432869	0.0001	0.0001	0.102451	0.0001	0.0001	0.0001	0.3761	0.0001	0.0001	0.0422127	0.0001	0.0673003	0.0001	1.19862	0.0001	0.00794055	0.0001	0.00189042	0.0001
0.00217991	0.0001	0.0001	0.0001	0.0001	0.000121892	0.0001	0.0001	0.0001	0.0001	0.237094	0.000876032	0.149289	0.0031134	0.0661943	0.0001	0.0001	0.0001	0.239825	0.00449743	0.0001	0.0001	0.0001	0.0001	0.0001	0.117452	0.00748022	0.00976578	0.0001	0.00120653	0.0766342	0.0001	0.0001	0.0203328	0.0001	0.0001	0.0176036	0.0380089	0.0001	0.0001	0.0001	0.0001	0.0409064	0.00250952	5.89252	0.0282457	0.0001	0.00632296	0.0149318	0.0001
0.000691033	0.082774	0.0001	0.0001	0.0001	0.0001	0.0001	0.253106	0.0001	0.864565	0.0001	0.011023	0.15265	0.0001	0.0001	0.0001	0.122726	0.0151462	0.0893787	0.0220464	0.0001	0.0157091	0.0130945	0.0001	0.0466561	0.0001	0.00531234	0.0228591	0.0428467	2.05639	0.0644957	0.0001	0.00806721	0.0778204	0.0001	0.574282	0.00785717	0.0307958	0.0001	0.0733679	0.0697153	0.0305849	0.0001	0.0295834	0.782442	0.0328408	0.0391738	0.0001	0.0001	0.0001
0.0001	0.0001	0.0001	0.0001	0.0001	0.0001	0.0001	0.0001	0.0001	0.0001	0.0001	0.0001	0.0001	0.0001	0.0001	0.0001	0.0103217	0.0001	0.0001	0.0001	0.0001	0.0001	0.0841908	0.0001	0.0001	0.0001	0.0001	35.4729	0.0001	0.0001	0.0169297	0.0001	0.0001	0.0001	0.0001	0.0538496	0.00760693	0.0001	0.0001	0.0001	0.0001	0.0001	0.0001	0.0001	0.0001	0.228278	0.0001	0.0001	0.0001	0.0001
0.0001	0.773619	0.751212	0.0001	0.0001	0.0001	0.0001	0.0907047	0.900005	0.422862	0.263493	0.0013464	0.0001	0.0001	0.0001	0.0001	1.05423	1.80659	0.0001	0.0398085	0.0001	38.3804	0.0001	0.0001	0.0001	0.615713	0.0001	0.186957	0.120558	0.0001	0.0724107	1.53585	0.745193	0.0001	2.88044	1.94011	0.0001	0.0001	0.0001	0.0848169	4.73494	0.0001	37.9663	0.35918	0.594038	0.229881	1.22119	0.0001	1.18003	0.0001
0.0001	0.0001	0.00258548	0.0001	0.014464	0.0001	0.00101504	0.0001	0.0001	0.0001	0.0891674	0.0064599	0.0001	0.0001	0.0001	0.00173072	0.0136962	0.0001	0.0001	0.0001	0.0001	0.0001	0.0001	0.0001	0.0001	0.0144065	0.0001	0.0001	0.0001	0.0001	0.0001	0.00317931	0.0001	0.0001	0.0253633	0.0001	0.0001	0.0001	0.0314817	0.0001	0.0001	0.0217675	0.0001	0.0001	0.0001	0.0001	0.0001	0.0001	0.0001	0.0001
0.0001	0.824161	0.828353	0.121058	0.551419	0.0001	0.0001	0.0001	1.03058	1.37237	0.0001	0.0001	0.0001	0.0001	0.0001	0.0001	0.0001	3.19269	0.0001	0.0001	0.160946	27.5068	0.0001	0.0001	0.0001	0.600877	0.0001	0.1977	0.0984169	0.0001	0.379035	1.29756	0.0001	0.0001	0.0001	0.365268	0.0001	0.0001	0.0001	0.234579	0.0001	0.152289	44.0799	0.559817	0.186122	0.262005	6.07338	0.0001	1.36974	0.0001
0.0001	0.00641886	0.982645	1.10711	0.590978	0.0001	0.0001	0.017226	1.05161	0.920858	0.0001	0.0001	0.0001	0.0001	0.0001	0.0001	0.10498	3.78631	0.0001	0.0001	0.0977591	2.09241	0.173945	0.0001	0.0001	0.348789	0.0001	0.105974	0.0471851	0.0001	0.0001	0.903398	0.122904	0.0001	0.0687333	0.296062	0.0001	0.0001	0.0001	0.336187	34.0843	0.0427994	8.67585	0.186929	0.150223	0.146045	0.154365	0.0001	1.13585	0.0001
0.0647469	0.00476225	0.0001	0.0001	0.0001	0.0001	0.0017933	0.00457516	0.0001	0.0001	0.0001	0.0001	0.0001	0.0001	0.0188742	0.0001	0.216054	0.08007	0.0193993	0.0001	0.0001	0.0001	0.0475231	0.000443782	0.000917889	0.238242	0.0001	0.390174	0.0001	0.0001	0.0001	0.0001	0.0001	0.0001	0.0001	0.0217322	0.0001	0.0001	0.000550461	0.0147001	0.0505609	0.174272	0.0001	0.0001	0.226366	0.187241	0.0001	0.0001	0.00149182	0.00129414
0.0001	0.0001	0.0001	0.0001	0.000198392	0.0001	0.00126629	0.0174939	0.0001	0.966904	0.0173139	0.0001	0.0579597	0.000198121	1.74157	1.09282	0.0155739	0.0146011	0.0001	0.0001	0.0001	0.182798	0.0001	0.00021934	0.0001	0.0001	0.00263272	0.0001	0.0001	0.00447902	0.0001	0.00217083	0.0108381	0.00108128	0.0001	0.0619511	0.0001	0.00658123	0.0001	0.0001	0.0988489	0.0001	0.243816	0.0343038	0.149336	0.0001	0.0001	0.0001	0.00117859	0.0014181
0.0001	0.00185643	0.0001	0.000716639	0.0255652	0.0001	0.0001	0.0001	0.0001	0.318653	0.0001	0.0001	0.0311043	0.0001	1.94154	0.000148894	0.00808555	0.0001	0.0001	0.0001	0.0001	0.0001	0.0001	0.00070003	0.00440891	0.0001	0.0105358	0.0001	0.0001	0.0022359	0.0001	0.0001	0.0001	0.0980412	0.0001	0.0001	0.0001	0.028691	0.0001	0.0001	0.0001	0.0001	0.0001	0.0001	0.0600032	0.0001	0.0001	0.0001	0.000689314	0.000205257
0.0001	0.0001	0.0001	0.0001	0.0001	0.0001	0.0001	0.0001	0.0001	0.144607	0.0001	5.0352	0.0264621	0.0001	0.0001	0.0001	0.0156543	0.0001	0.0001	0.0001	0.0001	0.0001	0.0192648	0.0001	0.0001	0.0001	0.0001	0.0001	0.0001	0.0001	0.0001	0.0001	0.0001	0.00144981	0.0001	0.0001	0.0001	0.0001	0.0001	0.0001	0.0001	0.0001	0.00586078	0.0001	0.108168	53.8117	0.0001	0.0001	0.0001	0.0001
0.0001	0.0001	0.0001	0.0001	0.0001	0.0001	0.000815473	0.00859705	0.0001	0.349996	0.0238333	0.00127435	0.0001	0.0001	0.0001	0.0001	0.0001	0.0001	0.0001	0.00792391	0.0251028	8.85437	0.0001	0.0001	0.00450411	0.0642553	0.0001	0.252138	0.00978998	0.0001	0.0001	0.00926896	0.104303	0.0001	0.284093	0.243932	0.00347008	0.0001	0.00247881	0.012855	1.03487	0.31405	0.578875	0.349561	0.985692	0.0100935	0.0001	0.0001	0.00509166	0.0001
0.0001	0.0001	0.0001	0.0001	0.0001	0.0001	0.0001	0.0001	0.0001	0.0001	0.0101218	0.0001	0.0001	0.0001	0.0252991	0.0001	0.0001	0.0001	0.0001	0.0001	0.0001	0.0001	0.0001	0.0001	0.0001	0.0001	0.0001	0.0001	0.0001	0.0001	0.0001	0.0001	0.0001	0.0001	0.0001	0.00547539	0.0001	0.0001	0.0001	0.0001	0.0001	0.000207469	46.5006	0.0001	0.00194067	0.0001	0.0001	0.0001	0.0001	0.00575744
0.0001	5.0866	0.0001	0.0001	0.00840038	0.00165321	0.00500122	0.0001	0.0001	0.0001	0.0001	0.0001	0.0001	0.0001	0.0001	0.0001	0.0001	0.0001	0.0001	0.0001	0.188222	0.0001	0.046926	0.0001	0.0001	2.46588	2.11732	0.713635	0.274734	0.00171705	1.02261	0.0001	2.0498	0.212309	0.0001	1.80386	0.0001	0.0001	0.01074	1.58634	0.123515	0.17519	0.0001	0.534721	0.0001	0.894853	0.273308	0.0001	0.0001	0.0001
0.0001	0.0001	0.0001	0.0001	0.0001	0.0001	0.0001	0.0001	0.0001	15.2065	0.0492661	0.000625968	0.0001	0.0001	0.0001	0.0001	0.0001	0.0001	0.299854	0.0001	0.0166921	0.0001	0.0220058	0.0001	0.0001	0.0001	0.0001	0.0688602	0.0001	0.0001	55.5586	0.00915364	0.0559583	0.0515599	0.00671504	0.0001	0.632408	0.0001	0.00511176	0.0473973	0.0001	0.00920295	0.0001	0.713934	0.0001	0.0613328	0.116908	0.0001	0.0001	0.0001
0.0001	0.0001	0.0001	0.0001	0.00345628	0.0001	0.0001	0.0138632	0.0001	0.0386518	0.0001	0.0001	0.0215006	0.0001	0.0001	0.0001	0.0001	0.0154997	0.0681013	0.0001	0.636801	0.00455842	0.821229	0.0001	0.00287562	0.162099	0.0001	0.0001	0.0001	0.0001	0.0001	0.0001	0.0001	0.0001	0.0143267	0.0001	0.0001	0.00447994	0.0001	42.9483	0.196094	0.0001	0.0001	0.0001	0.0001	0.0001	0.0001	0.0001	0.0001	0.0001
0.0001	0.0001	0.00858686	0.0465388	0.0137081	0.0001	0.00342942	0.0001	0.0001	0.191071	0.0001	0.0001	0.0965357	0.0001	0.00137804	0.0001	0.243299	0.0706427	0.0001	0.0001	0.0001	29.5616	0.125791	0.0001	0.0001	0.0001	0.0049508	0.0174689	0.0219539	0.0001	0.844599	0.0001	0.0001	0.0375455	0.092822	10.4068	0.0195392	0.0001	0.0001	0.0225497	0.0001	0.00146032	0.0001	0.0001	0.3833	0.0335417	0.128582	0.0001	0.0001	0.0001
0.000865575	0.5995	0.00869438	0.0001	0.0001	0.0001	0.0001	2.39444	0.0001	1.12325	0.83003	0.89265	0.344384	0.00652247	0.0001	0.0001	0.0001	0.0342027	0.267591	0.604349	0.0001	0.0001	0.262605	1.18718	0.0219375	0.0001	0.00613179	0.0001	0.0001	1.21886	0.236788	0.0001	1.29024	0.0955481	0.0001	0.0001	0.0111888	0.116182	0.0001	0.0001	0.0001	0.0001	0.274789	0.0001	1.73203	0.426726	0.0461151	1.15893	0.0001	0.0001
0.00208626	0.0001	0.000778008	0.00513053	0.0001	0.00133507	0.0001	0.0001	0.0001	0.280937	0.0001	0.0001	0.0713458	0.0783751	0.0001	0.0001	0.0001	0.0254399	0.111599	0.0781869	0.0001	0.0001	0.0421835	0.00783581	0.0111195	0.0001	0.000112419	0.0001	0.0001	0.0001	0.186388	1.87733	0.0001	0.564706	0.0374375	0.0001	0.0199231	0.11173	0.0001	0.0001	0.0001	0.0001	0.0001	0.0001	2.94759	0.0001	0.0636638	0.019364	0.0001	0.0001
0.0001	0.0001	0.0001	0.0001	0.00136424	0.0001	0.0001	0.0001	0.0001	0.0001	24.8251	0.0001	0.000712441	0.0001	0.0001	0.0001	0.0417345	0.00424165	0.00674061	0.0001	0.0001	0.0768387	0.0212656	0.0001	0.00192794	0.0253761	0.0001	0.0001	3.75841	0.0001	0.00612971	0.0001	0.0001	0.00575531	0.018805	0.131586	0.0001	0.0001	0.0001	0.449272	0.0706412	0.0001	0.0001	0.0001	0.0479187	0.0001	0.0001	0.0001	0.0001	0.0001
0.0001	0.220386	0.000684964	0.0001	0.00173616	0.0001	0.0001	0.03285	0.0001	0.166378	0.579332	0.35216	0.00673226	0.0742964	0.0001	0.0001	5.31553	0.0159865	0.0001	0.0001	5.38393	0.0001	0.0398968	0.0001	0.0001	13.7364	0.0471349	3.73668	1.3094	0.0001	0.0001	0.0001	3.32933	0.085238	0.0114923	2.30567	0.0001	0.127743	0.0001	3.85954	0.149945	0.0001	0.0001	16.4341	0.0001	4.49858	0.0001	0.0001	0.0001	0.0001
0.0001	0.00170209	0.0001	0.0001	0.00443409	0.0001	0.000589578	0.0001	0.0001	1.64003	0.0115939	0.000979223	0.0001	0.0001	1.63719	1.02393	0.0573693	0.0001	0.0001	0.0001	0.0001	0.187673	0.0304079	0.0001	1.01939	0.0636741	0.00469501	0.0226094	0.0181789	0.0001	0.0001	0.0200643	0.0418061	0.0001	0.0001	0.153717	0.0001	0.0001	0.0001	0.0001	0.227568	0.0761112	0.00423298	0.0758854	0.640166	0.0111173	0.0001	0.0001	0.0001	0.0001
0.0001	0.00193022	0.0001	0.0001	0.0001	0.0001	0.0001	0.0001	0.00553892	0.0001	0.0001	0.0001	0.0103015	0.0001	0.0001	0.0001	0.181894	0.000147899	0.0001	0.0001	0.0001	0.0001	0.0001	0.0001	0.0001	0.0001	0.0087516	0.0001	0.0001	0.0001	3.61141	0.0001	0.0001	0.0001	0.0001	46.7786	0.0001	0.0001	0.0001	0.0001	0.0001	0.236473	0.0001	0.0001	0.119412	0.0001	0.0001	0.0001	0.0001	0.0001
0.0001	0.00630337	0.0001	0.00513652	0.0001	0.0001	0.0001	0.00953266	0.0001	0.0001	0.0001	0.00217427	0.195093	0.0001	0.0001	0.0001	0.0991672	0.0187883	31.3711	0.0001	0.0453028	0.0001	0.0001	0.0001	0.0001	0.0999493	0.00797386	0.0581347	0.0527654	0.0001	0.0691569	0.0001	0.0297162	0.209955	0.0001	0.202608	0.0227762	0.0419016	0.0001	0.0729766	0.0001	0.0001	0.0001	0.207909	0.0957926	0.0912756	0.0397708	0.0001	0.0001	0.0001
0.0001	0.0001	0.0001	0.0001	0.0100079	0.00172771	0.0001	0.0001	0.0001	18.6955	0.0001	0.0001	0.0001	0.0001	0.0001	0.0001	0.0001	0.0001	0.241897	0.0001	0.0001	0.0001	0.0001	0.0001	0.0001	0.0001	0.0001	0.0001	0.0001	0.0001	2.19639	0.0001	0.0001	0.129831	0.0339805	0.0001	0.646199	0.0001	0.0170721	0.0001	0.0001	0.149296	0.0001	0.0001	0.186023	0.0001	0.229209	0.0001	0.0001	0.0001
0.0001	0.0001	0.00418004	0.0173713	0.0136753	0.0001	0.0001	0.0001	0.0001	0.840248	0.00143886	0.0001	0.266762	0.00627872	0.0001	0.0001	33.2633	0.0767599	0.448444	0.0001	0.00942899	0.0001	0.123867	0.0001	0.00307954	0.123298	0.0120291	0.0173145	0.0001	0.0001	0.0740893	0.0001	0.179554	0.0873599	0.132441	0.0001	0.000554973	0.0600634	0.0001	0.0162029	0.0001	0.00800321	0.0001	0.0496954	6.59607	0.0470998	0.0818711	0.0259066	0.0001	0.0001
0.0001	4.36599	0.0001	0.000277607	0.0001	0.0001	0.00428819	1.8679	0.0001	0.677661	0.0001	0.027655	0.141048	0.0001	0.0001	0.0001	0.0001	0.00449453	0.0001	0.0001	0.0496224	0.0001	0.0001	0.0001	0.0001	0.501108	0.0001	0.139022	0.0496192	1.1728	0.0001	0.0001	0.357324	0.0001	3.88978	0.0001	0.0001	0.033452	0.0001	0.593633	0.0001	0.183264	0.0776738	1.02996	0.0001	0.151282	0.0001	1.24459	0.000177283	0.0110981
0.0001	0.0001	0.0001	0.0001	0.0001	0.0001	0.0001	0.000127948	0.0001	0.228783	0.0001	0.0001	0.0146265	0.0001	0.0001	0.0001	0.0001	0.0001	0.0001	0.0001	29.3135	0.0124317	0.000375905	0.0001	0.0001	0.0001	0.0001	0.0001	0.0001	0.0001	0.0189934	0.0001	0.0001	0.00754333	0.0001	0.0333434	0.00582227	0.000579844	0.0001	0.0273651	0.0242124	0.116465	0.0175991	0.0001	0.83438	0.0001	0.0001	0.0001	0.0001	0.0001
0.0001	0.0001	0.000440583	0.0001	0.00460601	0.00011331	0.998359	0.0144835	0.0076611	0.0001	0.0001	0.0001	0.0001	0.0001	0.0001	0.0001	0.035932	0.0001	0.0001	0.0001	0.105402	0.0001	0.0251533	0.00024145	0.00256191	0.0001	0.00345189	0.28308	0.00626235	0.00187863	0.0763619	0.000760339	0.0001	0.0001	0.0592549	0.184303	0.00744242	0.00403001	0.0001	0.218658	0.0001	0.0001	0.0518852	0.0001	0.563488	0.0001	0.00614698	0.0001	0.0001	0.0001
0.0001	0.0124199	0.0001	0.000329826	0.00180102	1.04342	0.0001	0.0349676	0.0001	0.0001	0.0331071	0.0001	0.0001	0.0001	0.0001	0.0001	0.218513	0.00646974	0.0001	0.0508841	0.150656	0.0001	0.0188552	0.0001	0.0001	1.43055	0.0001	0.19613	1.37568	0.0001	0.0001	0.00512121	0.302197	3.01097	0.0877373	0.716432	0.0001	0.0001	0.0001	0.194713	0.0111422	0.494535	0.0001	0.280644	0.597927	1.03327	0.347676	0.0001	0.0001	1.44052
0.0001	0.0001	0.0001	0.0001	0.0001	0.0001	0.0001	0.0001	0.0001	0.0001	0.0001	0.0001	0.0001	0.0001	0.0001	0.0001	0.0001	0.0001	0.156301	0.0001	0.0001	0.0001	0.0184076	0.0001	0.0001	0.0001	0.0001	0.0001	0.0001	0.0001	0.0001	0.0001	0.0001	0.0001	0.0001	0.0001	0.0001	0.0001	0.0001	0.0001	0.0001	0.0001	0.0001	124.912	0.0001	0.0001	0.0001	0.0001	0.0001	0.0001
0.0001	0.0001	0.00111754	0.00530104	0.0001	0.0001	0.0001	0.0001	0.0001	0.138944	0.0001	0.00195231	0.0422647	0.0001	0.0001	0.0001	0.0001	0.0001	0.0001	0.00405985	0.0211474	0.0001	0.0001	0.0001	0.0001	5.76961	0.00508494	0.240626	0.0001	0.0001	0.0001	0.0001	0.0337866	0.0001	0.0001	0.0001	0.0001	0.011498	0.000117562	0.391503	0.0001	0.092242	0.0677243	0.153101	0.0001	0.0380991	0.0001	0.0001	0.0001	0.0507994
0.0001	0.0227875	0.0001	0.00064631	0.0001	0.0001	0.0001	0.0001	0.0001	0.0001	0.0330292	0.014138	0.0001	0.0001	1.75684	1.09935	0.0001	0.0001	0.0001	0.0247966	0.024743	0.0001	0.00664559	0.0001	0.0187139	0.103343	0.0001	0.139403	0.0121299	0.0001	0.0001	0.0001	0.0001	0.0001	0.0001	0.0001	0.0001	0.0001	0.0001	0.0107885	0.0001	0.135125	0.0001	0.229804	0.00147836	0.0261086	0.0001	0.000325975	0.0001	0.00237235
0.0001	0.0199043	0.0001	0.0001	0.00126436	0.0001	0.0001	0.0813645	0.0001	0.0001	0.0001	0.0001	0.0001	0.0001	0.0001	0.0001	0.22775	0.0001	0.0001	0.0001	0.00378973	0.0001	0.0689623	0.0001	0.0001	0.0001	0.0001	0.00743584	0.0402342	0.00377142	0.0001	0.0001	0.0001	0.0253924	0.00556917	1.64221	0.0001	0.0001	0.00445891	0.0192744	0.500575	0.00840938	0.0001	0.0530168	42.6668	0.0001	0.0001	0.0001	0.0001	0.0001
0.0001	0.358547	0.0001	0.0001	0.0100694	0.0001	0.00593833	0.0001	0.0001	0.480996	0.0001	0.013648	0.0001	0.651646	0.0001	0.000580165	0.0901759	0.0001	0.0001	0.0001	0.236226	0.0120973	0.0345304	0.0001	0.0001	0.316345	0.0001	0.341462	0.0516181	0.0001	0.0001	0.00020594	0.330897	0.0001	0.0405045	0.241039	0.0001	0.0001	0.0001	0.297628	0.414884	0.204567	0.0001	0.576198	1.24644	0.13567	0.0001	0.0001	0.0001	0.0001
0.00472999	0.0001	0.000150843	0.0001	0.0293128	0.0001	0.0001	0.0001	0.0001	0.0113385	0.0001	0.00108198	0.0001	0.0001	0.0001	0.0001	0.0001	0.0001	1.39957	0.0001	0.00986813	0.0380598	0.0132435	0.0001	0.0001	0.0001	0.0001	0.0128114	0.14216	0.0001	0.0113389	0.000616565	0.0237309	0.0001	0.0001	0.0001	0.000216714	0.0001	0.000848096	0.0155303	0.0001	0.0001	0.0482382	0.0458957	0.0001	0.0133362	0.0001	0.00591324	0.0001	0.0001
0.000937449	0.0359806	0.000246708	0.00244861	0.0001	0.0001	0.0001	0.0001	0.0001	0.0001	0.0001	0.00587575	0.0143915	0.0001	1.75496	1.09392	0.0001	0.0001	0.0216563	0.0825098	0.048633	0.0001	0.0241707	0.0001	0.0301967	0.159196	0.000598486	0.0646357	0.0353205	0.0001	0.0001	0.0001	0.0001	0.0001	0.0401536	0.0001	0.0172668	0.00723238	0.0001	0.106766	0.0001	0.0001	0.0001	0.226407	0.0116276	0.0742962	0.0001	0.000926254	0.0001	0.000274337
0.0001	1.09695	0.939099	1.00752	0.425905	0.0001	0.975526	0.0001	1.05041	0.0001	0.0798151	0.00942821	0.0001	0.0001	1.2852	1.00967	0.542413	3.38074	0.0001	2.10116	0.189484	3.58616	0.0001	0.0001	0.00826307	0.719377	0.0001	0.244982	0.132062	0.0001	0.254211	0.924618	0.393475	0.0001	0.0001	0.885419	0.0180465	0.0001	0.0001	0.249984	1.85771	0.081576	14.8606	0.702557	0.194838	0.184941	0.0001	0.0001	1.17725	0.0001
0.0001	0.0001	0.0001	0.0001	0.0001	0.0001	0.0001	0.111817	0.0001	0.764853	0.0001	0.0001	0.438926	0.0156656	0.0143039	0.0001	0.0001	0.0109544	0.202414	0.00952587	0.0834971	0.0146711	0.0001	0.0001	0.0001	1.66228	0.0115679	0.220541	0.0001	0.0001	0.0001	0.0001	0.118179	0.0001	0.0001	0.0001	0.0001	0.0706124	0.0001	0.208205	0.0001	0.0001	1.10039	0.640473	29.0433	2.20915	0.0001	0.0193168	0.0001	0.0192605
0.0001	0.0832729	0.0001	0.0001	0.0001	0.0001	0.0001	0.0001	0.0001	0.0001	0.0839614	0.112734	28.7716	0.0001	0.0001	0.0001	0.0106154	0.0778583	0.0001	0.0001	0.905029	0.0001	0.0001	0.0001	0.0001	3.52249	0.0001	1.16793	0.524378	0.0001	0.0832409	0.0001	1.01025	0.0650605	0.0001	0.761928	0.125519	0.0001	0.00464653	1.29787	0.0001	0.0960091	0.0001	3.91206	0.0001	1.38571	0.0953257	0.0001	0.0001	0.0001
0.0001	0.00283353	0.0001	0.00107239	0.0001	0.0001	0.0001	0.0001	0.0001	0.0001	2.47298	0.00680113	0.0001	0.0001	0.0001	0.0001	0.0001	0.0001	0.0001	0.0001	0.0001	0.0001	0.0001	0.0001	0.0001	0.0001	0.0001	0.107873	0.161852	0.0001	0.237422	0.0001	0.344511	0.0001	0.0001	0.0001	0.0001	0.0001	0.0001	45.6253	0.0001	0.0001	0.0001	0.423193	0.022094	0.321491	0.0001	0.0001	0.0001	0.0001
0.0001	0.0260141	0.0001	0.0001	0.0001	0.0001	0.0001	0.0001	0.0001	0.0304829	0.0135912	0.0001	0.0684061	0.0001	0.0001	0.0001	0.0001	0.0001	0.0232673	0.0001	0.550858	0.0001	0.0001	0.0001	0.0001	1.88306	0.0110025	0.751587	0.238555	0.0001	0.0001	0.0001	0.529641	0.00142687	0.0001	0.160451	0.0001	0.0281008	0.0001	0.661027	0.00726376	0.0712818	0.00291298	2.03065	0.125547	50.2644	0.0001	0.0001	0.0001	0.0001
0.0001	0.0001	0.0001	0.0001	0.0001	0.0001	0.0001	0.0001	0.0001	0.0001	1.09914	0.0001	0.0001	0.0001	0.0001	0.0001	0.0955319	0.0001	0.0001	0.0001	0.042111	0.0001	0.0001	0.0001	0.0001	127.509	0.0001	43.0871	19.6828	0.0001	0.00198463	0.0001	0.0001	0.0001	0.0001	0.240485	0.0001	0.0001	0.0001	0.0001	0.0455162	0.0001	0.0001	0.0001	0.144411	0.0001	0.0001	0.0001	0.0001	0.0001
0.0001	0.0001	0.0001	0.0001	0.0673429	0.0001	0.00107614	0.0001	0.0225394	2.87316	0.0001	0.00572329	0.0001	0.0001	0.0147093	0.0001	0.21088	0.0001	11.3688	0.011321	0.0001	15.863	0.0001	0.0001	0.0001	0.766417	0.0001	0.0001	0.0001	0.0100487	0.0001	0.2024	0.424968	0.0001	0.00782735	0.0001	0.0001	0.0001	0.0276363	0.0966865	2.48513	0.264856	2.21355	0.0001	2.25417	0.0001	0.0001	0.0001	0.013217	0.0318562
0.0001	0.0172493	0.0001	0.0001	0.0001	0.0001	0.0001	0.102983	0.0001	0.0001	0.0001	0.0001	0.0001	0.0001	0.0001	0.0001	46.8984	0.0001	0.0001	0.0001	0.0001	0.296017	0.00335235	0.0001	0.0001	0.0001	0.0001	0.183588	0.0381615	0.00469688	0.183291	0.0001	0.0001	0.0724042	0.0001	1.69325	0.0001	0.0001	0.0001	0.00136906	1.16157	0.0001	0.455314	0.0130965	0.0001	0.0001	0.0001	0.0001	0.00455627	0.0001
0.0001	0.0782709	0.000947622	0.0001	0.0413364	0.0001	0.0001	0.0926011	0.0001	1.36997	10.0007	0.159398	0.279148	0.00295168	0.0001	0.0001	0.0001	0.052	0.0001	0.0090358	1.43845	0.0691295	2.79458	0.0001	0.0401095	10.1346	0.0410844	1.82137	0.0001	0.0001	0.0308938	0.0001	1.70983	0.0613317	0.0531564	0.20617	0.0001	0.131978	0.0001	0.0001	0.152766	0.235494	0.0001	6.43465	0.0001	2.21845	0.00265455	0.00410162	0.0001	0.0001
0.0217103	0.0001	0.0001	0.0001	0.0001	0.0001	0.0001	0.0001	0.0001	0.0001	0.0001	0.0001	0.0001	0.0001	0.00150618	0.0001	0.0001	0.0001	0.0001	0.0001	0.0001	0.0039567	0.0527086	0.0001	0.00263781	3.42536	0.0001	0.0001	0.0001	0.0001	0.0001	0.0001	0.0001	0.0001	0.0001	0.0001	0.0001	0.0001	0.00159348	0.221983	0.0001	0.0001	0.0001	0.0001	0.0001	0.0001	0.00103978	0.00944598	0.000404032	0.0001
0.00384671	0.0001	0.0001	0.00196172	0.00251848	0.0001	0.0001	0.011137	0.0001	0.0001	0.0001	0.0001	0.00416606	0.0001	0.0001	0.0001	0.0584604	0.00697136	0.0098056	0.0001	0.158433	0.0001	0.0281137	0.0001	0.0001	0.0001	0.001599	0.0001	0.00152274	0.0001	0.0812157	0.0001	0.0001	0.0118549	19.0813	0.118167	0.0062608	0.00272469	0.0001	0.00974635	0.0001	0.0001	0.0001	0.0001	0.0780342	0.0001	0.0239147	0.0001	0.0001	0.0001
