0.0001	1.0533	0.0001	1.06192	0.0001	0.0001	0.0001	0.00414766	0.00437451	4.29224	0.336329	17.802	0.0001	3.98149	1.08957	0.5936	0.0001	0.0001	0.0001	0.216373	0.0001	0.0375374	0.0001	0.0001	0.0001	0.0001	1.34131	0.016827	0.0211947	5.64556	0.0001	0.9659	0.177226	0.0337869	0.874437	0.138048	0.0001	0.0001	0.0001	0.292698	0.0001	1.17344	1.67948	1.14611	6.23778	0.0178536	0.0001	0.0001	4.36375	0.00675884
0.0001	0.0001	0.0001	0.0001	0.0001	0.0001	0.0001	0.0001	0.0001	0.114571	0.11498	0.213356	0.116502	0.431969	42.6924	0.0713298	0.0001	0.0001	0.0001	0.0001	0.0001	0.0001	0.0001	0.0001	0.0231547	0.0001	0.0001	0.0001	0.0001	0.0528645	0.0001	0.123113	0.0765226	0.0139235	0.0001	0.0001	8.33061	0.0001	2.79563	0.263871	0.0001	0.0001	0.128541	0.0001	0.059565	0.0001	0.624217	0.0151508	0.030224	0.0001
0.0001	0.0001	1.17293	0.00194999	0.00299062	0.000924189	0.0180482	0.0001	0.0285988	0.100126	0.780126	0.41494	0.066932	3.52972	0.56795	0.00989261	0.0001	0.00474353	0.0001	0.0001	0.0215798	0.0001	0.0001	0.0100863	0.00140385	0.0001	1.59898	0.0001	0.0131057	0.0339744	0.00954083	0.0001	0.0821859	3.66234	0.00307868	0.0001	1.11987	0.0385226	0.0001	0.370165	0.274918	0.00824332	0.0001	0.00396653	0.273998	0.307793	0.0001	0.0650968	0.0001	0.0384594
0.0001	0.0001	0.0001	0.0001	0.000819199	0.0001	0.0001	1.15834	0.0001	0.0001	0.0001	0.0001	0.0554497	0.0417782	0.0001	0.000811949	0.00424478	0.000189094	0.0001	0.0001	0.0001	0.0001	0.0001	0.000349437	0.0001	0.000331163	0.0234888	0.970203	0.0001	0.035663	0.995541	0.0001	0.0001	0.00836304	0.00117748	0.0001	0.0001	0.0001	0.0712019	0.539802	0.0114947	0.0001	0.0001	0.000465011	0.00125061	0.0001	0.0001	0.898497	0.0001	0.0001
0.0001	0.000476459	0.0001	0.00678394	0.0001	0.00394858	0.0001	0.0001	0.0001	0.0001	0.0001	0.0001	0.0001	0.0173932	0.0001	0.000222296	0.000115351	0.0001	0.0001	0.0001	0.0001	0.0001	0.0001	0.000100061	0.0416186	0.000746631	0.0001	0.0001	0.0502194	0.0001	0.00186766	0.0001	0.0001	0.0001	0.0001	0.15444	0.0639916	0.0001	0.0001	0.0869163	0.0001	0.0001	0.0001	0.000526776	0.0001	0.0001	0.0001	0.0343856	0.0001	0.0001
0.0001	0.0001	0.0001	0.0001	0.0001	0.000195143	0.0001	0.00432168	0.0001	0.395388	0.0001	0.0001	0.0001	15.4757	0.383538	0.00715283	0.00833791	0.0001	0.0001	0.167072	0.0001	0.0001	0.0001	0.0001	0.0001	0.0142305	0.0001	0.0001	0.0001	0.0001	0.0001	0.0856717	0.472936	0.0001	0.0244204	0.00252463	2.32424	0.0001	0.0001	0.131815	0.0001	0.0001	0.0001	0.0001	0.0001	0.0001	0.0001	0.0001	0.0001	0.0049709
0.0001	0.0001	0.0001	0.0001	0.0027051	0.0001	0.0001	0.0001	0.0081052	0.458776	0.482394	0.483631	0.195303	0.0001	0.241008	0.0130249	1.26725	0.00371172	0.0001	0.0505633	0.0001	0.0001	0.000814285	0.0001	0.141011	0.0001	8.5707	0.0001	0.0153112	0.0978655	0.00521591	0.0393591	0.0730408	0.109421	0.000370655	0.0001	2.84432	0.174786	0.198819	0.138103	0.0716338	0.0001	0.0001	0.0001	0.0774544	0.106302	0.0001	0.184491	0.0001	0.0001
0.0001	0.0001	0.0001	0.0001	0.0001	0.0001	0.0001	0.0001	0.0001	0.0001	0.0001	0.0001	0.0001	0.0001	0.0001	0.0001	0.0001	0.0001	0.0001	0.114671	0.0001	0.0001	0.0001	0.0001	0.0001	0.0001	0.0001	0.0001	0.0001	0.0001	0.0001	30.091	0.0001	0.0001	0.0001	0.0001	1.04288	0.0001	0.0001	0.0001	0.0001	0.0001	0.0001	0.0001	0.00444142	0.0001	0.0001	0.0001	0.0001	0.0001
0.00138868	1.05575	0.0452408	0.0001	0.0001	0.0001	0.0001	0.310566	0.0001	20.3535	0.0001	0.0001	0.0001	0.0001	2.92941	1.09947	0.00699003	0.0001	0.0191898	0.0001	0.000926461	0.0001	0.0001	0.0001	0.366652	0.0001	0.0001	0.0001	0.00327243	0.0001	0.0001	0.0557726	0.0823151	0.0721461	0.945299	0.768453	6.89938	0.131898	3.63841	0.127623	1.32889	0.0001	0.0001	0.0001	0.0001	0.0001	0.55452	0.0001	0.0001	0.729111
0.0001	0.0001	0.0785001	0.0001	0.0001	0.000611571	0.0001	0.0001	0.0001	0.20463	0.0998552	0.106959	0.00980155	0.127974	0.389589	0.000365666	0.0001	0.0001	0.0001	0.0001	0.0001	0.0001	0.0001	0.0001	0.000563409	0.0001	0.0001	0.0001	3.10963	0.0336278	0.0001	0.0320401	0.0199912	0.0372502	0.0161885	0.0001	4.37701	0.0001	0.0001	0.208115	0.198015	0.0001	0.0377628	0.0001	0.0416466	0.0001	0.0451498	0.0001	0.0486147	0.00337012
0.00767548	0.0001	0.0001	0.0001	1.41078	0.00136945	0.0001	0.0001	0.00698117	0.0001	0.0001	0.554229	0.0001	0.00827323	0.0001	0.0001	0.0001	0.000463846	0.0001	0.0635285	0.0001	0.00181447	0.0001	0.0001	0.0001	0.00195742	0.0001	0.0001	0.0001	0.0001	0.0001	0.0001	0.0001	0.0001	0.0001	0.0001	0.758758	0.0001	0.0001	0.0001	0.0001	0.00100353	0.0001	0.0001	0.0001	0.0001	0.0001	0.00180062	0.0001	0.0001
0.0001	0.0001	0.0001	0.0001	0.0001	0.0001	0.0001	0.00160926	0.0001	0.0001	0.0001	0.0001	0.0001	0.0001	1.33834	0.60284	0.00136649	0.00128998	0.0001	0.0001	0.0001	0.0001	0.0001	0.0026558	0.0001	0.000729245	0.289712	0.0001	0.0001	0.00390491	0.0001	0.0001	0.0001	0.00553435	0.00431706	0.0001	0.0001	0.220627	0.0001	0.066957	0.0200668	0.000703605	0.0001	0.000115117	0.0102864	0.0001	0.0001	0.0001	0.0001	0.0001
0.0001	0.0001	0.0001	0.0001	0.0001	0.0001	0.0001	0.0239168	0.0001	28.2444	0.0001	0.0001	0.0001	0.0001	0.0001	0.00789283	0.0001	0.0001	0.0001	0.0001	0.0001	0.0001	0.0001	0.0001	0.0001	0.0042836	0.655588	0.0001	0.0001	0.0001	0.0001	0.0001	0.0001	0.166056	0.0001	0.0960853	0.0001	0.0722491	0.0402991	0.249349	0.0001	0.00302133	0.0001	0.000698019	0.0617468	0.266988	0.0001	0.0001	0.0001	0.0001
0.0001	0.000116525	0.0113411	0.0001	0.0001	0.0001	0.0001	0.0001	0.00303364	0.0001	0.0296511	0.0198469	0.0281481	0.039604	0.0001	0.0001	0.0001	0.0001	0.0001	0.0076398	0.00280501	0.00822798	0.0001	0.0001	0.027918	0.0001	0.0285956	0.0001	2.84562	0.00519584	0.000884481	0.0001	0.0179764	0.00840354	0.0001	0.105575	0.035421	0.0107161	0.198137	0.0001	0.0001	0.0001	0.0001	0.0001	0.0125519	0.0146267	0.0320894	0.0181671	0.0001	0.0001
0.0001	1.04545	0.0001	1.0656	0.0001	0.0001	0.0001	0.0001	0.00535936	5.95705	0.546764	18.6097	0.0001	4.39852	2.47753	1.01798	0.0001	0.0001	0.0001	0.468926	0.00559068	0.0586682	0.0001	0.0001	0.0863802	0.0001	0.533325	0.00213555	0.02006	5.66327	0.00489505	0.710511	0.248388	0.0001	0.93805	0.0590397	5.53172	0.260618	0.0001	0.418697	0.523456	1.15751	3.06775	1.13769	6.20514	0.0001	0.21885	0.242606	4.39185	0.286375
0.0001	0.0001	0.0506981	0.0001	0.0001	0.0001	0.0001	0.0001	0.0001	0.0001	35.1314	0.46738	0.0001	0.0001	0.0001	0.0001	0.0001	0.0001	0.0001	0.0001	0.0001	0.0001	0.0001	0.0001	0.0824399	0.0001	0.0001	0.0001	0.0001	0.0001	0.00019324	0.0001	0.0001	0.0933963	0.00150024	0.0001	0.277323	0.087703	0.0001	0.0001	0.0001	0.0001	0.0001	0.0001	0.0001	0.25653	0.0001	0.0579209	0.0001	0.0001
0.0001	0.0001	0.0001	0.0001	0.00496777	0.0001	0.0001	0.00772582	4.85546	0.00401061	0.0001	0.0001	0.0001	0.0001	0.000166791	0.0001	0.0001	0.0001	0.0001	0.0124999	0.0001	0.0001	0.0001	0.0001	0.0001	0.000343548	0.059988	0.0001	0.0001	0.0001	0.0001	0.00181723	0.0001	0.02224	0.0001	0.0488741	0.0001	0.0001	0.0254459	0.058184	0.0001	0.0001	0.0101413	0.0001	0.0001	0.0001	0.0001	0.0001	0.0001	0.0108295
0.00267961	0.0079628	0.0579741	0.0001	0.0001	0.0001	0.0001	0.0001	0.0001	0.0001	0.0001	0.0001	0.0516507	7.09724	0.0001	0.000989396	0.0001	0.0001	0.0001	0.0110306	0.0165749	0.0420158	0.000201092	0.00103995	0.022425	0.0001	2.06807	0.0001	0.0001	0.0001	0.0001	0.128241	0.0001	0.0701276	0.0001	0.0343915	0.430409	0.0001	0.0001	0.236979	0.0001	0.0001	0.0001	0.0001	0.0001	0.0001	0.0001	0.00884755	0.0001	0.0001
0.0001	0.0001	0.0001	0.0001	0.0001	0.0001	0.0001	0.0001	0.0001	0.0001	0.1757	0.0001	0.122374	4.55783	0.272884	0.00117825	0.0001	0.0001	0.0001	0.0552395	0.000658632	0.0001	0.0001	0.0001	0.0267027	0.0001	0.0001	0.0001	0.00966163	0.0001	0.0180012	0.226972	0.0472479	0.0533889	0.00983003	0.0001	1.92545	0.00834432	0.0001	0.151644	0.249366	0.0001	0.0001	0.0001	0.0001	0.0001	0.29982	0.000637688	10.1237	0.00172879
0.0001	0.0001	0.0001	0.00562563	0.0001	0.0001	0.0001	0.0001	0.0001	0.414645	0.280059	0.0468215	0.0001	0.0001	0.793209	0.000134296	0.0001	0.0001	0.0001	0.0001	0.0001	0.0001	0.0001	0.0001	0.0001	0.0001	0.0464868	0.0001	0.0001	0.00841549	0.0001	0.0001	0.0001	0.0905517	0.0400644	0.0001	0.330113	0.0001	0.0001	0.6705	47.9459	0.0001	0.0001	0.0001	0.0259179	0.0001	0.0001	0.0001	0.0106747	0.0083845
0.00525449	0.000757423	0.0001	0.0001	0.0001	0.000711703	0.0001	0.00797312	0.0001	0.0001	0.0001	0.0001	0.0001	0.0001	0.0001	0.00125271	0.0128255	0.000972459	0.0001	2.36447	0.0001	0.0001	0.0001	0.00372117	0.0001	0.0177538	0.0001	0.0001	0.0001	0.0001	0.0001	0.0186105	0.0001	0.0001	0.00114654	0.0560417	0.0001	0.0273129	0.0484176	0.0001	0.0550115	0.00271688	0.0001	0.0001	0.0001	0.0001	0.0001	0.0001	0.0001	0.0001
0.00106496	0.00663195	0.0001	0.0001	0.0001	0.000713535	0.0001	0.0001	0.0116055	0.0001	0.451733	0.118288	0.12471	0.239798	0.0001	0.0001	0.0001	0.0001	0.0001	0.0360143	0.00196193	0.0340148	0.000924525	0.00110306	0.0265215	0.0001	0.0001	0.0238201	3.135	0.0212611	0.0001	0.00706914	0.0676988	0.0001	0.0001	0.0001	4.33309	0.0001	0.0001	0.0001	0.0001	0.0001	0.0664973	0.0001	0.0211591	0.0001	0.243333	0.0001	0.0113295	0.0001
0.000378505	0.0001	0.260539	0.0001	0.0001	0.00749172	0.0001	0.0115849	0.0001	0.00519172	0.0001	0.914786	0.0273007	0.681183	0.0480763	0.0001	1.14435	0.0001	0.0175231	0.00849644	0.0620839	0.0001	0.0001	0.00266771	0.0001	0.00278258	0.0001	0.000100098	0.0064281	0.0441987	0.0001	0.0001	0.0667732	0.0806274	0.00204998	0.149724	0.772316	0.0001	0.150437	0.189829	0.0001	0.0001	0.882432	0.00616193	0.00117536	0.0001	2.0752	0.0001	0.00778734	0.00481492
0.0001	0.0001	0.0329424	0.0001	0.0001	0.0001	0.0001	0.0001	0.0001	0.0375757	0.00969944	0.00466432	0.0001	0.0001	0.0709101	0.0001	0.0001	0.0001	0.0001	0.0001	0.0001	0.0001	0.0001	0.0001	0.0001	0.0001	0.0001	0.0001	0.0001	0.0001	0.0001	0.0001	0.0001	0.00353377	0.0001	0.0001	0.132721	40.5513	0.0001	0.0402984	0.0001	0.0001	0.0001	0.0001	0.0042019	0.0001	0.0001	0.0001	0.0001	0.0001
0.00170777	0.0184637	0.166021	0.0001	0.000199311	0.0001	0.0001	0.0001	0.00494252	0.0001	0.0001	0.0001	0.0001	0.0001	0.0001	0.0001	0.0001	0.0001	0.0001	0.0001	0.0001	0.0001	0.0001	0.000201836	0.000127752	0.00543832	0.0001	0.0001	0.0001	0.0001	0.000301374	0.00592172	0.0001	0.241395	0.0162712	0.0176814	0.0001	0.0001	0.0279952	0.0001	0.0001	0.0001	0.0001	0.0001	0.0001	0.305963	0.0001	0.00789426	0.0001	0.0001
0.00416322	0.0001	11.3357	0.0001	0.000116311	0.000162849	0.0001	0.0001	0.0001	0.0001	0.0001	0.111236	0.0001	0.274966	0.0857559	0.0001	0.00143298	0.0001	0.00363076	2.33804	0.0001	0.0001	0.0445262	0.0001	0.0452333	0.00049318	0.0001	0.0001	0.0001	0.0335193	0.000978044	0.0143439	0.0001	0.373786	0.0001	0.588935	1.43385	0.0001	0.546158	0.471429	0.380896	0.0001	0.0001	0.0001	0.0001	0.0001	0.0001	0.0618117	0.0001	0.0001
1.06275	0.0001	4.4571	0.0001	0.0001	0.0001	1.03457	0.899934	3.36668	0.932946	0.0001	0.0001	0.613611	0.493699	0.738642	0.165359	1.10371	1.00066	0.217161	0.349963	0.0033524	6.89507	1.07653	0.99524	0.164177	0.0001	0.0001	0.786366	0.0340549	0.0001	1.03728	0.308135	0.210529	1.19632	0.00383167	0.760334	10.416	0.0841303	0.66034	0.0001	0.422996	0.0001	0.682686	0.0001	0.0001	0.0001	0.909789	1.95351	0.0001	0.0001
0.000509143	0.00516656	0.0001	0.000818835	0.0001	0.0001	0.00271344	0.0001	0.00947409	0.0001	0.000211079	0.0001	0.141853	2.35888	0.0001	0.0001	0.000777058	0.0001	0.000525545	0.0402443	0.0011546	0.0236016	0.000508975	0.00241174	0.0393323	0.0001	0.0001	0.0001	0.00826853	0.0001	0.00144077	0.0001	0.0148854	0.0001	0.0001	0.0001	0.0001	0.0001	0.0459809	0.0001	0.0001	0.00504019	0.0106029	0.00186921	0.0001	0.134132	0.158048	0.0270819	0.0143179	0.0001
0.000103769	0.000263688	0.0001	0.0001	1.25642	0.0001	0.0001	0.0001	0.0105401	0.0001	0.00378565	0.106333	0.0001	0.0001	0.0001	0.0001	0.0001	0.000536758	0.0001	0.0001	0.0001	0.0001	0.0001	0.00161186	0.0149163	0.000430931	0.0001	0.0001	0.0001	0.0001	0.00052189	0.280566	0.0001	0.0001	0.0118828	0.0001	0.176849	0.0379828	0.0001	0.0001	0.0001	0.0001	0.0001	0.0001	0.168782	0.00609983	0.0001	0.026506	0.0001	0.0001
0.0001	0.0001	0.0001	0.0001	0.0001	0.0001	0.0001	0.0001	0.0001	0.0001	0.0778664	0.116595	0.0838161	0.340599	0.0001	0.0001	0.0001	0.0001	0.0001	0.00487343	0.0001	0.0001	0.0001	0.0001	0.0765317	0.0001	0.0667233	0.0001	0.00543261	0.0345142	0.0001	0.0001	0.0531499	0.0342405	0.0001	34.9669	4.99289	0.0001	0.0001	0.0891775	0.0001	0.0001	0.0001	0.0001	0.0486349	0.0001	0.100031	0.298215	0.0731826	0.0001
0.0001	0.0001	0.0001	0.0001	0.000608949	0.0001	1.11493	0.0161271	0.0001	0.0110974	0.0001	0.0001	0.0001	0.0001	0.000408866	0.00264975	0.000463489	0.000927491	0.0001	0.806969	0.0001	0.0001	0.0001	0.000285258	0.0001	0.0320338	0.0001	0.0001	0.0001	0.0001	0.0001	0.0001	0.0001	0.0001	0.00437536	0.0377949	1.88309	0.130719	0.0541819	0.0001	0.0001	0.0001	0.0001	0.0001	0.0001	0.227687	0.0001	0.0001	0.0001	0.000739514
0.0001	0.0001	0.0001	0.0001	0.00610434	0.0001	0.0001	0.0605458	0.0001	0.0001	0.0001	0.0001	0.0001	0.0001	0.0001	0.00863652	0.0001	0.00181443	0.0001	1.83803	0.0001	0.0001	0.0001	0.0001	0.0001	0.108647	0.0001	0.0001	0.0001	0.0001	0.0001	0.0001	0.0001	0.0001	0.0144357	0.112728	19.9369	0.984814	0.159147	0.0001	0.139759	0.0001	0.0001	0.0001	0.0001	2.79152	0.0001	0.0001	0.0001	0.00081779
0.0001	0.00499012	0.0001	0.00197966	0.00134179	0.0029664	0.0001	0.0001	0.0206252	0.0001	0.0001	0.0001	0.0001	0.840455	0.0001	0.0001	0.00791537	0.00072277	0.0001	0.0001	0.0001	0.0001	0.000128763	0.000139108	0.242197	0.00652516	0.0001	0.0001	0.00196213	0.0001	0.0108417	0.0001	0.0001	0.0001	0.0001	0.0001	0.0001	0.0001	0.0001	0.0001	0.0001	0.00217399	0.0001	0.0016435	0.128383	0.0001	0.0001	0.176946	0.0001	0.0001
0.0001	0.0001	0.0001	0.0001	1.01764	0.944873	0.0001	0.0001	0.0001	0.442758	0.0001	0.0001	0.0001	0.0001	0.935553	0.0107534	0.0001	0.0001	1.38844	0.0001	1.57229	0.0730756	0.0001	0.0001	0.0815789	0.0001	44.5848	0.0001	0.0001	0.0447937	0.0001	0.237914	14.7793	0.019721	0.0185645	0.0001	0.0001	1.54763	0.048176	0.44127	0.0001	0.0001	0.231189	0.0001	0.0133998	1.08084	3.31268	0.102691	0.111412	0.224014
0.0001	0.0001	0.0001	0.0001	0.0001	0.0001	0.0001	0.0001	0.000673961	0.0001	0.0001	0.0326522	0.140897	0.11703	0.0355943	0.0001	0.0001	0.0001	0.0001	0.0265654	0.0001	0.0088002	0.0001	0.0001	0.0103547	0.0001	0.0001	0.0001	0.0018695	0.000895155	0.0001	0.000118456	0.0396206	0.00124028	0.0001	0.0001	0.0001	0.0001	0.0001	0.0102899	0.0001	0.0001	0.014655	0.0001	0.00109907	48.7679	0.428187	0.00344372	0.0001	0.0001
0.0903154	0.00200994	0.022476	0.00106799	0.000693379	0.0001	0.000245387	0.00257568	0.0906655	0.000832527	0.0150973	0.389021	0.038194	0.0001	0.0001	0.000284844	0.00107353	0.0001	0.0001	0.0001	0.0001	0.144567	0.0001	0.0001	0.0001	0.0001	0.0422452	0.00366087	0.0001	0.0001	0.0001	0.0001	0.0001	0.0954623	0.0001	0.0128906	0.0001	0.035322	0.0001	0.0001	0.0001	0.00219242	0.0001	0.000543664	0.00476681	0.0334089	0.0001	0.0001	0.116836	0.0001
0.0001	0.0115136	0.0001	0.0001	0.0001	0.0001	0.0001	0.0001	0.0155727	0.0001	0.0001	0.102776	0.084479	1.80534	0.0001	0.0001	0.00656989	0.0001	0.0001	0.0452367	0.0001	0.0364373	0.0001	0.0001	0.0308655	0.0001	0.0001	0.0001	0.0036255	0.00608896	0.0001	0.324905	13.7882	0.0001	0.0001	0.00531358	0.439011	0.223156	0.000442522	0.0001	3.10397	0.0001	0.0001	0.0001	0.0112836	0.0357398	0.0001	0.0208812	0.0001	0.0001
0.0001	0.00300674	0.0595191	0.000758264	0.00164919	0.0001	0.0001	0.0001	0.00354328	0.0573545	0.0172327	0.0001	0.0266015	3.83766	0.0001	0.00019742	0.0001	0.0001	0.0001	0.00514982	0.00850782	0.00341716	0.0196032	0.00225096	0.00984791	0.0001	0.99015	0.0001	0.000241369	0.0001	0.00031078	0.058493	0.0001	0.037029	0.0001	0.0155817	0.0001	0.0001	0.00786562	0.0001	0.0001	0.00228864	0.0001	0.000554162	0.0001	0.0992128	0.0001	0.0218836	0.0001	0.0001
0.0001	0.0001	1.90049	0.0001	0.0001	0.000569004	0.0001	0.0001	0.0001	0.0472884	0.0001	0.0497998	0.0084552	0.43177	0.0544543	0.0001	0.0001	0.0001	0.00163649	2.05479	0.00154355	0.0001	0.0001	0.0001	0.0150805	0.0001	0.0132301	0.0001	0.00593	0.012971	0.0001	0.0069059	0.0455062	0.902996	0.0001	0.0738064	0.00382104	0.0001	0.0671041	0.0199331	0.00865526	0.0001	0.0001	0.0001	0.0001	0.0230241	0.113729	0.00387825	0.00495924	0.0001
0.00137865	0.00436054	0.434397	0.00373992	0.0011743	0.0001	0.0001	0.0001	0.0001	0.0001	0.441229	0.0001	0.0334375	2.0055	0.0001	0.0001	0.0001	0.0001	0.0041362	0.0599313	0.00122068	0.0001	0.000494199	0.00482978	0.0359533	0.0001	0.0001	0.0001	0.00177584	0.0001	0.00120267	0.0001	0.00617988	0.0001	0.0001	1.36243	0.154954	0.0112407	0.0159426	0.0355272	0.0001	0.00694501	0.0001	0.00600682	0.0001	0.0001	0.113033	0.0199078	0.0001	0.0001
0.0001	1.06325	0.0001	1.05895	0.0001	0.0001	0.0001	0.0001	0.0343598	5.72647	0.133075	18.8375	0.00816616	5.384	1.84779	1.01615	0.0001	0.0001	0.0001	0.269935	0.00757781	0.109694	0.000385591	0.0001	0.0893098	0.0001	1.43186	0.0001	0.0447468	5.6039	0.00537836	1.02855	0.238558	0.0001	0.875604	0.0590295	5.55706	0.142907	0.374855	0.0001	0.0001	1.1568	2.92554	1.13732	6.17763	0.0001	0.0001	0.247608	4.30072	0.286588
0.0001	0.0001	0.0001	0.0001	0.990555	1.03863	0.0001	0.0001	0.0001	0.370919	9.33858	0.462307	0.0001	0.0629156	0.448925	0.0001	0.00279858	0.0001	1.63757	0.07925	0.0001	0.0001	0.0001	1.02893	0.0001	0.0001	0.0001	0.0001	0.0001	0.0355018	0.00634336	0.0897339	0.0001	0.0001	0.0236343	0.0001	0.145769	0.0001	0.0001	0.767943	0.560052	0.0001	0.0001	0.0001	0.0574173	0.0001	0.0001	0.136549	0.0132573	0.789425
0.0001	0.0001	0.915156	0.0001	0.0001	0.0001	0.0001	0.0001	0.0001	0.0001	0.00138622	0.0001	0.0001	0.0001	0.3036	0.00307566	0.000132773	0.0001	0.0001	0.0001	0.0001	0.0001	0.0183272	0.0001	0.0171032	0.0001	0.0001	0.0001	0.0001	0.0001	0.0001	0.112902	0.0001	0.684376	0.00470449	0.0001	1.35623	0.0230587	0.0001	0.0318404	0.408874	0.0001	0.0001	0.0001	18.0594	0.0001	0.163805	0.0509559	0.0001	0.00038503
0.0001	0.0001	0.0001	0.0001	0.00886942	0.0001	0.0001	0.0001	0.0001	0.0189905	0.103545	0.0001	0.0001	0.0001	0.0724787	0.0010162	0.0001	0.000307488	0.0001	0.571871	0.0001	0.0001	0.0001	0.0001	0.0001	0.0256752	0.0001	0.0001	0.0001	0.0001	0.482462	0.00702968	0.0001	0.0001	0.0050441	0.0710526	3.80524	1.09743	0.00280178	0.0001	0.577415	0.0001	0.0001	0.0001	0.0001	4.24157	0.0001	0.0001	0.0001	0.0001
0.0001	0.0001	0.0109987	0.0340405	0.0001	0.000827847	0.0001138	0.0101761	0.0001	0.0001	0.0001	0.0001	0.0001	0.0001	0.0183967	0.00186377	0.0001	0.000567466	0.0798239	0.0001	0.0001	0.0001	0.0001	0.000368557	0.0001	0.00197317	0.116647	0.000551521	0.0001	0.0001	0.0001	0.0001	0.0001	0.00144917	0.00123217	0.0001	0.0001	0.0001	0.0001	0.152958	0.0001	0.0001	0.0001	0.0001	0.0001	0.0001	0.0001	0.0001	0.0001	0.0001
0.0001	0.0001	0.0808356	0.0001	1.4042	0.0001	0.0001	0.0049225	0.0001	0.0394735	0.0240933	0.0001	0.0001	0.0001	0.0323587	0.0001	0.0001	0.0001	1.78906	0.0001	0.0001	0.0001	0.00620187	0.0001	0.0001	0.000777924	0.0416715	0.0001	0.0001	0.0001	0.0001	0.0001	0.0001	0.0001	0.000930455	0.000203608	0.281311	0.0660795	0.0001	0.120374	0.980224	0.0001	0.00803256	0.0001	0.0001	0.242219	0.0001	0.0001	0.00018644	0.0001
0.0001	0.000454972	0.0001	0.00182521	0.000911001	0.0001	0.0001	0.00135381	0.03267	0.0001	0.194623	0.0456139	0.109195	0.009743	0.0001	0.0001	0.0001	0.0001	0.0001	0.0915996	0.0265365	0.0144604	0.0001	0.0187342	0.0292425	0.0001	1.9151	0.000157262	0.00887133	0.0139137	0.000774518	0.0261268	0.0896799	0.0001	0.0001	0.0001	0.0001	0.053104	0.0001	0.0438301	0.181235	0.00458674	0.989987	0.00222431	0.0569736	0.145115	0.0001	0.0001	0.0001	0.0001
0.0001	0.00732473	0.0001	0.00091912	0.000102655	0.000651305	0.0001	0.0672606	0.0001	0.0001	0.0001	0.0001	0.0001	0.0001	0.0001	0.0001	0.0001	0.0110727	0.0001	0.0001	0.0001	0.0001	0.0001	0.000320667	0.0001	0.0028128	0.0001	0.0001	0.0001	0.0001	0.0001	0.0001	0.0001	0.0001	0.0040427	0.0001	0.0001	0.0001	0.0001	0.0001	0.0001	0.0001	0.0001	0.0001	0.0001	0.0001	0.0001	0.0735332	0.0001	0.0001
0.0001	0.0001	0.0001	0.0001	0.0001	0.0001	0.0001	0.0001	0.0155597	43.7225	0.311127	0.510801	0.320115	1.24255	1.05519	0.0001	0.00074721	0.0001	0.0001	0.0968351	0.00577475	0.0568704	0.00414271	0.0001	0.1249	0.0001	0.0001	0.0001	0.0269181	0.0865288	0.00134585	0.115469	0.208394	0.0001	0.0001	0.0001	12.3791	0.0001	0.0001	0.0506508	0.170674	0.0001	1.26965	0.0001	0.0567761	0.0001	0.824941	0.245328	0.102778	0.0001
0.0001	0.0001	0.0001	0.0001	0.0001	0.0001	0.000726306	0.0001	0.0001	0.0001	0.0245453	0.279775	0.0101108	0.360986	0.0001	0.0001	0.0001	0.0001	0.00284754	0.0001	0.0001	0.0001	0.0001	0.0001	0.0001	0.0001	0.00520964	0.0001	0.000746236	0.00181411	0.0001	30.5194	0.001567	0.00135843	0.0001	0.0001	1.19101	0.0001	0.0001	0.0266189	0.0001	0.0001	0.0001	0.0001	0.0124236	0.0001	0.014815	0.0001	0.0001	0.0001
0.0001	0.0001	25.0687	0.0001	0.0001	0.0001	0.83513	0.0001	1.75818	0.223604	0.067255	0.152856	0.540031	0.715982	0.401384	0.169459	0.98173	0.834107	0.0001	0.0001	0.0001	2.73126	0.0001	0.0001	0.0245298	0.0001	0.809192	0.0001	0.0001	0.0254225	0.0001	0.00780318	0.0894148	4.30277	0.00983109	0.0001	0.0001	0.297421	12.1035	0.0001	0.0887448	0.0001	0.0001	0.0001	0.105316	0.375877	0.0001	0.0001	0.00689012	0.0001
0.0001	0.0001	0.0001	0.0001	0.0001	0.00125825	0.0001	0.0001	0.0001	0.242268	0.0001	0.0001	0.0001	13.8107	0.37302	0.00101806	0.00197173	0.0001	0.0001	0.0001	0.0001	0.0001	0.0001	0.0001	0.0001	0.00598832	0.0001	0.0001	0.0001	0.0001	0.0001	0.0578371	0.0001	0.00114753	0.0212374	0.0001	0.0001	0.0001	0.0001	0.158116	0.0001	0.0001	0.000153335	0.0001	0.0001	0.0001	0.0001	0.0001	0.0001	0.0043215
0.0046417	0.0001	1.45982	0.0001	0.0001	0.0001	1.03952	0.0001	3.16708	0.0001	0.328785	0.138001	0.105261	0.882218	0.0001	0.18217	1.09579	1.07025	0.236835	0.574023	0.0001	7.26015	0.0001	0.0001	0.112671	0.0001	0.0001	0.0001	0.0001	0.0348045	0.00983724	0.00700552	0.107246	0.0001	0.0001	0.62636	1.28224	0.311338	3.85849	0.0453072	0.0001	0.0001	0.0463263	0.0001	0.0001	0.28628	0.397039	0.196547	0.0148817	0.0001
0.0001	0.0001	1.80769	0.0001	0.0001	0.0001	1.02612	0.0001	0.0001	0.0001	0.0001	0.0001	0.119966	0.32068	0.0001	0.0001	1.08592	1.01255	0.0001	0.0018119	0.0001	1.59331	0.0001	0.0001	0.0105427	0.0001	0.289164	0.0001	0.0001	0.0001	0.0001	0.0001	0.00302753	0.937949	0.0001	0.104171	0.0001	0.0286349	1.19015	46.5998	0.0001	0.0001	0.0852482	0.0001	0.0001	0.0430732	0.0001	0.0001	0.0001	0.0001
0.000700703	0.0001	0.0648368	0.00249909	0.00214843	0.0001	0.00341376	0.0001	0.0001	0.0001	0.0001	0.206416	0.166746	0.0276543	0.0282978	0.000203776	0.0001	0.00039293	0.0001	0.0001	0.0001	0.0001	0.0001	0.00153941	0.00830073	0.0001	0.0001	0.000388391	0.163641	0.0001	0.00251423	0.270878	0.00191457	0.0001	0.00520804	0.457037	0.0001	0.000243655	0.0001	0.00269292	0.0001	0.0001	0.0001	0.0001	0.0001	0.00352075	0.0304932	0.0975123	0.0001	0.024788
0.0001	0.0001	0.0001	0.0001	0.000881968	0.0001	0.0001	1.14512	0.0001	0.0001	0.000766666	0.0001	0.0001	0.0261877	0.0001	0.000936306	0.0001	0.000251277	0.0001	0.0001	0.000248971	0.0001	0.0001	0.000369403	0.0234797	0.000297729	0.0806922	1.00122	0.0001	0.0001	0.997237	0.0001	0.0001	0.00885797	0.00170623	0.0001	0.0001	0.0001	0.0709447	0.550465	0.0123416	0.00011767	0.0001	0.000465058	0.00458474	0.0001	0.0001	0.920002	0.0001	0.0001
0.0001	0.0001	0.0001	0.000112536	0.000843971	0.0001	0.0001	1.28661	0.00818402	0.0001	0.248931	0.0001	0.0001	0.070919	0.0001	0.000229045	0.0001	0.000597346	0.0001	0.0001	0.0001	0.0001	0.0001	0.0001	0.0001	0.000363976	0.228787	0.0001	0.0001	0.000380375	1.01514	0.0001	0.0001	0.0001	0.000536774	0.0001	0.0001	0.000252259	0.00689081	0.201511	0.0001	0.000956087	0.0001	0.000128252	0.0132283	0.0001	0.0001	0.992305	0.0001	0.0001
0.0001	0.0001	0.0001	0.0001	0.0001	0.0001	0.0001	0.0001	0.0001	0.0001	0.0001	57.2612	0.0001	0.0001	0.184166	0.0001	0.0001	0.0001	0.0001	0.0001	0.0001	0.0001	0.0001	0.0001	0.0001	0.0001	0.0001	0.0001	0.0001	0.0001	0.0001	0.0810178	0.0001	0.0180375	0.0001	0.0001	0.985058	0.00273831	0.0001	0.0154213	0.172245	0.0001	0.0001	0.0001	0.0001	0.0001	0.0934065	0.0183263	12.9117	0.0001
0.0024206	0.0001	7.95671	0.0001	0.00313948	0.0001	0.0001	0.0001	0.0001	0.0116441	0.131258	0.0502979	0.0001	0.481309	0.0271821	0.0001	0.000528081	0.0001	0.00400606	2.81395	0.00171371	0.0001	0.0001	0.000592657	0.0466494	0.0001	0.0001	0.0001	0.00905547	0.013274	0.000660536	0.214546	0.0587755	0.0926635	0.0001	0.324989	0.400374	0.066485	1.00712	0.243604	0.0102509	0.0001	0.017502	0.00101478	0.0001	0.259418	0.170497	0.02915	0.00521281	0.0001
0.0001	0.0001	0.0001	0.0001	0.0001	0.000843596	0.0001	0.0155553	0.0001	0.0001	0.0001	0.0001	0.00153264	0.0001	0.0001	0.0001	0.0001	0.0001	0.0001	0.0115844	0.0001	16.3237	0.0001	0.0001	0.0001	0.0001	0.0353767	0.0001	0.0001	0.0001	0.0001	0.0001	0.0001	0.0229285	0.0001	0.0205955	0.0001	0.0001	0.0001	0.0001	0.00256847	0.0001	0.0001	0.0001	0.0030317	0.0001	0.0001	0.0145806	0.0001	0.0001
0.0001	0.0001	0.0001	0.0001	0.0001	0.0001	0.0001	0.0001	0.0001	0.087293	0.0494689	0.0001	0.0308924	0.8561	0.0001	1.12348	0.0001	0.0001	0.0001	0.0161876	0.0001	0.0001	0.0001	0.0001	0.00288398	0.0001	0.0001	0.0001	0.0001	0.0001	0.0001	0.0001	0.0232162	0.0185488	0.00717987	0.0001	0.814737	0.0001	0.0001	0.139885	0.0197693	0.0001	0.0001	0.0001	0.790791	0.0001	37.0385	0.0263201	0.0001	0.0001
0.0001	0.0001	0.172821	0.0001	0.0119949	0.0001	0.0001	0.0127864	0.0001	0.0001	0.222791	0.0001	0.0001	0.0001	0.0001	0.0001	0.0001	0.0001	0.0001	0.0001	0.0001	0.0001	0.0187868	0.0001	0.0001	0.0191178	0.0001	0.0001	0.00408643	0.0001	0.0001	0.0001	0.0001	0.0926868	0.00241986	0.0001	17.3573	0.0848084	0.00324522	0.0001	0.043873	0.0001	0.0001	0.0001	0.0001	8.57512	0.0001	0.0001	0.0001	0.0001
0.0001	0.0001	0.098099	0.0001	0.0001	0.0039983	0.0001	0.00561639	0.0001	0.0001	0.0833553	0.0001	0.0001	0.0001	0.23244	0.020858	0.00453325	0.0001	0.0001	0.0001	0.0001	0.0001	0.0001	0.0001	0.0001	0.00501163	0.0001	0.0001	0.0001	0.0001	0.0001	0.0001	0.0001	0.136803	0.0109541	0.0001	0.0001	1.11483	0.0001	0.0001	9.47446	0.902045	0.0001	0.0001	0.0001	0.0145231	0.546988	0.0001	0.0001	0.00543943
0.0001	0.0001	0.0001	0.0001	0.0001	0.0001	0.0001	0.0001	0.0127365	0.0739013	0.283097	0.0775486	0.132199	0.630036	0.0749044	0.0001	0.0001	0.0001	0.0001	30.7838	0.000431984	0.0501636	0.0001	0.0001	0.0460043	0.0001	0.0001	0.0001	0.00177659	0.0181845	0.0001	0.0191457	0.0850625	0.0270211	0.0001	0.00918276	0.0001	2.04988	0.0105028	0.0001	0.056639	0.0001	0.0695298	0.0001	0.0246781	0.337432	0.235052	0.0223769	0.00611839	0.0001
0.0001	1.06686	0.0001	1.0524	0.0001	0.0001	0.0001	0.0172937	0.0368692	5.06615	0.0001	15.9285	0.0001	3.15345	1.41486	0.740415	0.0001	0.0001	0.0001	0.236335	0.0001	0.107084	0.905808	0.0001	0.0543227	0.0001	1.03647	0.0001	0.0200198	5.35938	0.0001	1.25758	0.16287	0.0001	0.898562	0.115302	0.0541478	0.121235	0.0119748	0.0001	0.0001	1.16886	2.43676	1.14024	5.8525	0.248293	0.0001	0.0001	4.23046	0.362745
0.0001	0.0001	0.0001	0.0001	0.0001	0.0001	0.0001	0.0001	0.0001	0.0001	0.144024	0.0001	0.0571784	0.0001	0.0001	0.0001	0.000708641	0.0001	0.0001	0.0301703	0.0001	0.0001	0.0849322	0.0001	0.0243971	0.0001	0.0001	0.0001	0.0001	0.0001	0.0001	0.0011874	0.134895	22.692	0.0001	0.059656	0.0001	0.00683922	0.0361069	0.0001	0.0001	0.0001	0.297354	0.0001	0.0001	0.0001	0.0236487	0.00605988	0.0001	0.0001
0.0001	0.0001	0.0197733	0.0001	0.0001	0.00409259	0.0001	0.0001	0.0001	0.0001	0.18167	0.0001	0.227401	0.0001	0.033013	0.00657468	0.0001	0.0001	0.0001	0.0324975	0.00478397	0.0001	0.0001	0.0001	0.0696616	0.0001	0.0575364	0.0001	0.0154246	0.0001	0.00189772	0.0001	0.0977149	0.117405	0.00507519	0.0001	14.5824	0.0001	0.0001	0.2252	3.89407	0.468331	0.0001	0.0001	0.0001	0.0001	0.0001	0.0544397	0.0001	0.0001
0.00257749	0.000582101	0.0001	0.0001	0.0001	0.000135413	0.0001	0.00103501	0.0001	0.0001	0.0001	0.0001	14.0237	0.0001	0.0001	0.0001	0.0014113	0.0001	0.0001	0.0744799	0.0001	0.0319169	0.0001	0.0001	0.0001	0.00796377	0.0001	0.0001	0.0001	0.0001	0.0001	0.000791001	0.0001	0.15098	0.0001	0.230964	0.0001	0.0001	0.237476	0.0001	0.0001	0.0001	0.0001	0.0001	0.0001	0.0001	0.0001	0.0001	0.0001	0.0001
0.0001	0.0001	0.203291	0.0001	0.00103403	0.0001	0.0001	0.730872	0.0001	0.0248149	0.0001	0.0001	0.0001	0.0001	0.0509622	0.0001	0.0001	0.0001	0.0001	0.0001	0.0001	0.0001	0.0001	0.0001	4.01118	0.000878243	0.0001	0.987441	0.0001	0.0001	1.0862	0.0001	0.0001	0.200362	0.00203916	0.0001	0.489147	0.00272483	0.0430368	0.311437	0.0001	0.0001	0.0001	0.0001	0.00504057	0.0001	0.0001	2.25648	0.0001	0.0001
0.00508758	0.0506286	0.0001	0.0001	0.00222294	0.0001	0.0001	0.0001	0.0614302	0.0001	0.0001	0.0001	0.203754	9.63171	0.0001	0.0001	0.0121635	0.0001	0.000936323	0.160112	0.00409968	0.14174	0.0001	0.00165373	0.0839606	0.0001	0.0001	0.0001	0.0289944	0.0001	0.00162925	0.824254	0.919171	0.0001	0.0001	0.0001	0.0633374	3.27445	0.00119507	0.0001	8.3702	0.0001	0.168616	0.000242961	0.0001	0.288372	0.522363	0.0717868	0.0001	0.0001
0.00213463	0.000930065	0.0001	0.000368339	0.0001	0.0117047	0.0001	0.000538959	0.0001	0.0001	0.135488	0.0001	0.0001	0.0001	0.0001	0.0001	0.0001	0.0175027	0.0001	0.0001	0.0001	0.0001	0.0001	0.000363798	0.0001	0.00144752	0.0001	0.000250427	0.0001	0.0001	0.000119536	0.0001	0.0001	0.0001	0.0001	0.0001	0.0101786	0.0001	0.0001	0.0001	0.0001	0.000255965	0.0294815	0.000378998	0.0001	0.0001	0.0001	0.00230926	0.0001	0.0001
0.0001	0.0001	0.00984895	0.0001	0.0167854	0.0001	0.0001	0.0162931	0.0001	0.0001	0.422028	0.0001	0.0001	0.0001	0.0001	0.00119488	0.0001	0.0001	0.0001	0.0001	0.0001	0.0001	0.0001	0.0001	0.0001	0.0253489	0.0001	0.0001	0.0001	0.0001	0.0001	0.0001	0.0001	0.0001	0.0001	0.0211438	11.7806	1.75118	0.0258805	0.0001	0.0314546	0.0001	0.0001	0.0001	0.0001	6.75986	0.0001	0.0001	0.0001	0.000161221
0.00143708	0.00858149	0.0001	0.000726167	0.0001	0.000156494	0.0001	0.0001	0.00731002	0.0001	0.229746	0.0001	0.0001	0.0001	0.0001	0.0001	0.000280793	0.0001	0.0001	0.0681903	0.0001	0.0205052	0.0001	0.0001	0.0001	0.00100226	0.00162452	0.0001	0.0001	0.0001	0.0001	0.0001	0.0001	0.140444	2.54482	0.0519246	0.0001	0.0001	0.0605018	0.0001	0.0001	0.0001	0.0001	0.0001	0.0001	0.0001	0.0001	0.0001	0.0001	0.0001
0.0001	1.05278	0.0001	0.0001	0.0001	0.0001	0.0001	0.0001	0.0001	19.7929	0.0001	0.0001	0.0001	0.0001	2.56868	1.11182	0.000465699	0.0001	0.0001	0.0001	0.00083247	0.0001	0.0001	0.0026223	0.0001	0.0001	0.0001	0.0001	0.0001	0.0001	0.00978288	0.108175	0.0153856	0.103767	0.951479	0.0001	3.78537	0.270098	8.77395	0.226316	1.55353	0.0001	0.0001	0.0001	0.0001	0.0001	0.70895	0.245737	0.0001	0.659902
0.0001	0.0001	0.0992129	0.0001	0.0001	0.0001	0.0001	0.0001	0.0001	0.0001	0.0376016	0.0001	0.0001	0.0001	0.313648	0.00403318	0.00105049	0.0001	0.0001	0.0001	0.0001	0.0001	0.0001	0.0001	0.0222295	0.0001	0.0001	0.0001	0.0001	15.689	0.0001	0.119865	0.0001	0.0529834	0.00570675	0.0001	1.72771	0.0287023	0.0001	0.0657914	0.461331	0.0001	0.0001	0.0001	0.0001	0.0001	0.162578	0.0595592	0.0001	0.000505656
0.0001	0.0001	0.0338142	0.0001	0.000198599	0.0001	0.0001	0.0001	0.0001	0.0001	0.0001	0.0001	0.00435464	0.0001	0.000605679	0.0001	0.00788868	0.0001	0.0001	0.0001	0.0001	0.0001	0.0001	0.960073	0.0001	0.0001	0.0001	0.0001	0.0001	0.0539772	0.0001	0.253495	0.0001	0.0063689	0.0001	0.0089428	0.013913	0.0489804	0.196203	0.0012392	0.0255768	0.00345795	0.0001	0.0001	0.0001	0.0142602	0.0300435	0.0001	0.0001	0.0001
0.0337514	0.0001	0.0001	0.00505907	0.98469	1.04035	0.0001	0.0001	0.0297132	0.166817	9.33768	0.816628	0.0001	0.0001	0.380475	0.0001	0.00388846	0.0001	1.65727	0.0001	0.0001	0.0351124	0.0001	0.0001	0.0001	0.0001	0.0001	0.0001	0.0001	0.0091068	0.00457445	0.0001	0.0001	0.0001	0.0189479	0.0001	0.304035	0.0001	0.00752188	0.0001	1.41829	0.0001	0.0001	0.0001	0.123849	0.0001	0.0001	0.128204	0.0001	0.5409
0.000244724	0.0001	0.0749482	0.0001	0.0001	0.00408558	0.000311479	0.0001	0.0001	0.0001	0.297824	0.0001	0.114235	0.0001	1.61739	0.0231477	0.0133837	0.000202969	0.0001	0.0001	0.00626055	0.0001	0.0001	0.000466777	0.163799	0.0001	0.0001	0.0001	0.00671013	0.0001	0.00787053	0.777887	0.0001	0.302746	0.035992	0.0001	14.4733	0.0587077	0.0001	0.477277	2.78979	0.0001	0.0001	0.874796	0.0001	0.0001	1.10663	0.324976	0.0001	0.00787451
0.00505022	0.00077917	0.0001	0.0381301	0.0001	0.0333365	0.000350564	0.0001	0.0001	0.0001	0.0001	0.0001	0.00781473	0.0001	0.013135	0.00103077	0.0001	0.000124272	0.0001	0.0001	0.0032929	0.0463004	0.00020457	0.000318565	0.00435479	0.000208029	0.0312311	0.000115996	0.0001	0.0001	0.000567602	0.0001	0.0001	0.0111188	0.0001	0.0001	0.326821	0.0001	0.0001	0.0440352	0.0001	0.0001	0.0001	0.0001	0.0001	0.0001	0.0001	0.0101348	0.0001	0.0001
0.0318659	0.0001	0.0001	0.000201768	0.000986291	0.000779502	0.0001	1.36176	0.0332741	0.00697566	0.00731052	0.0001	0.0613645	0.36273	0.00509616	0.0001	0.000253945	0.0001	0.0001	0.000706258	0.000166586	0.0551482	0.0001	0.0001	0.0326187	0.0001	0.0001	1.00275	0.00183484	0.0001	0.939975	0.0778995	0.00851559	0.0299292	0.0001	0.0400821	0.2516	0.0001	0.0001	0.0001	0.0001	0.0001	0.00537011	0.000267865	0.0001	0.0001	0.0698205	0.0112166	0.0246554	0.00924118
0.0001	0.00107383	0.415004	0.0001	0.0001	0.00259285	0.0001	0.0180691	0.0001	0.0001	0.0001	0.0001	0.0001	0.0001	0.0001	0.00351661	0.00067024	0.0021855	0.0001	0.0001	0.0001	0.0001	0.0001	0.00302247	0.0001	0.0425574	0.0001	0.0001	0.0001	0.0001	0.0001	0.0001	0.0001	0.0001	0.0001	0.0001	0.155671	0.0608752	0.0227862	0.0001	0.0201234	0.0001	0.0001	0.0001	0.0001	0.0001	0.0001	0.0001	0.0001	0.0153328
0.0001	0.0001	0.0001	0.0001	0.0001	0.0001	0.0001	0.0001	0.0001	0.0001	0.000201785	0.0001	0.0001	0.0001	0.0001	0.224733	0.0001	0.0001	0.0001	0.0001	0.0001	0.0001	0.0001	0.00285349	0.000155105	0.0001	0.0995682	0.0001	0.0001	0.0001	0.0001	0.287004	0.0001	0.00791787	0.0001	0.0001	0.457424	0.0363652	0.0001	0.219753	0.149211	0.0001	24.5769	0.0001	0.0001	0.108389	0.431527	0.0295871	0.0001	0.0001
0.0001	0.0056669	0.0001	0.0001	0.0001	0.000143571	0.0001	0.00174638	0.0347646	0.0001	0.0001	0.0001	0.0181195	0.0001	0.0001	0.0001	0.0001	0.00033157	0.0001	0.71891	0.0001	0.0101142	0.0001	0.0001	0.0001	0.00295436	0.0001	0.0001	0.0065627	0.0001	0.0001	0.00541831	0.0001	0.0001	0.0001	0.00587104	0.0001	0.000920581	0.0001	0.0001	0.0867641	0.0001	0.0001	0.0001	0.0001	0.0001	0.0001	0.0001	0.0001	0.0001
0.0710442	0.000583812	0.0264227	0.0001	0.0001	0.0001	0.0001	1.40492	0.0764639	0.0188898	0.0619736	0.0397869	0.148576	0.467568	0.0001	0.0001	0.00106154	0.0001	0.00212953	0.00916469	0.00105679	0.123451	0.0001	0.0001	0.0724535	0.0001	0.0113316	0.995795	0.00868552	0.00199186	0.93523	0.00580702	0.0205726	0.0809636	0.0001	0.0721701	0.322995	0.0220413	0.0001	0.0001	0.0001	0.0001	0.0151234	0.0001	0.00883839	0.130295	0.122151	0.0001	0.00512706	0.0123137
1.07206	0.0001	4.37926	0.0001	0.0107692	0.0001	1.03331	1.37365	2.61356	0.148972	0.0001	0.0001	1.12464	0.0001	0.332474	0.263065	1.1001	0.990504	0.0001	0.0001	0.0001	5.72871	1.06861	0.997905	0.0001	0.0001	0.920629	0.990935	0.0001	0.0001	0.934105	0.213673	0.0001	1.5229	0.0285175	0.576797	0.0001	0.15699	0.291007	6.28179	0.650463	0.0001	0.0001	0.0001	0.0001	0.0001	0.0001	0.0001	0.0001	0.00342641
0.000947119	0.0276771	0.00398717	0.00975288	0.0001	0.0178276	0.0001	0.0184675	0.0001	0.0001	0.0001	1.73789	0.0001	0.0001	0.0499196	0.0001	0.000993361	0.00122596	0.0001	0.0001	0.0001	0.304961	0.0001	0.00188472	0.0001	0.0163447	0.0001	0.000584715	0.0001	0.0001	0.0001	0.0001	0.0001	0.2911	0.0188249	0.0001	0.020843	0.0001	0.00304097	0.0001	0.0001	0.0001	0.0001	0.0001	0.0001	0.0001	0.0001	0.0257277	0.0001	0.0001
0.000324214	0.0001	0.0001	0.000380921	0.0001	0.0001	0.0001	0.00800397	0.00955384	0.0890782	0.216597	0.100649	0.0001	0.107912	0.0241612	0.0001	0.0109631	0.00010883	0.0001	0.0101598	1.5411	0.0001	0.000278409	0.000236416	0.0001	0.0001	0.0001	0.0001	0.0001	0.0001	0.0001	0.0001	0.0001	0.0001	0.000817985	0.326603	0.892771	0.0001	0.0001	0.0001	0.0103231	0.0001	0.0001	0.0001	0.0223213	0.0001	0.0001	0.0001	0.0001	0.00136628
0.00615511	0.0001	0.0261698	0.0001	0.000316335	0.000715122	0.000379897	0.0001	0.0001	0.0001	0.162064	0.0001	0.0565943	0.0001	0.323638	0.0144048	0.00562121	0.000258974	0.00393078	0.0001	0.00279511	0.0001	0.0001	0.00379909	0.0580974	0.0001	0.0001	0.0001	0.0074376	0.0001	0.0031332	0.0001	0.0001	0.131568	0.0116244	0.0001	5.00632	0.256333	0.0001	0.325419	0.456386	1.02742	0.0001	0.0001	0.0001	0.0001	0.516101	0.126264	0.0001	0.00428688
0.0001	0.0001	0.0259979	0.0001	0.0001	0.0001	0.0001	0.0001	0.0001	0.132226	0.0621592	52.5505	0.0109542	1.94176	0.0694191	0.0001	0.0001	0.0001	0.0001	0.0136376	0.0001	0.0001	0.0001	0.0001	0.0147402	0.0001	0.101358	0.0001	0.000440076	0.0001	0.0001	0.193397	0.0217195	0.0069118	0.0001	0.0001	0.502602	0.0001	0.0001	0.0645325	0.0174234	0.0001	0.0001	0.0001	0.0001	0.0001	0.0412795	0.0372714	0.0001	0.0001
0.0001	0.0001	0.0953202	1.03211	0.0001	0.00417659	0.0001	0.0001	0.0001	0.0001	0.279096	0.0001	0.0931436	0.0001	1.12633	0.0147519	0.00981378	0.0001	0.0001	0.0001	0.00617776	0.0001	0.0001	0.0001	0.137751	0.0001	0.0001	0.0001	0.00793817	0.0001	0.00613207	4.44677	0.0319684	0.235779	0.0306768	0.0001	11.0828	0.0825638	0.0001	0.366428	2.0261	0.0001	0.0001	0.0001	0.0001	0.0001	0.911411	0.249126	0.0001	0.00526559
0.0001	0.00371123	9.85315	0.00719024	0.0001	0.0271993	0.0001	0.0138599	0.0001	0.0965056	0.0001	0.0001	0.0001	0.0001	0.0001	0.0001	0.0260412	0.0001	0.0001	11.2606	0.0001	0.0001	0.00969987	0.00225155	0.0001	0.0279784	0.0001	0.0001	0.0001	0.0001	0.012645	0.0001	0.0001	1.83718	0.0294217	0.222198	0.906911	0.0001	0.370125	0.120277	0.0001	0.0001	0.0001	0.00131349	0.0638466	0.0001	0.0001	0.0691266	0.0001	0.0001
0.0001	0.0001	0.0823501	0.0001	0.0001	0.0001	0.0001	0.0001	0.0001	0.163119	0.115517	0.0300556	27.5137	0.331644	0.302628	0.0001	0.0001	0.0001	0.0001	0.0001	0.0001	0.0001	0.0001	0.0001	0.0181247	0.0001	0.0001	0.0001	0.0001	0.00748927	0.0001	0.17065	0.0121137	0.0001	2.65013	0.0001	0.0001	0.179183	0.0001	0.200284	0.105003	0.0001	0.00744461	0.0001	0.00610955	0.0117628	0.00927044	0.0142484	0.000599787	0.00190841
0.00147873	0.00354784	0.0001	0.112105	0.00246992	0.00101083	0.000347364	0.0001	0.0267433	0.0001	0.0001	0.0001	0.0001	0.0001	0.733292	0.00272767	0.0001	0.00367421	0.0001	0.0001	0.0001	0.0001	0.0001	0.0024588	0.00191672	0.00184299	0.0001	0.000414907	0.0001	0.0001	0.000688863	0.0001	0.0001	0.0001	0.0001	0.0001	1.03088	0.0001	0.0001	0.0186796	0.0001	0.0001	0.0001	0.0001	0.0001	0.0001	0.0001	0.0127121	0.0001	0.0001
0.00100102	0.00910697	0.037202	0.0236446	0.000175378	0.000400117	0.00421771	0.0001	0.00489326	0.0001	0.0001	0.0001	0.0120255	0.0001	0.0001	0.0001	0.00121274	0.000194541	0.0001	0.0001	0.0001	0.00417614	0.000167487	0.000178434	0.0201966	0.00110422	0.0001	0.0001	0.0543774	0.0001	0.000393905	0.0001	0.0001	0.0001	0.0001	0.0001	0.0262675	0.0001	0.0001	0.0001	0.0001	0.0001	0.0001	0.0001	0.0001	0.0001	0.303342	0.0272713	0.0001	0.0001
0.0001	0.0001	0.0001	0.0001	0.0001	0.0001	0.0001	0.0001	0.0001	0.0202914	0.0001	0.0001	0.0275325	0.0403439	0.0135517	0.0001	0.0001	0.0001	0.0001	0.00546127	0.0001	0.0001	0.0001	0.0001	0.0001	0.0001	0.0252518	0.0001	0.0253134	0.183262	0.0001	0.001112	0.0001	0.00336422	0.0001	0.0001	0.144528	0.0001	42.2969	0.0001	0.00133963	0.0001	0.00671142	0.0001	0.0001	0.0001	0.0001	0.0001	0.0001	0.0001
