0.00112703	0.0001	0.00334032	0.0106179	0.0001	0.00106708	0.000170729	2.20779	0.0001	0.417352	0.993667	0.990113	0.0300677	0.00228977	0.00600976	0.028056	0.219561	0.0606947	0.0657854	0.0001	0.0001	0.00292395	0.0327846	1.12851	0.0001	0.0001	0.0233272	0.0001	0.0001	1.02664	0.340523	0.0001	0.707704	0.31008	0.0001	2.08933	0.114924	0.105458	0.0001	0.0001	2.80815	0.0001	0.0001	0.0001	2.31616	0.693206	0.142057	1.02878	0.0001	0.0001
0.0001	0.364315	0.0001	0.00670598	0.0001	0.0001	0.0001	8.77768	0.0001	0.0825164	0.0001	0.0060886	0.0001	0.0001	0.0001	0.0001	0.0001	0.00169694	0.0001	0.0001	0.0340932	0.0001	0.0001	0.0001	0.0001	0.384838	0.000994361	0.273373	0.0284556	0.0001	0.0001	0.0001	0.0963546	0.00231486	0.965868	0.275855	0.0001	0.0001	0.0013296	0.132507	0.0001	0.0342395	0.0001	0.349121	0.0927753	0.122832	0.0001	0.0001	0.0001	0.0001
0.00491927	0.0123771	0.0168651	0.0001	0.0378605	0.0015965	0.0107125	0.0528365	0.00843738	0.0623746	0.0001	0.00465113	0.389621	0.0001	0.011257	0.0001	0.0001	0.0001	0.0001	0.00295046	0.0851716	0.0907175	0.128595	0.00186136	0.0001	0.00293367	0.0444083	0.0001	0.363991	0.0001	0.0001	0.264513	0.672512	0.311339	0.0001	0.0001	0.0171614	0.132865	0.00403216	0.410674	0.481846	0.160679	0.0883161	0.497597	0.110369	0.422467	0.0001	0.00277438	0.0106033	0.00602874
0.0001	0.0001	0.000525829	0.0001	0.000284938	0.0001	0.0001	0.0184583	0.00560081	0.883926	0.00108914	0.0001	0.0217176	0.00123833	1.53063	1.0191	0.0154157	0.0246209	0.0001	0.0001	0.0396799	0.0289542	0.0047769	0.0001	0.0001	0.0001	0.000710206	0.0001	0.0001	0.00285932	0.0001	0.0001	0.0110726	0.00191237	0.0001	0.0969439	0.0001	0.000775998	0.0001	0.0001	0.0322334	0.0001	0.170818	0.0324877	0.5989	0.0001	0.0001	0.0001	0.0001	0.00147766
0.0189935	0.0001	0.0001	0.0001	0.0001	0.0001	0.0001	0.0001	0.0001	0.181497	0.0001	0.0001	0.0001	0.0001	0.0001	0.0001	0.0001	0.0214284	0.0001	0.0001	0.0001	0.0001	0.0001	0.00116433	0.00964484	0.607094	0.0001	0.0001	0.0001	0.0001	0.0001	0.0001	0.0001	0.0001	0.0001	0.0001	0.0001	0.0001	0.00101936	0.0205383	0.121813	0.017322	0.0001	0.0001	0.032458	0.0001	0.0001	0.000171282	0.000165046	0.00598008
0.0001	0.0247422	0.0001	0.000563099	0.0151151	0.0001	0.00137736	0.0001	0.00334089	0.0001	0.0142782	0.00437317	0.0001	0.0151755	0.0001	0.000514633	0.0001	0.0001	0.0001	0.0001	0.0001	0.0001	0.0001	0.0001	0.0001	0.0001	0.0001	0.0001	0.0001	0.00516608	0.0434907	0.00161215	0.0001	0.0001	0.0001	0.328409	0.0001	0.0975573	0.0485691	0.0001	0.0001	0.0001	0.0001	0.0001	0.0001	0.0001	0.0174202	0.0001	0.0001	0.0001
0.000236752	0.0001	1.42769	0.00482444	0.0027231	0.0001	0.0001	0.0001	0.975078	0.042602	0.0001	0.0001	0.0001	0.0001	0.0001	0.0001	0.0001	0.00369822	0.00346821	0.0001	0.00133673	0.0001	0.00761861	0.0001	0.0105212	0.209572	0.0001	0.0495583	0.0001	0.0001	0.050195	0.0001	0.00976224	0.0139346	0.178416	0.141172	0.0001	0.0001	0.0001	0.0662449	0.184651	0.0001	0.0001	0.0001	0.0702233	0.0538118	0.0203789	0.0001	0.0001	0.0001
0.0001	0.0001	0.0001	0.0001	0.0001	0.0001	0.0001	0.0001	0.0001	0.0440853	0.000844212	0.0001	0.0001	0.0001	0.0001	0.0001	0.0001	0.0001	0.0707772	0.0001	0.00208883	0.0001	0.0001	0.0001	0.0001	0.0001	0.0001	32.3694	0.0001	0.0001	0.0001	0.0001	0.0207284	0.0001	0.0001	0.0001	0.0001	0.0001	0.000825595	0.00164639	0.0001	0.0001	0.0001	0.0340234	0.0001	0.00650615	0.0001	0.0001	0.0001	0.0001
0.0001	3.04605	0.0104384	0.0105166	0.00155507	0.0001	0.0001	1.66016	0.0001	0.0001	0.0001	0.0001	0.000831629	0.0001	0.0582617	0.0035601	1.20546	0.160546	0.0001	0.0001	0.0001	0.0001	0.00230402	0.0001	0.10202	0.0001	0.0001	0.0001	0.0001	1.05108	0.0001	0.0001	0.0001	0.0001	1.3175	0.0001	0.0001	0.0001	0.0001	0.0107131	0.467167	0.00371288	0.0001	0.0001	0.0001	0.0001	0.0001	1.14766	0.0001	0.016379
1.13484	0.0268499	0.0001	0.0001	0.00567678	0.0001	0.0001	0.0645373	0.0001	0.0001	0.000805374	0.00620399	0.0001	0.0001	0.00147599	0.000288758	0.175222	0.0001	0.0424633	0.0001	0.0001	0.0001	0.00225909	0.0001	0.0001	0.0326255	0.0001	0.0001	0.0001	0.00236498	0.024388	0.00169493	0.0001	0.0001	0.0386888	0.519584	0.0001	0.0001	0.0001	0.0001	0.20179	0.167254	0.066239	0.0001	0.36437	0.0001	0.00550785	0.0001	0.0001	0.0001
0.0001	0.0001	0.0001	0.0001	0.00694761	0.448907	0.0001	0.0001	0.0001	0.0001	0.0107636	0.0001	0.0001	0.0001	0.0001	0.0001	0.0001	0.0001	0.0475864	0.00169966	0.00037597	0.0001	0.0001	0.0001	0.0001	0.0001	0.0001	0.0015732	0.000522159	0.0001	0.133946	0.0001	0.0001	0.0285716	0.0001	0.0388355	0.0001	0.0001	0.0001	0.0633886	0.0001	56.3076	0.333486	0.0212077	0.0194749	0.45766	0.0001	0.0001	0.0001	0.0001
0.000374964	2.62528	0.0177993	0.00156198	0.0001	0.0001	0.000695193	0.115463	0.0001	0.0384834	0.00676366	0.000644678	0.0001	0.00367236	0.0001	0.000585105	0.0001	0.0001	0.0001	0.0001	0.0001	0.0001	0.0001	0.0001	0.0001	0.0001	0.0001	0.0001	0.0001	0.0001	0.128849	0.0001	0.0001	0.0001	0.0001	0.0001	0.00139696	0.011137	0.00154845	0.0001	0.0001	0.0001	0.0275143	0.00196994	0.0001	0.0001	0.0001	0.000945802	0.00109787	0.0001
0.0001	0.0001	0.00105541	0.00777723	0.00234875	0.0001	0.000723098	0.0001	0.0001	0.164282	0.0059441	0.0001	0.0001	0.00475857	0.00858716	0.00270374	0.0001	0.000744647	0.0001	0.0001	0.00300531	0.0001	0.0001	0.000192484	0.0001	0.0001	0.0001	0.0001	0.0001	0.906691	0.0181862	0.0001	0.00394707	0.0001	0.0378518	0.0001	0.0270278	0.0001	0.006941	0.0001	0.0001	0.0001	0.0001	0.0001	0.0001	0.0001	0.0001	0.00900862	0.0001	0.0001
1.03785	0.0001	0.0001	0.0001	0.00273766	0.0001	0.0001	0.0001	0.0001	0.106868	0.0001	0.0001	0.0001	0.0001	0.00130421	0.0001	0.0001	0.0001	0.0621766	0.0001	0.0137532	0.0001	0.0001	0.0001	0.0001	0.104979	0.0001	0.0001	0.0001	0.0001	0.0689269	0.00116488	0.0001	0.0001	0.128151	0.0001	0.0092276	0.0001	0.0001	0.00385074	0.0001	0.152273	0.0636139	0.0537716	0.0128432	0.0001	0.00603743	0.00255066	0.0001	0.0001
0.0001	1.83942	0.00185656	0.0109336	0.0001	0.0001	0.0001	2.41015	0.00400639	0.443861	1.02081	0.986698	0.0857676	0.0001	0.0001	0.0138041	0.589272	0.0624355	0.175516	0.0001	0.0001	0.00538684	0.0433664	1.12952	0.0001	0.0001	0.0001	0.0001	1.05733	1.08342	0.273738	0.0001	0.652406	0.279959	0.0001	0.602112	0.0237003	0.111666	0.0001	0.0001	2.66208	0.00284917	0.0001	0.0001	1.66803	1.03092	0.0448093	1.03388	0.0001	0.0001
0.0001	0.0001	0.0001	0.0001	0.0001	0.0001	0.0001	0.0001	0.0001	0.0783234	0.0001	0.0001	0.0001	0.0001	0.0001	0.0001	0.0779559	0.0001	0.0001	0.0001	0.0001	0.0001	0.00120756	0.0001	0.017903	0.0001	0.0001	0.0001	0.0001	0.0001	0.0450044	0.000133011	0.0001	13.5331	0.0001	0.0001	0.0185394	0.0001	0.0001	0.0001	0.0001	0.0001	0.0001	0.00735097	0.0501358	0.356487	0.0165951	0.0001	0.0001	0.0001
0.0001	0.00150855	0.000159635	0.0001	4.36682	0.0001	0.0001	0.0001	0.0001	0.0254694	0.0001	0.0001	0.0001	0.0001	0.0001	0.0001	0.073853	0.00596985	0.0001	0.0001	0.0001	0.0001	0.0296107	0.0001	0.0001	0.0001	0.0001	0.0001	0.0001	0.0001	0.0001	0.0001	0.0132097	0.0001	0.0417808	0.0001	0.0001	0.0001	0.0001	0.0114819	0.0274868	1.07792	0.0001	0.0001	0.046002	0.0001	0.326661	0.0001	0.0001	0.000334913
0.0001	0.0001	0.0126059	0.0106005	0.000693988	0.0001	0.00152725	0.0001	0.0001	0.0001	0.0001	0.0154123	0.319256	0.00496497	0.000453635	0.0001	0.0001	0.0001	0.0001	0.0001	0.0001	0.0001	0.0001	0.00377888	0.0001	0.0001	0.0684278	0.0239478	0.0001	0.0001	0.0001	0.0001	0.0001	0.0001	0.0001	1.09818	0.0001	0.124578	0.00265545	0.0001	0.0001	0.0001	0.0001	0.0001	0.0001	0.0001	0.0001	0.012663	0.0001	0.00100654
0.0001	0.0173305	0.000659383	0.0001	0.0001	0.0001	0.0001	0.0001	0.0001	0.888845	0.0001	2.53166	0.0318395	0.0001	0.0001	0.0001	0.0001	0.00335092	0.0001	0.000393899	0.10775	0.0001	0.0001	0.0001	0.0001	1.27315	0.0111456	0.668402	0.342554	0.0001	0.0001	0.0001	0.520883	0.00218924	0.0206298	0.0538686	0.0001	0.0347565	0.0001	0.631785	0.0001	0.0631496	0.0001	1.51791	0.0197853	0.0001	0.0001	0.00163177	0.0001	0.000800954
0.0001	0.0001	0.0001	0.0001	0.0001	0.0001	0.0001	0.0001	0.0001	0.0100754	0.0001	0.0001	0.0001	0.0001	0.0001	0.0001	0.0001	0.0001	0.0001	0.0001	0.0001	0.0001	0.0268577	0.0001	0.0001	0.0001	0.0001	0.0001	40.3977	0.0001	0.0001	0.0001	0.0001	0.0001	0.0001	0.0001	0.0001	0.0001	0.0001	0.0001	0.0001	0.0001	0.0001	0.150634	0.0001	0.0001	0.0001	0.0001	0.0001	0.0001
0.0001	0.00650811	0.000152206	0.0001	0.0113241	0.0001	0.00367472	0.0001	0.011014	0.0001	0.0001	0.0001	0.0001	0.0001	0.0001	0.00129484	0.0316247	0.0001	1.42998	0.00210773	0.0159918	0.0001	0.0707307	0.0001	0.0001	0.00308851	0.0001	0.00143506	0.0001	0.0001	0.0001	0.00171357	0.0001	0.0001	0.048524	0.0967339	0.0001	0.0001	0.019072	0.251372	0.0001	0.011464	0.0472088	0.037987	0.0001	0.0001	0.00726944	0.0001	0.0001	0.0001
1.14032	0.0001	0.0001	0.0001	0.0028176	0.0001	0.00197041	0.0001	0.0001	0.0972013	0.0001	0.0001	0.0001	0.0001	0.0001	0.0265348	0.0001	0.0001	0.0703101	0.0001	0.018991	0.0001	0.0001	0.0001	0.0001	0.081151	0.0001	0.0001	0.0001	0.0001	0.0704073	0.000385854	0.0001	0.00256138	0.0159366	0.0001	0.0108017	0.0001	0.0001	0.0001	0.0001	0.156818	0.0001	0.230687	0.0001	0.0001	0.0014279	0.010295	0.0001	0.0001
0.00350505	0.00174404	0.0001	0.00187494	0.00035452	0.0001	0.00239558	0.0001	1.09498	0.0001	0.0001	0.0001	0.612131	0.0001	0.0001	0.0001	0.0001	0.0001	0.0001	0.0001	0.0916351	0.0001	0.00237411	0.0001	0.0001	0.0001	0.0001	0.0001	0.0001	0.0001	0.0001	0.0001	0.0001	0.0001	0.0001	0.0574466	0.0001	0.0001	0.0001	0.0001	0.0001	0.0001	0.0001	0.0001	0.0310117	0.708702	0.0001	0.0001	0.0001	0.0001
0.0001	0.0001	0.0001	0.0019011	0.0001	0.0001	0.0001	0.0376487	0.0001	0.0001	0.0001	0.0001	0.46577	0.00873744	0.00152176	0.0001	0.0001	0.056497	0.218021	0.00358721	0.0001	0.0951342	0.0001	0.00105717	0.0224581	0.83477	0.0143112	0.00283632	0.0001	0.0001	18.3753	0.0001	0.0414157	0.0001	0.0001	0.439121	0.0001	0.0496369	0.0001	0.11213	0.07961	0.33274	0.0347435	0.0001	0.541288	0.0282745	0.0001	0.0001	0.00092155	0.0416819
0.0001	0.0001	0.000125273	0.0001	0.00783542	0.0001	0.0001	0.0001	0.0001	0.801753	0.0001	0.0001	0.0001	0.000422401	0.0001	0.0001	0.0001	0.0143801	0.00783412	0.0001	0.0285039	0.0278046	0.0232826	0.0001	0.00597733	0.0001	0.0001	0.0163154	0.0001	0.0001	0.0277518	0.000129735	0.0222026	0.0001	0.0308312	0.0001	0.0469396	0.0001	0.000252967	0.0514859	0.0001	0.0001	0.0001	0.0508827	11.2522	0.0123105	0.021793	0.00896899	0.0001	0.0001
0.0001	0.00365538	0.0001	0.0001	0.0001	0.0001	0.0001	0.00632051	0.0001	0.0001	0.011083	0.0001	0.0001	0.0001	0.0001	0.0001	0.0001	0.0001	0.0001	0.0329086	0.0487161	5.2573	0.0001	0.0001	0.00352049	0.0001	0.0001	0.0001	0.254473	0.0001	0.0623142	0.0185935	0.0001	0.0001	0.0001	0.121025	0.0001	0.0001	0.0165699	0.0001	0.727433	0.133154	0.532851	0.120861	0.0001	0.083493	0.0001	0.0001	0.00565879	0.00306981
0.0001	0.764979	0.999012	0.722845	0.541754	0.0001	1.00214	0.262119	1.06495	1.41444	0.0001	0.0001	0.0001	0.0001	1.16373	0.80097	0.183782	3.6229	0.0001	1.60698	0.0226897	6.60675	0.0667001	0.0001	0.0001	0.441272	0.0001	0.236468	0.0724719	0.0366505	0.073464	0.930511	0.0136186	0.0001	0.187357	1.27037	0.0001	0.0001	0.0001	0.31385	0.216901	8.02545	12.6748	0.382818	2.48092	0.0980581	3.60789	0.0001	1.16559	0.0001
0.000881058	0.0001	0.0001	0.0001	0.000153898	0.0001	0.00267184	0.0001	0.0001	0.0001	0.0001	0.00828973	0.0001	0.00240108	0.0001	0.0001	0.0001	0.0001	0.00167494	0.0001	0.0001	0.0001	0.0580575	0.00351973	0.00548069	0.0001	0.000408061	0.0001	0.0001	0.0001	0.0001	0.0001	0.0001	0.0001	0.0120604	0.834572	0.0110722	0.0001	0.0001	0.073701	0.0001	0.00951154	0.0001	0.0001	0.0001	0.0001	0.0001	0.00498523	0.0001	0.000418125
0.0001	0.0001	0.0001	0.0001	0.00440382	0.336163	0.0001	0.0001	0.0001	0.0001	0.0001	0.0001	0.0001	0.0001	0.0001	0.0001	0.0907341	0.0001	0.0001	0.0001	0.0001	0.00761038	0.0001	0.0001	0.0001	0.0001	0.0001	0.291335	0.0001	0.0001	0.0842257	0.0001	0.258374	0.0357847	0.0001	0.0001	0.0001	0.0001	0.0001	0.0001	0.0001	55.5904	0.224898	0.0001	0.0634405	0.093638	0.0001	0.0001	0.0001	0.0001
0.0057248	0.0001	0.0001	0.0001	0.0001	0.0001	0.0001	0.0109625	0.0001	0.0001	0.0001	0.00656889	0.0001	0.00109239	0.0162281	0.0001	0.0116674	9.20871	0.00274189	0.0001	0.0001	0.0001	0.0100506	0.00118656	0.0001	0.0001	0.0001	0.0001	0.0001	0.0001	0.0151854	0.0001	0.0001	0.000202976	0.0001	0.0001	0.0125768	0.0001	0.0001	0.0001	0.0150141	0.0001	0.0001	0.0001	0.0001	0.0001	0.0001	0.0001	0.0001	0.0001
0.0001	0.0116478	0.0001	0.0001	0.0102885	0.0001	0.0001	0.0001	0.0001	0.280969	0.0334539	0.0001	0.0001	0.0001	0.0001	0.0001	0.0401962	0.0001	0.281906	0.0001	0.00373562	0.0001	21.7007	0.0001	0.0001	0.0001	0.0001	0.0001	0.0001	0.000492466	0.136007	0.0001	0.0001	0.0001	0.039914	0.0001	0.0501072	0.0001	0.030603	0.0001	0.0001	0.0001	0.0001	0.0001	0.233047	0.0001	0.052047	0.0001	0.0001	0.0001
0.0001	0.103193	0.0001	0.0001	0.0622734	0.0001	0.0001	0.0001	0.0001	1.28508	0.0001	0.0001	0.0001	0.0001	0.0001	0.00471134	0.360147	0.0001	0.914105	0.0001	0.152076	0.0001	0.260041	0.0001	0.0001	0.0001	0.0001	0.0001	0.0001	0.00190125	1.77962	0.0106468	0.0001	0.0001	0.281742	0.0001	0.412211	0.0001	0.183314	0.0001	0.0001	0.00497739	0.0001	0.345344	1.54421	0.0001	0.403532	0.0001	0.0001	0.0001
0.0049907	0.0001	0.0001	0.00102877	0.0339606	0.0001	0.0001	0.0001	0.00704721	0.335372	0.0001	0.000541845	0.0001	0.00381007	0.0001	0.0001	0.0001	0.0001	0.0001	0.0001	0.0001	0.0001	0.0001	0.00382234	0.0626959	0.0001	0.0001	0.0001	0.0001	0.0001	0.0001	0.0001	0.110415	0.0001	0.0001	0.57057	0.0001	0.0001	0.00755042	0.0001	0.0001	0.157948	0.0001	0.0001	0.0001	0.0001	0.0001	0.00415179	0.0001	0.00445216
0.0001	0.0001	1.63909	0.0001	0.0001	1.08359	0.0001	0.216466	0.0001	0.0001	0.0001	0.00539484	25.0616	0.0001	0.0001	0.0001	0.338813	0.0001	0.190947	0.0001	0.0001	0.020571	0.0596815	0.0136139	0.0001	0.0001	1.95689	0.0001	0.0001	0.00520636	1.09351	0.0001	0.0001	0.0001	0.0001	0.0001	0.149443	5.52761	0.0001	0.0001	0.289476	0.0001	0.437674	0.0001	1.00454	0.0001	0.0001	0.0001	0.0001	1.1509
0.0001	0.0001	0.0001	0.0001	0.0001	0.0001	0.0001	0.00977986	0.0001	0.0222456	0.0001	0.000194678	0.0128096	0.000997008	0.0001	0.0001	0.00612281	0.000684942	0.00780683	0.0001	0.0125076	0.000103554	0.0490465	0.0001	0.000624486	0.0771738	0.0117166	0.0230887	0.00295126	0.0001	0.0001	0.0001	0.0196378	0.0001	0.0001	0.0060512	5.94825	0.0001	0.0001	0.1911	0.0001	0.813593	0.0001	0.0671827	0.0257165	0.0200549	0.00558356	0.0001	0.0001	0.000196682
0.0001	0.0001	0.0001	0.0001	0.00100361	0.0001	0.0001	0.0001	0.0001	0.0001	0.0001	0.0288671	0.0001	0.000197313	0.0001	0.0097838	0.0001	0.0001	0.0001	0.0995944	0.0001	0.0001	0.0128871	0.000359387	0.0001	0.0316737	0.0001	0.0001	0.0001	0.0001	0.000553282	0.0001	0.0001	0.0001	0.0114816	0.0001	0.0060308	0.0001	0.0022789	0.0001	0.0001	0.0673385	0.0209372	0.0001	0.00627326	0.225893	0.00459532	0.000490496	0.0001	0.0001
0.0001	0.0763511	0.0001	0.0001	0.00123144	0.0001	0.0001	0.0001	0.0001	0.0001	0.0225587	0.0437896	0.0001	0.0001	0.0001	0.0001	0.0001	0.0001	0.0001	0.0001	0.236832	0.0001	0.0001	0.0001	0.00417067	2.26864	0.0001	1.19249	0.602469	0.0001	0.0001	0.0001	0.907932	0.0738416	0.0001	22.2395	0.0001	3.46617	0.0145241	1.0931	0.0492383	0.729513	0.0001	1.8735	0.212849	1.1628	0.0927118	0.0001	0.0001	0.0001
0.0001	0.0001	0.00555035	0.0001	0.0001	0.0001	0.00220858	0.0001	0.00537594	0.0001	0.0001	0.0001	0.162337	0.00356466	0.0001	0.0001	0.0001	0.0001	0.0001	0.0107818	0.0001	0.0001	0.0001	0.00449228	0.000325571	0.0001	0.0334228	0.0001	0.0001	0.00137352	0.0001	0.0001	0.0001	0.0001	0.0001	0.988124	0.00662003	0.0553531	0.000800911	0.0001	0.0001	0.118941	0.0654233	0.0001	0.0001	0.0001	0.0001	0.00409559	0.00018117	0.0001
0.0001	0.00116425	0.000197054	0.00231202	0.00459775	0.0001	0.0001	0.0001	0.0001	0.0838068	0.0001	0.0001	0.0001	0.0001	0.0001	0.0001	0.00292484	0.0001	0.0443677	0.0001	0.0001	2.23979	0.015301	0.0001	0.0001	0.0001	0.0001	0.0001	0.0001	0.0001	0.0001	0.06226	0.0001	0.0001	0.0101739	0.0377053	0.0001	0.0001	0.00296997	0.00400817	0.0001	0.0106088	0.0001	0.0001	0.0287866	0.0001	0.0001	0.0001	0.0001	0.00247772
0.0001	0.0001	0.0001	0.00177753	0.0001	0.00299524	0.0052722	0.0001	0.0001	0.0379302	0.0001	0.0001	0.0001	0.00223853	0.0001	0.0001	0.0001	0.348895	0.0001	0.0001	0.0001	0.134562	0.0001	0.0069241	0.0060439	0.0001	0.0001	0.0001	0.0001	0.00167344	0.0001	0.0001	0.0001	0.148175	0.0001	0.67519	0.00111576	0.0001	0.000140902	0.0592504	0.0001	0.0001	0.0001	0.0001	0.0001	0.0001	0.0001	0.00405313	0.00045049	0.0001
0.00398775	1.77993	0.00662106	0.0070308	0.0001	0.0001	0.0001	2.29104	0.0001	0.577941	1.0508	0.975742	0.165189	0.0001	0.00107789	0.00752991	0.00492778	0.0549331	0.0521381	0.0001	0.0001	0.0209646	0.0548209	1.12732	0.0001	0.0001	0.000892222	0.0001	0.305014	1.08093	0.16032	0.0001	0.720564	0.088725	0.0001	0.0001	0.00920193	0.174864	0.0001	0.0001	2.14707	0.0001	0.0001	0.0001	0.624275	1.2811	0.0550637	1.05511	0.0001	0.0001
0.0001	0.0645372	0.0001	0.0001	0.00383059	1.06926	1.0344	0.0001	0.0001	0.298092	0.0001	0.0001	0.0001	0.0001	0.0001	0.0001	0.0178174	0.0001	0.0406243	0.0001	0.0323731	0.0001	0.0207979	0.0001	0.0001	0.0305057	0.0001	0.0792134	0.379634	0.00402107	0.0001	0.0001	0.063023	2.79016	0.0001	0.0209908	0.0001	0.0001	0.0001	0.0725921	0.0001	0.0150274	0.0001	0.0001	0.0940688	0.38444	0.0608881	0.000129688	0.0001	1.32476
0.0001	0.0001	0.0001	0.0001	0.0001	0.0001	0.0001	0.0001	0.0001	0.0231857	0.0001	0.0001	0.000669931	0.0001	0.0001	0.0001	0.0001	0.000705928	0.0001	0.0001	0.0001	0.0849011	0.000776208	0.0001	0.0001	0.0001	0.0001	0.0001	0.0001	0.0001	0.0001	0.0426877	28.2701	0.0001	0.00411498	0.0236731	0.0001	0.0001	0.0001	0.00834837	0.0001	0.102674	0.0001	0.0001	0.156475	0.0001	0.00047942	0.0001	0.0001	0.0001
0.0001	0.000850978	0.0001	0.0001	0.0035383	0.0001	0.0001	0.0001	0.0001	27.5599	0.0001	0.0001	0.0001	0.0001	0.0017326	0.0001	0.0001	0.0001	0.291074	0.0001	0.0001	0.0001	0.0240054	0.0001	0.0001	0.0001	0.0001	0.0001	0.421529	0.0001	0.0001	0.0001	0.0001	0.0001	0.0001	0.0001	0.0001	0.0001	0.0135396	0.0001	0.0001	0.0001	0.0001	0.0772158	0.0001	0.0001	0.0001	0.0001	0.0001	0.00186467
0.0001	0.0001	0.0001	0.000108303	0.0001	0.013159	0.0001	0.0001	0.0001	0.0920589	0.0001	0.0001	0.00259495	0.0001	0.0001	0.0001	0.0001	0.0001	0.0001	0.0001	0.0001	0.0001	0.0001	0.00223608	0.000225982	3.10304	0.00377999	0.0001	0.0001	0.0001	0.0001	0.0001	0.0001	0.0001	0.00871291	0.0001	0.0001	0.00697226	0.0012361	0.0001	0.0001	0.0001	0.0001	0.0001	0.199646	0.0001	0.262659	0.000270782	0.000134279	0.00299208
0.0001	0.0001	0.00138107	0.0001	0.0001	1.19756	0.0001	0.0001	0.0001	0.632973	0.0001	0.0001	0.0001	0.0001	0.0001	0.0001	0.0683802	0.043126	0.0001	0.0001	0.0001	0.0001	0.0817569	0.0001	0.0001	0.0360238	0.0001	0.0244357	0.998296	0.0001	0.0567538	0.0001	0.108203	0.0266181	0.1335	0.0001	0.0001	0.0073544	0.0001	0.0555701	0.133893	0.0001	0.407596	0.0195014	0.735307	0.00479579	8.80682	0.0001	0.0001	0.0001
0.000125403	0.0001	0.00117431	0.0001	0.0167752	0.000286506	0.0188495	0.0240812	0.0103588	0.205517	0.0001	0.0001	0.708358	0.0001	0.00094228	0.0001	0.159964	0.0170617	0.0703488	0.00140192	0.0001	0.0309796	0.0001	0.0101239	0.0015575	0.0001	0.0306271	0.0001	0.0001	0.00263149	0.0651989	0.0001	0.0001	0.0732683	0.0001	0.0001	0.0104166	0.277103	0.0001	0.0001	0.0447895	0.0434471	0.0001	0.0001	0.120284	0.0001	0.012161	0.0001	0.00125439	0.0001
0.000377236	0.0264146	0.0001	0.0001	0.0001	0.0001	0.0001	0.0866193	0.0001	0.0001	0.0127071	0.0001	0.119636	0.00195079	0.0277389	0.0001	0.0001	0.0001	0.113386	0.0001	0.0001	0.0001	0.0001	0.0001	0.0001	0.0001	0.00127418	0.0160236	0.0646958	0.00304423	0.0776154	0.0001	0.0001	0.145735	0.0001	1.18173	0.0277766	0.00637823	0.0001	0.0001	0.315374	0.0001	0.0001	0.0118882	22.6686	0.0255577	0.00331795	0.0001	0.00492918	0.0001
0.0001	0.134115	0.0001	0.0001	0.0001	0.0001	0.0001	0.252842	0.0001	0.202906	0.0001	0.0063567	0.0406065	0.0001	0.0001	0.0001	0.152183	0.00190515	0.0166697	0.0148374	0.0001	0.00483971	0.00178513	0.0001	0.0161145	0.00358293	0.0001	0.0125182	0.0312658	1.4565	0.0306086	0.0001	0.0001	0.0607338	0.0001	0.636825	0.0146844	0.0001	0.0001	0.02229	0.175989	0.0213546	0.0001	0.0244702	0.486017	0.0061545	0.0290316	0.0001	0.0001	0.0001
0.0001	0.0001	0.0001	0.0001	0.0001	0.0001	0.0001	0.0001	0.0001	0.0281224	0.0001	0.0001	0.0001	0.0001	0.0001	0.0001	0.0085259	0.0001	0.0001	0.0001	0.0001	0.0001	0.0636802	0.0001	0.0001	0.0001	0.0001	32.8144	0.0001	0.0001	0.00189809	0.0001	0.0001	0.0001	0.0001	0.0668851	0.00474587	0.0001	0.0001	0.0001	0.00450035	0.0001	0.0001	0.0001	0.26744	0.17785	0.0214284	0.0001	0.0001	0.0001
0.0001	0.767031	0.901301	0.0001	0.0001	0.0001	0.0001	0.0487208	0.935453	0.784332	0.070209	0.00688933	0.0001	0.0001	0.0001	0.0001	1.12186	2.5991	0.0001	0.0189515	0.0706547	13.0729	0.0001	0.0001	0.0001	0.804022	0.0001	0.308812	0.116638	0.0001	0.0001	1.10391	1.25475	0.0001	2.62954	1.15915	0.0001	0.0001	0.00775593	0.116151	1.84494	0.00554036	21.9758	0.710908	1.92814	0.291765	0.21548	0.0001	1.04639	0.0001
0.0001	0.0001	0.0001	0.000799023	0.00828042	0.0001	0.000323283	0.0001	0.0001	0.0001	0.00564172	0.00226931	0.0001	0.0153813	0.0001	0.000207813	0.0001	0.0001	0.0001	0.0001	0.0001	0.0001	0.0001	0.0001	0.00476991	0.0001	0.0001	0.0001	0.0001	0.000188854	0.0001	0.000661915	0.0001	0.0001	0.0001	0.0001	0.0001	0.0001	0.0302752	0.0001	0.0001	0.0001	0.0001	0.0001	0.0001	0.0001	0.0001	0.0001	0.0001	0.00430923
0.0001	0.751364	0.991161	0.0691279	0.558099	0.0001	0.0001	0.0001	1.0661	1.45327	0.0001	0.0001	0.0001	0.0001	0.0001	0.0001	0.0001	4.0039	0.0137927	0.0001	0.0274466	9.01005	0.0001	0.0001	0.0135201	0.178625	0.0001	0.0878035	0.0522121	0.0001	0.181915	0.956598	0.0001	0.0001	0.0001	0.329378	0.00927311	0.0001	0.0001	0.0959694	0.0001	7.39363	27.8534	0.12193	0.64854	0.0727887	3.4995	0.0001	1.23384	0.0001
0.0001	0.0001	1.04841	1.14975	0.497469	0.0001	0.0001	0.0514008	1.07372	1.46401	0.0001	0.0001	0.0001	0.0001	0.0001	0.0001	0.226453	4.12883	0.0001	0.0001	0.0603174	5.18635	0.0001	0.0001	0.0001	0.265888	0.0053903	0.0943828	0.0415333	0.000280456	0.0001	0.914606	0.139345	0.0001	0.323722	0.527074	0.0001	0.0001	0.0001	0.313832	25.0193	0.0001	2.73993	0.144738	1.85787	0.115026	0.0001	0.0001	1.13234	0.0001
0.0603235	0.00606272	0.0001	0.0001	0.0001	0.0001	0.0017898	0.00424452	0.0001	0.0001	0.0001	0.0001	0.0001	0.0001	0.0192739	0.0001	0.168655	0.0606604	0.00624343	0.0001	0.0001	0.0001	0.0307168	0.000612949	0.000440756	0.168872	0.0001	0.353302	0.0001	0.0001	0.0001	0.0001	0.0001	0.0001	0.0001	0.0121832	0.0001	0.0001	0.000683083	0.0128981	0.0174544	0.181605	0.00182664	0.0001	0.0001	0.136017	0.0001	0.0001	0.00149927	0.0014223
0.0001	0.0001	0.000574283	0.0001	0.000303102	0.0001	0.0001	0.0162015	0.0001	0.97162	0.0001	0.0001	0.0367373	0.000943641	1.51704	1.05111	0.000218855	0.0253372	0.0001	0.0001	0.0001	0.029243	0.003404	0.000162866	0.0001	0.0001	0.00150807	0.0001	0.0001	0.00263858	0.0001	0.0001	0.00926298	0.0001	0.0001	0.0754199	0.0001	0.00127313	0.0001	0.0001	0.0251963	0.0001	0.152222	0.0253475	0.439962	0.0001	0.0001	0.0001	0.0001	0.00156943
0.0001	0.00032631	0.0001	0.000774445	0.0258526	0.0001	0.0001	0.000210986	0.0001	0.233013	0.0001	0.0001	0.0152536	0.0001	1.88736	0.0001	0.00925887	0.0001	0.0001	0.0001	0.0001	0.0001	0.0001	0.000684391	0.00324638	0.0001	0.00181233	0.0001	0.0001	0.00166358	0.0001	0.0001	0.0001	0.0924735	0.0001	0.0001	0.0001	0.0205799	0.0001	0.0001	0.0001	0.0001	0.0001	0.0001	0.0001	0.0001	0.0001	0.0001	0.000583861	0.0001
0.0001	0.0001	0.0001	0.0001	0.0001	0.0001	0.0001	0.0001	0.0001	0.0508866	0.0001	3.19296	0.00947916	0.0001	0.0001	0.0001	0.0284423	0.0001	0.0001	0.0001	0.0001	0.000213724	0.0001	0.00123738	0.0001	0.0001	0.0001	0.0001	0.0001	0.0001	0.0001	0.0001	0.0001	0.000693525	0.0001	0.0001	0.0001	0.0001	0.0001	0.0001	0.00286779	0.0001	0.0034664	0.0001	0.0159348	40.2601	0.0001	0.0001	0.0001	0.0001
0.0001	0.00802404	0.0001	0.0001	0.0001	0.0001	0.00119126	0.0001	0.0001	0.0350853	0.00941837	0.00216716	0.0001	0.0001	0.0001	0.0001	0.0001	0.0001	0.0001	0.00213126	0.0414042	4.7301	0.0001	0.0001	0.00273094	0.145436	0.0001	0.265605	0.00620057	0.0001	0.00213634	0.00308489	0.197373	0.0001	0.251625	0.0504603	0.000664799	0.0001	0.00716334	0.0242516	0.359742	0.234433	0.308923	0.381827	0.000799434	0.0369054	0.0001	0.0001	0.00475617	0.000329806
0.0001	0.0001	0.0001	0.0001	0.0001	0.0001	0.0001	0.0001	0.0001	0.0001	0.0001	0.0001	0.0001	0.0001	0.0185686	0.0001	0.0001	0.0001	0.0001	0.0001	0.0001	0.0001	0.0001	0.0001	0.0001	0.0001	0.0001	0.0001	0.0001	0.0001	0.0001	0.0001	0.0001	0.0001	0.0001	0.00682975	0.0001	0.0001	0.0001	0.0001	0.0001	0.0001	39.071	0.0001	0.0001	0.0001	0.0001	0.0001	0.0001	0.00678276
0.0001	5.25294	0.0001	0.0001	0.00328359	0.0001	0.00438087	0.0001	0.0001	0.131736	0.0001	0.0001	0.0001	0.0001	0.0001	0.0001	0.0001	0.0001	0.0259452	0.0001	0.0243007	0.0001	0.0711214	0.0001	0.0001	1.08401	1.31082	0.30122	0.0262782	0.0001	0.0001	0.0001	1.4349	0.306301	0.0001	1.53454	0.0141155	0.0001	0.0001	1.00168	0.223229	0.960671	0.0001	0.0001	0.985	0.336786	0.223931	0.0001	0.0001	0.0001
0.0001	0.00657926	0.0001	0.0001	0.0001	0.0001	0.0001	0.0001	0.0001	1.70038	0.0167239	0.0001	0.0001	0.0001	0.0001	0.0001	0.0001	0.0001	0.0290443	0.00101131	0.0511808	0.0001	0.00925759	0.0001	0.0001	0.0001	0.0001	0.104736	0.0001	0.0001	24.3936	0.0104139	0.0849538	0.0316557	0.0229436	0.0001	0.338742	0.0001	0.0118691	0.0596773	0.0241504	0.0001	0.0230185	0.554359	0.380333	0.0848763	0.0963397	0.0001	0.0001	0.0001
0.0001	0.0001	0.0001	0.0001	0.00116823	0.0001	0.0001	0.0192838	0.0001	0.0534267	0.0001	0.0001	0.0177193	0.0001	0.0001	0.0001	0.0001	0.00789559	0.0286894	0.0001	0.484969	0.0201485	0.498431	0.0001	0.000431323	0.238406	0.0001	0.0001	0.0001	0.0001	0.0001	0.0001	0.0001	0.00227391	0.0469869	0.125118	0.0001	0.0001	0.0001	35.0513	0.223587	0.0001	0.0001	0.0001	0.224598	0.0001	0.0001	0.0001	0.0001	0.0001
0.0001	0.00348329	0.00470955	0.0292682	0.0398737	0.0001	0.000770761	0.0253529	0.0001	0.209293	0.0001	0.0001	0.0955169	0.00200892	0.0001	0.0001	0.10237	0.0691678	0.0001	0.0001	0.0001	17.3707	0.204543	0.0001	0.00372632	0.0001	0.00481058	0.0148457	0.0355053	0.0001	0.816967	0.0001	0.0001	0.058161	0.109079	15.6209	0.0118558	0.0001	0.0001	0.0618761	0.0001	0.0598448	0.0001	0.0001	1.0648	0.0225098	0.0437287	0.0001	0.0001	0.0001
0.000341577	0.506542	0.000724799	0.0001	0.0001	0.0001	0.0001	2.15842	0.0001	0.0001	1.02636	0.989168	0.128667	0.0001	0.0001	0.0001	0.0407288	0.0001	0.110291	0.466338	0.0001	0.0721385	0.154218	1.13189	0.0247686	0.0001	0.0001	0.0001	0.0001	1.04986	0.275035	0.0001	0.931767	0.122815	0.0001	0.0001	0.0490684	0.129602	0.0001	0.0001	1.72946	0.0001	1.13388	0.0001	0.0001	0.0001	0.0234908	1.06547	0.0001	0.0001
0.00195595	0.0001	0.00107578	0.00252869	0.0217292	0.0001	0.0001	0.0001	0.0001	0.142282	0.0001	0.0001	0.0001	0.0786247	0.0001	0.0001	0.0001	0.0001	0.0955048	0.0560034	0.0001	0.0001	0.106252	0.00868506	0.00781745	0.0001	0.0001	0.0001	0.0001	0.0001	0.0806941	1.55259	0.0001	0.496586	0.0001	0.0001	0.0513444	0.0215488	0.0001	0.0001	0.0001	0.208942	0.0001	0.0001	4.06734	0.0001	0.0529687	0.0160806	0.0001	0.0001
0.0001	0.00720935	0.0001	0.0001	0.00249274	0.0001	0.0001	0.0001	0.0001	0.0001	6.20652	0.000237323	0.00192769	0.0001	0.000823235	0.0001	0.0474195	0.00356862	0.003192	0.0001	0.0001	0.0509286	0.0189833	0.0001	0.00381386	0.0394506	0.0001	0.0001	3.71623	0.0001	0.0001	0.0001	0.0001	0.0100933	0.0183825	0.166336	0.0001	0.0001	0.0001	0.0525165	0.0598421	0.0001	0.0001	0.0001	0.0001	0.0001	0.00985406	0.0001	0.0001	0.0001
0.0001	0.0781143	0.0001	0.0001	0.00516999	0.0001	0.0001	0.0253922	0.0001	0.0001	0.0680852	0.199067	0.0001	0.0653622	0.0001	0.0001	3.98552	0.0001	0.0474847	0.0001	3.66595	0.0001	0.032174	0.0001	0.0001	11.2527	0.0001	3.73174	0.766241	0.0001	0.0001	0.0001	2.97489	0.0118966	0.0001	1.34405	0.019013	0.0890589	0.0001	3.40474	0.109694	0.24822	0.0001	13.6287	0.138584	3.6778	0.00917066	0.0001	0.0001	0.0001
0.0001	0.0134863	0.0001	0.0001	0.0115356	0.0001	0.0001	0.0001	0.0001	0.228019	0.00728861	0.0001	0.0001	0.0001	1.51947	1.00286	0.168183	0.0001	0.15044	0.0001	0.00755847	0.0001	0.0001	0.0001	0.992694	0.0001	0.0001	0.0001	0.0001	0.0001	0.0001	0.0186859	0.0001	0.0001	0.0100676	0.0001	0.0262219	0.0001	0.0001	0.00324229	0.0207905	0.0381838	0.0317136	0.284488	0.327426	0.0001	0.0909657	0.0001	0.0001	0.0001
0.0001	0.0001	0.0001	0.0001	0.0001	0.0001	0.0001	0.0001	0.00640809	0.0001	0.0001	0.0001	0.0488048	0.0001	0.0001	0.0001	0.113828	0.0001	0.0001	0.0001	0.0001	0.0001	0.0001	0.000720873	0.0001	0.0001	0.00670315	0.0001	0.0001	0.0001	0.763841	0.0001	0.0001	0.0001	0.0001	39.5102	0.0001	0.0001	0.0001	0.0001	0.0001	0.19641	0.0001	0.0001	0.0001	0.0001	0.0001	0.000851686	0.0001	0.000142674
0.0001	0.00187228	0.000699578	0.00668364	0.00667413	0.0001	0.0001	0.0140172	0.0001	0.135916	0.0001	0.00131063	0.078417	0.00203126	0.0001	0.0001	0.0793548	0.02198	10.5471	0.0001	0.0226434	0.0001	0.0386937	0.0001	0.00196622	0.017162	0.00217421	0.0458269	0.0549667	0.0001	0.046595	0.0001	0.0001	0.184398	0.010716	0.199169	0.0142596	0.00886923	0.0001	0.0618665	0.0001	0.008578	0.0001	0.138601	0.391323	0.0533184	0.0192836	0.0001	0.0001	0.0001
0.0001	0.032618	0.0001	0.0001	0.0130817	0.00235416	0.0001	0.0001	0.0001	6.50815	0.0001	0.0001	0.0001	0.0001	0.0001	0.00162913	0.0001	0.0001	0.117753	0.0001	0.0001	0.0001	0.0001	0.0001	0.0001	0.0001	0.0001	0.0001	0.0001	0.0001	1.6416	0.00102994	0.0001	0.198492	0.0759556	0.0001	0.742978	0.0001	0.0466684	0.0001	0.0001	0.0001	0.0001	0.0001	0.318815	0.0001	0.385276	0.0001	0.0001	0.0001
0.0001	0.0001	0.00410101	0.0115996	0.037997	0.0001	0.0001	0.0001	0.0001	0.547648	0.0001	0.0001	0.0525842	0.000995427	0.0001	0.0001	26.1383	0.0693121	0.236069	0.0001	0.0001	0.0874178	0.207664	0.0001	0.00371373	0.0001	0.000969412	0.0001	0.0001	0.0001	0.0384863	0.0001	0.0858704	0.0679461	0.199941	0.0001	0.00160661	0.00517394	0.0001	0.0001	0.0001	0.0834807	0.0001	0.0001	8.21381	0.0001	0.0493483	0.0175348	0.0001	0.0001
0.0001	2.95616	0.0001	0.00167871	0.0001	0.0001	0.00358638	1.67923	0.0001	0.648885	0.0001	0.0167167	0.155025	0.0001	0.0001	0.0001	1.65843	0.0165169	0.0001	0.0001	0.0738344	0.0001	0.0001	0.0001	0.0001	0.450575	0.0001	0.174613	0.0485433	1.04524	0.0001	0.0001	0.29901	0.0001	3.3679	0.0001	0.0001	0.00318725	0.00357072	0.610249	0.644054	0.122422	0.0001	0.868741	0.0250252	0.156084	0.0001	1.13822	0.0001	0.0142447
0.0001	0.0001	0.0001	0.0001	0.0001	0.0001	0.0001	0.0001	0.0001	0.114193	0.0001	0.0001	0.0001	0.0001	0.0001	0.0001	0.0001	0.0001	0.0001	0.0001	19.41	0.0001	0.0001	0.0001	0.0001	0.0001	0.0001	0.0001	0.0001	0.0001	0.0001	0.0001	0.0001	0.0001	0.00202432	0.0001	0.00901338	0.0001	0.0001	0.0353196	0.0047936	0.485251	0.00122484	0.0001	0.109892	0.0001	0.01192	0.0001	0.0001	0.0001
0.0001	0.0001	0.00104479	0.0001	0.00329633	0.000212316	0.963238	0.0194551	0.00770092	0.0001	0.0001	0.0001	0.0001	0.0001	0.0001	0.0001	0.0444733	0.0001	0.0001	0.0001	0.0608458	0.0001	0.017237	0.000153785	0.00125335	0.0001	0.00274575	0.272982	0.020953	0.0016916	0.0403979	0.000593217	0.0001	0.0001	0.0556945	0.178852	0.0105585	0.0001	0.0001	0.239096	0.0430846	0.0001	0.105212	0.0001	0.262672	0.0001	0.0171446	0.0001	0.0001	0.0001
0.0001	0.0128818	0.0001	0.0001	0.00205694	1.06037	0.0001	0.041727	0.0001	0.0223847	0.00069405	0.0001	0.0001	0.0001	0.0001	0.0001	0.192648	0.00630621	0.00417538	0.0415987	0.0427019	0.0001	0.027053	0.0001	0.0001	0.863148	0.0001	0.0860473	1.26983	0.0001	0.0001	0.00616044	0.186805	2.93403	0.0410437	0.658445	0.0001	0.0001	0.0001	0.072991	0.17263	0.538643	0.0001	0.0001	0.953198	0.695302	0.341645	0.0001	0.0001	1.31223
0.0001	0.0001	0.0001	0.0001	0.0001	0.0001	0.0001	0.0001	0.0001	0.0194407	0.0001	0.0001	0.0001	0.0001	0.0001	0.0001	0.0001	0.0001	0.0470563	0.0001	0.0001	0.0001	0.0001	0.0001	0.0001	0.0001	0.0001	0.0001	0.0001	0.0001	0.0001	0.0001	0.0001	0.0001	0.0001	0.0001	0.0001	0.0001	0.0001	0.0001	0.0001	0.00642796	0.0001	96.5876	0.0001	0.0001	0.0001	0.0001	0.0001	0.0001
0.0001	0.0001	0.000828602	0.00899045	0.0001	0.0001	0.0001	0.0001	0.0001	0.00594414	0.0001	0.0001	0.0134544	0.0001	0.0001	0.0001	0.0001	0.0001	0.0001	0.00228162	0.00997239	0.0001	0.0001	0.0001	0.000322403	4.34494	0.00060172	0.209282	0.0001	0.0001	0.0001	0.00011697	0.0162889	0.0001	0.0001	0.0001	0.0001	0.0001	0.00136009	0.386166	0.0001	0.389415	0.0860288	0.0654778	0.0001	0.0153542	0.0001	0.000142348	0.0001	0.0563421
0.0001	0.0125861	0.0001	0.00133566	0.0001	0.0001	0.0001	0.0001	0.0001	0.0001	0.01208	0.00796932	0.0001	0.0001	1.53895	1.05973	0.0001	0.0001	0.0001	0.0162611	0.0114471	0.0001	0.00618576	0.0001	0.0174824	0.0629984	0.0001	0.119263	0.000690074	0.0001	0.0001	0.0001	0.0001	0.0001	0.000652944	0.0001	0.0001	0.0001	0.0001	0.0001	0.0001	0.156835	0.0001	0.155455	0.0001	0.00726318	0.0001	0.000292303	0.0001	0.00303996
0.0001	0.0632738	0.0001	0.0001	0.0190311	0.0001	0.00123142	0.0001	0.0001	0.0001	0.0001	0.0001	0.0001	0.0001	0.0001	0.00256637	0.0001	0.0001	0.0001	0.0001	0.0001	0.0001	0.199553	0.0001	0.0001	0.0001	0.0001	0.0001	0.0001	0.00117675	0.0001	0.00513532	0.0001	0.0001	0.146797	0.217821	0.0001	0.0001	0.0764923	0.0001	0.100957	0.387964	0.047855	0.0001	5.74741	0.0001	0.0001	0.0001	0.0001	0.00826663
0.0001	0.995551	0.0001	0.0001	0.0307254	0.0001	0.00441874	0.0001	0.0001	0.0001	0.0001	0.029822	0.0001	0.563704	0.0001	0.0030964	0.277832	0.0001	0.485859	0.0001	0.385527	0.0001	0.109711	0.0001	0.0001	1.49387	0.0001	0.796167	0.208924	0.0001	0.0001	0.00733156	0.826353	0.0001	0.613367	0.0001	0.242951	0.0001	0.0001	0.802624	0.0111781	1.42539	0.86186	2.04772	0.769663	0.628867	0.0521997	0.0001	0.0001	0.0001
0.00454708	0.0001	0.000246161	0.0001	0.0292226	0.0001	0.0001	0.0001	0.0001	0.0001	0.0001	0.000643993	0.0001	0.0001	0.0001	0.0001	0.0001	0.0001	0.455261	0.0001	0.00779658	0.0026777	0.010937	0.0001	0.0001	0.0001	0.000247686	0.013338	0.155175	0.000884545	0.000636414	0.000264048	0.0210522	0.0001	0.0001	0.0001	0.0001	0.0001	0.00140799	0.0140078	0.0001	0.0001	0.0232712	0.0389542	0.0001	0.0116558	0.00117294	0.00596361	0.0001	0.0001
0.000981439	0.0183415	0.0001	0.00203952	0.00115411	0.0001	0.0001	0.0001	0.0001	0.0001	0.0001	0.00193482	0.0001	0.0001	1.54092	1.05598	0.0001	0.0001	0.00551024	0.059494	0.0221885	0.0001	0.005473	0.0001	0.0281094	0.0877698	0.0001	0.0393086	0.0139905	0.0001	0.0001	0.0001	0.0001	0.0001	0.0391716	0.0001	0.0147484	0.000907668	0.0001	0.0540135	0.0001	0.0610587	0.0001	0.122546	0.0001	0.0288785	0.0001	0.000649686	0.0001	0.000499597
0.0001	1.01439	1.01458	1.05442	0.520971	0.0059077	1.00681	0.0001	1.07546	0.0001	0.00171595	0.0001	0.0001	0.0001	1.17802	1.02231	0.16208	3.51675	0.0001	1.53205	0.0716085	5.16311	0.0001	0.0001	0.0315477	0.342194	0.0001	0.163236	0.0881715	0.0001	0.124524	0.929091	0.218458	0.0001	0.339419	0.275384	0.00362902	0.0001	0.0001	0.14942	0.271702	0.0001	6.25452	0.232386	0.632386	0.0001	0.0001	0.0001	1.14632	0.0001
0.0001	0.0001	0.0001	0.0001	0.0157331	0.0001	0.0001	0.114452	0.0001	0.244197	0.0001	0.0001	0.0001	0.0001	0.0001	0.0001	0.0001	0.0001	0.0001	0.0001	0.0001	0.0001	0.0743513	0.0001	0.0001	0.858501	0.0001	0.0561507	0.0001	0.0001	0.0001	0.000863645	0.0001	0.0001	0.0795755	0.0001	0.0001	0.0001	0.0172328	0.113213	0.0001	0.148919	0.809239	0.0732022	18.4106	1.50385	0.0001	0.011198	0.0001	0.0208824
0.0001	0.0529454	0.0001	0.0001	0.0001	0.0001	0.0001	0.0001	0.0001	0.0001	0.0001	0.0725611	22.9447	0.00227809	0.0001	0.0001	0.0840035	0.0600397	0.0001	0.0001	0.731904	0.0001	0.0001	0.0001	0.0001	3.23348	0.0001	1.31256	0.459518	0.0001	0.0001	0.0001	1.01646	0.0148382	0.0001	1.18625	0.0175905	0.0001	0.00593859	1.28767	0.0001	0.201949	0.0001	3.83449	0.0001	1.27227	0.0449256	0.0001	0.0001	0.0001
0.0001	0.0001	0.0001	0.00414124	0.0001	0.0001	0.0001	0.0001	0.0001	0.0001	0.541485	0.0001	0.0001	0.0001	0.0001	0.0001	0.0001	0.0001	0.0001	0.0001	0.0001	0.0001	0.0001	0.0001	0.0001	0.0001	0.0001	0.102842	0.183403	0.0001	0.0723968	0.0001	0.282347	0.0001	0.0001	0.0001	0.0001	0.0001	0.0001	36.9938	0.0001	0.0001	0.0001	0.307444	0.0001	0.243079	0.00654094	0.0001	0.0001	0.0001
0.0001	0.00962076	0.0001	0.0001	0.0001	0.0001	0.0001	0.0001	0.0001	0.0001	0.0001	0.0001	0.045541	0.0001	0.000434389	0.0001	0.0188078	0.0001	0.0033343	0.0001	0.366561	0.0001	0.0001	0.0001	0.0001	1.43566	0.000937945	0.697229	0.158763	0.0001	0.0001	0.0001	0.440138	0.0001	0.0001	0.0933406	0.0001	0.0220376	0.0001	0.534322	0.0001	0.0498472	0.0001	1.56059	0.159418	38.4112	0.0001	0.0001	0.0001	0.0001
0.0001	0.0001	0.0001	0.0001	0.0001	0.0001	0.0001	0.0001	0.0001	0.00981766	0.275057	0.0001	0.0001	0.0001	0.0001	0.0001	0.0541866	0.0001	0.0001	0.0001	0.0628425	0.0001	0.0001	0.0001	0.0001	97.6685	0.0001	39.9161	13.8505	0.0001	0.0001	0.0001	0.0001	0.0001	0.0001	0.191213	0.0001	0.0001	0.0001	0.0001	0.0586152	0.0001	0.0001	0.0001	0.163122	0.0001	0.0001	0.0001	0.0001	0.0001
0.0001	0.0001	0.0001	0.0001	0.0486902	0.0001	0.00276683	0.0001	0.0257172	0.0001	0.0001	0.00627767	0.0001	0.0001	0.0263665	0.000253274	0.230938	0.0001	3.63422	0.00155996	0.0001	8.02354	0.0001	0.00195755	0.0001	0.548568	0.0001	0.0001	0.0001	0.0102003	0.0001	0.153471	0.577775	0.0001	0.0617037	0.0001	0.0001	0.0001	0.0552897	0.0387133	0.699129	0.239936	1.13175	0.0001	0.0001	0.0001	0.0001	0.00340007	0.0103519	0.0389575
0.0001	0.0370139	0.0001	0.0001	0.0001	0.0001	0.0001	0.0839735	0.0001	0.0001	0.00118658	0.0001	0.0001	0.0001	0.0001	0.0001	36.9555	0.0001	0.0001	0.0001	0.0208423	0.0001	0.0001	0.0001	0.0001	0.0968119	0.0001	0.211236	0.0500544	0.0001	0.0426748	0.0001	0.0001	0.0627194	0.0001	1.25434	0.0001	0.0001	0.0001	0.0282902	0.551888	0.0001	0.175307	0.137763	0.0001	0.0366129	0.0001	0.0001	0.00490046	0.0001
0.0001	0.022831	0.000810875	0.0001	0.0455626	0.0001	0.0001	0.114379	0.0001	0.278976	2.52644	0.0809281	0.0895317	0.00131455	0.0001	0.0001	0.062416	0.0270146	0.0283622	0.00137329	0.912705	0.0564417	2.18596	0.0001	0.0136646	7.49925	0.00650346	1.65176	0.0001	0.0001	0.0648002	0.00110598	1.37617	0.040291	0.0605541	0.193748	0.00569279	0.0622863	0.0001	0.0001	0.0001	0.126749	0.0001	4.88017	2.41663	1.62782	0.0055756	0.00117111	0.0001	0.0001
0.0204146	0.0001	0.0001	0.0001	0.0001	0.0001	0.0001	0.0001	0.0001	0.0001	0.0001	0.0001	0.0001	0.00157323	0.00200149	0.0001	0.0001	0.0001	0.0001	0.0001	0.0001	0.0001	0.0001	0.000213967	0.00365321	2.60516	0.0001	0.0001	0.0001	0.0001	0.0001	0.0001	0.0001	0.0001	0.0001	0.0001	0.0001	0.0001	0.00106274	0.236922	0.0001	0.0001	0.0001	0.0001	0.0001	0.0001	0.0001	0.00914066	0.000348965	0.0001
0.0021697	0.0001	0.0001	0.00252665	0.00590161	0.0001	0.0001	0.0101307	0.0001	0.02594	0.0001	0.0001	0.0001	0.0001	0.0001	0.0001	0.0517696	0.00774117	0.0001	0.0001	0.150588	0.0001	0.0314439	0.0001	0.0001	0.0001	0.0001	0.0001	0.00153729	0.0001	0.019308	0.0001	0.0001	0.00861478	18.1848	0.0747719	0.00185206	0.0001	0.0001	0.0146875	0.0001	0.0001	0.0001	0.0001	0.149452	0.0001	0.0145973	0.0001	0.0001	0.0001
